0.000000000000000000e+00 1.006793581187230169e+00 -1.894311464975263455e-04
2.083333333333333218e-02 1.019218343323016862e+00 8.357756704845848176e-04
4.166666666666666435e-02 1.023305327513663432e+00 9.112890244403672874e-04
6.250000000000000000e-02 1.026477188368616122e+00 -4.412479560049626108e-04
8.333333333333332871e-02 1.021058776225402198e+00 8.925357097521258512e-04
1.041666666666666574e-01 1.015060060360578609e+00 8.856564987072689139e-04
1.250000000000000000e-01 1.000058394504925063e+00 -2.117356103988494987e-04
1.458333333333333148e-01 9.876242557979699743e-01 4.080238457145944717e-04
1.666666666666666574e-01 9.816299771408939501e-01 -3.723161341949808752e-03
1.875000000000000000e-01 9.748648598206907101e-01 -8.500784774226018744e-04
2.083333333333333148e-01 9.779270052823214598e-01 1.051222355785034774e-03
2.291666666666666574e-01 9.839502973970105648e-01 -5.939443396157009086e-04
2.500000000000000000e-01 9.893485076392656286e-01 2.277572767976281370e-03
2.708333333333333148e-01 9.952089772023980929e-01 -5.186347668401788215e-05
2.916666666666666297e-01 1.005247756648960822e+00 3.434949937594181405e-04
3.125000000000000000e-01 1.017495268750450377e+00 -3.128852005030702526e-04
3.333333333333333148e-01 1.015021844507208337e+00 6.691337868912678897e-04
3.541666666666666297e-01 1.014631284176733761e+00 9.289871975886683422e-04
3.750000000000000000e-01 1.011621176419479795e+00 3.070247999562916075e-06
3.958333333333333148e-01 1.004161103971118241e+00 3.341197904404174558e-04
4.166666666666666297e-01 1.003382684887315301e+00 -4.051474019934504247e-04
4.375000000000000000e-01 1.002797428994018025e+00 1.623603530884996059e-03
4.583333333333333148e-01 1.004545436248310608e+00 -1.409117068186209595e-03
4.791666666666666297e-01 1.000758225394080547e+00 -1.916339985600560398e-04
5.000000000000000000e-01 9.966906312909844523e-01 -5.551175250915018461e-05
5.208333333333332593e-01 9.960947875477849101e-01 -1.460013100902780078e-03
5.416666666666666297e-01 9.969501377376778217e-01 1.005018223580188752e-03
5.625000000000000000e-01 1.000914134548066103e+00 7.173024413749763467e-04
5.833333333333332593e-01 9.943369529873431478e-01 9.230794518301899511e-04
6.041666666666666297e-01 9.861454635816240266e-01 7.825903403292895980e-04
6.250000000000000000e-01 9.945962153876797274e-01 -2.603415177138273216e-03
6.458333333333332593e-01 9.940189170119458906e-01 2.092642430116766449e-03
6.666666666666666297e-01 1.010444081934685379e+00 -8.683675525251881343e-04
6.875000000000000000e-01 1.023188025815317204e+00 -2.711731497608609260e-04
7.083333333333332593e-01 1.015691965248529893e+00 -1.536953476858320816e-03
7.291666666666666297e-01 1.002238887677092682e+00 -1.007976635998120542e-04
7.500000000000000000e-01 9.894236814068795294e-01 6.065766078255722645e-04
7.708333333333332593e-01 9.880405254472502952e-01 7.162229023916301439e-04
7.916666666666666297e-01 9.879824416758432593e-01 -1.950612103870371186e-04
8.125000000000000000e-01 9.936637036363703546e-01 7.943376661346708556e-04
8.333333333333332593e-01 1.005122609233515041e+00 1.642568815758125612e-03
8.541666666666666297e-01 1.014135619491125739e+00 -8.054150234977020201e-04
8.750000000000000000e-01 1.016405499610620211e+00 -5.642474020650057806e-04
8.958333333333332593e-01 1.020419170318944024e+00 -2.163021607103316022e-04
9.166666666666666297e-01 1.011917261089914977e+00 9.984678637099246058e-04
9.375000000000000000e-01 1.002311617776060038e+00 2.730903324467603087e-04
9.583333333333332593e-01 9.920189248195528942e-01 -8.606531603193702615e-04
9.791666666666666297e-01 9.861684979160906250e-01 1.956989389060530878e-03
1.000000000000000000e+00 9.914708457505768679e-01 4.632248589732325308e-04
1.020833333333333259e+00 9.975891180061037256e-01 -4.195029154721223810e-05
1.041666666666666519e+00 9.948254409677518284e-01 2.074381363819191929e-03
1.062500000000000000e+00 1.002263864328406751e+00 2.095657839645435113e-03
1.083333333333333259e+00 9.973865398009726935e-01 -3.609671005804254056e-04
1.104166666666666519e+00 1.005930213877299195e+00 2.296297190375120277e-03
1.125000000000000000e+00 1.009621033250972522e+00 -1.038247840601086956e-03
1.145833333333333259e+00 1.007845413470481732e+00 -7.346266093425864218e-04
1.166666666666666519e+00 9.995629174197955269e-01 1.053904110609891294e-03
1.187500000000000000e+00 1.001813431274150901e+00 -1.102418428935006411e-03
1.208333333333333259e+00 1.001196480568570690e+00 1.508944853551864081e-03
1.229166666666666519e+00 1.006870183898520787e+00 -4.320648958295400673e-04
1.250000000000000000e+00 1.003122625155066672e+00 -1.988535491397207255e-03
1.270833333333333259e+00 1.005868714215435444e+00 -1.823952520726180269e-03
1.291666666666666519e+00 1.000795848051280856e+00 -1.274846814733961121e-03
1.312500000000000000e+00 1.003123458185104289e+00 2.567131926419025101e-03
1.333333333333333259e+00 1.007248911270429481e+00 1.769227627686820225e-04
1.354166666666666519e+00 1.012309674262492631e+00 -4.243526958552563158e-05
1.375000000000000000e+00 1.008392254014987444e+00 -1.167171210600933444e-03
1.395833333333333259e+00 1.007837107794513853e+00 7.757699835503905923e-04
1.416666666666666519e+00 9.907881150035250384e-01 -2.604466255961608730e-04
1.437500000000000000e+00 9.875684038915182317e-01 2.000230420043093383e-04
1.458333333333333259e+00 9.877333832799202185e-01 1.598921725770860837e-03
1.479166666666666519e+00 9.973348921952370771e-01 -2.330717531172263237e-03
1.500000000000000000e+00 1.005233707183213143e+00 8.906954364652581915e-04
1.520833333333333259e+00 1.005835238435547563e+00 -1.651286425097447713e-04
1.541666666666666519e+00 1.000546223863870487e+00 -1.387501380855694173e-03
1.562500000000000000e+00 1.002084649833135943e+00 1.020904251956376982e-03
1.583333333333333259e+00 1.002962476683842752e+00 -1.328558386677420634e-03
1.604166666666666519e+00 1.008290941348333192e+00 -5.068701832609360256e-04
1.625000000000000000e+00 1.005690255374078745e+00 -1.612669900232327870e-03
1.645833333333333259e+00 1.010267800916457626e+00 -2.051643521545802335e-03
1.666666666666666519e+00 1.008728280995400128e+00 1.871861649653044739e-03
1.687500000000000000e+00 1.013782264076279471e+00 -1.414017597453749503e-03
1.708333333333333259e+00 1.006294498612439581e+00 -1.284333969635852429e-03
1.729166666666666519e+00 9.988541601632258127e-01 6.280955286844589055e-05
1.750000000000000000e+00 9.985670144702352147e-01 1.936950450616796264e-03
1.770833333333333259e+00 1.001625059587571531e+00 -1.767646343347287555e-03
1.791666666666666519e+00 1.004981107077143498e+00 -6.927919196837682703e-04
1.812500000000000000e+00 1.006233783612561217e+00 -3.039579219673801437e-04
1.833333333333333259e+00 1.005378034509428309e+00 -4.033923137759936077e-04
1.854166666666666519e+00 9.981993865009946010e-01 6.092550178632394862e-04
1.875000000000000000e+00 9.940052598254813798e-01 1.046779807920148603e-03
1.895833333333333259e+00 9.880291506489886633e-01 -2.918307426330046545e-04
1.916666666666666519e+00 9.867420465293579301e-01 6.248079804495996646e-04
1.937500000000000000e+00 9.797549875333226854e-01 1.699432880528530584e-03
1.958333333333333259e+00 9.888757052136160075e-01 7.367437675648400193e-04
1.979166666666666519e+00 9.960499387032284435e-01 2.336023285722813037e-03
2.000000000000000000e+00 1.012551789481473952e+00 5.098144869438721955e-05
2.020833333333333037e+00 1.025014071913280533e+00 -2.730823749671292336e-03
2.041666666666666519e+00 1.036041903868379022e+00 -1.701121978791166924e-03
2.062500000000000000e+00 1.037413114103150402e+00 3.175232178353347336e-03
2.083333333333333037e+00 1.024319113069934950e+00 -7.848221676322231135e-04
2.104166666666666519e+00 1.009063386500593351e+00 2.580235572368610140e-03
2.125000000000000000e+00 9.890768507865655979e-01 1.593156349646102847e-04
2.145833333333333037e+00 9.805381100145170725e-01 -1.597293260731266719e-03
2.166666666666666519e+00 9.883002062642185503e-01 1.412762248812229307e-04
2.187500000000000000e+00 9.950844414514067315e-01 -2.071386255753693978e-03
2.208333333333333037e+00 9.916488744657295795e-01 4.509775371705477642e-04
2.229166666666666519e+00 9.880544953342150771e-01 -4.076470768717998551e-04
2.250000000000000000e+00 9.900968240890961614e-01 -6.135453207441268741e-06
2.270833333333333037e+00 9.966092589548365410e-01 6.587383045065811583e-04
2.291666666666666519e+00 1.001577977211443038e+00 1.436699321489177993e-03
2.312500000000000000e+00 1.004961375288849990e+00 1.520920197160758464e-03
2.333333333333333037e+00 9.992843201178982504e-01 1.386287055422095018e-03
2.354166666666666519e+00 1.000647044005151587e+00 -9.773254254976811682e-04
2.375000000000000000e+00 1.000307775044265490e+00 -9.152701553424861993e-04
2.395833333333333037e+00 1.006368933867108684e+00 -1.056242583367018525e-03
2.416666666666666519e+00 1.017717883516721988e+00 -3.104598172767069827e-03
2.437500000000000000e+00 1.016511945376963766e+00 -8.452773314914507896e-04
2.458333333333333037e+00 1.022042204986833180e+00 -2.460522183092899492e-03
2.479166666666666519e+00 1.024518384770815027e+00 1.644037505553060238e-03
2.500000000000000000e+00 1.012870356023410023e+00 -2.896009532065588698e-04
2.520833333333333037e+00 1.000146937270595782e+00 -6.827222121925612380e-04
2.541666666666666519e+00 9.871520197201530955e-01 9.226567715696938751e-04
2.562500000000000000e+00 9.752291399075462275e-01 -6.065403144251442632e-04
2.583333333333333037e+00 9.679328597616885244e-01 -1.279297884779479486e-03
2.604166666666666519e+00 9.759677116921724460e-01 -8.319964312461723384e-04
2.625000000000000000e+00 9.881054038624467184e-01 -3.363723844325142078e-05
2.645833333333333037e+00 1.003662859656109685e+00 -1.966647746111691714e-03
2.666666666666666519e+00 1.014200444352906461e+00 -6.291139042791235245e-04
2.687500000000000000e+00 1.018376686270509701e+00 9.550878166799727518e-04
2.708333333333333037e+00 1.021379881447650906e+00 1.202932935378776260e-03
2.729166666666666519e+00 1.017263511450023472e+00 1.164847374882552623e-03
2.750000000000000000e+00 1.007205155959883136e+00 -8.766970939876089948e-04
2.770833333333333037e+00 9.956213809550706895e-01 1.517069049669042113e-03
2.791666666666666519e+00 9.852977301254767228e-01 -1.909090107843621300e-04
2.812500000000000000e+00 9.922714241793639811e-01 -1.020510619639202008e-03
2.833333333333333037e+00 1.002192204618881366e+00 1.186255513686436261e-03
2.854166666666666519e+00 1.016061322586842230e+00 7.157954727265197943e-04
2.875000000000000000e+00 1.022094356911383173e+00 -1.688666625991274946e-04
2.895833333333333037e+00 1.009255350472634927e+00 9.353257437382338484e-04
2.916666666666666519e+00 1.005230774894571688e+00 -7.310193614382748872e-04
2.937500000000000000e+00 9.980730502371274460e-01 -1.501931667582803026e-03
2.958333333333333037e+00 9.959975410926283912e-01 1.750227780035865143e-03
2.979166666666666519e+00 9.983968674829073464e-01 8.723214780515831405e-04
3.000000000000000000e+00 1.000687720722174046e+00 -8.934432729901687232e-04
3.020833333333333037e+00 9.948946228461017505e-01 -1.292766172442551221e-03
3.041666666666666519e+00 9.938406074212321473e-01 -2.901640644578762471e-04
3.062500000000000000e+00 9.929243296046186273e-01 -1.091981225001915868e-03
3.083333333333333037e+00 1.001299605529932579e+00 -8.381964073885379797e-04
3.104166666666666519e+00 1.012056960537716988e+00 -8.711542141850707899e-04
3.125000000000000000e+00 1.005296345792794144e+00 -2.439585673704527686e-04
3.145833333333333037e+00 1.003905991060870750e+00 1.588231917459053235e-03
3.166666666666666519e+00 1.002596743985983085e+00 -1.871967310585398914e-04
3.187500000000000000e+00 1.001922318055318728e+00 -5.862474539193997074e-04
3.208333333333333037e+00 9.981092248155979396e-01 -9.526628979736594680e-04
3.229166666666666519e+00 1.003326062903084015e+00 -7.101304219845602566e-04
3.250000000000000000e+00 1.002905037073103411e+00 2.008275127586771726e-04
3.270833333333333037e+00 1.003543093925517660e+00 -2.616429975466969763e-03
3.291666666666666519e+00 1.000313376551208666e+00 -3.092521444725452196e-03
3.312500000000000000e+00 1.000236640606754657e+00 4.736371538968936609e-04
3.333333333333333037e+00 9.967474787134034120e-01 1.511049774456708385e-03
3.354166666666666519e+00 9.958830351064318354e-01 -1.724995182029313281e-03
3.375000000000000000e+00 9.898753010262061336e-01 -1.774722855297315455e-03
3.395833333333333037e+00 9.917806831046385163e-01 -9.603378166693335221e-04
3.416666666666666519e+00 9.965784345184559578e-01 1.647111350900158904e-03
3.437500000000000000e+00 1.002904171767891262e+00 1.711124818579672427e-03
3.458333333333333037e+00 1.005859558815015209e+00 5.475572674412001019e-04
3.479166666666666519e+00 1.003168211699850376e+00 -8.355652207736954679e-04
3.500000000000000000e+00 1.014250459072920441e+00 -2.246810304173710218e-03
3.520833333333333037e+00 1.012708054231075572e+00 -1.532118421743925004e-03
3.541666666666666519e+00 1.013808886707414203e+00 1.039395942931286903e-03
3.562500000000000000e+00 1.006462561252521759e+00 1.840040750673379829e-03
3.583333333333333037e+00 9.910893794292534587e-01 -6.366303183241800662e-04
3.604166666666666519e+00 9.854070275139170665e-01 1.977667624578113847e-03
3.625000000000000000e+00 9.862055711185112594e-01 -8.155526815126050173e-04
3.645833333333333037e+00 9.926225112376585447e-01 2.764469469222310179e-04
3.666666666666666519e+00 1.000937300651168593e+00 2.467977414525223279e-03
3.687500000000000000e+00 9.978543373059273192e-01 3.043929605222894818e-04
3.708333333333333037e+00 9.938733959347841873e-01 3.824190655867211117e-04
3.729166666666666519e+00 9.953617260540015277e-01 2.973191067900162192e-04
3.750000000000000000e+00 1.002186154035717092e+00 7.990114971498236116e-05
3.770833333333333037e+00 1.016388273532264019e+00 2.598081317735874852e-03
3.791666666666666519e+00 1.019297196987561049e+00 1.993065723999888281e-03
3.812500000000000000e+00 1.017925753353720486e+00 -6.631350942123802198e-04
3.833333333333333037e+00 1.013302971147010068e+00 -1.387443954344529324e-03
3.854166666666666519e+00 1.003436982095191166e+00 -1.204524998668225592e-03
3.875000000000000000e+00 9.936572320170384831e-01 -3.843065470625342192e-04
3.895833333333333037e+00 9.862706634458876520e-01 -2.220849501570008183e-04
3.916666666666666519e+00 9.826591187272817329e-01 -7.144002885332083027e-04
3.937500000000000000e+00 9.756863740725691958e-01 9.994605894786620388e-04
3.958333333333333037e+00 9.739808890525832874e-01 -1.383693564344591967e-03
3.979166666666666519e+00 9.871642069388996132e-01 3.281184980202852945e-04
4.000000000000000000e+00 1.001665363923804231e+00 -1.511222958193888816e-03
4.020833333333333037e+00 1.014067801560297521e+00 8.878761850315368669e-04
4.041666666666666075e+00 1.026227826709920521e+00 -6.852476058430809376e-04
4.062500000000000000e+00 1.025086624000404623e+00 -2.698242965114793748e-04
4.083333333333333037e+00 1.015911719145799141e+00 1.588596469785051417e-03
4.104166666666666075e+00 1.006897675629155664e+00 2.035662177905358996e-03
4.125000000000000000e+00 9.988713730905548482e-01 -4.984813232390402976e-04
4.145833333333333037e+00 9.915877050753552080e-01 1.070486768915336617e-03
4.166666666666666075e+00 9.876526223725677900e-01 7.916158846768419450e-04
4.187500000000000000e+00 9.972367123392004151e-01 -1.675161430811723850e-03
4.208333333333333037e+00 1.001364700248895678e+00 -1.099273263690287057e-03
4.229166666666666075e+00 1.009519969524454330e+00 1.935537612266914880e-03
4.250000000000000000e+00 1.003571879345705575e+00 1.121181974577392486e-03
4.270833333333333037e+00 9.951059690526853352e-01 1.522926106529056810e-03
4.291666666666666075e+00 9.847715596348178835e-01 -1.333509657380319968e-03
4.312500000000000000e+00 9.835645765265480511e-01 -3.416089218357103857e-04
4.333333333333333037e+00 9.899829433452420613e-01 -1.426597906646863152e-04
4.354166666666666075e+00 9.921655854809836583e-01 -3.778494905916174947e-04
4.375000000000000000e+00 9.957171157148202445e-01 2.813139728255942187e-05
4.395833333333333037e+00 1.002082275871152728e+00 2.220958408237359480e-04
4.416666666666666075e+00 9.972361759786712021e-01 6.325010539386623416e-05
4.437500000000000000e+00 1.012299824690555239e+00 -8.380515728800720784e-04
4.458333333333333037e+00 1.022625296197238631e+00 -2.441387398941158098e-04
4.479166666666666075e+00 1.016917666421094824e+00 -2.432943409576083463e-03
4.500000000000000000e+00 1.012562227330544129e+00 -3.351245232910098743e-04
4.520833333333333037e+00 1.000421503543100110e+00 -5.085228220052836860e-04
4.541666666666666075e+00 9.949799453339444044e-01 2.265115594936996206e-03
4.562500000000000000e+00 9.998107097079381722e-01 -1.577610227935809240e-03
4.583333333333333037e+00 1.001562287741153634e+00 1.467346015275148565e-03
4.604166666666666075e+00 1.001414023450702295e+00 2.107875455183015785e-03
4.625000000000000000e+00 9.991925883178766066e-01 -1.538556106984770820e-03
4.645833333333333037e+00 9.945356706658560197e-01 -8.223297978291681893e-04
4.666666666666666075e+00 9.964064525023522689e-01 4.399397020634989472e-04
4.687500000000000000e+00 1.000598926484385753e+00 -2.268854901401803892e-04
4.708333333333333037e+00 9.965124852481040962e-01 1.692838833244385223e-04
4.729166666666666075e+00 9.957626491218842801e-01 -2.547860823804359246e-04
4.750000000000000000e+00 9.837285644187138134e-01 -1.942005278797192917e-03
4.770833333333333037e+00 9.838605535935173174e-01 1.405382834805928320e-03
4.791666666666666075e+00 9.862436506924283641e-01 -1.022208011075892084e-03
4.812500000000000000e+00 9.963388242340628365e-01 1.845982397011816298e-04
4.833333333333333037e+00 1.007425604753656279e+00 -3.937578176477989729e-04
4.854166666666666075e+00 1.019606341656195347e+00 1.240630418812948242e-03
4.875000000000000000e+00 1.023077112047484194e+00 1.308176577723258154e-04
4.895833333333333037e+00 1.030242107601244905e+00 -3.247681652934408889e-03
4.916666666666666075e+00 1.022862877449551622e+00 5.524001957483630314e-04
4.937500000000000000e+00 1.010977092707857850e+00 1.885378693605402984e-03
4.958333333333333037e+00 9.882978860184625791e-01 1.094581852123280427e-03
4.979166666666666075e+00 9.792853630174126467e-01 1.663556517771643060e-04
5.000000000000000000e+00 9.777382936724423601e-01 -3.824672910433028978e-04
5.020833333333333037e+00 9.817065256936686746e-01 1.214033744922668684e-03
5.041666666666666075e+00 9.895518316566449535e-01 -9.234871482603532840e-04
5.062500000000000000e+00 9.968679589501107108e-01 -5.473355964218969269e-04
5.083333333333333037e+00 9.996505197807792342e-01 -6.476288929583805514e-04
5.104166666666666075e+00 1.005806530987067626e+00 -1.377443941355301332e-03
5.125000000000000000e+00 1.009406582066442848e+00 1.726326638339044633e-03
5.145833333333333037e+00 1.009188715618355436e+00 -2.888627480139873121e-04
5.166666666666666075e+00 1.002503991869800659e+00 -2.072766329896719075e-03
5.187500000000000000e+00 9.987425933351234963e-01 -6.228444571203689030e-04
5.208333333333333037e+00 9.990755384352786317e-01 -1.123695641489518915e-03
5.229166666666666075e+00 1.002000400885954434e+00 -1.750864598810492002e-04
5.250000000000000000e+00 1.008264540866389947e+00 5.264011631803958624e-04
5.270833333333333037e+00 1.005680396604138549e+00 8.140235888462643739e-04
5.291666666666666075e+00 1.003975543067808340e+00 -2.319730967051303935e-03
5.312500000000000000e+00 9.980935828965866730e-01 9.273054801648146603e-05
5.333333333333333037e+00 9.788882533029255040e-01 -1.392098717425010491e-03
5.354166666666666075e+00 9.828913070750667780e-01 1.286951739510912079e-03
5.375000000000000000e+00 9.889852338160585177e-01 -1.700183489121391686e-04
5.395833333333333037e+00 1.000835555723881942e+00 -6.727110152171399300e-04
5.416666666666666075e+00 1.011990622529946648e+00 5.653115459043661813e-04
5.437500000000000000e+00 1.017447873117597545e+00 1.902116891901516321e-03
5.458333333333333037e+00 1.010814169824682862e+00 1.493271319113798979e-03
5.479166666666666075e+00 1.004602910050381048e+00 -1.543267383258271116e-04
5.500000000000000000e+00 9.955379748514417981e-01 -8.495140300648237842e-04
5.520833333333333037e+00 9.908698470161586558e-01 2.871516533686311462e-04
5.541666666666666075e+00 9.863637850059255863e-01 9.017480997603938070e-04
5.562500000000000000e+00 9.851316713716398166e-01 -3.059561478012288744e-03
5.583333333333333037e+00 9.885669157693315334e-01 -2.101048556312973443e-03
5.604166666666666075e+00 9.936420701017625312e-01 1.445224205786004121e-04
5.625000000000000000e+00 1.006646720324651634e+00 2.233346575900851082e-03
5.645833333333333037e+00 1.008006090108156894e+00 9.582062573519513479e-04
5.666666666666666075e+00 1.006453596917896265e+00 -1.639373801902767672e-03
5.687500000000000000e+00 1.001896628134506306e+00 -2.806607012477170256e-04
5.708333333333333037e+00 1.009070159806110700e+00 -5.039713759508889944e-04
5.729166666666666075e+00 1.000849710061858300e+00 -9.986019454577420469e-04
5.750000000000000000e+00 1.003542597491134947e+00 -7.274481515550087823e-04
5.770833333333333037e+00 1.001211072195838714e+00 -2.171216789757491564e-04
5.791666666666666075e+00 9.977203490776573869e-01 -1.257308108244771603e-03
5.812500000000000000e+00 1.004578119541727599e+00 -1.873917458748535153e-03
5.833333333333333037e+00 1.010684639709725108e+00 1.723467160217746850e-03
5.854166666666666075e+00 9.995379294443282880e-01 -1.354935154444670848e-03
5.875000000000000000e+00 9.878451804215367948e-01 1.441104467220652918e-03
5.895833333333333037e+00 9.845003140201146197e-01 1.443924477471905188e-03
5.916666666666666075e+00 9.875103570136360975e-01 -2.276488294093347020e-03
5.937500000000000000e+00 9.981166984184552948e-01 7.804348323185384068e-04
5.958333333333333037e+00 1.005771054197707404e+00 1.623081435567177121e-03
5.979166666666666075e+00 1.002573786836701286e+00 -9.783269890984551149e-04
6.000000000000000000e+00 9.965116641477583803e-01 -2.192074595599120877e-04
6.020833333333333037e+00 9.960709549034918453e-01 2.029856106297119782e-04
6.041666666666666075e+00 1.000421559624542711e+00 9.729982026336372837e-04
6.062500000000000000e+00 9.991903829640420565e-01 -1.202447248344665296e-03
6.083333333333333037e+00 1.007863391695269950e+00 2.312520636037154135e-03
6.104166666666666075e+00 1.009478255690115178e+00 -1.884723259889242979e-04
6.125000000000000000e+00 9.981983173447979141e-01 -2.211582522061726879e-03
6.145833333333333037e+00 9.997655860419752960e-01 -1.239733129849262660e-03
6.166666666666666075e+00 1.006801867635017445e+00 -7.473066403713135835e-04
6.187500000000000000e+00 1.010094140347204128e+00 -1.757431851145168939e-03
6.208333333333333037e+00 1.008395098161875669e+00 -1.551209469120935465e-03
6.229166666666666075e+00 1.008897006801326546e+00 -1.211212936959416388e-04
6.250000000000000000e+00 1.004070984028369695e+00 -4.418697229999736455e-04
6.270833333333333037e+00 9.960666934040058873e-01 -9.756598522978327101e-04
6.291666666666666075e+00 9.954513124215759179e-01 1.696516058913606216e-04
6.312500000000000000e+00 9.937718459853734920e-01 -3.439464378873701117e-04
6.333333333333333037e+00 9.924815469752473751e-01 1.401901536380944537e-03
6.354166666666666075e+00 9.864620354328482721e-01 7.772899788833800795e-04
6.375000000000000000e+00 9.924916135905529346e-01 6.378637133889708500e-04
6.395833333333333037e+00 9.976211448581714381e-01 -2.647893355137633398e-03
6.416666666666666075e+00 9.940032370567669640e-01 -1.999598032706571989e-04
6.437500000000000000e+00 9.992131334259931608e-01 1.346814951885352981e-04
6.458333333333333037e+00 1.003388910982799587e+00 -1.854027530964339615e-03
6.479166666666666075e+00 1.009356160362343546e+00 -1.012356301626307544e-03
6.500000000000000000e+00 1.011094174466653506e+00 -5.541147170217452150e-05
6.520833333333333037e+00 1.014556839882800876e+00 5.112572074018309400e-04
6.541666666666666075e+00 1.009914768045728772e+00 2.106037666709114839e-03
6.562500000000000000e+00 1.002103310128403368e+00 1.821855267497430285e-03
6.583333333333333037e+00 1.004763219383040473e+00 2.166276166762374708e-03
6.604166666666666075e+00 1.004637203582596561e+00 -1.430647231973495052e-03
6.625000000000000000e+00 1.010899190478274257e+00 -1.283305516213953520e-03
6.645833333333333037e+00 1.001341328324275359e+00 -1.408023216910632685e-03
6.666666666666666075e+00 9.992246138755940255e-01 -9.859358478330692253e-04
6.687500000000000000e+00 9.834591007135538021e-01 5.634059881372102977e-04
6.708333333333333037e+00 9.750704351322351249e-01 1.255222845165895450e-03
6.729166666666666075e+00 9.783440399436369450e-01 -3.301701959729783152e-04
6.750000000000000000e+00 9.823779486739272482e-01 -4.404430593708704681e-04
6.770833333333333037e+00 9.921936368966796094e-01 -2.648373910644544454e-04
6.791666666666666075e+00 9.989468083252728281e-01 1.077297202334597925e-03
6.812500000000000000e+00 1.010872006172179871e+00 -5.219440019289787753e-04
6.833333333333333037e+00 1.024492637136176221e+00 1.561559934693132424e-04
6.854166666666666075e+00 1.033623267180303840e+00 -6.538121817906197017e-04
6.875000000000000000e+00 1.028425068998541025e+00 -1.228447375026112728e-04
6.895833333333333037e+00 1.022849680062852595e+00 1.132771153301070704e-03
6.916666666666666075e+00 1.004272992568656431e+00 1.160445673803207640e-03
6.937500000000000000e+00 9.876040214947824358e-01 7.698274647186347224e-04
6.958333333333333037e+00 9.757943813569543989e-01 9.344781874568465745e-04
6.979166666666666075e+00 9.817242368977523448e-01 3.089304487626222569e-03
7.000000000000000000e+00 1.001613599553449863e+00 2.014671242836516896e-05
7.020833333333333037e+00 1.012556882903321132e+00 -8.577789082183282475e-04
7.041666666666666075e+00 1.017507408900486965e+00 -3.921860684187792570e-04
7.062500000000000000e+00 1.009761455221131365e+00 5.925652248391649482e-04
7.083333333333333037e+00 1.005286759037662625e+00 -2.730133518352002527e-04
7.104166666666666075e+00 9.969529774641423536e-01 3.646132248856120452e-04
7.125000000000000000e+00 9.883150259095464518e-01 1.932690370902931127e-03
7.145833333333333037e+00 9.766420656431971103e-01 -8.980872058752601946e-04
7.166666666666666075e+00 9.805488133276316631e-01 -7.772733483515667594e-04
7.187500000000000000e+00 9.923944277711735928e-01 1.122260056214810834e-04
7.208333333333333037e+00 1.002776234219310503e+00 1.643279063010842948e-03
7.229166666666666075e+00 1.013654725878051943e+00 1.504968457654060673e-03
7.250000000000000000e+00 1.022367363586608180e+00 -5.319450129002059992e-04
7.270833333333333037e+00 1.017187197394260112e+00 3.672161263784474772e-05
7.291666666666666075e+00 1.017645478267186876e+00 7.485076971570170466e-04
7.312500000000000000e+00 1.018070774891793651e+00 -5.277060289229867056e-05
7.333333333333333037e+00 1.005673775702960793e+00 -1.930474693736180213e-03
7.354166666666666075e+00 9.968735537018068582e-01 8.413984531683950992e-04
7.375000000000000000e+00 9.933639350493100872e-01 2.456780510549475081e-03
7.395833333333333037e+00 9.866941821338320873e-01 -1.875049353292644648e-03
7.416666666666666075e+00 9.945126066718587010e-01 -1.482510822468574400e-03
7.437500000000000000e+00 1.004859794918767202e+00 3.030243949658648767e-03
7.458333333333333037e+00 1.006589131273405435e+00 -1.527442824161517301e-04
7.479166666666666075e+00 1.001779439057915777e+00 1.663779355755368519e-03
7.500000000000000000e+00 9.964807596981841709e-01 -2.361903227310180981e-04
7.520833333333333037e+00 9.942378669963498616e-01 9.607803423790177693e-04
7.541666666666666075e+00 1.003112545899152108e+00 9.359212050773235442e-04
7.562500000000000000e+00 1.001391446066687951e+00 2.269628040910453073e-04
7.583333333333333037e+00 1.001716077114875647e+00 9.538556965519574512e-05
7.604166666666666075e+00 1.000322501957668031e+00 2.067272948061602954e-03
7.625000000000000000e+00 9.929454633647509798e-01 7.055416432887742046e-04
7.645833333333333037e+00 9.986080634176904836e-01 1.001604715974270012e-03
7.666666666666666075e+00 1.002663969893844653e+00 3.759327596291157860e-04
7.687500000000000000e+00 1.011789378248681315e+00 2.358695197966892941e-03
7.708333333333333037e+00 1.022869337366934195e+00 3.194242957086923518e-04
7.729166666666666075e+00 1.013628028741890619e+00 -1.840369707804183656e-03
7.750000000000000000e+00 1.004367091431868086e+00 1.738127487079444387e-03
7.770833333333333037e+00 1.003370355682187798e+00 -4.589245661665150230e-04
7.791666666666666075e+00 1.007311799161658916e+00 -6.754355061482666912e-04
7.812500000000000000e+00 1.008842263368136427e+00 -1.647750447904843332e-03
7.833333333333333037e+00 9.952819114165507575e-01 3.457039740772392179e-04
7.854166666666666075e+00 9.916532326665069563e-01 -3.079092688644993856e-04
7.875000000000000000e+00 9.891274259526275925e-01 1.226375951743325027e-03
7.895833333333333037e+00 9.841465390255919043e-01 7.728778321666348022e-04
7.916666666666666075e+00 9.955482990530750698e-01 -7.481232831854056327e-04
7.937500000000000000e+00 9.975658821060060522e-01 -5.723843890478263986e-04
7.958333333333333037e+00 9.995387218146887243e-01 1.069791709280928102e-03
7.979166666666666075e+00 1.007858977860754068e+00 1.365475522771748959e-03
8.000000000000000000e+00 1.011040339123493004e+00 1.777518293249029130e-04
8.020833333333332149e+00 1.010164958829442128e+00 1.867080766319618459e-04
8.041666666666666075e+00 1.000869396353766039e+00 -7.447356260360606149e-04
8.062500000000000000e+00 9.962900100666337577e-01 1.508245929714089857e-03
8.083333333333332149e+00 9.920070232057963677e-01 -1.466776712643597222e-04
8.104166666666666075e+00 9.980824788866999864e-01 2.786955906122414329e-03
8.125000000000000000e+00 1.002554195940099202e+00 -3.554732662708855249e-04
8.145833333333332149e+00 1.006211454705487007e+00 -5.829049874975407441e-04
8.166666666666666075e+00 1.013526435374773049e+00 1.541733825400249823e-04
8.187500000000000000e+00 1.007368453154491750e+00 -4.475264328440923937e-04
8.208333333333332149e+00 1.002175050576995297e+00 -1.268907803519030500e-03
8.229166666666666075e+00 1.000334585594051307e+00 -2.165332087178693798e-03
8.250000000000000000e+00 9.983880377446262555e-01 -1.006505786173074354e-04
8.270833333333332149e+00 9.945941221009635402e-01 1.424473595080716359e-03
8.291666666666666075e+00 9.876377777858370566e-01 -1.399274953147278166e-03
8.312500000000000000e+00 9.831802305531972541e-01 2.988393440033912190e-04
8.333333333333332149e+00 9.858179705632981182e-01 -2.132031507727809229e-04
8.354166666666666075e+00 9.925887934502448662e-01 -4.731760698695611569e-04
8.375000000000000000e+00 9.978586784041318936e-01 -3.776255681098892003e-05
8.395833333333332149e+00 1.000526729667600589e+00 -4.594803534187717991e-04
8.416666666666666075e+00 9.975203241289946066e-01 -5.440123828970325160e-04
8.437500000000000000e+00 9.986000912588477441e-01 4.659171454379384849e-04
8.458333333333332149e+00 1.001260947158824077e+00 -2.322911713414217878e-03
8.479166666666666075e+00 1.012163709652555532e+00 -3.392385429052142813e-04
8.500000000000000000e+00 1.013924265933194846e+00 -5.119365386761816220e-04
8.520833333333332149e+00 1.005706220128469663e+00 1.260368420661484370e-03
8.541666666666666075e+00 9.969201241910610189e-01 5.981003106608341439e-04
8.562500000000000000e+00 9.915002008720942284e-01 2.512517128315740114e-03
8.583333333333332149e+00 9.949945657264158694e-01 1.403140187730470912e-03
8.604166666666666075e+00 1.001626632227554214e+00 -7.283603298436294596e-04
8.625000000000000000e+00 1.013608424836118127e+00 4.756451956749439304e-04
8.645833333333332149e+00 1.008042831586327903e+00 1.981061356029129895e-03
8.666666666666666075e+00 1.002038451469367875e+00 1.406089211317233583e-03
8.687500000000000000e+00 9.912844034054415499e-01 -2.420958916171332123e-04
8.708333333333332149e+00 9.736483838617538966e-01 -4.128236159272921212e-04
8.729166666666666075e+00 9.634841136963917529e-01 8.573114556805042129e-04
8.750000000000000000e+00 9.586196602848466863e-01 -2.476584879422101537e-03
8.770833333333332149e+00 9.735441259073454034e-01 -1.041302681994066498e-03
8.791666666666666075e+00 9.906587036568617055e-01 -2.770682504961762081e-04
8.812500000000000000e+00 1.007408460889416491e+00 -1.596861122496474970e-03
8.833333333333332149e+00 1.027997645783923275e+00 -2.484257528012184454e-03
8.854166666666666075e+00 1.028809127960199632e+00 -1.330334071094579299e-03
8.875000000000000000e+00 1.014957667521770190e+00 6.093041596238432970e-04
8.895833333333332149e+00 1.005070214682530327e+00 -3.780607785201272936e-05
8.916666666666666075e+00 9.896355754918106928e-01 -7.621009849512952591e-04
8.937500000000000000e+00 9.819301273975029609e-01 -6.230428541946672312e-04
8.958333333333332149e+00 9.745454408718143835e-01 -6.914192499366923295e-05
8.979166666666666075e+00 9.753026043678079127e-01 2.195956174083214091e-04
9.000000000000000000e+00 9.816823061352578650e-01 -2.370298323219942414e-03
9.020833333333332149e+00 9.860022306195219688e-01 -1.947668323812928133e-03
9.041666666666666075e+00 9.941681280931538023e-01 3.935368790128876242e-03
9.062500000000000000e+00 9.895537468467259234e-01 8.403550029564577648e-05
9.083333333333332149e+00 9.819235735857642089e-01 -6.593636123072595242e-04
9.104166666666666075e+00 9.743087607429977703e-01 -9.125377098870269231e-05
9.125000000000000000e+00 9.769370698162216371e-01 1.868216764949519977e-03
9.145833333333332149e+00 9.924459958095896983e-01 1.624176904649153727e-04
9.166666666666666075e+00 1.012754700731106405e+00 -1.056099376796851546e-03
9.187500000000000000e+00 1.026989917698802879e+00 -1.267311140398817487e-03
9.208333333333332149e+00 1.026908790795132420e+00 1.882022385168411827e-03
9.229166666666666075e+00 1.014615150134989374e+00 1.340347653762912492e-03
9.250000000000000000e+00 1.005856077442165875e+00 8.611291967633803029e-04
9.270833333333332149e+00 9.973873797569893229e-01 5.896681423783272334e-04
9.291666666666666075e+00 9.934708997954428966e-01 -2.949759874570226283e-03
9.312500000000000000e+00 9.892869712316454400e-01 5.425485426458053623e-04
9.333333333333332149e+00 9.847913248579728274e-01 6.482926794690286416e-04
9.354166666666666075e+00 9.817645895333164674e-01 2.628162549642247374e-03
9.375000000000000000e+00 9.823642802624575898e-01 -1.786407688107254880e-04
9.395833333333332149e+00 9.905545429816430270e-01 4.851469322490503016e-04
9.416666666666666075e+00 1.002574118581382789e+00 -2.420675833902297388e-05
9.437500000000000000e+00 1.001081054943627535e+00 -8.094139313515675204e-04
9.458333333333332149e+00 1.011528542048238943e+00 1.470669452186731171e-03
9.479166666666666075e+00 1.013451192601212636e+00 1.381587948952598668e-03
9.500000000000000000e+00 1.009762559267745718e+00 -3.146683612411332962e-04
9.520833333333332149e+00 1.004305339724833379e+00 9.826855956017847577e-04
9.541666666666666075e+00 1.002349746364919358e+00 1.001318236056227906e-03
9.562500000000000000e+00 9.941756328557628253e-01 -2.129384498056481698e-03
9.583333333333332149e+00 9.854536640535064285e-01 -1.099384741332765049e-03
9.604166666666666075e+00 9.859781061305821215e-01 -3.098408643073934251e-04
9.625000000000000000e+00 9.958330787097542380e-01 -5.306063084232410295e-04
9.645833333333332149e+00 9.969224935326106429e-01 7.444487850786421631e-04
9.666666666666666075e+00 9.997672064677441961e-01 -2.356436336838322481e-04
9.687500000000000000e+00 1.007734367208587001e+00 7.568523188996184332e-04
9.708333333333332149e+00 1.010176449024761114e+00 8.819201938490214832e-04
9.729166666666666075e+00 1.009364535275778740e+00 8.369061848957818446e-04
9.750000000000000000e+00 1.004563622153921587e+00 1.015705415635113126e-03
9.770833333333332149e+00 9.980992827571826265e-01 1.672217233520340365e-03
9.791666666666666075e+00 9.954602458048823488e-01 -1.960784587548120537e-04
9.812500000000000000e+00 9.913894260309591422e-01 1.250312508232363697e-04
9.833333333333332149e+00 1.000427632965336766e+00 2.395370730421794627e-03
9.854166666666666075e+00 1.005787550989313939e+00 -5.577121001439427558e-04
9.875000000000000000e+00 1.003289861406189587e+00 9.728962557369033376e-04
9.895833333333332149e+00 9.951158289351738073e-01 1.369570544665100207e-03
9.916666666666666075e+00 9.886017181632259510e-01 -1.144563617616200504e-03
9.937500000000000000e+00 9.891669486384427890e-01 1.585587938405162017e-03
9.958333333333332149e+00 9.996284340042626004e-01 -2.046538721996949296e-03
9.979166666666666075e+00 1.013048362205502206e+00 -4.663550493461482644e-04
1.000000000000000000e+01 1.017899623189193470e+00 -4.534502239729364332e-04
1.002083333333333215e+01 1.011745617380436224e+00 -8.662886461964042174e-04
1.004166666666666607e+01 1.007599964652541091e+00 -5.930227846169445647e-04
1.006250000000000000e+01 1.006714119447147393e+00 -1.692110038146957089e-03
1.008333333333333215e+01 1.002705518245968319e+00 2.090903120200602260e-04
1.010416666666666607e+01 9.990535103090999458e-01 -1.176345580112608206e-03
1.012500000000000000e+01 9.941824115733346456e-01 -3.877284792069600819e-04
1.014583333333333215e+01 9.920023377618181204e-01 -7.454274005379263974e-04
1.016666666666666607e+01 9.841470608603281045e-01 -2.190121649101060071e-04
1.018750000000000000e+01 9.910851984004911408e-01 1.459778110738000701e-04
1.020833333333333215e+01 1.002380246234577221e+00 1.844799434882722113e-03
1.022916666666666607e+01 1.004167459633164228e+00 -1.721363922572924149e-03
1.025000000000000000e+01 1.009640812067392979e+00 -7.079687644449551539e-04
1.027083333333333215e+01 1.013491533096104735e+00 -6.980452535014221131e-04
1.029166666666666607e+01 1.012058463628184857e+00 1.074667682782138407e-03
1.031250000000000000e+01 1.013523341391572519e+00 4.752154071076240024e-04
1.033333333333333215e+01 1.005117735065459428e+00 -3.541165315377688572e-03
1.035416666666666607e+01 1.004196894125784612e+00 -1.851844971014657846e-03
1.037500000000000000e+01 1.002260364766880851e+00 1.440883135811079621e-03
1.039583333333333215e+01 1.000039992316257731e+00 1.220693395580289354e-03
1.041666666666666607e+01 9.966211237542945689e-01 -3.636262706217823935e-04
1.043750000000000000e+01 9.971145469317013177e-01 -3.279905348195487368e-04
1.045833333333333215e+01 9.942063587214999831e-01 -1.855139791450873270e-04
1.047916666666666607e+01 9.868201629286508236e-01 2.032993918416127303e-03
1.050000000000000000e+01 9.855064832274406106e-01 1.111650509088951602e-03
1.052083333333333215e+01 9.872797444219469920e-01 8.896992099733633296e-04
1.054166666666666607e+01 1.003371165949722643e+00 -2.022442506154284881e-03
1.056250000000000000e+01 1.005192904220894690e+00 1.795599004214138740e-03
1.058333333333333215e+01 1.014746928643731616e+00 4.838426643463126695e-04
1.060416666666666607e+01 1.026751284198410552e+00 -1.303632379136301879e-03
1.062500000000000000e+01 1.026869563056932666e+00 3.991087118344876367e-04
1.064583333333333215e+01 1.028511685401370279e+00 4.515970466777562034e-04
1.066666666666666607e+01 1.022390469849216332e+00 5.689377199872198455e-04
1.068750000000000000e+01 9.997225949085809527e-01 6.801302025945161502e-05
1.070833333333333215e+01 9.806800060859588442e-01 1.030791234353383573e-03
1.072916666666666607e+01 9.734879675163868873e-01 1.846248002914704705e-03
1.075000000000000000e+01 9.777926752577117409e-01 1.900071007210809562e-04
1.077083333333333215e+01 9.891654043147835029e-01 -6.475641158378448456e-04
1.079166666666666607e+01 1.001501402915230043e+00 -8.168673545529073080e-04
1.081250000000000000e+01 1.011220321646288056e+00 1.064048414446480337e-03
1.083333333333333215e+01 1.003898842656675949e+00 9.677001181127924633e-05
1.085416666666666607e+01 9.978892945065197528e-01 1.675348489690323955e-05
1.087500000000000000e+01 1.003220689088620166e+00 5.618942110740082719e-04
1.089583333333333215e+01 1.006793715246197429e+00 -1.983370678362032270e-03
1.091666666666666607e+01 1.012058402003213731e+00 6.570496836284263733e-04
1.093750000000000000e+01 1.018498965111467092e+00 -7.322939285292544244e-04
1.095833333333333215e+01 1.006168889160574231e+00 2.740567495363474917e-04
1.097916666666666607e+01 1.011374088795443216e+00 3.819907091527288559e-04
1.100000000000000000e+01 1.008718422512442148e+00 1.063906385676655205e-03
1.102083333333333215e+01 1.007638070864904867e+00 -2.276761823011472750e-03
1.104166666666666607e+01 9.984932691651644543e-01 1.749401056156902733e-03
1.106250000000000000e+01 9.922997539605893369e-01 -2.881280652000045052e-03
1.108333333333333215e+01 9.855549049738359102e-01 -7.527010511859523294e-04
1.110416666666666607e+01 9.834274947000215539e-01 2.310951413443324606e-03
1.112500000000000000e+01 9.911340778887114400e-01 -1.871509327853495370e-03
1.114583333333333215e+01 9.929038233249919410e-01 -9.457915444892159469e-04
1.116666666666666607e+01 9.968433832218323021e-01 1.436846187555745977e-04
1.118750000000000000e+01 1.003946788548309765e+00 -7.997575511847735026e-04
1.120833333333333215e+01 1.014998180040055598e+00 -7.980763186763873557e-04
1.122916666666666607e+01 1.012799907006592726e+00 -1.383178215579655788e-03
1.125000000000000000e+01 1.016871904903613233e+00 -4.326850049374546150e-04
1.127083333333333215e+01 1.010827826067157043e+00 7.153556716388306900e-04
1.129166666666666607e+01 1.009250696222727894e+00 -1.194716277598942712e-03
1.131250000000000000e+01 1.003870766427353178e+00 7.678220910399011310e-04
1.133333333333333215e+01 1.000973426010175693e+00 1.445272250268847796e-03
1.135416666666666607e+01 1.003873526050309550e+00 3.982930613813071854e-04
1.137500000000000000e+01 9.976340841312789642e-01 1.329306120184376707e-03
1.139583333333333215e+01 9.991895056297650513e-01 1.512926850217614840e-04
1.141666666666666607e+01 9.972126817065107840e-01 3.642815666499474954e-04
1.143750000000000000e+01 1.004796828499873396e+00 -1.282014447360705224e-04
1.145833333333333215e+01 1.006759863065088467e+00 -1.882133099325915629e-04
1.147916666666666607e+01 1.007114609182705678e+00 -4.770540866959221190e-04
1.150000000000000000e+01 9.949791014706803605e-01 1.657296281609257937e-04
1.152083333333333215e+01 9.876229034337580259e-01 -1.670666432701196176e-03
1.154166666666666607e+01 9.897744444688034715e-01 1.942842651962949953e-03
1.156250000000000000e+01 1.008099879844720492e+00 6.383801765031193272e-04
1.158333333333333215e+01 1.018541990216395909e+00 1.301676988277918360e-03
1.160416666666666607e+01 1.029257048397934859e+00 1.044770118028522706e-03
1.162500000000000000e+01 1.027679570164822920e+00 1.153270110482883986e-05
1.164583333333333215e+01 1.015121617306659951e+00 -7.917925428153674543e-04
1.166666666666666607e+01 1.003416109704624359e+00 2.556515681898152616e-04
1.168750000000000000e+01 9.917323925171367405e-01 -1.009515487574004283e-03
1.170833333333333215e+01 9.851368829598070587e-01 -3.046608923753236792e-03
1.172916666666666607e+01 9.832823082360342415e-01 -1.169599396739284336e-03
1.175000000000000000e+01 9.791297373669740622e-01 3.157534618956024924e-04
1.177083333333333215e+01 9.868851996171916774e-01 7.667439379321846788e-04
1.179166666666666607e+01 9.962210090571382848e-01 -1.015649207113816961e-03
1.181250000000000000e+01 1.003359804967156821e+00 -6.699056162460516285e-04
1.183333333333333215e+01 1.013084554476651356e+00 -4.188912116533997335e-04
1.185416666666666607e+01 1.013746943249906662e+00 -3.612473291488969189e-04
1.187500000000000000e+01 1.015138201806267793e+00 -1.653519358560832985e-04
1.189583333333333215e+01 1.013564959988996428e+00 8.991742771402729505e-04
1.191666666666666607e+01 1.012526508225680910e+00 9.716160049130454640e-04
1.193750000000000000e+01 1.007213852733580550e+00 2.343459287288676349e-03
1.195833333333333215e+01 1.000613380929319396e+00 -1.056092563949274769e-04
1.197916666666666607e+01 9.982787668400020520e-01 -1.636246892555526071e-03
1.200000000000000000e+01 9.953558720169896068e-01 9.992188070804390067e-04
1.202083333333333215e+01 9.899028711591437713e-01 2.191718038793973294e-03
1.204166666666666607e+01 9.951770540878570603e-01 3.043889736727857357e-04
1.206250000000000000e+01 9.980076450778563313e-01 3.730074386576508975e-03
1.208333333333333215e+01 9.959766650126715692e-01 -1.529719734376664428e-03
1.210416666666666607e+01 9.917422421614878747e-01 2.148364574268194459e-03
1.212500000000000000e+01 9.982242650326329514e-01 -1.075856272807656925e-03
1.214583333333333215e+01 1.003622721007072283e+00 -5.583251248144707485e-04
1.216666666666666607e+01 9.965638367786240348e-01 -6.502719852927960368e-04
1.218750000000000000e+01 1.000162936243108813e+00 1.311117276092381911e-03
1.220833333333333215e+01 9.993592255444835315e-01 -2.602481492896430940e-03
1.222916666666666607e+01 1.001047791404402476e+00 -1.303291874056254065e-03
1.225000000000000000e+01 1.007828051424711768e+00 -1.444024488671422687e-03
1.227083333333333215e+01 1.021506639138914929e+00 -2.753337053151999093e-04
1.229166666666666607e+01 1.017434102657352790e+00 6.671470856341439690e-04
1.231250000000000000e+01 1.007119028826432672e+00 2.566617977295598601e-04
1.233333333333333215e+01 9.935383865179007179e-01 5.957850175900339645e-04
1.235416666666666607e+01 9.867841203513205706e-01 -9.012707252468864401e-04
1.237500000000000000e+01 9.910227998803229355e-01 -6.283835818502849033e-04
1.239583333333333215e+01 1.004628270633976639e+00 -2.047197924296835199e-04
1.241666666666666607e+01 1.004406657537773029e+00 8.840931843097441910e-05
1.243750000000000000e+01 1.001451887356166637e+00 -4.318573022244695807e-04
1.245833333333333215e+01 9.980971964975552391e-01 -4.555218642379739555e-04
1.247916666666666607e+01 9.910938621166641704e-01 -3.680692081375150381e-04
1.452083333333333215e+01 9.822119527401906858e-01 2.452140778408526661e-03
1.454166666666666607e+01 1.005788435889351629e+00 4.579656199133413192e-05
1.456250000000000000e+01 1.018704951793226066e+00 4.502344529653823650e-04
1.458333333333333215e+01 1.024538080531602890e+00 2.254042546865494667e-03
1.460416666666666607e+01 1.024515646382520462e+00 7.426590436289109282e-04
1.462500000000000000e+01 1.013906197439801593e+00 1.085093626807912025e-04
1.464583333333333215e+01 1.010697614273029510e+00 3.188424307201464603e-04
1.466666666666666607e+01 1.004874461743786584e+00 1.791684160319288212e-03
1.468750000000000000e+01 1.003923930601619885e+00 1.110834331989784835e-03
1.470833333333333215e+01 9.905037472234211604e-01 4.023949784267756720e-04
1.472916666666666607e+01 9.774166960662394876e-01 6.866258151107568382e-04
1.475000000000000000e+01 9.798890588389251866e-01 7.786146575180213220e-04
1.477083333333333215e+01 9.842002454835598879e-01 2.844698273705317088e-04
1.479166666666666607e+01 9.939142609632835024e-01 1.222824139370500994e-03
1.481250000000000000e+01 1.004364984360435642e+00 -1.978543508281856850e-03
1.483333333333333215e+01 1.001640903765219415e+00 2.245139102998488427e-04
1.485416666666666607e+01 1.004902972103338010e+00 -8.234478168054475166e-05
1.487500000000000000e+01 9.929671229564939194e-01 -5.415529303103449764e-04
1.489583333333333215e+01 9.894483593707299462e-01 2.407072085331741790e-04
1.491666666666666607e+01 9.926892440049178701e-01 5.301757144268315217e-04
1.493750000000000000e+01 9.942307897354810686e-01 -1.511708255420734321e-03
1.495833333333333215e+01 1.003180839884138420e+00 -1.983997258920217662e-03
1.497916666666666607e+01 1.011736053196698792e+00 -2.335245077270455829e-04
1.500000000000000000e+01 1.014219883259829258e+00 -3.205045819980030606e-04
1.502083333333333215e+01 1.018221418342827977e+00 -1.832004270311125404e-03
1.504166666666666607e+01 1.007897024471072767e+00 3.197216764532489629e-04
1.506250000000000000e+01 1.004471723101446834e+00 -1.097347193379573241e-03
1.508333333333333215e+01 1.000708825789799805e+00 5.883824674605761399e-04
1.510416666666666607e+01 9.942280791862840861e-01 7.335027201569052722e-04
1.512500000000000000e+01 9.939161756059985420e-01 6.987650278214178673e-04
1.514583333333333215e+01 9.977469755439022370e-01 -1.901027453878984484e-04
1.516666666666666607e+01 9.995369635015654008e-01 -2.943423766315757077e-04
1.518750000000000000e+01 9.960722510033684918e-01 -2.027127627304457606e-03
1.520833333333333215e+01 9.961165318895952581e-01 1.915381066311862973e-03
1.522916666666666607e+01 9.948916886464456155e-01 -3.221114518966744652e-04
1.525000000000000000e+01 9.930689811489300522e-01 -3.444056095901467784e-03
1.527083333333333215e+01 9.809731811373856303e-01 -4.972040446451097715e-04
1.529166666666666607e+01 9.789334344908657837e-01 1.496399628291525559e-04
1.531250000000000000e+01 9.825293643478284489e-01 1.015254481348215132e-03
1.533333333333333215e+01 1.000825721001381119e+00 2.931260400373148791e-04
1.535416666666666607e+01 1.018033682497436754e+00 -1.915490802393203474e-03
1.537500000000000000e+01 1.040184891136354040e+00 1.887847899505585528e-04
1.539583333333333215e+01 1.041292910487579881e+00 6.125075386772994715e-04
1.541666666666666607e+01 1.022478642676231342e+00 -7.588050452265930699e-04
1.543750000000000000e+01 1.004389449540423307e+00 -1.493427728753309947e-03
1.545833333333333215e+01 9.931836711457231459e-01 -3.170781175494505333e-03
1.547916666666666607e+01 9.898089554893840791e-01 7.828251547961370769e-04
1.550000000000000000e+01 9.867286165651067975e-01 2.728871754815011610e-05
1.552083333333333215e+01 9.861292904069210996e-01 -1.474700132822956639e-03
1.554166666666666607e+01 9.809764794455223536e-01 -2.239999610714144516e-03
1.556250000000000000e+01 9.840387392069757100e-01 -6.987640478252947701e-04
1.558333333333333215e+01 9.849130492459177155e-01 7.215756601130040963e-04
1.560416666666666607e+01 9.964201125443915563e-01 1.044879823121047310e-03
1.562500000000000000e+01 1.000583393035699098e+00 -3.593421213377263413e-04
1.564583333333333215e+01 1.003048853939925156e+00 -8.250548853459394429e-04
1.566666666666666607e+01 1.002145147942970382e+00 -1.386552577656922610e-03
1.568750000000000000e+01 1.003842283980384442e+00 1.855334345992494313e-05
1.570833333333333215e+01 1.012559552850075262e+00 -1.655564133847241010e-03
1.572916666666666607e+01 1.008733168430072658e+00 3.473808717073297980e-04
1.575000000000000000e+01 1.014863265077021071e+00 1.812249981905974866e-03
1.577083333333333215e+01 1.012607989098897709e+00 8.846115741391928850e-04
1.579166666666666607e+01 1.000723610646916839e+00 -1.352289303963857348e-03
1.581250000000000000e+01 1.003887749916735572e+00 2.352155684540687731e-04
1.583333333333333215e+01 1.006554684655988741e+00 -4.765905133167844124e-04
1.585416666666666607e+01 9.982605899718464126e-01 -1.581894869430298294e-04
1.587500000000000000e+01 9.960949725027640200e-01 -1.400870596290777412e-03
1.589583333333333215e+01 9.945915437720036500e-01 -3.472026897628708577e-04
1.591666666666666607e+01 9.951452056014280512e-01 -2.968338840702193027e-04
1.593750000000000000e+01 9.931335140051921195e-01 2.255610559093661845e-04
1.595833333333333215e+01 9.945966820390829133e-01 1.070420949871650398e-03
1.597916666666666607e+01 9.962138489534075880e-01 1.499148753411556076e-03
1.600000000000000000e+01 9.958788186575310286e-01 -1.662728748044575103e-03
1.602083333333333215e+01 1.004651005496141503e+00 1.133863107964125632e-03
1.604166666666666430e+01 1.012440455975413656e+00 -7.613046164357754486e-06
1.606250000000000000e+01 1.011983982221432044e+00 -6.029217368977537642e-05
1.608333333333333215e+01 9.990966843291854138e-01 2.546434600001813730e-04
1.610416666666666430e+01 9.902697682724141970e-01 1.336245872295815885e-03
1.612500000000000000e+01 9.831380647160316011e-01 -1.043838755747480062e-03
1.614583333333333215e+01 9.941985412154723534e-01 -1.989017807152669830e-03
1.616666666666666430e+01 1.005792210170985523e+00 1.753122301270226401e-04
1.618750000000000000e+01 1.017558201656460604e+00 2.466532400721518806e-04
1.620833333333333215e+01 1.021862440110746340e+00 -1.437135652808688158e-03
1.622916666666666430e+01 1.016914358506900928e+00 -1.858949563868116843e-04
1.625000000000000000e+01 1.007547160118738239e+00 -6.187260544901415638e-04
1.627083333333333215e+01 1.005495522779639606e+00 -4.270359815556196950e-04
1.629166666666666430e+01 1.003728585101788084e+00 4.813285400814426725e-04
1.631250000000000000e+01 9.928521350701392523e-01 7.764670684939329421e-04
1.633333333333333215e+01 9.835620684692019111e-01 6.204714096482336723e-04
1.635416666666666430e+01 9.856063014030427283e-01 2.407028567191175504e-04
1.637500000000000000e+01 9.867818116934162775e-01 1.234400891988357823e-03
1.639583333333333215e+01 9.923531871220562239e-01 1.051145530177556770e-04
1.641666666666666430e+01 1.001821629123835544e+00 7.435826496445136567e-06
1.643750000000000000e+01 1.010646408305971633e+00 5.447179552614425484e-04
1.645833333333333215e+01 1.003732427787852544e+00 2.784562972420324251e-04
1.647916666666666430e+01 9.976223035904155934e-01 -9.070171662556137477e-04
1.650000000000000000e+01 1.001328657922853527e+00 4.620996224823384563e-04
1.652083333333333215e+01 1.003701623821587230e+00 -2.094988698499587049e-03
1.654166666666666430e+01 1.010087977958129102e+00 2.155609262780578935e-04
1.656250000000000000e+01 1.011839139462268111e+00 -2.799425925685106284e-04
1.658333333333333215e+01 1.013433627189791464e+00 -2.546746533914942545e-03
1.660416666666666430e+01 1.008659042842978693e+00 -6.199908900005251600e-04
1.662500000000000000e+01 1.004028485149054850e+00 2.113539679932059222e-03
1.664583333333333215e+01 1.000372726672881019e+00 -7.966154237378373281e-04
1.666666666666666430e+01 9.973245738656779658e-01 -1.619266999139926892e-03
1.668750000000000000e+01 9.965173232960079508e-01 3.575487062649698061e-04
1.670833333333333215e+01 9.962728540056948745e-01 3.424767667946289644e-05
1.672916666666666430e+01 9.975319003792412209e-01 1.800470562033898783e-03
1.675000000000000000e+01 1.010981303072636006e+00 -5.618291398446664635e-04
1.677083333333333215e+01 1.017313834011688067e+00 -2.358539829921239850e-04
1.679166666666666430e+01 1.006448940792755931e+00 -1.176942482323811148e-03
1.681250000000000000e+01 1.005827306070494531e+00 -3.903298841342564443e-04
1.683333333333333215e+01 1.003387466138185191e+00 5.660516440212954182e-04
1.685416666666666430e+01 9.982213528133208058e-01 -2.010325050247279300e-03
1.687500000000000000e+01 9.941869477640390418e-01 -8.683159367511645221e-04
1.689583333333333215e+01 9.847084662350055195e-01 -4.946087576459009920e-04
1.691666666666666430e+01 9.845916895481749975e-01 1.252064951668488803e-03
1.693750000000000000e+01 9.876143985916659984e-01 2.355020508625748764e-04
1.695833333333333215e+01 1.005611640159849829e+00 3.297809896744288271e-03
1.697916666666666430e+01 1.022542256291719243e+00 7.769810485759211108e-04
1.700000000000000000e+01 1.029141810216220421e+00 -1.116567046600711955e-03
1.702083333333333215e+01 1.021382044844230341e+00 1.116249016765073418e-03
1.704166666666666430e+01 1.014544950267504575e+00 -1.796483962637923399e-04
1.706250000000000000e+01 1.002204710073235860e+00 -8.341749723698090469e-04
1.708333333333333215e+01 1.007612762354467950e+00 5.773609101844731075e-04
1.710416666666666430e+01 1.008787931237784097e+00 -1.074233476401843064e-03
1.712500000000000000e+01 1.007942317608053084e+00 -2.518924092674252680e-04
1.714583333333333215e+01 9.986585669872909410e-01 1.444862566402661200e-03
1.716666666666666430e+01 9.949554599212445671e-01 6.831526989762424671e-04
1.718750000000000000e+01 9.923381730032294623e-01 -1.488359863019636520e-03
1.720833333333333215e+01 9.802912564553144525e-01 -1.403393787929321736e-04
1.722916666666666430e+01 9.891555924290779123e-01 -7.383963562159642736e-04
1.725000000000000000e+01 9.816425797516291629e-01 -1.488227925617349214e-03
1.727083333333333215e+01 9.849952136107408274e-01 8.600717121459406462e-04
1.729166666666666430e+01 9.962924641101243983e-01 -5.667084219952005794e-04
1.731250000000000000e+01 1.013941533573754050e+00 3.435596825598274061e-04
1.733333333333333215e+01 1.025488061472347168e+00 -6.788208350978740810e-05
1.735416666666666430e+01 1.035059297354116614e+00 2.026668211279809319e-03
1.737500000000000000e+01 1.039717176687668720e+00 -1.308212738197952422e-03
1.739583333333333215e+01 1.030722262897043828e+00 -1.372318546086123345e-03
1.741666666666666430e+01 1.012073822272940626e+00 1.784024830336052784e-04
1.743750000000000000e+01 9.962458295841301048e-01 -8.639206678702677795e-04
1.745833333333333215e+01 9.898042285260213458e-01 6.561889297472741104e-04
1.747916666666666430e+01 9.697787430065302194e-01 -2.714602074991569690e-04
1.750000000000000000e+01 9.731703238661023603e-01 -6.135946114640915662e-04
1.752083333333333215e+01 9.824333379899105045e-01 -3.170861071874044664e-04
1.754166666666666430e+01 9.943963813298475340e-01 -2.785562749362708603e-04
1.756250000000000000e+01 9.968990786375311330e-01 -2.215273272021478176e-04
1.758333333333333215e+01 1.002077756713382284e+00 1.893631911070542797e-03
1.760416666666666430e+01 9.989145384256769011e-01 2.769490709221689075e-03
1.762500000000000000e+01 9.995488300025905382e-01 6.769201027352483857e-04
1.764583333333333215e+01 1.006122169572095215e+00 1.135857207419055338e-03
1.766666666666666430e+01 1.010502856340076638e+00 -9.711340138683789008e-04
1.768750000000000000e+01 1.006621133619831410e+00 2.206790989728052259e-03
1.770833333333333215e+01 1.003980873134131091e+00 3.224323349090365306e-04
1.772916666666666430e+01 9.989482253071925166e-01 8.991181718505652110e-04
1.775000000000000000e+01 1.005440280379730655e+00 -8.992693255121778258e-04
1.777083333333333215e+01 1.013113972813182384e+00 4.737978737158871057e-04
1.779166666666666430e+01 1.012267901547692306e+00 -2.887212740334596907e-04
1.781250000000000000e+01 1.008817080501543728e+00 -1.606946710455100288e-03
1.783333333333333215e+01 9.937989964620789207e-01 3.694200228365247959e-04
1.785416666666666430e+01 9.919111662731917578e-01 2.600417103431606428e-03
1.787500000000000000e+01 9.822824108248864317e-01 -5.393105250936450906e-04
1.789583333333333215e+01 9.852805961965576120e-01 9.357474103577398785e-04
1.791666666666666430e+01 9.844385231756036525e-01 -2.839979222450692378e-04
1.793750000000000000e+01 9.863703913266250733e-01 3.588509517666187186e-04
1.795833333333333215e+01 9.911671934753804036e-01 -8.525284052188838047e-04
1.797916666666666430e+01 9.954759547342728609e-01 -1.721744274152932439e-04
1.800000000000000000e+01 1.005518963464357318e+00 -1.190947775247171289e-03
1.802083333333333215e+01 1.016009458824893352e+00 -8.397445968867616036e-04
1.804166666666666430e+01 1.018431993932637392e+00 1.175813839791570430e-03
1.806250000000000000e+01 1.012758254033645056e+00 -1.315107408749635739e-03
1.808333333333333215e+01 1.005262535368087740e+00 1.454302005668291556e-03
1.810416666666666430e+01 9.953750365911716580e-01 -7.183935850038801951e-04
1.812500000000000000e+01 9.898239330984833773e-01 3.523608477646946748e-04
1.814583333333333215e+01 9.860824499118920894e-01 -1.410554070283694507e-03
1.816666666666666430e+01 9.887361871489732668e-01 -9.102968666027319578e-05
1.818750000000000000e+01 9.973712238825901411e-01 -1.862312903940510633e-03
1.820833333333333215e+01 1.001974573061442220e+00 -4.545295121148618133e-04
1.822916666666666430e+01 1.011314260448755720e+00 -3.480003862962125221e-04
1.825000000000000000e+01 1.004126109905185693e+00 -1.435284235064927588e-03
1.827083333333333215e+01 9.926938365460001856e-01 8.438299856229797584e-04
1.829166666666666430e+01 9.819879700065957673e-01 1.962698546835159753e-03
1.831250000000000000e+01 9.756600935688093390e-01 -1.483048224148512517e-03
1.833333333333333215e+01 9.822712521613239378e-01 -2.485897348164153040e-04
1.835416666666666430e+01 9.903936096540617573e-01 -2.649216937308783784e-03
1.837500000000000000e+01 9.977434989983194891e-01 -5.296028311070389866e-04
1.839583333333333215e+01 1.000695432342510349e+00 9.024399472332850789e-04
1.841666666666666430e+01 1.007775486716155466e+00 -5.401669890098728232e-04
1.843750000000000000e+01 1.007906873006375381e+00 -6.287827312138110020e-04
1.845833333333333215e+01 1.007831091143390090e+00 1.442455418594814232e-04
1.847916666666666430e+01 1.002593291640340167e+00 5.518355107161741898e-04
1.850000000000000000e+01 9.932638970101875797e-01 -1.922492352454435033e-03
1.852083333333333215e+01 9.860162736087305646e-01 6.735407362239682156e-04
1.854166666666666430e+01 9.812589076547970635e-01 -3.677261913075998844e-04
1.856250000000000000e+01 9.875323720776730818e-01 6.644542114473485405e-05
1.858333333333333215e+01 9.903969402461165750e-01 -2.877942795885062260e-04
1.860416666666666430e+01 9.979358142119119091e-01 1.228797212489225690e-05
1.862500000000000000e+01 9.820898782938582983e-01 -1.579800879089257029e-03
1.864583333333333215e+01 9.706586653486312111e-01 6.774481214520624737e-04
1.866666666666666430e+01 9.692617103283921454e-01 -6.316491664707608649e-04
1.868750000000000000e+01 9.830247018544618909e-01 -3.125282381182581978e-04
1.870833333333333215e+01 9.988570775861299600e-01 1.136752752916971813e-03
1.872916666666666430e+01 1.001787482722999556e+00 -3.991312509580257338e-04
1.875000000000000000e+01 1.018397586656024645e+00 -1.802767292652238205e-03
1.877083333333333215e+01 1.016098424056782745e+00 3.134702111843684874e-04
1.879166666666666430e+01 1.010095142275507341e+00 1.248642836666894731e-03
1.881250000000000000e+01 1.007384832215052928e+00 -2.033031822476121311e-03
1.883333333333333215e+01 9.980382321050716987e-01 7.384177267115138834e-04
1.885416666666666430e+01 9.956280542748356943e-01 1.805351244978288918e-03
1.887500000000000000e+01 9.873240442044272092e-01 -4.793097278137042438e-04
1.889583333333333215e+01 9.933421132630458894e-01 -2.221067746283330452e-03
1.891666666666666430e+01 9.954763346278870939e-01 -4.083312572789469575e-04
1.893750000000000000e+01 1.002201131571019310e+00 -1.681679603586228684e-03
1.895833333333333215e+01 1.002693881057557856e+00 -1.627017305246404892e-03
1.897916666666666430e+01 9.965057220911945901e-01 3.719271667423479887e-04
1.900000000000000000e+01 9.859973568081811246e-01 2.833419971742386859e-03
1.902083333333333215e+01 9.845269217604356582e-01 -7.233973392579791037e-04
1.904166666666666430e+01 9.873678686509353986e-01 3.269820265564600146e-04
1.906250000000000000e+01 9.863237886110466368e-01 2.263172266679360379e-03
1.908333333333333215e+01 9.895951600321284403e-01 3.830288104044932878e-04
1.910416666666666430e+01 9.996688688213778429e-01 -1.697312016802632936e-03
1.912500000000000000e+01 1.013536380953159899e+00 4.059228165303650581e-05
1.914583333333333215e+01 1.025002404853673665e+00 8.035008317065446331e-04
1.916666666666666430e+01 1.029534059669071633e+00 -4.781266684863613682e-04
1.918750000000000000e+01 1.019297209334910415e+00 -1.923003173193983629e-04
1.920833333333333215e+01 1.003233853854013091e+00 2.096318494553893724e-03
1.922916666666666430e+01 9.934266597248453401e-01 -5.834148820765020990e-04
1.925000000000000000e+01 9.949991657727947914e-01 1.708410212669009189e-04
1.927083333333333215e+01 9.908826000929061850e-01 -1.704617447337941443e-04
1.929166666666666430e+01 9.882842658767257982e-01 -1.450820860512367326e-03
1.931250000000000000e+01 9.772995860323557826e-01 -4.355950026908793587e-04
1.933333333333333215e+01 9.742039833847385699e-01 6.177266965818874146e-04
1.935416666666666430e+01 9.815224154029833503e-01 -1.102494312235109165e-03
1.937500000000000000e+01 9.982533555456366559e-01 -1.891670624001096047e-03
1.939583333333333215e+01 1.014131953105516626e+00 7.170430494615583289e-04
1.941666666666666430e+01 1.023302362711890012e+00 1.171013690521225314e-03
1.943750000000000000e+01 1.017046364362941713e+00 -2.804071935056134295e-04
1.945833333333333215e+01 1.009345810036533564e+00 1.270096709624438493e-03
1.947916666666666430e+01 9.993152476482134450e-01 -1.524021628458191815e-04
1.950000000000000000e+01 9.993181121851572035e-01 1.692317400133735972e-04
1.952083333333333215e+01 9.994087776609787976e-01 -1.459046395108004558e-03
1.954166666666666430e+01 1.003000320922984745e+00 -1.031554713867391263e-03
1.956250000000000000e+01 9.978196939901330387e-01 7.079116474919031716e-04
1.958333333333333215e+01 1.000335603319205457e+00 -1.257952685173070522e-03
1.960416666666666430e+01 1.004071199499070977e+00 -1.709807070267868004e-04
1.962500000000000000e+01 1.007099460344172970e+00 -2.379347711394003573e-03
1.964583333333333215e+01 1.001185988032715191e+00 -1.111566953773347874e-03
1.966666666666666430e+01 1.002223392966677951e+00 2.704975722122904855e-04
1.968750000000000000e+01 9.927024923498601883e-01 1.338675769826717672e-03
1.970833333333333215e+01 9.929103879085549034e-01 5.321997176212861708e-05
1.972916666666666430e+01 9.941810924677777495e-01 1.239116506402174276e-03
1.975000000000000000e+01 9.996344978697214723e-01 6.349589418719195702e-04
1.977083333333333215e+01 1.006344605666013692e+00 8.925170205917325357e-04
1.979166666666666430e+01 1.010778563971444166e+00 -1.635154266778347885e-03
1.981250000000000000e+01 1.009849308141947288e+00 -5.231829062078094958e-04
1.983333333333333215e+01 1.005200920713325452e+00 -5.301544526948863715e-04
1.985416666666666430e+01 1.000017772173237507e+00 -3.564541013223779232e-04
1.987500000000000000e+01 9.982836883332484312e-01 4.874917244451510020e-04
1.989583333333333215e+01 9.905980143013780603e-01 -2.186957658855063179e-03
1.991666666666666430e+01 9.941191407424123661e-01 -2.549866626825004145e-04
1.993750000000000000e+01 1.005292789350397564e+00 -1.086593661048091113e-03
1.995833333333333215e+01 1.014425025802297986e+00 -1.132705230643014363e-03
1.997916666666666430e+01 1.008885552967492494e+00 -3.520579161822210389e-04
2.000000000000000000e+01 1.008773558518116120e+00 1.716718078314069312e-03
2.002083333333333215e+01 9.956313044243452204e-01 5.871698561223622544e-04
2.004166666666666430e+01 9.969421305136655365e-01 -5.592271598865108549e-04
2.006250000000000000e+01 1.001680729618503518e+00 -8.545156175443309118e-04
2.008333333333333215e+01 1.005428778509789955e+00 -7.253930506240453867e-04
2.010416666666666430e+01 1.002792339932257137e+00 -3.089181517901579024e-04
2.012500000000000000e+01 9.969055095549196333e-01 -2.088774869802036659e-03
2.014583333333333215e+01 9.986819442090879573e-01 2.815999917245481411e-03
2.016666666666666430e+01 1.005150097319987390e+00 -2.104361743337377234e-03
2.018750000000000000e+01 1.012445702974332784e+00 3.058124497752217924e-05
2.020833333333333215e+01 1.014228968892398441e+00 1.308196041404329152e-03
2.022916666666666430e+01 1.001089715479823283e+00 9.842817055424574017e-04
2.025000000000000000e+01 9.933028476788393624e-01 -4.745122280304487033e-04
2.027083333333333215e+01 9.862014517251148638e-01 2.947184606358951159e-04
2.029166666666666430e+01 9.929876469644167702e-01 -1.193755197632807375e-03
2.031250000000000000e+01 9.989408318307761991e-01 -1.850197337528254084e-03
2.033333333333333215e+01 1.009812930231332562e+00 -6.200081602051765077e-04
2.035416666666666430e+01 1.014651024016234748e+00 -9.742957609848444970e-04
2.037500000000000000e+01 1.014531566648092964e+00 -2.913315248695605431e-03
2.039583333333333215e+01 1.011445347509597248e+00 -1.110691791004824380e-03
2.041666666666666430e+01 1.012652667777786952e+00 1.552371189330940772e-03
2.043750000000000000e+01 1.007293751187101405e+00 4.272354005810224931e-04
2.045833333333333215e+01 9.976960102996439428e-01 8.722468723276927431e-04
2.047916666666666430e+01 9.941694212042888612e-01 -1.013894307758727350e-03
2.050000000000000000e+01 9.963856844009733038e-01 -1.486150128819677682e-03
2.052083333333333215e+01 1.001042906545704492e+00 -4.429245542497340835e-04
2.054166666666666430e+01 1.003948692408254795e+00 -2.496834529156979812e-03
2.056250000000000000e+01 1.009614120369320744e+00 1.678914483337054292e-03
2.058333333333333215e+01 1.003331618613090725e+00 -6.402451796558671212e-04
2.060416666666666430e+01 1.006574012948901586e+00 1.062382361069993302e-03
2.062500000000000000e+01 9.997617522350201735e-01 1.401392586744181455e-03
2.064583333333333215e+01 9.917103806467141291e-01 8.624118147609134612e-04
2.066666666666666430e+01 9.856295796960689026e-01 4.534698432406017660e-04
2.068750000000000000e+01 9.824045979875601908e-01 -1.943998359590080318e-03
2.070833333333333215e+01 9.911401899876409738e-01 5.733227864540060012e-04
2.072916666666666430e+01 9.996452234130333014e-01 2.928825486071630672e-04
2.075000000000000000e+01 1.016796791370712549e+00 -8.384353253912491064e-04
2.077083333333333215e+01 1.022686499350870415e+00 -5.723894363441165171e-04
2.079166666666666430e+01 1.026326376804898466e+00 1.049574871600859037e-04
2.081250000000000000e+01 1.013994334920974127e+00 -3.058100427510407186e-05
2.083333333333333215e+01 1.012064599570613233e+00 -7.015591359424594746e-04
2.085416666666666430e+01 1.006641199990084612e+00 -3.384112733138821020e-04
2.087500000000000000e+01 1.004690858374195139e+00 -1.106840416929896851e-03
2.089583333333333215e+01 1.002624566791279870e+00 4.482455527656129066e-04
2.091666666666666430e+01 9.920805833673322915e-01 -2.488835780831770666e-04
2.093750000000000000e+01 9.802901329752143900e-01 -1.035942290031643866e-03
2.095833333333333215e+01 9.790222088748322671e-01 2.552532812540214192e-04
2.097916666666666430e+01 9.851867978381613211e-01 6.680782603977454765e-04
2.100000000000000000e+01 9.954101174975141797e-01 8.527991282817383185e-04
2.102083333333333215e+01 1.006939450805795389e+00 1.342592733577695858e-03
2.104166666666666430e+01 1.003570803380734899e+00 -4.900444277165868926e-04
2.106250000000000000e+01 1.008663235424187343e+00 -2.989951113694631099e-04
2.108333333333333215e+01 1.010227124625737938e+00 -8.236319537671826525e-04
2.110416666666666430e+01 1.009811236160953030e+00 4.024111893779618054e-04
2.112500000000000000e+01 1.022567063595460457e+00 -1.878406538744887243e-03
2.114583333333333215e+01 1.019849523477615927e+00 9.867600498434372577e-04
2.116666666666666430e+01 1.013282813306787933e+00 8.008872949655912498e-04
2.118750000000000000e+01 1.011541233480728108e+00 -2.159566191670138336e-04
2.120833333333333215e+01 1.007422421480986152e+00 2.467494792158171722e-03
2.122916666666666430e+01 1.001133076826414614e+00 -1.622609209163554432e-04
2.125000000000000000e+01 9.918516223924906949e-01 -1.128023222799402325e-03
2.127083333333333215e+01 9.925629842372010181e-01 -8.191138749014248563e-04
2.129166666666666430e+01 9.932892273343570944e-01 1.029533951357465907e-03
2.131250000000000000e+01 9.894274216652904075e-01 1.245132097622918136e-03
2.133333333333333215e+01 9.975288555307278981e-01 7.109556727468972380e-04
2.135416666666666430e+01 1.006318132007030464e+00 -1.539678411019779246e-03
2.137500000000000000e+01 1.001033042523809868e+00 4.733466836295758314e-04
2.139583333333333215e+01 9.977259215975670115e-01 -1.719316779353369847e-03
2.141666666666666430e+01 9.957419481460720867e-01 5.619889907050509012e-05
2.143750000000000000e+01 9.944569283233837265e-01 6.824234378103019366e-04
2.145833333333333215e+01 9.927553397689741210e-01 1.980879821245538214e-03
2.147916666666666430e+01 9.929658130108544034e-01 1.812667046186663229e-03
2.150000000000000000e+01 1.000134411857582784e+00 6.327023181066235768e-04
2.152083333333333215e+01 1.011818678814020211e+00 1.021882511197420303e-04
2.154166666666666430e+01 1.030240144335138330e+00 7.499964888141208061e-05
2.156250000000000000e+01 1.035809125103523298e+00 3.598536513249474115e-04
2.158333333333333215e+01 1.031537853102780122e+00 -2.235803048403293275e-03
2.160416666666666430e+01 1.012296211084744657e+00 -1.572318451742840684e-03
2.162500000000000000e+01 1.000474028474657606e+00 -1.139040210144543928e-03
2.164583333333333215e+01 9.889897755048219219e-01 1.854620544864114080e-03
2.166666666666666430e+01 9.896065493025799631e-01 -3.575541118087425477e-04
2.168750000000000000e+01 9.898979559590113109e-01 2.168170235346329310e-03
2.170833333333333215e+01 9.924085984724163589e-01 2.678835879752181764e-03
2.172916666666666430e+01 9.815960152202498623e-01 -1.387527343657417788e-03
2.175000000000000000e+01 9.804789703153320435e-01 -1.097778720848174763e-03
2.177083333333333215e+01 9.831971452364380859e-01 -9.364830324353218965e-04
2.179166666666666430e+01 9.939232888503370944e-01 2.454037729749322227e-03
2.181250000000000000e+01 1.000826596630971288e+00 -9.294298607683945581e-04
2.183333333333333215e+01 1.008951115907636753e+00 4.012722431899159482e-04
2.185416666666666430e+01 1.009133347792763091e+00 7.425479056885628606e-04
2.187500000000000000e+01 1.007925723816583519e+00 6.414433104944841863e-04
2.189583333333333215e+01 1.008888982348866481e+00 -3.161007265570173349e-04
2.191666666666666430e+01 1.022646298225180939e+00 7.872789678795703069e-04
2.193750000000000000e+01 1.023720943329192945e+00 2.333279926961234502e-03
2.195833333333333215e+01 1.018807746336980680e+00 4.223163287137259980e-04
2.197916666666666430e+01 1.013592044506003598e+00 -6.566888798458533991e-04
2.200000000000000000e+01 1.009758592403065647e+00 3.805110948829386265e-04
2.202083333333333215e+01 1.000194120855497859e+00 -8.081924333810664969e-04
2.204166666666666430e+01 9.843017389700096098e-01 2.725509518241449303e-04
2.206250000000000000e+01 9.747934449250060807e-01 -7.458717841876684159e-04
2.208333333333333215e+01 9.731844164312163370e-01 1.394505472952415443e-04
2.210416666666666430e+01 9.796615121780962721e-01 1.501949161025309225e-03
2.212500000000000000e+01 9.906370178823462602e-01 1.538521804629018955e-03
2.214583333333333215e+01 9.986122229258493910e-01 -2.352828215020784819e-04
2.216666666666666430e+01 1.014683346121066032e+00 -9.107269350492711328e-04
2.218750000000000000e+01 1.015635238572776267e+00 3.245256676119300269e-04
2.220833333333333215e+01 1.018752890255706589e+00 1.767740977684833549e-03
2.222916666666666430e+01 1.014709426038505002e+00 1.290736937436142828e-03
2.225000000000000000e+01 1.005856597647819539e+00 6.064274709303530764e-04
2.227083333333333215e+01 9.930822161449945895e-01 -6.587699031317757661e-04
2.229166666666666430e+01 9.895602641050614823e-01 -3.886080215592041325e-05
2.231250000000000000e+01 9.855761969179689386e-01 -4.014294754502238096e-04
2.233333333333333215e+01 9.927742163394740471e-01 8.690300369748798831e-04
2.235416666666666430e+01 1.008103906028357866e+00 1.311591512197033890e-03
2.237500000000000000e+01 1.019211218736112201e+00 7.188348086362719930e-04
2.239583333333333215e+01 1.016660212476210079e+00 1.412347845815350696e-03
2.241666666666666430e+01 1.011189754095702442e+00 -1.185189731715686427e-03
2.243750000000000000e+01 9.931195533001576647e-01 2.650113030849065112e-04
2.245833333333333215e+01 9.947366713270044958e-01 2.054581325247050415e-03
2.247916666666666430e+01 9.940194830796136305e-01 3.266155184588612811e-03
2.250000000000000000e+01 1.003075127583905157e+00 -9.606698641804070713e-04
2.252083333333333215e+01 1.003503277247648651e+00 -8.130118234779350238e-04
2.254166666666666430e+01 9.949840545492952826e-01 8.467247648977271673e-04
2.256250000000000000e+01 9.880358461656452151e-01 -1.089033176391728149e-03
2.258333333333333215e+01 9.908716299860413912e-01 -6.066889724852352192e-04
2.260416666666666430e+01 9.933071498234109509e-01 9.149266911412665202e-05
2.262500000000000000e+01 9.894968816847830029e-01 -2.441105908469111028e-04
2.264583333333333215e+01 9.892695299497833439e-01 -1.323770143196099447e-03
2.266666666666666430e+01 9.954273751857620756e-01 6.428767842364224543e-04
2.268750000000000000e+01 1.005592024511591243e+00 -2.427642269496676532e-03
2.270833333333333215e+01 1.015133816555076507e+00 -1.034472608476436837e-04
2.272916666666666430e+01 1.026443300548345317e+00 2.528489801506813260e-03
2.275000000000000000e+01 1.022102416574673711e+00 -4.746769484791922610e-04
2.277083333333333215e+01 1.019272803356937152e+00 3.050852112178680138e-03
2.279166666666666430e+01 1.010853327383840483e+00 -7.778409735923071631e-04
2.281250000000000000e+01 1.006281720346863473e+00 -3.045896013915326767e-04
2.283333333333333215e+01 9.939520167933297845e-01 -1.418519998285938753e-03
2.285416666666666430e+01 9.943469630646095681e-01 1.843426327920714243e-03
2.287500000000000000e+01 9.768220974047119309e-01 -1.426009680916426109e-03
2.289583333333333215e+01 9.733516037196666693e-01 1.564453511135331968e-04
2.291666666666666430e+01 9.787400160586554598e-01 -1.826860083431760498e-04
2.293750000000000000e+01 9.830223319593844877e-01 1.212731773583850746e-04
2.295833333333333215e+01 9.920173193269682388e-01 -1.856182205385769268e-04
2.297916666666666430e+01 1.000170385460881217e+00 1.806276551792354102e-03
2.300000000000000000e+01 1.007374874428579314e+00 1.812139808020063448e-04
2.302083333333333215e+01 1.018957298908136133e+00 -2.786596029229893696e-04
2.304166666666666430e+01 1.020627343125958930e+00 -1.837166830393545912e-03
2.306250000000000000e+01 1.017493749676731563e+00 -1.813083844556638710e-04
2.308333333333333215e+01 1.015195921065055185e+00 7.190122709458626358e-04
2.310416666666666430e+01 1.002460918628222286e+00 1.004408099417803671e-03
2.312500000000000000e+01 1.002164872368898729e+00 8.072446806470670675e-04
2.314583333333333215e+01 1.002713292094164821e+00 -1.650446450876252641e-03
2.316666666666666430e+01 1.010327684269315185e+00 -1.851329979887712503e-03
2.318750000000000000e+01 1.008621301747914423e+00 1.004082192605876235e-03
2.320833333333333215e+01 9.997536182352729783e-01 -3.524504950725956457e-05
2.322916666666666430e+01 9.829370710352727247e-01 -4.425252863367825544e-04
2.325000000000000000e+01 9.775240195911778507e-01 -9.349698424961276708e-04
2.327083333333333215e+01 9.754765667343699986e-01 -8.090238211825701541e-04
2.329166666666666430e+01 9.944944139457850829e-01 4.807763906602858514e-05
2.331250000000000000e+01 1.003874487937423510e+00 8.348995594933247746e-04
2.333333333333333215e+01 1.010786387076043402e+00 1.479674878325742265e-03
2.335416666666666430e+01 1.008444762916885118e+00 3.504956629359077917e-03
2.337500000000000000e+01 9.994345838039098151e-01 -7.209887703223552633e-04
2.339583333333333215e+01 9.972708114201663809e-01 -1.015043562545282470e-03
2.341666666666666430e+01 9.921558333801595575e-01 -2.583835503497291099e-04
2.343750000000000000e+01 9.897542900985493164e-01 -9.237197268314082483e-04
2.345833333333333215e+01 9.868026377806715654e-01 2.432861043340899150e-03
2.347916666666666430e+01 9.958050378010474546e-01 1.770018219825869902e-03
2.350000000000000000e+01 1.005244203574044981e+00 -1.863709230763836277e-03
2.352083333333333215e+01 1.023036702592701186e+00 2.480821819027245327e-05
2.354166666666666430e+01 1.029715371369259280e+00 -6.245469898761007044e-04
2.356250000000000000e+01 1.027522446441899051e+00 4.843589751048167158e-04
2.358333333333333215e+01 1.011840837265600479e+00 -3.003592492856398295e-03
2.360416666666666430e+01 9.998861672919234778e-01 7.732465729024676562e-04
2.362500000000000000e+01 9.943853478375828114e-01 1.663033121855490826e-04
2.364583333333333215e+01 9.835273704799716299e-01 1.896962658392325985e-03
2.366666666666666430e+01 9.800621105946183409e-01 -7.169376492618843649e-05
2.368750000000000000e+01 9.855912492792058277e-01 7.334453682925088985e-04
2.370833333333333215e+01 9.895683417679360661e-01 -6.013196568241832660e-04
2.372916666666666430e+01 9.937870568021947015e-01 -7.495006827119324007e-04
2.375000000000000000e+01 9.888827185624681215e-01 -1.423050624442382056e-03
2.377083333333333215e+01 9.928868089232503191e-01 1.013554467348702333e-03
2.379166666666666430e+01 9.995427207554893334e-01 1.311995309133879564e-03
2.381250000000000000e+01 1.002911069959038004e+00 2.832232124831641292e-04
2.383333333333333215e+01 1.010152421560035485e+00 -1.075769321845987056e-04
2.385416666666666430e+01 1.016594811085288930e+00 -1.855200404707288452e-04
2.387500000000000000e+01 1.025727722174832435e+00 2.858046669041575116e-05
2.389583333333333215e+01 1.017634788932973100e+00 2.382454642969423358e-03
2.391666666666666430e+01 1.005837373820331893e+00 -2.885305226138672793e-04
2.393750000000000000e+01 9.996560070095426020e-01 1.086677803848840442e-03
2.395833333333333215e+01 1.011254699710119720e+00 2.432383058301118908e-03
2.397916666666666430e+01 1.010509255467397338e+00 -4.617915349798544403e-04
2.400000000000000000e+01 1.005457881745081661e+00 1.260127124865190824e-04
2.402083333333333215e+01 9.921535888088424127e-01 -5.802968891674561373e-04
2.404166666666666430e+01 9.735930445323417448e-01 5.116677001265727571e-04
2.406250000000000000e+01 9.674298419372147073e-01 -2.640562904384771768e-04
2.408333333333333215e+01 9.639264666649507429e-01 -7.868603579270126930e-04
2.410416666666666430e+01 9.838583990975838800e-01 3.614216886621266812e-04
2.412500000000000000e+01 9.922865694257038127e-01 -1.253321590626394746e-03
2.414583333333333215e+01 1.002963794568571210e+00 1.438989696853884602e-03
2.416666666666666430e+01 1.016727829734454636e+00 2.558287385463505858e-04
2.418750000000000000e+01 1.021241858921195345e+00 -3.234764903723916230e-04
2.420833333333333215e+01 1.034699172321314586e+00 7.558637599533258103e-04
2.422916666666666430e+01 1.024181459620965517e+00 -1.207722229185789753e-03
2.425000000000000000e+01 1.021964086749427736e+00 -1.379847746903508027e-03
2.427083333333333215e+01 9.991354470117199682e-01 3.324739882039219716e-04
2.429166666666666430e+01 9.877047940537643234e-01 1.449337261777583746e-03
2.431250000000000000e+01 9.860209987123692565e-01 -8.120210076642039171e-04
2.433333333333333215e+01 9.889450913780502006e-01 1.045392073138481459e-04
2.435416666666666430e+01 9.919958156515772396e-01 4.235306011623688870e-04
2.437500000000000000e+01 9.973518735907224153e-01 -1.225387512128987095e-03
2.439583333333333215e+01 9.914537017167199817e-01 -1.237089008015697291e-03
2.441666666666666430e+01 9.911227800229780449e-01 2.299470491608013648e-04
2.443750000000000000e+01 9.889391376741969442e-01 -4.447920049285056352e-04
2.445833333333333215e+01 9.920052595752145708e-01 2.042497378571380296e-03
2.447916666666666430e+01 9.944818143579986502e-01 7.549555685279565626e-04
2.450000000000000000e+01 9.979016875452716429e-01 3.583938262250208908e-04
2.452083333333333215e+01 1.009533021126262531e+00 -2.284648928476603073e-04
2.454166666666666430e+01 1.017308510230758634e+00 2.089895982474276881e-03
2.456250000000000000e+01 1.019798654949160888e+00 -1.264601777613896848e-03
2.458333333333333215e+01 1.005949582828862043e+00 3.596897693450405871e-04
2.460416666666666430e+01 9.986732203963705201e-01 2.112578575434773771e-04
2.462500000000000000e+01 9.896949303331752379e-01 -1.067236971173112658e-04
2.464583333333333215e+01 9.942111489810276925e-01 -3.619296623101354296e-04
2.466666666666666430e+01 9.974802140829174268e-01 7.468745569486068270e-04
2.468750000000000000e+01 9.947322641323345094e-01 -3.996836313999254145e-04
2.470833333333333215e+01 9.954784055586625158e-01 1.107169688537356766e-03
2.472916666666666430e+01 1.001278089213316402e+00 -3.657346649393972094e-04
2.475000000000000000e+01 1.004281353623667883e+00 -8.845990613796572352e-04
2.477083333333333215e+01 1.005940429874456976e+00 -1.518675344357642591e-03
2.479166666666666430e+01 1.010385486867430682e+00 -1.640657337173706499e-03
2.481250000000000000e+01 1.001103907043323638e+00 2.736296059249775157e-04
2.483333333333333215e+01 9.992318396032497940e-01 -4.924941687892555806e-04
2.485416666666666430e+01 9.880513565300589329e-01 -2.234305705522251530e-03
2.487500000000000000e+01 9.923907296626129915e-01 -4.951136306797411122e-04
2.489583333333333215e+01 1.000307118764047987e+00 2.423262447245197123e-04
2.491666666666666430e+01 1.006972812228479119e+00 2.905949147724132958e-03
2.493750000000000000e+01 1.007416028505422334e+00 1.160810143344101963e-03
2.495833333333333215e+01 9.940342103814943098e-01 -1.473207026968404972e-03
2.497916666666666430e+01 9.951056912808253774e-01 -7.000714069010490143e-04
2.500000000000000000e+01 9.890188551208535239e-01 -2.899723519263341519e-04
2.502083333333333215e+01 9.904623324337843426e-01 1.328157755880660150e-04
2.504166666666666430e+01 9.920574490500889686e-01 -1.109684045656514481e-03
2.506250000000000000e+01 9.982713732211294655e-01 -5.107198064697274524e-04
2.508333333333333215e+01 1.001947600252398152e+00 4.571809992315665322e-04
2.510416666666666430e+01 1.012168445185702925e+00 -6.421164860700454360e-05
2.512500000000000000e+01 1.018325180072108038e+00 -6.552794974027239747e-04
2.514583333333333215e+01 1.023955584148762199e+00 9.614839650101944104e-06
2.516666666666666430e+01 1.015711821363264100e+00 -6.187870520070915415e-04
2.518750000000000000e+01 1.004129509489537053e+00 2.047337910334905749e-03
2.520833333333333215e+01 9.905261581916482427e-01 -2.335377311778898297e-03
2.522916666666666430e+01 9.795160899190977766e-01 1.054373713384161798e-03
2.525000000000000000e+01 9.749459171455621131e-01 -7.391243034638364908e-04
2.527083333333333215e+01 9.747552934406049641e-01 -1.451884487997900626e-03
2.529166666666666430e+01 9.875047874471664100e-01 7.795282517745670504e-04
2.531250000000000000e+01 9.937500906757800179e-01 3.183717480723918108e-04
2.533333333333333215e+01 1.011711285855537934e+00 -7.397100237484344025e-04
2.535416666666666430e+01 1.019135292371196710e+00 1.221340656274002168e-03
2.537500000000000000e+01 1.018166230507072889e+00 -1.270617295118772012e-03
2.539583333333333215e+01 1.010672401970631462e+00 -1.828882323621440617e-03
2.541666666666666430e+01 1.001101426751414447e+00 8.680856795200245528e-04
2.543750000000000000e+01 1.001595660436864099e+00 2.934508022087914565e-03
2.545833333333333215e+01 1.003642928541959245e+00 -1.255143263291913459e-03
2.547916666666666430e+01 1.000423329657061711e+00 -1.589382554190942346e-03
2.550000000000000000e+01 9.958007761354673582e-01 4.402938251362471241e-05
2.552083333333333215e+01 9.824823699934691623e-01 -3.347538295636648571e-03
2.554166666666666430e+01 9.846322712474193661e-01 -6.351852189425512881e-04
2.556250000000000000e+01 9.875714678521031464e-01 1.217694114103251655e-03
2.558333333333333215e+01 1.003114135922841266e+00 -5.563297170164739375e-05
2.560416666666666430e+01 1.009164116397487598e+00 1.783685568866681974e-03
2.562500000000000000e+01 1.017281753540159484e+00 -1.311148898294616253e-03
2.564583333333333215e+01 1.006443610493209961e+00 -9.217726658214001132e-05
2.566666666666666430e+01 1.008458087049837193e+00 -8.487219349000474410e-04
2.568750000000000000e+01 1.000496022456736078e+00 7.822801198870481222e-05
2.570833333333333215e+01 1.004397766478806853e+00 5.874423352845819764e-04
2.572916666666666430e+01 9.983303988910391391e-01 -2.994945657785546243e-03
2.575000000000000000e+01 9.943143524477078277e-01 2.100605057169955745e-04
2.577083333333333215e+01 9.880248492712992991e-01 1.043630858320815716e-03
2.579166666666666430e+01 9.925147454286851190e-01 4.907220288543517103e-04
2.581250000000000000e+01 9.963478284049285261e-01 1.983896673632473337e-03
2.583333333333333215e+01 9.976904777188393414e-01 -1.346159319860820703e-04
2.585416666666666430e+01 9.981090294274552743e-01 -7.063610128951887911e-04
2.587500000000000000e+01 9.974582708968239286e-01 3.314957266841115496e-03
2.589583333333333215e+01 1.003252702680235364e+00 1.854397779588283285e-03
2.591666666666666430e+01 1.012106736014505293e+00 3.393899141975747916e-04
2.593750000000000000e+01 1.017289929467344756e+00 -7.227584950948316624e-04
2.595833333333333215e+01 1.022319299746762500e+00 3.053001681795416847e-04
2.597916666666666430e+01 1.020914953900960764e+00 -4.056960359043002983e-04
