0.000000000000000000e+00 1.007504529475809596e+00 -8.164743042252050080e-04
2.083333333333333218e-02 1.010782478970448262e+00 -2.632897949023134312e-03
4.166666666666666435e-02 9.993438578509611370e-01 8.234072960684827311e-04
6.250000000000000000e-02 9.951607582495356485e-01 8.736747945219817729e-05
8.333333333333332871e-02 9.886083863406321948e-01 -7.340125906091225945e-05
1.041666666666666574e-01 9.868090842337363666e-01 3.286955835106820435e-04
1.250000000000000000e-01 9.943186675145392339e-01 2.656247794130122374e-03
1.458333333333333148e-01 1.004745663345941287e+00 9.467044936077054175e-04
1.666666666666666574e-01 1.012350401585768722e+00 1.226048581398762232e-03
1.875000000000000000e-01 1.007831525615115575e+00 1.330414976821427597e-04
2.083333333333333148e-01 1.005870201366573014e+00 -1.332634037987561739e-03
2.291666666666666574e-01 9.927339378364509193e-01 -2.058995135143089090e-03
2.500000000000000000e-01 9.995426337120367766e-01 9.429879972567807925e-04
2.708333333333333148e-01 9.938547978097380664e-01 -7.965791188631691762e-05
2.916666666666666297e-01 9.993197410009186932e-01 -2.008276500095108365e-03
3.125000000000000000e-01 1.001521962835045132e+00 -6.152092078691132233e-04
3.333333333333333148e-01 9.962451356277418624e-01 -1.032263781973237959e-03
3.541666666666666297e-01 9.996157118814094078e-01 -9.241291056166939808e-04
3.750000000000000000e-01 1.005889815869345671e+00 -1.069784896291870423e-03
3.958333333333333148e-01 1.008117224243321619e+00 6.139373136591321422e-04
4.166666666666666297e-01 9.981365240532721339e-01 2.382681914268312308e-03
4.375000000000000000e-01 9.911578689977523782e-01 -5.400744275183361551e-05
4.583333333333333148e-01 9.905518095557785951e-01 -6.225710373165136346e-04
4.791666666666666297e-01 9.977417406456629001e-01 -3.365431915861492006e-04
5.000000000000000000e-01 1.006985319576786164e+00 2.886267977897163397e-04
5.208333333333332593e-01 1.009794901635360009e+00 -4.204469188785629665e-04
5.416666666666666297e-01 1.005583364434003535e+00 -1.683067634379878386e-03
5.625000000000000000e-01 1.003064356212107544e+00 -1.048021844495168565e-03
5.833333333333332593e-01 9.948598100221381912e-01 -1.198337416239917807e-03
6.041666666666666297e-01 9.931963228611889738e-01 4.518106549423333033e-04
6.250000000000000000e-01 9.908478162482946550e-01 -3.416433846548232742e-04
6.458333333333332593e-01 9.917701791529178745e-01 -2.373337486958594211e-03
6.666666666666666297e-01 1.000560102682588770e+00 -2.481375912366581013e-04
6.875000000000000000e-01 1.012043035653566792e+00 -1.073398709435993388e-03
7.083333333333332593e-01 1.018413799398323549e+00 -5.331418456360461017e-04
7.291666666666666297e-01 1.011319363706079999e+00 2.562453175665276722e-03
7.500000000000000000e-01 9.926247906217621209e-01 -1.451950430712544164e-04
7.708333333333332593e-01 9.862138740070621745e-01 1.976547045136869008e-03
7.916666666666666297e-01 9.812085176502300943e-01 -1.171791114496686589e-03
8.125000000000000000e-01 9.949708902059621884e-01 -9.717727816270377034e-04
8.333333333333332593e-01 1.009667190747214560e+00 -9.506358928887074372e-04
8.541666666666666297e-01 1.012645493249295203e+00 -2.636941526722667286e-04
8.750000000000000000e-01 1.009087539806823308e+00 4.879967227819314007e-04
8.958333333333332593e-01 9.963258360575536488e-01 -2.499304286494073246e-05
9.166666666666666297e-01 9.894013168152109294e-01 -1.059965629841902761e-03
9.375000000000000000e-01 9.860579073051066734e-01 -1.060958969059255883e-03
9.583333333333332593e-01 9.940019022850891117e-01 2.666066668727518527e-05
9.791666666666666297e-01 1.005442314900026446e+00 7.376747271462144552e-04
1.000000000000000000e+00 1.007032615886106708e+00 -1.899373154073186274e-03
1.020833333333333259e+00 1.011652798780487528e+00 5.208768327530634247e-04
1.041666666666666519e+00 1.007370792983468988e+00 -8.745957387170889483e-04
1.062500000000000000e+00 9.976337681892075704e-01 -8.753017944287222018e-05
1.083333333333333259e+00 9.937607534394531372e-01 -6.768660105298643414e-04
1.104166666666666519e+00 9.942282842866612125e-01 -5.606058243851945932e-04
1.125000000000000000e+00 9.962519100607156730e-01 9.792839250359761853e-05
1.145833333333333259e+00 9.975177224530602516e-01 4.336549468754436723e-04
1.166666666666666519e+00 9.990809588656854867e-01 5.077970262463046532e-04
1.187500000000000000e+00 9.921991467362513140e-01 -1.827246336161524867e-03
1.208333333333333259e+00 9.986532881565020059e-01 -8.538682007182991094e-04
1.229166666666666519e+00 1.011710781385062319e+00 3.315519405854723805e-04
1.250000000000000000e+00 1.016573354064227441e+00 1.423115296040642274e-03
1.270833333333333259e+00 1.007682768097457382e+00 -1.956290598450391958e-04
1.291666666666666519e+00 1.006927700526784042e+00 -1.291932360282531216e-03
1.312500000000000000e+00 9.937530157254330643e-01 3.798344177672826369e-04
1.333333333333333259e+00 9.913157241158834232e-01 5.156838265734991019e-05
1.354166666666666519e+00 9.921504184140016447e-01 -1.157075607849067118e-03
1.375000000000000000e+00 9.976359160154981698e-01 -9.759992280630456259e-04
1.395833333333333259e+00 1.003972558255492142e+00 2.674474216496204246e-03
1.416666666666666519e+00 1.000548599884316880e+00 -1.463660501415500140e-03
1.437500000000000000e+00 9.992013610105883181e-01 -7.609169908034969093e-04
1.458333333333333259e+00 1.001858655817909227e+00 -1.062392305253390167e-03
1.479166666666666519e+00 9.973622526671995780e-01 4.948228715890626555e-04
1.500000000000000000e+00 1.004159798186402774e+00 6.329682969673061351e-04
1.520833333333333259e+00 1.005294190891065753e+00 2.461930373043037194e-03
1.541666666666666519e+00 1.011693304225373513e+00 1.227465829278812570e-03
1.562500000000000000e+00 1.007769952901182098e+00 -7.570660764160451006e-05
1.583333333333333259e+00 9.990643675873783769e-01 -1.887594785105056467e-04
1.604166666666666519e+00 9.867997378132995490e-01 -7.313506676498911794e-04
1.625000000000000000e+00 9.826626692939939289e-01 -2.097469426036672330e-04
1.645833333333333259e+00 9.800911576333209974e-01 4.686154088783015220e-04
1.666666666666666519e+00 1.001410812911472936e+00 -9.548585256635132041e-04
1.687500000000000000e+00 1.011921014538042618e+00 -1.222429819895884395e-04
1.708333333333333259e+00 1.019993045275702448e+00 -1.498782012411610683e-04
1.729166666666666519e+00 1.010174370832130464e+00 4.950087184018912671e-04
1.750000000000000000e+00 1.001145379568574523e+00 -2.373901911815607269e-03
1.770833333333333259e+00 1.001614801451454984e+00 7.515607261136353313e-05
1.791666666666666519e+00 9.905138841351561751e-01 7.842852711617543087e-04
1.812500000000000000e+00 9.945200492370416256e-01 5.712368247996385447e-05
1.833333333333333259e+00 9.941055891223471441e-01 -5.801996833973211472e-04
1.854166666666666519e+00 9.947121463420859344e-01 -3.859171269793971695e-05
1.875000000000000000e+00 9.963585028262349486e-01 -3.093735571228001333e-03
1.895833333333333259e+00 9.999589372309152235e-01 -1.832011368469037543e-03
1.916666666666666519e+00 1.002932154399563958e+00 2.254708739229962199e-03
1.937500000000000000e+00 1.004111129895039589e+00 -1.210490313581971634e-03
1.958333333333333259e+00 1.009304358098888299e+00 1.823487613586158382e-03
1.979166666666666519e+00 1.008181764776814759e+00 -3.333228396110104281e-04
2.000000000000000000e+00 9.931639070196869312e-01 4.657657470108476938e-04
2.020833333333333037e+00 9.899744322982678701e-01 -1.354040444246306610e-04
2.041666666666666519e+00 9.886268967626083981e-01 2.511253768579871913e-04
2.062500000000000000e+00 9.946597657056962527e-01 1.156501448683129596e-03
2.083333333333333037e+00 1.002971528001880275e+00 -1.683115871404950586e-03
2.104166666666666519e+00 1.009409846268666699e+00 5.810066082658749652e-04
2.125000000000000000e+00 1.012648689591493678e+00 2.648189572788938470e-04
2.145833333333333037e+00 1.006151168743737223e+00 1.492432362424504604e-03
2.166666666666666519e+00 9.957462329191700823e-01 -3.147459120225708099e-04
2.187500000000000000e+00 9.902673226853517807e-01 -4.067579722666346564e-04
2.208333333333333037e+00 9.882614282477445444e-01 -1.553307136383081993e-03
2.229166666666666519e+00 9.992426623924811624e-01 -8.265522550578208486e-05
2.250000000000000000e+00 9.991117093463086629e-01 5.498785876497524908e-04
2.270833333333333037e+00 1.006967673971768562e+00 -1.261739340854043344e-03
2.291666666666666519e+00 1.006857483407355369e+00 -1.839712185932250140e-03
2.312500000000000000e+00 1.000597394042779920e+00 5.701111380972217991e-04
2.333333333333333037e+00 9.987363792218338920e-01 -1.018936408515565793e-03
2.354166666666666519e+00 9.932058633858682484e-01 -1.478040153640508482e-04
2.375000000000000000e+00 9.978782183961206753e-01 -6.067798756500367998e-05
2.395833333333333037e+00 1.002888582874948531e+00 -2.675357318339587282e-04
2.416666666666666519e+00 1.004472789841101443e+00 3.779216983697997363e-04
2.437500000000000000e+00 1.004576943401265021e+00 -2.588898247204151314e-03
2.458333333333333037e+00 1.001107683810732674e+00 8.833949848592534144e-04
2.479166666666666519e+00 9.909891576269482805e-01 -1.893725101247144965e-03
2.500000000000000000e+00 9.975951244646350524e-01 7.812331069493136555e-04
2.520833333333333037e+00 9.918126786124459304e-01 -1.436342055388295145e-04
2.541666666666666519e+00 1.009007422786216690e+00 -1.598167021111219274e-03
2.562500000000000000e+00 1.009387342047808112e+00 2.639148097826628757e-04
2.583333333333333037e+00 1.009576032976586824e+00 -7.617338238082409230e-04
2.604166666666666519e+00 1.011573355675811747e+00 -5.757882069351698837e-04
2.625000000000000000e+00 1.007707198354025335e+00 -6.909342415120098627e-04
2.645833333333333037e+00 1.005333187401931117e+00 1.396934625380149859e-03
2.666666666666666519e+00 9.972381897101947335e-01 1.773958267898991632e-04
2.687500000000000000e+00 9.920078660993691955e-01 1.872888660075442075e-03
2.708333333333333037e+00 9.901016842041359123e-01 -1.688483110585153510e-04
2.729166666666666519e+00 9.861073643567275226e-01 1.301503389843830039e-03
2.750000000000000000e+00 9.891462442710156067e-01 -3.420902177889870258e-05
2.770833333333333037e+00 1.003321359450833672e+00 -3.854934609022993351e-04
2.791666666666666519e+00 1.019931680145234054e+00 -3.687495252718313234e-04
2.812500000000000000e+00 1.025878137773773568e+00 5.912509387313168337e-04
2.833333333333333037e+00 1.012701035187556942e+00 6.354049738853481016e-05
2.854166666666666519e+00 9.952220768424772102e-01 -4.794847847148850503e-04
2.875000000000000000e+00 9.833392071842791404e-01 -1.718516553112605641e-03
2.895833333333333037e+00 9.838155863757843678e-01 4.663007375220571565e-04
2.916666666666666519e+00 9.918313877744575624e-01 1.860852216539564136e-03
2.937500000000000000e+00 1.004691940938040817e+00 -1.467388622667729903e-03
2.958333333333333037e+00 1.003691443961822305e+00 -6.325968867570830453e-04
2.979166666666666519e+00 1.001024960802560537e+00 -1.385095289821994778e-03
3.000000000000000000e+00 9.974511905349029428e-01 8.453597498465185989e-04
3.020833333333333037e+00 9.991456958527531462e-01 1.249950868955468884e-04
3.041666666666666519e+00 9.967027471213043555e-01 3.560435752537861702e-03
3.062500000000000000e+00 1.001768045900067294e+00 -3.641250333410206734e-04
3.083333333333333037e+00 1.004355687611182546e+00 -1.654500765875882237e-04
3.104166666666666519e+00 1.009812316206166294e+00 2.166917976511807317e-04
3.125000000000000000e+00 1.008817286657739398e+00 1.343628019407584837e-03
3.145833333333333037e+00 1.001383706358365711e+00 3.962771677937584891e-04
3.166666666666666519e+00 9.891798913689447970e-01 -1.002471361998110528e-03
3.187500000000000000e+00 9.851257593228082143e-01 1.423086971626406558e-03
3.208333333333333037e+00 9.901425080706964810e-01 1.783908151219355028e-03
3.229166666666666519e+00 1.002536633999553839e+00 4.227106848634033277e-03
3.250000000000000000e+00 1.008858062178612292e+00 2.128891133879755749e-03
3.270833333333333037e+00 1.008519011789804631e+00 6.075182042666274094e-04
3.291666666666666519e+00 1.005209091056524118e+00 -9.760433495504945668e-04
3.312500000000000000e+00 1.004024801225871011e+00 5.604932870292983482e-04
3.333333333333333037e+00 9.984885010862387666e-01 1.393776758396771164e-03
3.354166666666666519e+00 9.929313598827779197e-01 -9.775926980632285331e-04
3.375000000000000000e+00 9.966524813710974096e-01 -8.426323230324385318e-04
3.395833333333333037e+00 1.002928789622892669e+00 3.348235169683558081e-04
3.416666666666666519e+00 9.983628277211505919e-01 -1.111094292308331807e-03
3.437500000000000000e+00 1.007378398817777576e+00 5.189346987062132640e-05
3.458333333333333037e+00 1.004328286303146189e+00 2.265603651795063383e-03
3.479166666666666519e+00 9.974060841686261947e-01 1.101268069909165344e-03
3.500000000000000000e+00 9.899362331185863617e-01 2.738157401449120543e-04
3.520833333333333037e+00 9.844872523859238278e-01 9.475889254382684115e-04
3.541666666666666519e+00 9.935948770859485135e-01 1.285096918142711276e-03
3.562500000000000000e+00 1.002522984865207301e+00 -2.345359057943468151e-03
3.583333333333333037e+00 1.001084802319732736e+00 -5.258266752289965937e-04
3.604166666666666519e+00 1.000810388135245921e+00 4.380124117687311390e-04
3.625000000000000000e+00 1.011980144440137286e+00 -8.611555789131899053e-04
3.645833333333333037e+00 1.005382448135600626e+00 -5.346739150319840435e-04
3.666666666666666519e+00 1.010940371181357378e+00 1.127001817388696963e-03
3.687500000000000000e+00 9.946704656596826455e-01 -1.861782323928564721e-03
3.708333333333333037e+00 9.852032550205821471e-01 -9.849114355765440070e-04
3.729166666666666519e+00 9.840105462547060755e-01 9.300215359104896558e-04
3.750000000000000000e+00 9.944062105804414298e-01 -6.005603792132457484e-04
3.770833333333333037e+00 1.004980486649536875e+00 6.473865039062000901e-04
3.791666666666666519e+00 1.010393265901484261e+00 -3.010114626368566416e-05
3.812500000000000000e+00 1.011445139242896696e+00 -6.253947030236665537e-04
3.833333333333333037e+00 1.008544662473569664e+00 7.785325051159400071e-05
3.854166666666666519e+00 1.001025038678346357e+00 1.632397391810930763e-03
3.875000000000000000e+00 1.001611358158742471e+00 -1.621931823476150997e-04
3.895833333333333037e+00 9.974261910133306319e-01 1.458294728833212702e-03
3.916666666666666519e+00 9.983120064999380094e-01 6.451156418568157773e-04
3.937500000000000000e+00 9.986279984377414154e-01 1.783143828776862514e-03
3.958333333333333037e+00 9.989020129953100069e-01 1.180452070918582876e-03
3.979166666666666519e+00 9.896340762823992998e-01 5.753130331292498307e-05
4.000000000000000000e+00 9.966825730514220494e-01 1.544012714421768694e-03
4.020833333333333037e+00 1.000436271551609968e+00 -2.532384271345249917e-04
4.041666666666666075e+00 1.004582364369851932e+00 8.044408380320989182e-04
4.062500000000000000e+00 1.000799456356466388e+00 -1.022884124102146691e-03
4.083333333333333037e+00 1.003847950420155399e+00 1.647864081442921604e-03
4.104166666666666075e+00 1.007463207666027483e+00 1.585904855937287587e-03
4.125000000000000000e+00 1.000808800579282565e+00 -9.064728767437171949e-04
4.145833333333333037e+00 1.000107602465175605e+00 5.031515773324550305e-04
4.166666666666666075e+00 9.965637261793586221e-01 -3.943770593848556572e-04
4.187500000000000000e+00 9.956376097253579749e-01 4.735699361411953973e-04
4.208333333333333037e+00 9.932615101868377261e-01 8.215057597699891535e-04
4.229166666666666075e+00 9.975731018619466983e-01 -7.266307659716727272e-04
4.250000000000000000e+00 9.994931369329739246e-01 -2.726208086377936092e-04
4.270833333333333037e+00 1.004627498487618675e+00 -1.699974506238701496e-03
4.291666666666666075e+00 1.003390129197378799e+00 2.951400553217863303e-03
4.312500000000000000e+00 1.001243877353121814e+00 4.097393418033683796e-04
4.333333333333333037e+00 1.003656691356224373e+00 1.976711244173304000e-04
4.354166666666666075e+00 1.002933998582701935e+00 2.537712136400414962e-04
4.375000000000000000e+00 1.001333744420183081e+00 -1.212290546443930235e-03
4.395833333333333037e+00 1.003165793589861465e+00 1.142723991429260306e-03
4.416666666666666075e+00 9.965072133907513230e-01 8.854639362384556477e-04
4.437500000000000000e+00 9.946417445331290352e-01 -5.520925291369949747e-04
4.458333333333333037e+00 9.958965472968637211e-01 -2.902782667571847212e-03
4.479166666666666075e+00 9.964733923351591915e-01 9.185443830833233975e-04
4.500000000000000000e+00 1.002695895521691360e+00 -1.198232259043984860e-03
4.520833333333333037e+00 1.001614080679089414e+00 -6.812447360478470328e-04
4.541666666666666075e+00 1.000797132550943491e+00 -6.543866802107725471e-04
4.562500000000000000e+00 9.975599422503170777e-01 -1.974089774718178984e-03
4.583333333333333037e+00 9.961418080057513613e-01 3.297057632864845836e-05
4.604166666666666075e+00 1.001266820053482220e+00 -5.200838519485059515e-04
4.625000000000000000e+00 1.000445567747772602e+00 -1.313086620555849312e-03
4.645833333333333037e+00 9.990052038621292096e-01 -2.999087586041353898e-04
4.666666666666666075e+00 1.001927705339219710e+00 1.758471932746827641e-03
4.687500000000000000e+00 9.999148921372713605e-01 -5.824771084335080224e-04
4.708333333333333037e+00 1.002218481522990201e+00 1.729597136160819851e-03
4.729166666666666075e+00 1.002845373449703814e+00 -5.030249076616084445e-04
4.750000000000000000e+00 1.004148727230948390e+00 3.014445350319176591e-03
4.770833333333333037e+00 1.005272830751601454e+00 1.239826218751042966e-03
4.791666666666666075e+00 9.986473366435578702e-01 8.662145031393853230e-04
4.812500000000000000e+00 9.899247435332348966e-01 9.107744101007009480e-04
4.833333333333333037e+00 9.862419944243689951e-01 -1.126507408907772992e-03
4.854166666666666075e+00 9.900184302189474206e-01 1.082624781288248419e-03
4.875000000000000000e+00 1.001667382235938097e+00 -7.671332864428268439e-04
4.895833333333333037e+00 1.014390896095297423e+00 7.295310846744245412e-04
4.916666666666666075e+00 1.014105541865327087e+00 7.864334256669832258e-04
4.937500000000000000e+00 1.013893534655829098e+00 -3.084309871350120777e-04
4.958333333333333037e+00 1.002252769680386235e+00 -3.776749945498403130e-04
4.979166666666666075e+00 9.983031930207362237e-01 1.638817531196681625e-04
5.000000000000000000e+00 9.983863808523992800e-01 -9.976240962792748239e-04
5.020833333333333037e+00 9.947719033161211977e-01 4.419091632904173614e-04
5.041666666666666075e+00 9.868336705587252844e-01 -1.735885069065641172e-03
5.062500000000000000e+00 9.863761480454562580e-01 1.655503737859551029e-03
5.083333333333333037e+00 9.934773896204880383e-01 4.451795804642876670e-04
5.104166666666666075e+00 9.986530171518065435e-01 1.095581086581210719e-03
5.125000000000000000e+00 1.003512793473125386e+00 -1.677250782625510110e-03
5.145833333333333037e+00 1.010867954709286698e+00 1.804952357980093181e-04
5.166666666666666075e+00 1.005830856560201880e+00 9.806091971444703612e-04
5.187500000000000000e+00 1.008986744389559265e+00 -3.720951940664223283e-03
5.208333333333333037e+00 1.005496134951926468e+00 -1.241452477209101755e-03
5.229166666666666075e+00 1.003639649169675296e+00 -7.961855809139075073e-04
5.250000000000000000e+00 9.878512941838208938e-01 -1.622138214884605084e-03
5.270833333333333037e+00 9.788990668795662931e-01 8.006479307197508690e-04
5.291666666666666075e+00 9.852522226170786768e-01 -8.898616404021242711e-04
5.312500000000000000e+00 9.905003554568412305e-01 7.368987761991996864e-04
5.333333333333333037e+00 1.008576933905110495e+00 1.137617093524631671e-03
5.354166666666666075e+00 1.014184911636465847e+00 5.816312613286501142e-04
5.375000000000000000e+00 1.018455190738502214e+00 2.739229797484652677e-03
5.395833333333333037e+00 1.002707643879048982e+00 5.120344333417532388e-05
5.416666666666666075e+00 1.004588084975449602e+00 1.898100269509157292e-04
5.437500000000000000e+00 9.995776349953197082e-01 -1.153654268535510502e-03
5.458333333333333037e+00 1.003202306362468432e+00 2.477927320976603797e-03
5.479166666666666075e+00 9.927763710847573586e-01 1.583612455741396962e-03
5.500000000000000000e+00 9.912743888687558513e-01 8.798093881033522499e-04
5.520833333333333037e+00 9.905836285615965409e-01 5.769250779545743784e-04
5.541666666666666075e+00 9.963569661121969290e-01 1.197115165457070252e-03
5.562500000000000000e+00 9.982543470389012574e-01 1.207972169557284311e-03
5.583333333333333037e+00 1.002650654541282771e+00 2.064789434231530975e-03
5.604166666666666075e+00 1.004797029663493602e+00 4.526445615533938307e-04
5.625000000000000000e+00 1.006551401019734948e+00 -4.553781158097219362e-05
5.645833333333333037e+00 1.004164512296019662e+00 -1.009356333912798552e-03
5.666666666666666075e+00 1.004713768737960811e+00 3.356053753454740340e-03
5.687500000000000000e+00 9.990062378321518111e-01 -8.184046243176820853e-04
5.708333333333333037e+00 1.000301725893902205e+00 2.448854811642151583e-04
5.729166666666666075e+00 9.991166622552759558e-01 -4.168818429027958692e-04
5.750000000000000000e+00 1.001310117399517807e+00 -2.676245144473542344e-03
5.770833333333333037e+00 9.966544853842328466e-01 -1.142856207746712665e-03
5.791666666666666075e+00 9.869296817513757425e-01 1.847949576169950715e-03
5.812500000000000000e+00 9.846315587889992171e-01 2.459718555544790353e-03
5.833333333333333037e+00 9.934377760486706732e-01 3.196141637159773726e-04
5.854166666666666075e+00 1.010706040045452170e+00 -7.839541624412304591e-06
5.875000000000000000e+00 1.018817470611858900e+00 1.535373673129318648e-04
5.895833333333333037e+00 1.013685050968734735e+00 1.152012874139977635e-03
5.916666666666666075e+00 9.977256721579307319e-01 -4.807345072339686085e-04
5.937500000000000000e+00 9.903949205528523869e-01 3.739332902602763306e-04
5.958333333333333037e+00 9.891837106598189155e-01 1.637630870579088256e-04
5.979166666666666075e+00 9.952197398201985123e-01 -7.347113036396436814e-04
6.000000000000000000e+00 1.002072442714201150e+00 -4.867824292330574115e-04
6.020833333333333037e+00 1.006209497310186940e+00 3.026241499476617879e-03
6.041666666666666075e+00 1.007340983262571932e+00 1.737420161560468933e-03
6.062500000000000000e+00 1.004478725240461667e+00 -5.154722708409191370e-05
6.083333333333333037e+00 9.942782825626397258e-01 7.787799869029448426e-04
6.104166666666666075e+00 9.899564351608324264e-01 -2.194723187416158100e-03
6.125000000000000000e+00 9.879810098647802130e-01 -2.960737326755772357e-03
6.145833333333333037e+00 9.910058023250077897e-01 -7.398790904780763473e-04
6.166666666666666075e+00 1.002608390623383361e+00 2.405991064979275877e-04
6.187500000000000000e+00 1.013071258198124935e+00 -9.494621149590074666e-04
6.208333333333333037e+00 1.018348686337910758e+00 9.979159981251357545e-04
6.229166666666666075e+00 1.005505394108176409e+00 6.505746835209263914e-04
6.250000000000000000e+00 9.926704183021295425e-01 2.853254643216367051e-04
6.270833333333333037e+00 9.865335502368145493e-01 8.848823815467238242e-04
6.291666666666666075e+00 9.965840359980748797e-01 6.944034351770031694e-04
6.312500000000000000e+00 1.003470173538489441e+00 -6.408859621583553766e-04
6.333333333333333037e+00 1.003477207949018846e+00 1.200464179043846200e-03
6.354166666666666075e+00 1.001182097866155196e+00 1.558260756283467606e-04
6.375000000000000000e+00 9.964872453743576219e-01 1.590600127068771260e-03
6.395833333333333037e+00 9.933379856034946220e-01 4.403969762578625717e-05
6.416666666666666075e+00 1.000587302714485372e+00 1.691292538468685928e-03
6.437500000000000000e+00 1.003843855415507802e+00 2.691448042378434460e-04
6.458333333333333037e+00 1.010519470906317663e+00 -1.714704856134862060e-03
6.479166666666666075e+00 1.008315224306142843e+00 -8.802960267607133583e-04
6.500000000000000000e+00 1.001466825505163305e+00 7.638979501752116586e-04
6.520833333333333037e+00 9.961063023171555786e-01 -1.989688167958455611e-03
6.541666666666666075e+00 9.945453244827017203e-01 -6.837015269608742339e-04
6.562500000000000000e+00 9.930022257431633248e-01 1.373926635938952029e-03
6.583333333333333037e+00 9.978585285606279554e-01 7.457027845297845578e-04
6.604166666666666075e+00 9.993828884842157478e-01 -1.073704233048591037e-03
6.625000000000000000e+00 9.980588259288530883e-01 2.298031636032995661e-03
6.645833333333333037e+00 9.946997609665068074e-01 2.284230240782326310e-03
6.666666666666666075e+00 1.000350616549736449e+00 -4.511260894924042000e-04
6.687500000000000000e+00 1.005905400736627708e+00 8.587064693282635231e-04
6.708333333333333037e+00 1.010512551768939948e+00 -3.723888233332250291e-04
6.729166666666666075e+00 1.005965442881020300e+00 9.317891436573504799e-04
6.750000000000000000e+00 1.002617014058997169e+00 4.897256946540769814e-04
6.770833333333333037e+00 9.971728615897360593e-01 4.105058787779097894e-04
6.791666666666666075e+00 9.896893455736581746e-01 -1.749839967497930724e-03
6.812500000000000000e+00 9.914976361546506967e-01 -5.761568486807458825e-04
6.833333333333333037e+00 9.925539004252551534e-01 -3.917701029981551417e-04
6.854166666666666075e+00 1.003347995474022314e+00 9.134702713790738291e-04
6.875000000000000000e+00 1.008922611162495375e+00 -2.989261496066938722e-04
6.895833333333333037e+00 1.004345899579744517e+00 -3.362920345640872270e-05
6.916666666666666075e+00 1.001595943061141414e+00 3.403508433265679811e-04
6.937500000000000000e+00 9.938356929079407154e-01 -4.675364454533190921e-04
6.958333333333333037e+00 9.935604711614142159e-01 -1.404731706592997646e-03
6.979166666666666075e+00 9.936647770455607764e-01 1.554078558351007760e-03
7.000000000000000000e+00 1.002262509275532176e+00 -1.805821928755723250e-04
7.020833333333333037e+00 1.012512860070391874e+00 2.514114206934734558e-03
7.041666666666666075e+00 1.004306856412261917e+00 -1.463752125888475881e-04
7.062500000000000000e+00 1.001843944470286019e+00 2.331830658831173225e-03
7.083333333333333037e+00 9.941379285220280915e-01 -1.701360649558699648e-03
7.104166666666666075e+00 9.962941280544606037e-01 7.852369037552205371e-04
7.125000000000000000e+00 9.888137950727534653e-01 -4.226849072821221869e-05
7.145833333333333037e+00 9.933857639063710110e-01 1.291895023684362133e-03
7.166666666666666075e+00 1.003673324971301906e+00 -5.763407464811176432e-04
7.187500000000000000e+00 1.009626707099289478e+00 5.748906785544810431e-04
7.208333333333333037e+00 1.008397553155397253e+00 1.784808140477932975e-04
7.229166666666666075e+00 9.969409872343450996e-01 2.477053263331504242e-05
7.250000000000000000e+00 9.971310019891537202e-01 -9.859108669948611018e-05
7.270833333333333037e+00 9.939714304931469568e-01 6.106168002807807948e-04
7.291666666666666075e+00 1.010583850823079111e+00 -1.202366991198488102e-04
7.312500000000000000e+00 1.012271585776254090e+00 2.797634896668058395e-04
7.333333333333333037e+00 9.991305940581374223e-01 -1.886230322235459261e-03
7.354166666666666075e+00 9.925147534690145212e-01 -2.602930448865794621e-04
7.375000000000000000e+00 9.812062461199017038e-01 -6.308211475760974979e-05
7.395833333333333037e+00 9.842914192214179403e-01 6.591465604603103171e-04
7.416666666666666075e+00 1.001042234315575374e+00 9.168340309143673634e-04
7.437500000000000000e+00 1.005275878684108948e+00 -2.052376622430351471e-03
7.458333333333333037e+00 1.005986841434560297e+00 -5.500249893018213220e-04
7.479166666666666075e+00 1.007800887925761835e+00 -5.635167077177902044e-04
7.500000000000000000e+00 1.004535242217843738e+00 2.307358463640721757e-04
7.520833333333333037e+00 1.002288942517111758e+00 8.855474615662066798e-04
7.541666666666666075e+00 1.003332044918471500e+00 1.097549182110363320e-04
7.562500000000000000e+00 1.002848219559377085e+00 -1.756537718458370343e-03
7.583333333333333037e+00 9.995868603585871259e-01 1.465749059869995161e-03
7.604166666666666075e+00 9.921618150860821439e-01 8.429644383586721440e-04
7.625000000000000000e+00 9.917352484288359804e-01 -1.488301208117147030e-03
7.645833333333333037e+00 9.918494512003926955e-01 -2.497206894362124802e-03
7.666666666666666075e+00 9.936358118254364769e-01 9.493363353255756349e-04
7.687500000000000000e+00 9.974564428550120043e-01 -1.403191528426677012e-03
7.708333333333333037e+00 1.005205761774922379e+00 -7.772880946798900155e-04
7.729166666666666075e+00 1.009043569317994882e+00 3.560348690421791208e-04
7.750000000000000000e+00 1.012048070946605094e+00 1.334689271669442599e-03
7.770833333333333037e+00 1.006027442202252375e+00 -1.442713034905918415e-03
7.791666666666666075e+00 9.943575510976371268e-01 8.617667156272223322e-04
7.812500000000000000e+00 9.911564450274651383e-01 1.198495564938991146e-03
7.833333333333333037e+00 9.932346737785126001e-01 -8.519585994697581122e-05
7.854166666666666075e+00 9.998609461566390078e-01 -4.919962385756743769e-04
7.875000000000000000e+00 1.001124134462022308e+00 -2.036853827991717217e-03
7.895833333333333037e+00 9.926339336700046312e-01 -3.214566522022346221e-04
7.916666666666666075e+00 9.919610509256501230e-01 1.174008638313808099e-03
7.937500000000000000e+00 9.941471596767955665e-01 6.427090377037582899e-04
7.958333333333333037e+00 1.008506504319875541e+00 2.594681868737336566e-03
7.979166666666666075e+00 1.017586504391591706e+00 -1.538638667152233139e-03
8.000000000000000000e+00 1.011848570132790837e+00 3.157012980808555089e-04
8.020833333333332149e+00 1.009898038421976452e+00 -1.230882100958156748e-03
8.041666666666666075e+00 1.002817272628709899e+00 -1.458538162929819484e-03
8.062500000000000000e+00 9.962724269861196191e-01 -5.617742900585156367e-04
8.083333333333332149e+00 9.849276025830314696e-01 -4.619092109081386491e-04
8.104166666666666075e+00 9.833077400719058003e-01 -9.645670500784814510e-04
8.125000000000000000e+00 9.930149706074167248e-01 3.895210813130483597e-03
8.145833333333332149e+00 1.003396237181819250e+00 1.225542842239191188e-03
8.166666666666666075e+00 1.014735451747784012e+00 -5.962876383483967438e-04
8.187500000000000000e+00 1.015554934632860062e+00 -1.447534691068081553e-04
8.208333333333332149e+00 1.006394426666354924e+00 2.078623467102833772e-03
8.229166666666666075e+00 9.979649369682161986e-01 1.329774321750203667e-03
8.250000000000000000e+00 9.948685703836318561e-01 8.172339719992751219e-04
8.270833333333332149e+00 1.007381620710137149e+00 -1.013260678335798975e-03
8.291666666666666075e+00 1.006977532919389517e+00 -2.373389185044527498e-03
8.312500000000000000e+00 1.002779164572263237e+00 -3.780564538292711875e-04
8.333333333333332149e+00 9.980115242949751941e-01 4.228042047313629250e-04
8.354166666666666075e+00 9.964603852063715905e-01 3.784269717759378886e-04
8.375000000000000000e+00 9.919101892616641880e-01 -9.328814224807699743e-04
8.395833333333332149e+00 1.006309651386328552e+00 -1.882925282869512672e-03
8.416666666666666075e+00 1.007958597823171099e+00 -3.194597387087227372e-04
8.437500000000000000e+00 1.000977127306039938e+00 -1.218172369494696346e-03
8.458333333333332149e+00 1.001862598533402426e+00 -2.194622619170216640e-03
8.479166666666666075e+00 9.972342425693691004e-01 3.120397140809620163e-04
8.500000000000000000e+00 9.995223395109715803e-01 4.786689578824409740e-04
8.520833333333332149e+00 9.987672524179963540e-01 -2.495183779545314794e-03
8.541666666666666075e+00 9.948512075138167265e-01 -2.383642175412901271e-03
8.562500000000000000e+00 9.999763682338157489e-01 -1.280004988338426459e-03
8.583333333333332149e+00 9.985473357998329025e-01 -1.271795048881884695e-03
8.604166666666666075e+00 1.009861156413605299e+00 1.156083384454671898e-03
8.625000000000000000e+00 9.996399602824359576e-01 1.181960392586402968e-03
8.645833333333332149e+00 1.000493811248303944e+00 -1.115816427087320097e-03
8.666666666666666075e+00 9.948907485060208833e-01 2.699174433016496383e-05
8.687500000000000000e+00 9.937792357942650812e-01 -4.547662568640284495e-05
8.708333333333332149e+00 9.986772293686362323e-01 -7.767992238557900795e-05
8.729166666666666075e+00 9.980721628875869333e-01 4.960883631824292237e-04
8.750000000000000000e+00 1.001151000571129490e+00 -5.946675416530051127e-04
8.770833333333332149e+00 1.003048033018266061e+00 -3.062471978624078245e-04
8.791666666666666075e+00 1.000391372880794494e+00 -1.292006241480725881e-03
8.812500000000000000e+00 1.001560635990686121e+00 -2.013358895419289744e-03
8.833333333333332149e+00 1.002733989459585029e+00 1.789366449091149384e-03
8.854166666666666075e+00 1.002026578279656244e+00 -9.056754198468972570e-04
8.875000000000000000e+00 9.988976177665742640e-01 -2.207506960438930232e-06
8.895833333333332149e+00 9.971926349232335118e-01 1.003574672221969194e-03
8.916666666666666075e+00 9.970928438177475428e-01 1.044828495051036438e-03
8.937500000000000000e+00 9.949348593351037273e-01 -1.338543034871785345e-03
8.958333333333332149e+00 9.991734614679151916e-01 1.920699644782150736e-03
8.979166666666666075e+00 9.950944347790489086e-01 1.596871814088774181e-03
9.000000000000000000e+00 1.000951187622871608e+00 1.580915551207442548e-03
9.020833333333332149e+00 1.004151346065777162e+00 -1.678708534725383060e-04
9.041666666666666075e+00 1.002682348494234432e+00 -6.992225515442350827e-05
9.062500000000000000e+00 9.967349420653525138e-01 -3.674017900988477852e-04
9.083333333333332149e+00 1.005032296374440470e+00 -3.680487945713131477e-05
9.104166666666666075e+00 1.008442436013963661e+00 -1.224424295058586720e-04
9.125000000000000000e+00 1.004878593272967580e+00 -7.914290293028008148e-04
9.145833333333332149e+00 1.000909414490829263e+00 1.259858917833958994e-03
9.166666666666666075e+00 9.916152872243073624e-01 -8.418481123135588989e-06
9.187500000000000000e+00 9.906095423126711763e-01 -4.195171787036752861e-04
9.208333333333332149e+00 9.848396192109264424e-01 -5.560357786127923755e-04
9.229166666666666075e+00 9.970143598819920516e-01 1.855840057384037503e-03
9.250000000000000000e+00 1.010048861676007492e+00 8.362878608006847582e-04
9.270833333333332149e+00 1.014425273976032660e+00 1.053536502800708286e-03
9.291666666666666075e+00 1.011007170952954004e+00 -7.693562693377384298e-04
9.312500000000000000e+00 1.001351771398652390e+00 2.797967203630230028e-03
9.333333333333332149e+00 9.953452826969404477e-01 5.782993707291345662e-04
9.354166666666666075e+00 9.969989726951712372e-01 5.390907666812733352e-05
9.375000000000000000e+00 9.973898124601172643e-01 -2.472997551670789128e-03
9.395833333333332149e+00 1.003790615467617275e+00 2.328247505358668409e-03
9.416666666666666075e+00 1.009439624654032031e+00 -7.057958996827302803e-04
9.437500000000000000e+00 9.972761716919695818e-01 -4.460874222672764973e-04
9.458333333333332149e+00 9.954022237477517798e-01 2.079918746210506191e-03
9.479166666666666075e+00 9.920597542350142461e-01 3.319339259184347305e-03
9.500000000000000000e+00 9.948103310660163512e-01 -1.754097517037984943e-03
9.520833333333332149e+00 9.999297853821152993e-01 -2.458570036916993859e-04
9.541666666666666075e+00 9.990545436473049490e-01 1.646380642945966888e-03
9.562500000000000000e+00 1.004176234898617848e+00 -1.009491271734381038e-03
9.583333333333332149e+00 1.010656524900297892e+00 -6.120344216850084331e-04
9.604166666666666075e+00 1.006350185695117805e+00 -7.804475709786229745e-04
9.625000000000000000e+00 1.007591371377614564e+00 -1.944021052269064714e-03
9.645833333333332149e+00 9.993712924825145505e-01 2.174714619448378560e-04
9.666666666666666075e+00 9.840695347212792266e-01 -1.440791910119925898e-03
9.687500000000000000e+00 9.855484140294255013e-01 9.184583538278723097e-04
9.708333333333332149e+00 9.935872877126481484e-01 -6.324520121627771147e-04
9.729166666666666075e+00 1.007025173601693968e+00 5.174513830584958826e-04
9.750000000000000000e+00 1.011809718214837783e+00 -3.241305558635626787e-03
9.770833333333332149e+00 1.011187474155011090e+00 5.922496607832260565e-05
9.791666666666666075e+00 1.005256528415317430e+00 -5.033912785685643260e-04
9.812500000000000000e+00 9.991037975072605271e-01 -8.238965147773619734e-04
9.833333333333332149e+00 9.979374924111505951e-01 -3.704960403527046285e-04
9.854166666666666075e+00 9.989982374263911558e-01 -9.213470604144769014e-04
9.875000000000000000e+00 9.909247059169064009e-01 6.336982134132070586e-04
9.895833333333332149e+00 9.916767624673374915e-01 -1.211501726103004356e-03
9.916666666666666075e+00 1.003587866997798450e+00 1.994312302740160452e-03
9.937500000000000000e+00 1.005957235511863557e+00 -3.463684643073360156e-04
9.958333333333332149e+00 1.008329079797610994e+00 3.730031157954963534e-04
9.979166666666666075e+00 9.979646745787106310e-01 2.090280236779627938e-03
1.000000000000000000e+01 9.866963301467844838e-01 -1.386553575527425851e-03
1.002083333333333215e+01 9.849520119906646221e-01 1.151292193360582260e-03
1.004166666666666607e+01 9.933033829192647879e-01 1.017217022941499017e-04
1.006250000000000000e+01 1.003143787830200750e+00 -1.129360009266502105e-03
1.008333333333333215e+01 1.017542898989907796e+00 6.642657569937630401e-05
1.010416666666666607e+01 1.009825009403606089e+00 -1.344124719701628298e-03
1.012500000000000000e+01 1.005400060407515950e+00 1.835861774868154063e-03
1.014583333333333215e+01 9.990454612594821260e-01 -5.475689304317592123e-04
1.016666666666666607e+01 9.895514278768838823e-01 1.148487847514608525e-03
1.018750000000000000e+01 9.823365749639703104e-01 -9.489156404278814528e-04
1.020833333333333215e+01 9.846408921584359764e-01 4.286923884107168869e-04
1.022916666666666607e+01 9.978864437749219718e-01 9.560160910627474740e-04
1.025000000000000000e+01 1.006569817282381818e+00 1.412387080271801983e-03
1.027083333333333215e+01 1.015824984920920881e+00 3.883983201909253996e-04
1.029166666666666607e+01 1.011473799278127750e+00 -4.520285196893023233e-04
1.031250000000000000e+01 1.004881997359044821e+00 4.146925052898466080e-03
1.033333333333333215e+01 9.965893368911256101e-01 3.656394536932991977e-04
1.035416666666666607e+01 9.993865329477781279e-01 -5.095053901353388515e-05
1.037500000000000000e+01 9.992934512642661637e-01 5.294787067316003267e-04
1.039583333333333215e+01 9.953224824966863116e-01 7.816992000528459909e-04
1.041666666666666607e+01 9.896353369070245432e-01 8.862617551289358932e-04
1.043750000000000000e+01 9.916250699538090574e-01 1.462037768196669486e-03
1.045833333333333215e+01 9.993725091007268357e-01 2.214705207490029796e-04
1.047916666666666607e+01 1.006377670588584516e+00 2.419137751955219631e-04
1.050000000000000000e+01 1.007775220825412044e+00 2.868897271549296097e-03
1.052083333333333215e+01 1.002862756322860927e+00 -9.869856347398265738e-04
1.054166666666666607e+01 9.946627056942582978e-01 -8.556106091663986685e-04
1.056250000000000000e+01 9.919494570683834445e-01 -7.920297888164830281e-04
1.058333333333333215e+01 1.001365895718034915e+00 -7.828781820807008667e-04
1.060416666666666607e+01 1.007733476735740430e+00 6.414626684301142972e-04
1.062500000000000000e+01 1.003445581024635880e+00 -8.043537825716973871e-04
1.064583333333333215e+01 9.995869713322027561e-01 2.203160618345390964e-03
1.066666666666666607e+01 9.973125101706482587e-01 3.261744850904559068e-04
1.068750000000000000e+01 9.962349592332403470e-01 1.871923679959482112e-03
1.070833333333333215e+01 9.962271392357566757e-01 1.835045622810647231e-03
1.072916666666666607e+01 9.976987938803232314e-01 -1.881243974682924106e-03
1.075000000000000000e+01 9.954207180239015296e-01 4.569736795901135169e-04
1.077083333333333215e+01 1.007048522445765038e+00 1.496671643283478334e-03
1.079166666666666607e+01 1.011975925936703824e+00 -2.288674103830815564e-03
1.081250000000000000e+01 1.010154596702028007e+00 2.209306485462984122e-04
1.083333333333333215e+01 1.004753004729720622e+00 -9.389194215705432044e-04
1.085416666666666607e+01 9.899349518873710174e-01 -6.413224290600529455e-04
1.087500000000000000e+01 9.869304775557731224e-01 -1.214516771352924362e-03
1.089583333333333215e+01 9.903770322054090691e-01 -1.832687991256154794e-03
1.091666666666666607e+01 1.000423871051234315e+00 8.145314542818641451e-04
1.093750000000000000e+01 1.009609575935125569e+00 -1.370432880594639512e-03
1.095833333333333215e+01 1.007685889727151674e+00 1.312930598992634269e-03
1.097916666666666607e+01 9.989720274499772623e-01 9.418252280802211348e-04
1.100000000000000000e+01 9.964737782808722466e-01 -9.096680400174052749e-04
1.102083333333333215e+01 9.930313458037911545e-01 -4.486788331278029548e-04
1.104166666666666607e+01 9.949794287038615792e-01 1.166806891117232571e-03
1.106250000000000000e+01 1.000449377249138072e+00 4.825480059846720291e-04
1.108333333333333215e+01 9.997066435162595965e-01 1.219208392188143126e-03
1.110416666666666607e+01 1.002253924051730083e+00 1.686609308872599093e-04
1.112500000000000000e+01 9.967915637551314489e-01 6.980034593133523178e-04
1.114583333333333215e+01 9.986795618080587245e-01 -8.760555717928250434e-04
1.116666666666666607e+01 9.933567336512925117e-01 -1.337032894574372033e-04
1.118750000000000000e+01 1.004609176604385867e+00 -1.352490047763110553e-03
1.120833333333333215e+01 1.004801582852725028e+00 -2.016835908750318727e-04
1.122916666666666607e+01 1.007684212908373622e+00 -1.357141601146078522e-03
1.125000000000000000e+01 9.964014017980694637e-01 1.692372294271709795e-03
1.127083333333333215e+01 9.918653354668530708e-01 -1.037073011834696318e-03
1.129166666666666607e+01 9.909025134044051608e-01 -1.032662768383581751e-03
1.131250000000000000e+01 9.909246051304153591e-01 1.479743676625162310e-03
1.133333333333333215e+01 1.003579824134188891e+00 1.412412997594185470e-03
1.135416666666666607e+01 1.002765356211603232e+00 -2.528465172132509991e-04
1.137500000000000000e+01 1.006541867596409956e+00 -9.898147877893221595e-04
1.139583333333333215e+01 9.991123066768000660e-01 1.324771186070440067e-03
1.141666666666666607e+01 9.860440640007080981e-01 -1.724344850818091378e-03
1.143750000000000000e+01 9.836080062792018630e-01 2.901823246689356865e-03
1.145833333333333215e+01 9.765248217542245035e-01 4.319632899133226756e-04
1.147916666666666607e+01 9.796199059271232246e-01 -6.038591298841267758e-04
1.150000000000000000e+01 9.693991467569585962e-01 2.181054583239277166e-03
1.152083333333333215e+01 9.602659527774807247e-01 -3.484002027771463772e-04
1.154166666666666607e+01 9.466052969087208613e-01 9.575966531243140832e-04
1.156250000000000000e+01 9.402100160685000763e-01 -1.375799272918074891e-03
1.158333333333333215e+01 9.418833696839102876e-01 1.536501309109336718e-04
1.160416666666666607e+01 9.454177753335761825e-01 -1.553098311680149507e-03
1.162500000000000000e+01 9.545130163866281103e-01 1.984249374731760374e-03
1.164583333333333215e+01 9.607502013668791641e-01 -7.585576135829629569e-04
1.166666666666666607e+01 9.754556675313562630e-01 -1.979738885114101950e-04
1.168750000000000000e+01 9.799529350197925259e-01 4.245830879037372648e-04
1.170833333333333215e+01 9.746251596653016103e-01 -6.640672981012841732e-04
1.172916666666666607e+01 9.728349878367408277e-01 -1.132025488196960550e-03
1.175000000000000000e+01 9.736446165037446754e-01 -2.100053653420077757e-03
1.177083333333333215e+01 9.825492250593272914e-01 1.620916322749502928e-03
1.179166666666666607e+01 9.917331377781999358e-01 -2.790808277127103040e-03
1.181250000000000000e+01 1.002062418910218300e+00 1.339514596012283997e-03
1.183333333333333215e+01 1.005891236921458098e+00 1.069821519321045465e-03
1.185416666666666607e+01 1.004908343798067261e+00 -8.208611137181070746e-04
1.187500000000000000e+01 1.000431889493607729e+00 -2.170286525312794135e-03
1.189583333333333215e+01 1.004506673111276172e+00 -9.548622198823007148e-05
1.191666666666666607e+01 1.010633812859486058e+00 -1.588839917327739687e-03
1.193750000000000000e+01 1.002374547769400603e+00 -1.032884891354945555e-03
1.195833333333333215e+01 9.958374933535579787e-01 -8.350524047824890760e-04
1.197916666666666607e+01 9.868119768850049933e-01 -9.187974569180171538e-05
1.200000000000000000e+01 9.918832104029837726e-01 1.333624105846887512e-03
1.202083333333333215e+01 1.001981335033744980e+00 6.260570501634233958e-04
1.204166666666666607e+01 1.010068488312381163e+00 2.536120402300408262e-04
1.206250000000000000e+01 1.005899999601703065e+00 -5.085507682605886924e-04
1.208333333333333215e+01 1.000280291009748135e+00 -6.615743129781869380e-04
1.210416666666666607e+01 9.842445197528040257e-01 2.213384484567269220e-03
1.212500000000000000e+01 9.912758186299750474e-01 3.956319939400029144e-04
1.214583333333333215e+01 9.962653398734448995e-01 -3.710709752632420006e-04
1.216666666666666607e+01 1.010043041336926128e+00 -3.030301411101499090e-04
1.218750000000000000e+01 1.013796278585562538e+00 1.304114077137281686e-03
1.220833333333333215e+01 1.009876036410475741e+00 -2.044972959500685871e-03
1.222916666666666607e+01 9.998853553256472626e-01 1.412312045953578168e-03
1.225000000000000000e+01 9.929285639631879601e-01 1.128592472830412097e-04
1.227083333333333215e+01 9.863076009149276402e-01 9.287014090763668402e-04
1.229166666666666607e+01 9.844220652729787080e-01 5.409725874955319562e-04
1.231250000000000000e+01 9.949309314924690284e-01 -5.264121912658513295e-04
1.233333333333333215e+01 1.005465979771732243e+00 -1.204434447168919835e-03
1.235416666666666607e+01 1.018969192546524960e+00 6.569263126516321823e-04
1.237500000000000000e+01 1.019242618381638543e+00 1.667471687739829726e-03
1.239583333333333215e+01 1.012075236135084655e+00 2.618304300553829663e-04
1.241666666666666607e+01 9.903774228037783844e-01 -1.434404084098303209e-03
1.243750000000000000e+01 9.870834114951410054e-01 -1.161336493927223349e-03
1.245833333333333215e+01 9.886071712536556033e-01 1.746898237912050504e-03
1.247916666666666607e+01 9.945105451129143681e-01 2.827712007547133837e-04
1.452083333333333215e+01 9.983727017793987413e-01 -3.248736626097890878e-03
1.454166666666666607e+01 9.989411761242533716e-01 -1.931884091138351238e-03
1.456250000000000000e+01 1.000702705066246923e+00 4.917410798575719104e-04
1.458333333333333215e+01 9.978275709958190909e-01 6.461906627601145215e-04
1.460416666666666607e+01 9.933590794476090391e-01 -3.147012757374881807e-03
1.462500000000000000e+01 9.938647031105128926e-01 4.539125572517446809e-05
1.464583333333333215e+01 9.943138667516496776e-01 1.358283917010994976e-03
1.466666666666666607e+01 9.973047212908998649e-01 -1.029759795276924492e-03
1.468750000000000000e+01 1.000459930369048012e+00 -1.743709940009930759e-03
1.470833333333333215e+01 1.009108707234544600e+00 5.594385665226970193e-04
1.472916666666666607e+01 1.001856984989548671e+00 6.675858151985905424e-04
1.475000000000000000e+01 1.005598225717129646e+00 1.481150676177219556e-03
1.477083333333333215e+01 1.003583184898450220e+00 -4.809062429858597517e-04
1.479166666666666607e+01 1.004921158074095322e+00 7.270458895965200945e-04
1.481250000000000000e+01 9.949984592715350740e-01 9.104589048453884522e-04
1.483333333333333215e+01 9.924315823206930620e-01 -9.533336202583700576e-04
1.485416666666666607e+01 9.983904364575783008e-01 -3.664983168998911783e-03
1.487500000000000000e+01 1.003807683026739284e+00 -1.400280614721315141e-03
1.489583333333333215e+01 1.007747165739538708e+00 1.520570954521869916e-04
1.491666666666666607e+01 1.004623256694236577e+00 -9.194292423544161942e-04
1.493750000000000000e+01 1.001016890734092168e+00 2.367568584632369008e-03
1.495833333333333215e+01 1.006111220942708329e+00 2.001520754893688968e-04
1.497916666666666607e+01 1.005256198018370739e+00 -1.332264477374332876e-03
1.500000000000000000e+01 1.006039716368366310e+00 2.123311122124901459e-03
1.502083333333333215e+01 9.930835996149846023e-01 2.368165693903754102e-03
1.504166666666666607e+01 9.843266106899970502e-01 -7.707293831346786865e-05
1.506250000000000000e+01 9.884702199123790445e-01 4.950379829800441878e-04
1.508333333333333215e+01 1.001623817539160743e+00 2.867218245982647816e-03
1.510416666666666607e+01 1.010134737206330957e+00 -1.960018642649215964e-03
1.512500000000000000e+01 1.008463514686672058e+00 5.447743383574816124e-04
1.514583333333333215e+01 1.000488235455236463e+00 -1.682796151361473978e-06
1.516666666666666607e+01 9.988101333662785519e-01 -1.134002918332904569e-03
1.518750000000000000e+01 9.979926466094009019e-01 1.011216579039381875e-03
1.520833333333333215e+01 9.969229549896753140e-01 1.597885926917805375e-04
1.522916666666666607e+01 9.993701625577097181e-01 2.282191578296929261e-03
1.525000000000000000e+01 9.932824177752027639e-01 1.309186542422314907e-03
1.527083333333333215e+01 9.940117464886586429e-01 -1.325688998464311281e-04
1.529166666666666607e+01 9.987247442022636479e-01 1.229358800783981716e-03
1.531250000000000000e+01 1.004692979022068888e+00 -1.161481328444602043e-03
1.533333333333333215e+01 9.997873077589914947e-01 3.827802964567775419e-03
1.535416666666666607e+01 1.000878455869145034e+00 7.589105393078839513e-04
1.537500000000000000e+01 9.962186864308687495e-01 -8.610578632221766067e-04
1.539583333333333215e+01 1.003620329925629440e+00 1.579203995006996444e-04
1.541666666666666607e+01 1.007710042265282935e+00 -1.020466215264082856e-03
1.543750000000000000e+01 1.014299974225587153e+00 1.570454442985042953e-03
1.545833333333333215e+01 1.002004603927688198e+00 -1.041167085161708809e-03
1.547916666666666607e+01 9.937559757223640711e-01 4.061303911590485004e-04
1.550000000000000000e+01 9.841992972471595991e-01 -2.311504253004617398e-04
1.552083333333333215e+01 9.866817844706624596e-01 -8.198025968333443655e-04
1.554166666666666607e+01 9.999434382608505256e-01 -1.395435581009956771e-04
1.556250000000000000e+01 1.012539447088947053e+00 1.711494927934149911e-03
1.558333333333333215e+01 1.012242096399136093e+00 -1.052930798922831418e-03
1.560416666666666607e+01 1.006748683597136207e+00 5.703611284375692921e-05
1.562500000000000000e+01 1.004254344900667117e+00 -1.371846974354328256e-03
1.564583333333333215e+01 9.970783052529492707e-01 -2.745383658093505583e-03
1.566666666666666607e+01 9.936368298882258809e-01 1.915259973416454315e-03
1.568750000000000000e+01 9.952752936663213923e-01 -2.734226079055046121e-03
1.570833333333333215e+01 9.951984449941090327e-01 -6.058841871314798013e-04
1.572916666666666607e+01 9.991676929743528168e-01 -2.640576798032130343e-03
1.575000000000000000e+01 1.001774731105631977e+00 8.764031274219355157e-04
1.577083333333333215e+01 9.951657492281016371e-01 -1.729848098643515858e-03
1.579166666666666607e+01 1.001488050322214551e+00 8.583114246981293684e-04
1.581250000000000000e+01 1.002669512297807097e+00 1.855662933619538560e-03
1.583333333333333215e+01 1.005120372228591741e+00 -1.360155802914097666e-03
1.585416666666666607e+01 1.008607040801036359e+00 -1.166476428214487148e-03
1.587500000000000000e+01 1.003098077322855275e+00 2.468797884161628899e-03
1.589583333333333215e+01 9.975340053770783699e-01 -2.234444985984042169e-03
1.591666666666666607e+01 1.000157731364117897e+00 2.679517212123509479e-03
1.593750000000000000e+01 9.907488307785841108e-01 -1.046662227612811698e-03
1.595833333333333215e+01 9.972171259249691389e-01 -4.330520842427563934e-04
1.597916666666666607e+01 1.000684679703598867e+00 7.017486695676926085e-04
1.600000000000000000e+01 9.975772811170287024e-01 2.286450815382600886e-04
1.602083333333333215e+01 9.892454491543899442e-01 -7.006092934899428928e-05
1.604166666666666430e+01 1.000230096878252040e+00 -8.786603762589270845e-04
1.606250000000000000e+01 1.006548231001709093e+00 8.081608470850427765e-04
1.608333333333333215e+01 1.009511034808063368e+00 -6.020756657519668858e-04
1.610416666666666430e+01 1.013769900170967464e+00 -1.552029406357163539e-03
1.612500000000000000e+01 1.008156847996151129e+00 1.400174784932653720e-03
1.614583333333333215e+01 9.996419352311447515e-01 1.847750076527290581e-03
1.616666666666666430e+01 9.913543549395982257e-01 1.509326438934486050e-03
1.618750000000000000e+01 9.849131583699748393e-01 1.244665548218102638e-04
1.620833333333333215e+01 9.922034827307864013e-01 5.369970330035002100e-04
1.622916666666666430e+01 1.001200479678849176e+00 1.096672941261796945e-03
1.625000000000000000e+01 1.006525026415512780e+00 -4.760301049133060236e-04
1.627083333333333215e+01 1.012273332918574686e+00 6.699727211382393082e-04
1.629166666666666430e+01 1.006638794877044552e+00 -1.507619894890161296e-03
1.631250000000000000e+01 1.001291991977126372e+00 8.736005708115860248e-04
1.633333333333333215e+01 9.869830923285309865e-01 4.773614390549137218e-04
1.635416666666666430e+01 9.869328395374086238e-01 4.819737909754179912e-04
1.637500000000000000e+01 9.902647730588192143e-01 -1.841293746872437517e-03
1.639583333333333215e+01 1.001699522802401932e+00 1.556174379394563738e-03
1.641666666666666430e+01 1.006864467873580082e+00 -2.477056368645624493e-03
1.643750000000000000e+01 1.008939589896912237e+00 -1.588205413554550933e-04
1.645833333333333215e+01 1.002483670821226136e+00 4.981994361308537131e-04
1.647916666666666430e+01 9.974959149919959689e-01 3.101693656414136898e-04
1.650000000000000000e+01 9.962181878706468652e-01 -1.588249775014100333e-03
1.652083333333333215e+01 9.925520653739923205e-01 2.565415944360586401e-03
1.654166666666666430e+01 9.991329790706843239e-01 -2.044978767638776576e-03
1.656250000000000000e+01 1.007018425311088761e+00 2.027661291182527355e-03
1.658333333333333215e+01 1.000603407530462174e+00 -2.751087282641821122e-03
1.660416666666666430e+01 9.939118435163412091e-01 -1.956082139934481150e-03
1.662500000000000000e+01 9.934133693915486729e-01 -2.208031818315014277e-04
1.664583333333333215e+01 9.985220293487274690e-01 -1.395845052353208949e-03
1.666666666666666430e+01 1.004251852017027824e+00 7.977900312689159947e-04
1.668750000000000000e+01 1.007064635026015731e+00 8.877525829856296137e-04
1.670833333333333215e+01 1.001448173485827597e+00 1.269287139438309226e-03
1.672916666666666430e+01 1.000096268100683083e+00 -8.471015494541262467e-04
1.675000000000000000e+01 9.965877973217455166e-01 9.567474326744452966e-04
1.677083333333333215e+01 9.987861057605484927e-01 2.459125024589555591e-03
1.679166666666666430e+01 9.978825823315364829e-01 1.605267144882636119e-03
1.681250000000000000e+01 9.989850306181130568e-01 -1.916900121035854977e-03
1.683333333333333215e+01 1.000514529456503876e+00 2.054924870379502486e-03
1.685416666666666430e+01 9.968622236486419652e-01 1.287515486432197183e-03
1.687500000000000000e+01 1.000991677387148115e+00 -8.206329051427631088e-04
1.689583333333333215e+01 9.982027871916322459e-01 1.000580967706483568e-03
1.691666666666666430e+01 9.999332384593159206e-01 -1.218499102348709210e-03
1.693750000000000000e+01 1.003336927789270527e+00 1.339895563659610758e-03
1.695833333333333215e+01 1.005139990803314509e+00 3.364493005930043216e-04
1.697916666666666430e+01 1.009442829289527221e+00 -1.734185813354181599e-03
1.700000000000000000e+01 9.973305703416895929e-01 -3.703484322427638351e-03
1.702083333333333215e+01 9.957028691652004548e-01 1.944766773815321181e-04
1.704166666666666430e+01 9.929765317073978581e-01 4.116812375990323044e-04
1.706250000000000000e+01 9.993711942928010794e-01 -1.287798459890684716e-03
1.708333333333333215e+01 1.003643161389008220e+00 -2.244533381573597317e-03
1.710416666666666430e+01 1.008528211797858010e+00 1.492689628399226540e-04
1.712500000000000000e+01 1.005931465035299288e+00 2.541892318896084042e-03
1.714583333333333215e+01 1.002255901665577875e+00 -9.288240233344992325e-04
1.716666666666666430e+01 9.970514058872631535e-01 -1.626276925708369618e-03
1.718750000000000000e+01 9.978145685906292250e-01 -1.488137564307369983e-03
1.720833333333333215e+01 9.980661007839215504e-01 4.917888220903120049e-04
1.722916666666666430e+01 1.001941342820578118e+00 1.771723495502252298e-03
1.725000000000000000e+01 1.008985205897564796e+00 2.506264663048142559e-04
1.727083333333333215e+01 1.009573400210703076e+00 -1.285124574032788219e-03
1.729166666666666430e+01 1.003997142623227035e+00 9.975628024654983623e-04
1.731250000000000000e+01 9.971436260276587138e-01 -1.265034185285401555e-03
1.733333333333333215e+01 9.907883514292646909e-01 6.791205961681201497e-04
1.735416666666666430e+01 9.864284125964691841e-01 -3.949868221705312571e-04
1.737500000000000000e+01 9.990761641525502945e-01 8.031165790649386722e-04
1.739583333333333215e+01 1.013325715414093331e+00 4.684112987481024807e-05
1.741666666666666430e+01 1.016145047416441072e+00 1.094956097372128383e-03
1.743750000000000000e+01 1.002719786691257164e+00 9.630085233896298197e-04
1.745833333333333215e+01 9.936028285030847895e-01 -2.080836561340496191e-04
1.747916666666666430e+01 9.880140880633481171e-01 -1.788180205972047469e-03
1.750000000000000000e+01 1.000593967166984344e+00 -1.110375123111435360e-03
1.752083333333333215e+01 1.013850755149399818e+00 -1.951466876619425929e-03
1.754166666666666430e+01 1.011313087911441144e+00 2.018045664116196927e-03
1.756250000000000000e+01 1.004411508737533376e+00 -1.309988621946382411e-03
1.758333333333333215e+01 9.919465521099115612e-01 -1.510475645445626689e-03
1.760416666666666430e+01 9.960659427605198513e-01 -2.453321444942543807e-03
1.762500000000000000e+01 9.982114988924698507e-01 1.143641586114894394e-03
1.764583333333333215e+01 9.973347180367652109e-01 -9.499137243177472028e-04
1.766666666666666430e+01 9.965214243328206489e-01 1.364514135061444986e-05
1.768750000000000000e+01 1.004834091250429662e+00 8.015164122947761750e-04
1.770833333333333215e+01 1.009404611083790870e+00 -5.250581691795949343e-05
1.772916666666666430e+01 1.000753349074449128e+00 -4.481367079592487538e-04
1.775000000000000000e+01 1.005375718525444828e+00 -2.038047125669005446e-03
1.777083333333333215e+01 1.001458338968531647e+00 1.171671363347279128e-03
1.779166666666666430e+01 1.000234637167324747e+00 -1.650746091885790237e-03
1.781250000000000000e+01 9.968121355961463426e-01 -6.514467025828294224e-05
1.783333333333333215e+01 9.988428453863997802e-01 2.158110491496398136e-04
1.785416666666666430e+01 9.982177568699308612e-01 2.151775544166476505e-03
1.787500000000000000e+01 9.872667814336448799e-01 2.953219902785984420e-05
1.789583333333333215e+01 9.883578526357333915e-01 1.208036961239772463e-03
1.791666666666666430e+01 9.993883023430826240e-01 -1.775334499944457300e-03
1.793750000000000000e+01 1.010939043620191269e+00 -1.427497994570702715e-04
1.795833333333333215e+01 1.019703446057730112e+00 1.366339815709404588e-04
1.797916666666666430e+01 1.012456352126159365e+00 -7.157654476063188059e-04
1.800000000000000000e+01 1.006071944070923818e+00 -1.980274668494373322e-03
1.802083333333333215e+01 9.983488810865734919e-01 -1.091139947516450151e-03
1.804166666666666430e+01 9.862940348847638594e-01 -1.267514212796230907e-03
1.806250000000000000e+01 9.835399546162235662e-01 5.476518953294778934e-04
1.808333333333333215e+01 9.893541992233960691e-01 -2.325810030885960226e-03
1.810416666666666430e+01 9.963384985152622386e-01 -1.267844032107917629e-03
1.812500000000000000e+01 1.002029387390923620e+00 7.273148099233235674e-04
1.814583333333333215e+01 1.008762389253605729e+00 -2.377055547862379908e-03
1.816666666666666430e+01 1.006188489184403068e+00 -4.709090982296788267e-04
1.818750000000000000e+01 1.006220390512701623e+00 3.616018634223304548e-04
1.820833333333333215e+01 1.005927712300596966e+00 -7.167854029721269695e-04
1.822916666666666430e+01 9.996664781868076499e-01 6.404887419465978395e-04
1.825000000000000000e+01 9.963491330477292074e-01 -1.317917023040217947e-04
1.827083333333333215e+01 9.919920431652244908e-01 -1.317516212113863062e-03
1.829166666666666430e+01 9.861816937356294721e-01 5.178584183794139595e-04
1.831250000000000000e+01 9.901822669821934708e-01 2.251360711058654224e-03
1.833333333333333215e+01 9.908916353018784040e-01 3.272780590689821473e-04
1.835416666666666430e+01 1.000324314372936563e+00 7.235265144044880246e-04
1.837500000000000000e+01 1.011175070550552446e+00 -1.884963568309054463e-03
1.839583333333333215e+01 1.011506034303068846e+00 -2.357550219648785195e-04
1.841666666666666430e+01 1.003327127134486130e+00 -3.038443120464101414e-04
1.843750000000000000e+01 9.933520330490864803e-01 1.297477537106334457e-03
1.845833333333333215e+01 9.771794152004777967e-01 -9.826897476154156704e-04
1.847916666666666430e+01 9.617016693548127160e-01 -7.981634794558369658e-04
1.850000000000000000e+01 9.295468774298374370e-01 -3.168135564250096283e-04
1.852083333333333215e+01 8.943407289811837746e-01 8.721972553322499021e-05
1.854166666666666430e+01 8.551063125319530167e-01 2.201455758018234718e-03
1.856250000000000000e+01 8.183521577356578369e-01 -1.532110704451332059e-03
1.858333333333333215e+01 8.040286708894127665e-01 -1.555992694567696292e-03
1.860416666666666430e+01 8.082241966368559627e-01 1.921423452000795094e-03
1.862500000000000000e+01 8.252221337025096304e-01 3.690392363526725020e-04
1.864583333333333215e+01 8.522715497114867755e-01 5.079340850850165394e-04
1.866666666666666430e+01 8.824228016468534941e-01 -7.199971397942435620e-04
1.868750000000000000e+01 9.118715981601055454e-01 -1.407998633603000727e-03
1.870833333333333215e+01 9.352349029965889571e-01 -4.635850931321554443e-04
1.872916666666666430e+01 9.568184473953444957e-01 -2.299316471829664348e-03
1.875000000000000000e+01 9.783281082994910172e-01 4.256938599992644476e-04
1.877083333333333215e+01 9.920007678018251118e-01 8.852020036891189696e-04
1.879166666666666430e+01 9.982721695522646099e-01 -5.444306262902076730e-04
1.881250000000000000e+01 1.007722573283654555e+00 -2.971108265977580077e-05
1.883333333333333215e+01 1.008986049376557670e+00 -3.354472533894599698e-04
1.885416666666666430e+01 1.004161898453107993e+00 -5.616177944668000049e-04
1.887500000000000000e+01 1.003404366842266304e+00 -4.432446585748348847e-04
1.889583333333333215e+01 9.885089496593957303e-01 -1.652483784951035758e-03
1.891666666666666430e+01 9.843541547692983285e-01 -3.123492223319349406e-04
1.893750000000000000e+01 9.926716920573999126e-01 -1.051784189831371161e-03
1.895833333333333215e+01 1.003327652533648973e+00 1.582268037471829306e-04
1.897916666666666430e+01 1.001234182125671834e+00 -5.245043616100336561e-04
1.900000000000000000e+01 1.005945079266646669e+00 3.676730151603157669e-04
1.902083333333333215e+01 1.000661829774063261e+00 -7.578784663110687755e-04
1.904166666666666430e+01 9.991912570830890905e-01 -5.239563787433928858e-04
1.906250000000000000e+01 9.992206782153543188e-01 1.036701306625530854e-03
1.908333333333333215e+01 1.004176776106970648e+00 1.275555074648667070e-03
1.910416666666666430e+01 9.987221055070581999e-01 -1.491838216262149353e-03
1.912500000000000000e+01 9.958431669132612463e-01 2.892915253258434433e-03
1.914583333333333215e+01 9.948324399298883458e-01 -4.922033650079975448e-04
1.916666666666666430e+01 9.899724507025413622e-01 1.526943620546541676e-03
1.918750000000000000e+01 9.948103670866859094e-01 -1.442832509661710633e-03
1.920833333333333215e+01 1.001832439946885867e+00 1.126084047777291958e-03
1.922916666666666430e+01 1.002688848135035560e+00 -2.320017558663031319e-04
1.925000000000000000e+01 9.984040464409535964e-01 -1.535811794809090495e-03
1.927083333333333215e+01 1.006244819172393612e+00 1.350880526816622060e-03
1.929166666666666430e+01 1.008087422409240652e+00 -5.139032245939086996e-04
1.931250000000000000e+01 1.003592682397493663e+00 1.445865532464756485e-03
1.933333333333333215e+01 1.009760828606703020e+00 8.835400502449432302e-04
1.935416666666666430e+01 9.997201415204386432e-01 -1.111574243401441953e-03
1.937500000000000000e+01 9.981123792253682181e-01 1.101336706962823366e-04
1.939583333333333215e+01 9.923775661435378925e-01 -1.039975550483250404e-03
1.941666666666666430e+01 9.887996566579199120e-01 5.262363217835905717e-04
1.943750000000000000e+01 9.843847587906258134e-01 -1.941355675591097899e-03
1.945833333333333215e+01 9.971085801833212692e-01 1.379423762377079716e-03
1.947916666666666430e+01 1.010134060233288888e+00 -1.197606832334629319e-03
1.950000000000000000e+01 1.017572694086566365e+00 -1.480250959677438007e-03
1.952083333333333215e+01 1.018133013967913225e+00 -9.004752390018155991e-04
1.954166666666666430e+01 1.008136234209207505e+00 3.111793103356050565e-04
1.956250000000000000e+01 9.973699458599443179e-01 1.332637449641142476e-03
1.958333333333333215e+01 9.932219837556678366e-01 1.788657755647772140e-03
1.960416666666666430e+01 9.923598696472127889e-01 9.356371966787039359e-04
1.962500000000000000e+01 9.940758736938871687e-01 1.314019369210892149e-03
1.964583333333333215e+01 9.969966724057931495e-01 -1.406719636945598113e-03
1.966666666666666430e+01 1.000904395445979089e+00 9.471439633685009747e-04
1.968750000000000000e+01 1.009920447064504012e+00 1.327968342964317653e-03
1.970833333333333215e+01 1.012815154392523231e+00 -2.069879288584233388e-04
1.972916666666666430e+01 1.006076925304566272e+00 -8.959239710275418694e-04
1.975000000000000000e+01 9.981628382586152926e-01 -1.832080673951244024e-03
1.977083333333333215e+01 9.904634867785223618e-01 -1.093517798573161171e-03
1.979166666666666430e+01 9.936207822868619033e-01 -1.726337630471690360e-03
1.981250000000000000e+01 1.000219315480119553e+00 -2.269303251937636844e-03
1.983333333333333215e+01 1.007846426323989020e+00 -3.190248484863475345e-04
1.985416666666666430e+01 1.007938207449948553e+00 1.184230185964416619e-04
1.987500000000000000e+01 9.962804459812792945e-01 -3.074528368741792726e-04
1.989583333333333215e+01 9.995339020224853765e-01 1.009557936482079015e-04
1.991666666666666430e+01 1.000753177530186111e+00 1.623082545884754692e-04
1.993750000000000000e+01 1.001275605652062639e+00 7.721288094602724288e-04
1.995833333333333215e+01 9.981133308578289398e-01 -1.926364162433727998e-03
1.997916666666666430e+01 9.937630114699947947e-01 -7.999928521225289175e-04
2.000000000000000000e+01 1.000709804413278281e+00 -6.298871839683000751e-05
2.002083333333333215e+01 1.008740806969596893e+00 8.337653670519505579e-04
2.004166666666666430e+01 1.014210710145746264e+00 7.094953618253118819e-04
2.006250000000000000e+01 1.011938782280027871e+00 -1.218817575213514809e-04
2.008333333333333215e+01 1.000452137464359570e+00 3.740838130537912747e-04
2.010416666666666430e+01 9.891863119467101395e-01 -1.547085628597718709e-03
2.012500000000000000e+01 9.869308165615151562e-01 1.184617521021885797e-03
2.014583333333333215e+01 9.964109555224734960e-01 1.576777949035536265e-03
2.016666666666666430e+01 9.994467974226934892e-01 9.674849025447148227e-06
2.018750000000000000e+01 1.003230737938753725e+00 -9.236112089865514433e-04
2.020833333333333215e+01 1.006385201303529264e+00 -2.025438808095326396e-04
2.022916666666666430e+01 9.988342544252685196e-01 -1.441912792552174768e-04
2.025000000000000000e+01 1.003882373200200462e+00 -3.319650858042062259e-04
2.027083333333333215e+01 9.989418507183630558e-01 -1.457042625261201186e-04
2.029166666666666430e+01 9.996852602959770406e-01 -6.431727610023805922e-04
2.031250000000000000e+01 9.988974663005592003e-01 -4.064011673844186907e-04
2.033333333333333215e+01 1.002379883703919727e+00 4.264268566376357042e-04
2.035416666666666430e+01 1.008035771652954438e+00 -3.673756497492584264e-03
2.037500000000000000e+01 1.001199514659535827e+00 -7.740827261334299074e-04
2.039583333333333215e+01 9.980389465523457071e-01 4.615085737267833263e-04
2.041666666666666430e+01 9.931898119982984774e-01 -1.892704297229484776e-03
2.043750000000000000e+01 9.954240590443893533e-01 -6.216406078590348805e-05
2.045833333333333215e+01 9.998302868135953148e-01 1.526808235763259876e-04
2.047916666666666430e+01 1.000246834384860728e+00 -1.878117601945633261e-04
2.050000000000000000e+01 9.994544542468019044e-01 1.303350062942876383e-03
2.052083333333333215e+01 1.004043191267287138e+00 -2.857176444060207342e-04
2.054166666666666430e+01 1.008938624496680037e+00 -2.582921550986694379e-03
2.056250000000000000e+01 1.008558904085236962e+00 1.259535791010838097e-04
2.058333333333333215e+01 1.010215617912626263e+00 -1.127546224316474353e-03
2.060416666666666430e+01 9.997720104914900041e-01 1.909552401768280011e-03
2.062500000000000000e+01 9.954071935351674894e-01 -7.343442746189510076e-04
2.064583333333333215e+01 9.861279452775462140e-01 -1.579341151368097692e-03
2.066666666666666430e+01 9.877671077817438139e-01 2.241836186116834273e-03
2.068750000000000000e+01 9.902942168347511620e-01 1.127652703728654164e-03
2.070833333333333215e+01 1.000801189001555569e+00 2.116617439975898595e-04
2.072916666666666430e+01 1.002216693748119170e+00 8.961258207564352582e-04
2.075000000000000000e+01 1.012236061326880154e+00 -2.085188082549456392e-03
2.077083333333333215e+01 1.012528713813670489e+00 2.489043403806609923e-03
2.079166666666666430e+01 1.009369467613563609e+00 -3.701278531919449254e-04
2.081250000000000000e+01 1.004455525997592247e+00 3.483093760159566951e-04
2.083333333333333215e+01 9.969120952081328424e-01 -3.899987131733930102e-05
2.085416666666666430e+01 9.902738905640503519e-01 1.016364473004769320e-03
2.087500000000000000e+01 9.892564532598416838e-01 -2.056308904814425456e-05
2.089583333333333215e+01 9.971488760964921649e-01 2.660830524587063772e-03
2.091666666666666430e+01 1.002228686568006788e+00 5.442418287174874240e-04
2.093750000000000000e+01 1.000481441937546512e+00 1.038310639003411977e-04
2.095833333333333215e+01 1.000427510014904930e+00 1.403655693101792936e-03
2.097916666666666430e+01 9.947368936532037242e-01 -1.611408385683288196e-03
2.100000000000000000e+01 1.002612248810941908e+00 6.538504571784261786e-06
2.102083333333333215e+01 1.002943926231361971e+00 -2.516411603181290153e-03
2.104166666666666430e+01 1.006594435501300566e+00 -1.246926179826496339e-03
2.106250000000000000e+01 1.004933776562315861e+00 -4.888130573710889422e-04
2.108333333333333215e+01 1.000125413433868404e+00 -6.914628665648825693e-04
2.110416666666666430e+01 9.931060490512126915e-01 1.351426993182642871e-03
2.112500000000000000e+01 9.926433203176943110e-01 1.735648822256993080e-05
2.114583333333333215e+01 1.003770087481201445e+00 1.986936478371393515e-04
2.116666666666666430e+01 1.008178163303542485e+00 -1.990945586819019199e-03
2.118750000000000000e+01 1.006188875335693123e+00 -8.198361038883198240e-04
2.120833333333333215e+01 9.979664730366047953e-01 9.392089857313822314e-04
2.122916666666666430e+01 9.965134863736083704e-01 1.436355636937890505e-03
2.125000000000000000e+01 1.000273122686446081e+00 -5.911599640856698675e-04
2.127083333333333215e+01 1.004387308718992733e+00 1.994793971002847919e-03
2.129166666666666430e+01 1.004570043120742939e+00 -1.667394631650080975e-03
2.131250000000000000e+01 9.972849729916598571e-01 8.052671485788999699e-04
2.133333333333333215e+01 9.927782773079120160e-01 -2.857583817343887795e-03
2.135416666666666430e+01 9.894181674078499356e-01 -2.087844373380179364e-03
2.137500000000000000e+01 9.906349501500392174e-01 2.262504979364896723e-03
2.139583333333333215e+01 1.000631665230027556e+00 -2.323146570450117590e-03
2.141666666666666430e+01 1.006897941835062982e+00 2.000104090526060984e-03
2.143750000000000000e+01 1.013064651878530231e+00 1.011030617324865056e-03
2.145833333333333215e+01 1.010700517536674337e+00 1.935861768689940135e-03
2.147916666666666430e+01 1.001794077175292008e+00 -8.390326823634779228e-05
2.150000000000000000e+01 9.926357011965863952e-01 -1.083216318656831951e-03
2.152083333333333215e+01 9.816749912411159018e-01 7.663958319814495644e-04
2.154166666666666430e+01 9.899146417919434393e-01 -6.370475324379673468e-05
2.156250000000000000e+01 9.998658389710493033e-01 -3.148316110494719239e-03
2.158333333333333215e+01 1.008032289458942188e+00 6.636694980955193434e-04
2.160416666666666430e+01 1.017100623197873421e+00 -4.822700318978709300e-04
2.162500000000000000e+01 1.019305366614743136e+00 1.848305287395863574e-03
2.164583333333333215e+01 9.985044229717364717e-01 -2.058408172668101891e-03
2.166666666666666430e+01 9.936343039704785829e-01 -9.782552589650617744e-04
2.168750000000000000e+01 9.903679238923345229e-01 5.977058639900739538e-04
2.170833333333333215e+01 9.925466120466072129e-01 1.200143203260686011e-04
2.172916666666666430e+01 9.978237499894837548e-01 -2.889996853983919749e-04
2.175000000000000000e+01 9.984205093001730091e-01 3.638006410142897236e-04
2.177083333333333215e+01 9.982123496824206743e-01 1.517209232537956984e-04
2.179166666666666430e+01 9.987313369806403163e-01 -2.029271839078189768e-04
2.181250000000000000e+01 1.000290803606634027e+00 6.093768660937451311e-04
2.183333333333333215e+01 1.004128348628354983e+00 -2.441340632250380428e-04
2.185416666666666430e+01 1.003923657343818165e+00 -5.010718542985915722e-04
2.187500000000000000e+01 1.008872493401259174e+00 -5.706436274072930210e-04
2.189583333333333215e+01 1.012155853163533292e+00 -8.233924159623578131e-04
2.191666666666666430e+01 1.006025388321061476e+00 1.420056088466325681e-03
2.193750000000000000e+01 9.956711624925858040e-01 -1.937995576201259097e-03
2.195833333333333215e+01 9.852180093177568265e-01 -1.571928548620539837e-03
2.197916666666666430e+01 9.787478826623416950e-01 -5.718727805061836261e-04
2.200000000000000000e+01 9.977699182943150502e-01 3.245752146686653461e-03
2.202083333333333215e+01 1.010958352873280841e+00 2.061531283905102354e-04
2.204166666666666430e+01 1.008412032616700538e+00 -7.829290181462387685e-04
2.206250000000000000e+01 1.003067754804306322e+00 9.943720565494058774e-04
2.208333333333333215e+01 1.000942710284998372e+00 4.613917070336095170e-05
2.210416666666666430e+01 9.991745508750399241e-01 1.977337933432959634e-04
2.212500000000000000e+01 1.011289220713153858e+00 -9.226791307734780179e-04
2.214583333333333215e+01 1.010259569809877522e+00 -7.111665804179262331e-04
2.216666666666666430e+01 1.004070665098887094e+00 -1.382528614262505933e-03
2.218750000000000000e+01 9.839566798504094658e-01 -4.753247784661202924e-04
2.220833333333333215e+01 9.809642484556739817e-01 -6.982965036223286789e-04
2.222916666666666430e+01 9.884885397097801230e-01 4.383535687546378915e-04
2.225000000000000000e+01 9.970194909064610256e-01 -4.900467403699946449e-04
2.227083333333333215e+01 1.006323151870755606e+00 2.287467863001694472e-03
2.229166666666666430e+01 1.011306047897772009e+00 -1.215093879215170709e-03
2.231250000000000000e+01 1.006817314424176102e+00 1.059044231301692297e-03
2.233333333333333215e+01 1.008065685143233248e+00 -1.193894017818634837e-03
2.235416666666666430e+01 1.001882521412496896e+00 4.011014991508630653e-04
2.237500000000000000e+01 9.988349938323217714e-01 1.063679823411117168e-03
2.239583333333333215e+01 9.941939911244178640e-01 -3.504962068948233762e-03
2.241666666666666430e+01 9.957240154323893089e-01 1.673418678393497928e-03
2.243750000000000000e+01 9.989380094505980745e-01 -2.038686062971927643e-03
2.245833333333333215e+01 1.001862534718523490e+00 1.450894453446952611e-03
2.247916666666666430e+01 9.979164865749956537e-01 -9.697719917662322043e-04
2.250000000000000000e+01 9.912988884547845325e-01 -2.087144096686283957e-03
2.252083333333333215e+01 9.899739607878981218e-01 -1.967853454277803619e-03
2.254166666666666430e+01 1.004969930739268102e+00 1.741607240424669590e-03
2.256250000000000000e+01 1.007833954225004991e+00 1.212108107576248192e-03
2.258333333333333215e+01 1.006924232094672522e+00 -6.386910213196566937e-04
2.260416666666666430e+01 1.005954023988490320e+00 -1.324759505231179815e-03
2.262500000000000000e+01 9.983272168246343226e-01 -4.027671808835546095e-04
2.264583333333333215e+01 9.967880621227835913e-01 -6.446006017006710061e-04
2.266666666666666430e+01 9.930800932702431583e-01 4.028857981196588660e-03
2.268750000000000000e+01 9.953459924386827140e-01 1.582078234363216117e-03
2.270833333333333215e+01 9.995074469031511866e-01 1.939379312081633945e-03
2.272916666666666430e+01 1.005877157595433502e+00 4.200057245661119581e-04
2.275000000000000000e+01 1.005055172280512554e+00 9.932911718179098220e-04
2.277083333333333215e+01 1.004027567810457766e+00 5.579996520884606976e-04
2.279166666666666430e+01 9.955714966786919362e-01 1.639189077049926432e-04
2.281250000000000000e+01 9.934906432166538126e-01 -2.047984319293414822e-04
2.283333333333333215e+01 9.992239310123753881e-01 9.854605498588102450e-04
2.285416666666666430e+01 1.008102219113461429e+00 -6.763776095981670084e-04
2.287500000000000000e+01 1.010958205472072491e+00 1.716054971174893170e-03
2.289583333333333215e+01 1.011729444088527607e+00 -8.679057465719139689e-04
2.291666666666666430e+01 9.983979994974928607e-01 -1.892227571987044332e-03
2.293750000000000000e+01 9.942937566120695347e-01 -1.179088748283596338e-03
2.295833333333333215e+01 9.930696766480058280e-01 8.471265222354275575e-04
2.297916666666666430e+01 1.001193220191062494e+00 2.629822460300976997e-04
2.300000000000000000e+01 1.009543171787114835e+00 -1.574587991554121050e-03
2.302083333333333215e+01 1.002909953545531474e+00 -1.567704956480262674e-03
2.304166666666666430e+01 9.963002268572013209e-01 -2.655787176341700630e-04
2.306250000000000000e+01 9.979736156291909577e-01 -8.263025469183963179e-04
2.308333333333333215e+01 9.973443264181199863e-01 -2.679947482146515138e-05
2.310416666666666430e+01 1.004680013073124822e+00 -7.608836540880862783e-04
2.312500000000000000e+01 1.008688042353230951e+00 -8.630383042040819545e-04
2.314583333333333215e+01 1.008330184869167256e+00 -1.252551066450150038e-03
2.316666666666666430e+01 1.006519897074499070e+00 6.914295124654663839e-06
2.318750000000000000e+01 9.984876670006399557e-01 -6.405110890474736800e-04
2.320833333333333215e+01 9.930759688137308361e-01 -7.086595503117133462e-04
2.322916666666666430e+01 9.969480453527055364e-01 1.533789806376075317e-03
2.325000000000000000e+01 9.974885786323638426e-01 -1.295272279066101372e-04
2.327083333333333215e+01 9.999939133474476938e-01 1.923533249744622392e-03
2.329166666666666430e+01 9.983707770453060792e-01 -1.329315366778046866e-05
2.331250000000000000e+01 1.000887561988770935e+00 -1.370199212637083185e-03
2.333333333333333215e+01 9.982674472855243009e-01 -1.620703983868752125e-03
2.335416666666666430e+01 9.952666413254960265e-01 1.092098344961793402e-03
2.337500000000000000e+01 9.997503714598948710e-01 -2.761506766723992833e-03
2.339583333333333215e+01 1.002523158101843226e+00 5.785311328110016383e-04
2.341666666666666430e+01 1.006494701946095249e+00 6.385246219609518308e-04
2.343750000000000000e+01 1.008413463388087461e+00 2.008835206209497008e-03
2.345833333333333215e+01 9.981682253427187623e-01 3.875518050082819074e-04
2.347916666666666430e+01 9.908838365233019196e-01 -1.159043297597099099e-03
2.350000000000000000e+01 9.875143700207310582e-01 1.203579216161404074e-03
2.352083333333333215e+01 9.871974234543516857e-01 3.996648051171811902e-04
2.354166666666666430e+01 9.987886807955400625e-01 -2.460883337387870327e-03
2.356250000000000000e+01 1.011310249389265836e+00 -2.067999935948762989e-03
2.358333333333333215e+01 1.021617750318155382e+00 1.370777712521951486e-03
2.360416666666666430e+01 1.010835373411093974e+00 8.919585066498057551e-04
2.362500000000000000e+01 9.970504472965066034e-01 -1.299233771116619892e-03
2.364583333333333215e+01 9.875961760142446533e-01 8.480552802427881337e-05
2.366666666666666430e+01 9.815319824694026529e-01 1.810172264100602744e-04
2.368750000000000000e+01 9.960424148620840024e-01 1.381393481541202386e-04
2.370833333333333215e+01 1.005796319401846217e+00 1.487288204945634703e-03
2.372916666666666430e+01 1.005267406905735017e+00 1.019305825433588965e-03
2.375000000000000000e+01 1.007105376318747636e+00 -1.889861543987954350e-03
2.377083333333333215e+01 1.002646239015872798e+00 1.935423934274955278e-03
2.379166666666666430e+01 9.973734553804780578e-01 -1.043108153931133521e-03
2.381250000000000000e+01 9.918700180855066773e-01 7.655852757953776882e-04
2.383333333333333215e+01 9.981994430657823436e-01 -2.835471808424194231e-04
2.385416666666666430e+01 9.984726119710948256e-01 1.744552456807791155e-03
2.387500000000000000e+01 1.000488969606714962e+00 -4.774247304747967547e-04
2.389583333333333215e+01 9.982002448138977968e-01 1.052484589632950553e-03
2.391666666666666430e+01 1.001621262434223336e+00 1.195834058884898262e-03
2.393750000000000000e+01 1.000992220256420762e+00 -7.086082360802285025e-04
2.395833333333333215e+01 1.001045486667540896e+00 2.153844707547074560e-03
2.397916666666666430e+01 1.006809771820010635e+00 -1.309371484266290409e-03
2.400000000000000000e+01 1.003422909579145372e+00 -1.482484486016878928e-03
2.402083333333333215e+01 1.004897597780654017e+00 -8.281083118092192122e-04
2.404166666666666430e+01 9.938848472487654684e-01 -2.260909362563362111e-04
2.406250000000000000e+01 9.859340213413441134e-01 7.168890170117825670e-04
2.408333333333333215e+01 9.922013298277418958e-01 -1.271925343428712040e-03
2.410416666666666430e+01 9.972466196661077253e-01 7.578635485888904648e-04
2.412500000000000000e+01 1.006854124965304464e+00 7.321332148593587578e-04
2.414583333333333215e+01 1.003917425043600709e+00 1.764393703109105394e-03
2.416666666666666430e+01 1.005431536286612637e+00 -7.965199871437943138e-04
2.418750000000000000e+01 9.986703341583675897e-01 1.010679553040862025e-03
2.420833333333333215e+01 1.000173058550215766e+00 3.557846046592440551e-04
2.422916666666666430e+01 1.000570565221384323e+00 -9.954055371685878104e-04
2.425000000000000000e+01 1.003451977480171120e+00 1.596199496934888173e-03
2.427083333333333215e+01 1.001585078104165305e+00 9.192905774487902977e-04
2.429166666666666430e+01 1.000406395807378779e+00 -2.296752282997177933e-04
2.431250000000000000e+01 1.000295628864447561e+00 1.675413829335291142e-03
2.433333333333333215e+01 9.946840924252519089e-01 -7.961517647979608975e-04
2.435416666666666430e+01 9.939715790490738501e-01 -2.920771234247244389e-03
2.437500000000000000e+01 9.905534325248825933e-01 -5.519000492594071253e-04
2.439583333333333215e+01 9.933398625796421300e-01 6.239744451892382431e-04
2.441666666666666430e+01 1.008229781391565938e+00 2.382089352175343895e-04
2.443750000000000000e+01 1.019425700881922081e+00 -9.718857122394353133e-05
2.445833333333333215e+01 1.017114803548157420e+00 1.392791311718171018e-03
2.447916666666666430e+01 1.001723549536214009e+00 1.362025104408138816e-03
2.450000000000000000e+01 9.981019647512278103e-01 -3.010812085274226779e-04
2.452083333333333215e+01 9.958338613500500314e-01 -7.648112511349412996e-04
2.454166666666666430e+01 9.924730541835115050e-01 9.070187020097889453e-04
2.456250000000000000e+01 9.951909484224408242e-01 1.406536058408687073e-03
2.458333333333333215e+01 9.948515773507720095e-01 -2.473769621887475663e-04
2.460416666666666430e+01 9.854977785852775396e-01 -4.760040198815079847e-04
2.462500000000000000e+01 9.945077111570804762e-01 -1.082177471147307424e-04
2.464583333333333215e+01 1.006875585511416649e+00 1.024006585810965757e-03
2.466666666666666430e+01 1.019811959822724656e+00 -2.036400919959259275e-04
2.468750000000000000e+01 1.013461016297682038e+00 -2.653683086850628465e-04
2.470833333333333215e+01 1.006609737562322637e+00 1.478431948638052112e-03
2.472916666666666430e+01 9.937892857071257691e-01 -2.579697431074857929e-04
2.475000000000000000e+01 9.907750219495331523e-01 2.666309334021673555e-03
2.477083333333333215e+01 9.851733205885698785e-01 -1.391593556378993872e-03
2.479166666666666430e+01 9.893286426674594569e-01 8.394615266260480047e-04
2.481250000000000000e+01 9.963232870545363218e-01 -3.629731471339721566e-04
2.483333333333333215e+01 1.003777901718402976e+00 1.739997588046732473e-03
2.485416666666666430e+01 1.012459654281176347e+00 5.941538396819748182e-04
2.487500000000000000e+01 1.008090782338253000e+00 9.959615340937757848e-04
2.489583333333333215e+01 9.984331344650341222e-01 -9.908060724433105735e-04
2.491666666666666430e+01 9.967162601454208071e-01 -8.702295563116953106e-04
2.493750000000000000e+01 1.001439261218361132e+00 -1.225885277492254561e-03
2.495833333333333215e+01 1.008625609690914082e+00 -8.564392962450572029e-04
2.497916666666666430e+01 1.007659815827071315e+00 3.418136037312247914e-04
2.500000000000000000e+01 9.961019678872471417e-01 3.852696850647636386e-04
2.502083333333333215e+01 9.923013437359082811e-01 4.079186390591034396e-04
2.504166666666666430e+01 9.938167824674959405e-01 1.642208063982026093e-03
2.506250000000000000e+01 9.938217399299520416e-01 -1.559468374849259107e-03
2.508333333333333215e+01 1.002808923933348417e+00 -2.952639196752002412e-05
2.510416666666666430e+01 1.004251858672672304e+00 -1.641812011628233188e-03
2.512500000000000000e+01 9.977216151993735238e-01 -9.353031749802860791e-04
2.514583333333333215e+01 1.004772256677913589e+00 1.417886648214605185e-03
2.516666666666666430e+01 1.006956450289338445e+00 1.581928011642822797e-03
2.518750000000000000e+01 1.003578309310499295e+00 1.141800805616054442e-03
2.520833333333333215e+01 9.965953236535176618e-01 5.307176721743917707e-04
2.522916666666666430e+01 9.923968931080824341e-01 -5.447659719321812008e-05
2.525000000000000000e+01 9.969567191649326698e-01 -1.488317180891269372e-04
2.527083333333333215e+01 9.972050910929645129e-01 7.296043372956649391e-04
2.529166666666666430e+01 1.006305092917855193e+00 -6.441367891362821587e-04
2.531250000000000000e+01 1.007258937648482400e+00 1.476408353382556524e-03
2.533333333333333215e+01 1.001214338655804559e+00 -1.149115328106919054e-03
2.535416666666666430e+01 1.001329612550596604e+00 -4.705715673205937465e-04
2.537500000000000000e+01 9.965769601842102698e-01 8.350558908451716309e-04
2.539583333333333215e+01 1.000784253782928346e+00 1.297627967442608428e-03
2.541666666666666430e+01 1.004235664772769043e+00 7.174332138671287188e-04
2.543750000000000000e+01 1.001196499459271694e+00 -2.214914571970693854e-04
2.545833333333333215e+01 9.981083700658831548e-01 -1.615622219460230251e-04
2.547916666666666430e+01 9.974462408444754180e-01 9.859318985238822546e-04
2.550000000000000000e+01 1.005586227817765410e+00 -4.352480638620225537e-04
2.552083333333333215e+01 9.996720488519239556e-01 -8.352272021569821445e-04
2.554166666666666430e+01 1.000412174087758954e+00 1.604001130131928318e-03
2.556250000000000000e+01 9.994400786711398199e-01 -6.183129787759960010e-04
2.558333333333333215e+01 9.956409708127089697e-01 1.667782340992148070e-04
2.560416666666666430e+01 9.966596327303993696e-01 -2.807661257109695763e-04
2.562500000000000000e+01 9.999891510517917581e-01 6.907613539995319945e-05
2.564583333333333215e+01 1.000790458954667006e+00 2.386458930354021680e-04
2.566666666666666430e+01 1.009157976232660126e+00 7.159484767426626238e-05
2.568750000000000000e+01 1.007025649333863848e+00 -7.542964594611847049e-04
2.570833333333333215e+01 9.996274348004655641e-01 -3.779315142654602103e-04
2.572916666666666430e+01 9.932585567297599338e-01 2.093469232857446090e-04
2.575000000000000000e+01 9.925148474701765977e-01 -2.043568692543560206e-03
2.577083333333333215e+01 9.957204297644733915e-01 1.221851323364065919e-03
2.579166666666666430e+01 1.000421673994482674e+00 -1.482294540253792706e-04
2.581250000000000000e+01 1.003526621802493857e+00 -2.824793727211429451e-03
2.583333333333333215e+01 1.005064331992977067e+00 4.076881461308236592e-04
2.585416666666666430e+01 1.001468160909147587e+00 1.063198664433608618e-03
2.587500000000000000e+01 9.956685004408937223e-01 -5.412827109687887508e-04
2.589583333333333215e+01 1.001319956817789070e+00 -2.997244120843629085e-04
2.591666666666666430e+01 9.982440587992675862e-01 1.824234977941985303e-03
2.593750000000000000e+01 9.965487836719952863e-01 -1.191224566460473205e-03
2.595833333333333215e+01 9.962859569485262856e-01 1.585713743893020630e-03
2.597916666666666430e+01 1.000125805417015901e+00 1.287947651599197999e-03
