0.000000000000000000e+00 -1.797693134862315708e+308 1.087932181959616433e-03
2.083333333333333218e-02 -1.797693134862315708e+308 -2.670375757988735044e-04
4.166666666666666435e-02 -1.797693134862315708e+308 -1.337637497231109721e-04
6.250000000000000000e-02 -1.797693134862315708e+308 2.001650067361633633e-04
8.333333333333332871e-02 -1.797693134862315708e+308 9.903046953714466326e-04
1.041666666666666574e-01 -1.797693134862315708e+308 -2.013649048234168401e-04
1.250000000000000000e-01 -1.797693134862315708e+308 -1.427967300455416011e-03
1.458333333333333148e-01 -1.797693134862315708e+308 -1.626254406484090194e-04
1.666666666666666574e-01 -1.797693134862315708e+308 -6.827614964610211013e-04
1.875000000000000000e-01 -1.797693134862315708e+308 -2.081116292378134332e-03
2.083333333333333148e-01 -1.797693134862315708e+308 -6.716243265852902839e-04
2.291666666666666574e-01 -1.797693134862315708e+308 -1.367009236895182049e-03
2.500000000000000000e-01 -1.797693134862315708e+308 8.138775251944138514e-05
2.708333333333333148e-01 -1.797693134862315708e+308 1.444808342955353252e-03
2.916666666666666297e-01 -1.797693134862315708e+308 5.665354851541658200e-04
3.125000000000000000e-01 -1.797693134862315708e+308 3.482876950767843562e-03
3.333333333333333148e-01 -1.797693134862315708e+308 5.138720674195131847e-04
3.541666666666666297e-01 -1.797693134862315708e+308 1.473171093937914692e-04
3.750000000000000000e-01 -1.797693134862315708e+308 -1.173823500924307513e-03
3.958333333333333148e-01 -1.797693134862315708e+308 1.038057260708640439e-03
4.166666666666666297e-01 -1.797693134862315708e+308 4.142226999752106668e-04
4.375000000000000000e-01 -1.797693134862315708e+308 -2.088812383923011225e-03
4.583333333333333148e-01 -1.797693134862315708e+308 -8.476452047924168095e-04
4.791666666666666297e-01 -1.797693134862315708e+308 7.760191045248301684e-04
5.000000000000000000e-01 -1.797693134862315708e+308 -6.065335989336061899e-04
5.208333333333332593e-01 -1.797693134862315708e+308 4.914827811397564023e-04
5.416666666666666297e-01 -1.797693134862315708e+308 2.461678576111591072e-04
5.625000000000000000e-01 -1.797693134862315708e+308 2.555961353304547334e-03
5.833333333333332593e-01 -1.797693134862315708e+308 -1.886873031421431928e-03
6.041666666666666297e-01 -1.797693134862315708e+308 -2.335026007169894047e-04
6.250000000000000000e-01 -1.797693134862315708e+308 -1.699124403273629975e-03
6.458333333333332593e-01 -1.797693134862315708e+308 -1.140946802181545252e-03
6.666666666666666297e-01 -1.797693134862315708e+308 2.430804475696985226e-03
6.875000000000000000e-01 -1.797693134862315708e+308 1.150091773485853279e-03
7.083333333333332593e-01 -1.797693134862315708e+308 7.409995858634391402e-04
7.291666666666666297e-01 -1.797693134862315708e+308 -7.810609553559984459e-05
7.500000000000000000e-01 -1.797693134862315708e+308 3.742804798181805095e-05
7.708333333333332593e-01 -1.797693134862315708e+308 2.552394211921155034e-03
7.916666666666666297e-01 -1.797693134862315708e+308 -1.303192370023374897e-03
8.125000000000000000e-01 -1.797693134862315708e+308 1.620205572251256793e-03
8.333333333333332593e-01 -1.797693134862315708e+308 1.396036819619711532e-03
8.541666666666666297e-01 -1.797693134862315708e+308 -1.138019370509901068e-03
8.750000000000000000e-01 -1.797693134862315708e+308 3.007038059405539696e-04
8.958333333333332593e-01 -1.797693134862315708e+308 -8.737497996780263249e-04
9.166666666666666297e-01 -1.797693134862315708e+308 7.618047149069654810e-05
9.375000000000000000e-01 -1.797693134862315708e+308 1.123529690219990168e-03
9.583333333333332593e-01 -1.797693134862315708e+308 3.961487619499650119e-04
9.791666666666666297e-01 -1.797693134862315708e+308 1.570757338562807012e-03
1.000000000000000000e+00 -1.797693134862315708e+308 9.762158287524782142e-04
1.020833333333333259e+00 -1.797693134862315708e+308 -2.789249127734945172e-03
1.041666666666666519e+00 -1.797693134862315708e+308 1.051552258211290759e-03
1.062500000000000000e+00 -1.797693134862315708e+308 -1.580518454719150078e-03
1.083333333333333259e+00 -1.797693134862315708e+308 -3.664896000703071668e-03
1.104166666666666519e+00 -1.797693134862315708e+308 -4.056429914452786890e-04
1.125000000000000000e+00 -1.797693134862315708e+308 -6.462580818975208067e-04
1.145833333333333259e+00 -1.797693134862315708e+308 2.630800959805530605e-03
1.166666666666666519e+00 -1.797693134862315708e+308 1.325706885946510444e-03
1.187500000000000000e+00 -1.797693134862315708e+308 1.107615494738883270e-03
1.208333333333333259e+00 -1.797693134862315708e+308 1.070281296803832726e-04
1.229166666666666519e+00 -1.797693134862315708e+308 1.174502860932439934e-03
1.250000000000000000e+00 -1.797693134862315708e+308 -7.902512147728867108e-04
1.270833333333333259e+00 -1.797693134862315708e+308 1.441675247978675689e-03
1.291666666666666519e+00 -1.797693134862315708e+308 -5.386415648201246667e-04
1.312500000000000000e+00 -1.797693134862315708e+308 -1.613691330226453547e-04
1.333333333333333259e+00 -1.797693134862315708e+308 3.969190411163578489e-04
1.354166666666666519e+00 -1.797693134862315708e+308 -8.564489551742816799e-04
1.375000000000000000e+00 -1.797693134862315708e+308 3.776562902989019296e-03
1.395833333333333259e+00 -1.797693134862315708e+308 3.075725354280565895e-04
1.416666666666666519e+00 -1.797693134862315708e+308 -4.793394157321050042e-04
1.437500000000000000e+00 -1.797693134862315708e+308 -1.138202567040840982e-03
1.458333333333333259e+00 -1.797693134862315708e+308 -7.808193823071105360e-04
1.479166666666666519e+00 -1.797693134862315708e+308 -2.027775342508309392e-05
1.500000000000000000e+00 -1.797693134862315708e+308 7.292065915469420024e-04
1.520833333333333259e+00 -1.797693134862315708e+308 -1.831881826544256913e-03
1.541666666666666519e+00 -1.797693134862315708e+308 -5.478368586238444461e-04
1.562500000000000000e+00 -1.797693134862315708e+308 2.329989400268693382e-03
1.583333333333333259e+00 -1.797693134862315708e+308 4.334075827531475153e-04
1.604166666666666519e+00 -1.797693134862315708e+308 6.156083690221372210e-05
1.625000000000000000e+00 -1.797693134862315708e+308 -4.435856177182369428e-04
1.645833333333333259e+00 -1.797693134862315708e+308 -2.472240307811992481e-04
1.666666666666666519e+00 -1.797693134862315708e+308 2.207302849779703760e-04
1.687500000000000000e+00 -1.797693134862315708e+308 1.798031706539943153e-03
1.708333333333333259e+00 -1.797693134862315708e+308 1.739204949050186799e-03
1.729166666666666519e+00 -1.797693134862315708e+308 -6.403855548885806562e-04
1.750000000000000000e+00 -1.797693134862315708e+308 -1.058979940257316708e-03
1.770833333333333259e+00 -1.797693134862315708e+308 6.600619812497189381e-04
1.791666666666666519e+00 -1.797693134862315708e+308 -6.726700645016335219e-04
1.812500000000000000e+00 -1.797693134862315708e+308 1.267686436562547253e-03
1.833333333333333259e+00 -1.797693134862315708e+308 1.440022047710056829e-03
1.854166666666666519e+00 -1.797693134862315708e+308 -9.002750889966660165e-04
1.875000000000000000e+00 -1.797693134862315708e+308 -2.618588918323108347e-03
1.895833333333333259e+00 -1.797693134862315708e+308 -1.712580767601170565e-03
1.916666666666666519e+00 -1.797693134862315708e+308 -1.177959067587630793e-04
1.937500000000000000e+00 -1.797693134862315708e+308 -1.482238991292855832e-03
1.958333333333333259e+00 -1.797693134862315708e+308 3.941616744168739868e-04
1.979166666666666519e+00 -1.797693134862315708e+308 2.610763239372247062e-04
2.000000000000000000e+00 -1.797693134862315708e+308 5.003337250719238971e-05
2.020833333333333037e+00 -1.797693134862315708e+308 -1.928518668095525080e-04
2.041666666666666519e+00 -1.797693134862315708e+308 -8.820433274799069053e-04
2.062500000000000000e+00 -1.797693134862315708e+308 7.419942901874167912e-04
2.083333333333333037e+00 -1.797693134862315708e+308 -2.420667091443705083e-03
2.104166666666666519e+00 -1.797693134862315708e+308 5.401491608957563213e-04
2.125000000000000000e+00 -1.797693134862315708e+308 2.880868884152846393e-03
2.145833333333333037e+00 -1.797693134862315708e+308 1.620105520973845817e-03
2.166666666666666519e+00 -1.797693134862315708e+308 1.272955435644485586e-05
2.187500000000000000e+00 -1.797693134862315708e+308 -3.569042811179259857e-04
2.208333333333333037e+00 -1.797693134862315708e+308 4.861352516037057586e-04
2.229166666666666519e+00 -1.797693134862315708e+308 -1.733221679381663895e-04
2.250000000000000000e+00 -1.797693134862315708e+308 2.075026416486649636e-03
2.270833333333333037e+00 -1.797693134862315708e+308 -7.085624504360225027e-04
2.291666666666666519e+00 -1.797693134862315708e+308 -2.340340283545134148e-04
2.312500000000000000e+00 -1.797693134862315708e+308 -1.491405180280353480e-03
2.333333333333333037e+00 -1.797693134862315708e+308 7.293645977474017385e-04
2.354166666666666519e+00 -1.797693134862315708e+308 -1.988798812130620087e-03
2.375000000000000000e+00 -1.797693134862315708e+308 1.025399246343803184e-03
2.395833333333333037e+00 -1.797693134862315708e+308 6.800925578929384232e-04
2.416666666666666519e+00 -1.797693134862315708e+308 -1.603934230956282746e-03
2.437500000000000000e+00 -1.797693134862315708e+308 5.060620197662996480e-04
2.458333333333333037e+00 -1.797693134862315708e+308 -3.300935528440397519e-04
2.479166666666666519e+00 -1.797693134862315708e+308 -6.902477547573576937e-04
2.500000000000000000e+00 -1.797693134862315708e+308 -1.680195463139571828e-03
2.520833333333333037e+00 -1.797693134862315708e+308 -2.044829463234153037e-03
2.541666666666666519e+00 -1.797693134862315708e+308 -1.828283409652207113e-03
2.562500000000000000e+00 -1.797693134862315708e+308 -2.116254819996039090e-03
2.583333333333333037e+00 -1.797693134862315708e+308 3.487496110773172242e-05
2.604166666666666519e+00 -1.797693134862315708e+308 -1.284014182527861521e-03
2.625000000000000000e+00 -1.797693134862315708e+308 2.639068596021742433e-03
2.645833333333333037e+00 -1.797693134862315708e+308 4.468356733011098259e-04
2.666666666666666519e+00 -1.797693134862315708e+308 1.426042039975377587e-03
2.687500000000000000e+00 -1.797693134862315708e+308 -8.723468566498521551e-04
2.708333333333333037e+00 -1.797693134862315708e+308 1.943644505258908077e-03
2.729166666666666519e+00 -1.797693134862315708e+308 -5.629785644538409838e-04
2.750000000000000000e+00 -1.797693134862315708e+308 1.231291122359775767e-03
2.770833333333333037e+00 -1.797693134862315708e+308 4.270340123283426835e-04
2.791666666666666519e+00 -1.797693134862315708e+308 8.763074525543914197e-04
2.812500000000000000e+00 -1.797693134862315708e+308 -1.461703338570454185e-03
2.833333333333333037e+00 -1.797693134862315708e+308 -1.189778172235217901e-03
2.854166666666666519e+00 -1.797693134862315708e+308 1.169379402039351801e-03
2.875000000000000000e+00 -1.797693134862315708e+308 5.617815674103195968e-04
2.895833333333333037e+00 -1.797693134862315708e+308 -7.435742531611762600e-04
2.916666666666666519e+00 -1.797693134862315708e+308 7.349890087144997364e-04
2.937500000000000000e+00 -1.797693134862315708e+308 1.165929667278243223e-04
2.958333333333333037e+00 -1.797693134862315708e+308 -7.339174134093126968e-04
2.979166666666666519e+00 -1.797693134862315708e+308 2.553446824525197265e-03
3.000000000000000000e+00 -1.797693134862315708e+308 -2.878748414199120299e-03
3.020833333333333037e+00 -1.797693134862315708e+308 -3.646040410333273242e-04
3.041666666666666519e+00 -1.797693134862315708e+308 1.079345825630165798e-03
3.062500000000000000e+00 -1.797693134862315708e+308 5.167597778321243295e-04
3.083333333333333037e+00 -1.797693134862315708e+308 2.461992888131501588e-03
3.104166666666666519e+00 -1.797693134862315708e+308 7.336264874091612351e-04
3.125000000000000000e+00 -1.797693134862315708e+308 6.386539952163215565e-04
3.145833333333333037e+00 -1.797693134862315708e+308 -7.948685046110453385e-04
3.166666666666666519e+00 -1.797693134862315708e+308 2.034661157936462194e-03
3.187500000000000000e+00 -1.797693134862315708e+308 -7.517917175520263950e-04
3.208333333333333037e+00 -1.797693134862315708e+308 -4.348991722467374197e-04
3.229166666666666519e+00 -1.797693134862315708e+308 -4.360570702276513879e-04
3.250000000000000000e+00 -1.797693134862315708e+308 8.036870742045479745e-04
3.270833333333333037e+00 -1.797693134862315708e+308 -7.359440750817346525e-04
3.291666666666666519e+00 -1.797693134862315708e+308 -8.085618559137019328e-05
3.312500000000000000e+00 -1.797693134862315708e+308 -6.433840276565968392e-04
3.333333333333333037e+00 -1.797693134862315708e+308 -2.189337839328814751e-03
3.354166666666666519e+00 -1.797693134862315708e+308 -8.497113980742081012e-04
3.375000000000000000e+00 -1.797693134862315708e+308 2.569816894001137816e-03
3.395833333333333037e+00 -1.797693134862315708e+308 -4.938459059348730435e-04
3.416666666666666519e+00 -1.797693134862315708e+308 2.107574990637787484e-04
3.437500000000000000e+00 -1.797693134862315708e+308 3.235693382089947778e-03
3.458333333333333037e+00 -1.797693134862315708e+308 -9.756865897872403362e-04
3.479166666666666519e+00 -1.797693134862315708e+308 8.882593318474894502e-04
3.500000000000000000e+00 -1.797693134862315708e+308 1.521822371446463146e-03
3.520833333333333037e+00 -1.797693134862315708e+308 -1.192815833040704408e-03
3.541666666666666519e+00 -1.797693134862315708e+308 1.944965512749232068e-03
3.562500000000000000e+00 -1.797693134862315708e+308 1.129276677933991301e-03
3.583333333333333037e+00 -1.797693134862315708e+308 -1.492446571669570326e-03
3.604166666666666519e+00 -1.797693134862315708e+308 9.429241385477426011e-05
3.625000000000000000e+00 -1.797693134862315708e+308 -1.524449045916451400e-03
3.645833333333333037e+00 -1.797693134862315708e+308 3.516094331690065161e-03
3.666666666666666519e+00 -1.797693134862315708e+308 2.661113327977998599e-03
3.687500000000000000e+00 -1.797693134862315708e+308 2.630827108002446176e-05
3.708333333333333037e+00 -1.797693134862315708e+308 -8.471551101712860915e-04
3.729166666666666519e+00 -1.797693134862315708e+308 5.655724063232050883e-04
3.750000000000000000e+00 -1.797693134862315708e+308 -1.428394568134363487e-03
3.770833333333333037e+00 -1.797693134862315708e+308 -2.988169419970546125e-04
3.791666666666666519e+00 -1.797693134862315708e+308 -1.394227299523709490e-03
3.812500000000000000e+00 -1.797693134862315708e+308 -3.217074202216061167e-04
3.833333333333333037e+00 -1.797693134862315708e+308 5.231156339249773933e-04
3.854166666666666519e+00 -1.797693134862315708e+308 4.107271976110412996e-04
3.875000000000000000e+00 -1.797693134862315708e+308 9.105060105525930331e-04
3.895833333333333037e+00 -1.797693134862315708e+308 -6.344970740619829261e-04
3.916666666666666519e+00 -1.797693134862315708e+308 1.102432160868995186e-03
3.937500000000000000e+00 -1.797693134862315708e+308 1.177872366139856634e-04
3.958333333333333037e+00 -1.797693134862315708e+308 4.450126613664926053e-04
3.979166666666666519e+00 -1.797693134862315708e+308 1.879469195722580218e-03
4.000000000000000000e+00 -1.797693134862315708e+308 5.613101943852711082e-05
4.020833333333333037e+00 -1.797693134862315708e+308 -1.204346385522001711e-03
4.041666666666666075e+00 -1.797693134862315708e+308 8.609336097477528638e-04
4.062500000000000000e+00 -1.797693134862315708e+308 -1.291246324838340705e-03
4.083333333333333037e+00 -1.797693134862315708e+308 1.089927374831586642e-04
4.104166666666666075e+00 -1.797693134862315708e+308 -6.260454115754250952e-05
4.125000000000000000e+00 -1.797693134862315708e+308 -2.627445229260818183e-03
4.145833333333333037e+00 -1.797693134862315708e+308 -1.792138234747391642e-03
4.166666666666666075e+00 -1.797693134862315708e+308 -1.157093298825222476e-03
4.187500000000000000e+00 -1.797693134862315708e+308 4.281180067348669600e-04
4.208333333333333037e+00 -1.797693134862315708e+308 1.133786175506380171e-03
4.229166666666666075e+00 -1.797693134862315708e+308 9.022962122180588223e-05
4.250000000000000000e+00 -1.797693134862315708e+308 2.909366153778805697e-03
4.270833333333333037e+00 -1.797693134862315708e+308 1.024781299337856801e-03
4.291666666666666075e+00 -1.797693134862315708e+308 -1.928637851409084917e-03
4.312500000000000000e+00 -1.797693134862315708e+308 7.957018837128680775e-04
4.333333333333333037e+00 -1.797693134862315708e+308 -1.250711410028205453e-03
4.354166666666666075e+00 -1.797693134862315708e+308 -9.832521426801652063e-04
4.375000000000000000e+00 -1.797693134862315708e+308 -3.576990937407047112e-04
4.395833333333333037e+00 -1.797693134862315708e+308 -2.990607682244066415e-04
4.416666666666666075e+00 -1.797693134862315708e+308 4.213101263333877511e-04
4.437500000000000000e+00 -1.797693134862315708e+308 9.541696373461324050e-04
4.458333333333333037e+00 -1.797693134862315708e+308 1.389263905947090740e-03
4.479166666666666075e+00 -1.797693134862315708e+308 -6.998872880292059031e-04
4.500000000000000000e+00 -1.797693134862315708e+308 1.183848346098008772e-04
4.520833333333333037e+00 -1.797693134862315708e+308 1.474568602938079124e-03
4.541666666666666075e+00 -1.797693134862315708e+308 -1.374937961976044299e-03
4.562500000000000000e+00 -1.797693134862315708e+308 1.261250343463729030e-03
4.583333333333333037e+00 -1.797693134862315708e+308 9.208809204115831100e-04
4.604166666666666075e+00 -1.797693134862315708e+308 -4.423148742697314466e-04
4.625000000000000000e+00 -1.797693134862315708e+308 1.525860969594493863e-03
4.645833333333333037e+00 -1.797693134862315708e+308 5.236977947709911497e-04
4.666666666666666075e+00 -1.797693134862315708e+308 8.979268357134520626e-04
4.687500000000000000e+00 -1.797693134862315708e+308 2.006096764393153990e-03
4.708333333333333037e+00 -1.797693134862315708e+308 -1.045811280292552141e-04
4.729166666666666075e+00 -1.797693134862315708e+308 -1.408263913991070855e-03
4.750000000000000000e+00 -1.797693134862315708e+308 -5.619403091495873623e-04
4.770833333333333037e+00 -1.797693134862315708e+308 -1.356188921830537826e-03
4.791666666666666075e+00 -1.797693134862315708e+308 1.266892055273883275e-03
4.812500000000000000e+00 -1.797693134862315708e+308 -4.609969633630190528e-04
4.833333333333333037e+00 -1.797693134862315708e+308 -5.494511704225837683e-04
4.854166666666666075e+00 -1.797693134862315708e+308 -7.943825487819095076e-04
4.875000000000000000e+00 -1.797693134862315708e+308 1.384835030576222602e-03
4.895833333333333037e+00 -1.797693134862315708e+308 3.757184497632007868e-04
4.916666666666666075e+00 -1.797693134862315708e+308 9.614479444279041935e-04
4.937500000000000000e+00 -1.797693134862315708e+308 2.866305208497861102e-04
4.958333333333333037e+00 -1.797693134862315708e+308 -9.259936221679836458e-04
4.979166666666666075e+00 -1.797693134862315708e+308 -1.150700487540364577e-03
5.000000000000000000e+00 -1.797693134862315708e+308 1.495346938506495436e-03
5.020833333333333037e+00 -1.797693134862315708e+308 -3.623873152096539901e-04
5.041666666666666075e+00 -1.797693134862315708e+308 8.351908415411788420e-04
5.062500000000000000e+00 -1.797693134862315708e+308 -1.434683535757978528e-03
5.083333333333333037e+00 -1.797693134862315708e+308 -3.859226312870643128e-04
5.104166666666666075e+00 -1.797693134862315708e+308 -7.137792468704092039e-04
5.125000000000000000e+00 -1.797693134862315708e+308 -1.085677892372857419e-03
5.145833333333333037e+00 -1.797693134862315708e+308 6.918682022000610535e-04
5.166666666666666075e+00 -1.797693134862315708e+308 1.066276590067386345e-03
5.187500000000000000e+00 -1.797693134862315708e+308 -3.383945261000264443e-04
5.208333333333333037e+00 -1.797693134862315708e+308 2.602007718681615886e-03
5.229166666666666075e+00 -1.797693134862315708e+308 -5.339520218980018713e-05
5.250000000000000000e+00 -1.797693134862315708e+308 -2.031483403757897935e-03
5.270833333333333037e+00 -1.797693134862315708e+308 6.306735093170710458e-04
5.291666666666666075e+00 -1.797693134862315708e+308 -1.631402028336043910e-03
5.312500000000000000e+00 -1.797693134862315708e+308 -4.961327634957900679e-04
5.333333333333333037e+00 -1.797693134862315708e+308 3.177292401349211099e-04
5.354166666666666075e+00 -1.797693134862315708e+308 1.420951988536016657e-03
5.375000000000000000e+00 -1.797693134862315708e+308 6.799077796904584581e-04
5.395833333333333037e+00 -1.797693134862315708e+308 -9.185399426532327161e-04
5.416666666666666075e+00 -1.797693134862315708e+308 1.582169101690055271e-03
5.437500000000000000e+00 -1.797693134862315708e+308 3.003196945493473522e-04
5.458333333333333037e+00 -1.797693134862315708e+308 1.585376261307799286e-03
5.479166666666666075e+00 -1.797693134862315708e+308 1.621651245420162920e-03
5.500000000000000000e+00 -1.797693134862315708e+308 8.961714592145013407e-06
5.520833333333333037e+00 -1.797693134862315708e+308 -9.137986959537483609e-04
5.541666666666666075e+00 -1.797693134862315708e+308 8.612010319125393666e-04
5.562500000000000000e+00 -1.797693134862315708e+308 7.700547377048613871e-05
5.583333333333333037e+00 -1.797693134862315708e+308 -1.034896406156062145e-04
5.604166666666666075e+00 -1.797693134862315708e+308 1.640361005142614644e-04
5.625000000000000000e+00 -1.797693134862315708e+308 -1.074213603336530553e-03
5.645833333333333037e+00 -1.797693134862315708e+308 -1.284642238253983285e-03
5.666666666666666075e+00 -1.797693134862315708e+308 -6.753558375214417262e-04
5.687500000000000000e+00 -1.797693134862315708e+308 1.776092477798288675e-04
5.708333333333333037e+00 -1.797693134862315708e+308 -4.064312389011032309e-04
5.729166666666666075e+00 -1.797693134862315708e+308 7.671447263757595484e-04
5.750000000000000000e+00 -1.797693134862315708e+308 9.079487484836082107e-04
5.770833333333333037e+00 -1.797693134862315708e+308 5.177177057272641745e-04
5.791666666666666075e+00 -1.797693134862315708e+308 -1.274844008722816327e-03
5.812500000000000000e+00 -1.797693134862315708e+308 -1.844670045803493237e-03
5.833333333333333037e+00 -1.797693134862315708e+308 -1.236051296118720636e-03
5.854166666666666075e+00 -1.797693134862315708e+308 -1.493298715308500040e-03
5.875000000000000000e+00 -1.797693134862315708e+308 9.958205887853023228e-04
5.895833333333333037e+00 -1.797693134862315708e+308 9.600036695184643951e-04
5.916666666666666075e+00 -1.797693134862315708e+308 -2.080321518208588013e-03
5.937500000000000000e+00 -1.797693134862315708e+308 -5.472293427960728740e-04
5.958333333333333037e+00 -1.797693134862315708e+308 -2.169261700542102862e-04
5.979166666666666075e+00 -1.797693134862315708e+308 -1.127735325431408102e-03
6.000000000000000000e+00 -1.797693134862315708e+308 -4.172115959861829996e-04
6.020833333333333037e+00 -1.797693134862315708e+308 -1.107328447006329392e-03
6.041666666666666075e+00 -1.797693134862315708e+308 -5.794800570907774739e-04
6.062500000000000000e+00 -1.797693134862315708e+308 -4.912446500215009279e-05
6.083333333333333037e+00 -1.797693134862315708e+308 3.887594034608158320e-04
6.104166666666666075e+00 -1.797693134862315708e+308 -1.045529971173616473e-03
6.125000000000000000e+00 -1.797693134862315708e+308 8.516976611826798963e-04
6.145833333333333037e+00 -1.797693134862315708e+308 -1.102191223729379835e-03
6.166666666666666075e+00 -1.797693134862315708e+308 -4.922158435005841073e-04
6.187500000000000000e+00 -1.797693134862315708e+308 -3.029821795669286892e-04
6.208333333333333037e+00 -1.797693134862315708e+308 -1.200848664167466703e-03
6.229166666666666075e+00 -1.797693134862315708e+308 5.239399114336118100e-04
6.250000000000000000e+00 -1.797693134862315708e+308 -8.684893720332416281e-04
6.270833333333333037e+00 -1.797693134862315708e+308 -1.212542158827526698e-03
6.291666666666666075e+00 -1.797693134862315708e+308 2.030815754220434421e-03
6.312500000000000000e+00 -1.797693134862315708e+308 -3.835087021411576224e-04
6.333333333333333037e+00 -1.797693134862315708e+308 -5.692195967016315051e-04
6.354166666666666075e+00 -1.797693134862315708e+308 -2.915123627654318209e-03
6.375000000000000000e+00 -1.797693134862315708e+308 -2.536704527764903480e-04
6.395833333333333037e+00 -1.797693134862315708e+308 1.849967876699135918e-03
6.416666666666666075e+00 -1.797693134862315708e+308 -4.982081264133734599e-04
6.437500000000000000e+00 -1.797693134862315708e+308 -4.387947556159359241e-04
6.458333333333333037e+00 -1.797693134862315708e+308 9.120663636917281060e-04
6.479166666666666075e+00 -1.797693134862315708e+308 1.019657434290266928e-03
6.500000000000000000e+00 -1.797693134862315708e+308 1.414100307544097993e-03
6.520833333333333037e+00 -1.797693134862315708e+308 8.157939682305144144e-04
6.541666666666666075e+00 -1.797693134862315708e+308 -3.428410402632728923e-04
6.562500000000000000e+00 -1.797693134862315708e+308 -9.149266573894181175e-04
6.583333333333333037e+00 -1.797693134862315708e+308 6.792993107369558765e-04
6.604166666666666075e+00 -1.797693134862315708e+308 6.241341207046457529e-04
6.625000000000000000e+00 -1.797693134862315708e+308 5.985349207085067895e-04
6.645833333333333037e+00 -1.797693134862315708e+308 -8.565434340475189300e-04
6.666666666666666075e+00 -1.797693134862315708e+308 -6.285805256609846865e-04
6.687500000000000000e+00 -1.797693134862315708e+308 1.890047331045575452e-03
6.708333333333333037e+00 -1.797693134862315708e+308 -4.968821816277958422e-04
6.729166666666666075e+00 -1.797693134862315708e+308 7.441821371943242855e-04
6.750000000000000000e+00 -1.797693134862315708e+308 -4.987598842976086187e-06
6.770833333333333037e+00 -1.797693134862315708e+308 -2.118268937756479214e-03
6.791666666666666075e+00 -1.797693134862315708e+308 6.765356900011247317e-04
6.812500000000000000e+00 -1.797693134862315708e+308 -1.321104051327471815e-03
6.833333333333333037e+00 -1.797693134862315708e+308 1.987079343182761824e-03
6.854166666666666075e+00 -1.797693134862315708e+308 -5.026670989226743498e-04
6.875000000000000000e+00 -1.797693134862315708e+308 -8.275270188899335562e-04
6.895833333333333037e+00 -1.797693134862315708e+308 -2.735890340825278960e-04
6.916666666666666075e+00 -1.797693134862315708e+308 -9.846376798927609182e-05
6.937500000000000000e+00 -1.797693134862315708e+308 -5.488508257027240001e-04
6.958333333333333037e+00 -1.797693134862315708e+308 -4.695369529159128426e-04
6.979166666666666075e+00 -1.797693134862315708e+308 1.285434620827633238e-03
7.000000000000000000e+00 -1.797693134862315708e+308 1.509059309165439438e-04
7.020833333333333037e+00 -1.797693134862315708e+308 8.927469479429887876e-04
7.041666666666666075e+00 -1.797693134862315708e+308 7.615254547736274046e-05
7.062500000000000000e+00 -1.797693134862315708e+308 7.259829721495076119e-04
7.083333333333333037e+00 -1.797693134862315708e+308 -8.338407385705048566e-04
7.104166666666666075e+00 -1.797693134862315708e+308 1.885285506614063850e-03
7.125000000000000000e+00 -1.797693134862315708e+308 -1.155186740120397798e-03
7.145833333333333037e+00 -1.797693134862315708e+308 -2.185254637795579127e-03
7.166666666666666075e+00 -1.797693134862315708e+308 -1.718583034977259894e-03
7.187500000000000000e+00 -1.797693134862315708e+308 -1.275089524769768305e-03
7.208333333333333037e+00 -1.797693134862315708e+308 -3.961851930952595244e-04
7.229166666666666075e+00 -1.797693134862315708e+308 2.064807962745402597e-03
7.250000000000000000e+00 -1.797693134862315708e+308 -1.576287500616807558e-03
7.270833333333333037e+00 -1.797693134862315708e+308 8.327335733375938699e-04
7.291666666666666075e+00 -1.797693134862315708e+308 -1.212599634338485137e-03
7.312500000000000000e+00 -1.797693134862315708e+308 1.625992549959224360e-03
7.333333333333333037e+00 -1.797693134862315708e+308 6.575529858853174439e-04
7.354166666666666075e+00 -1.797693134862315708e+308 2.248360085221030782e-03
7.375000000000000000e+00 -1.797693134862315708e+308 -3.764251397519963269e-04
7.395833333333333037e+00 -1.797693134862315708e+308 9.369646041957747744e-04
7.416666666666666075e+00 -1.797693134862315708e+308 1.028161073385179102e-03
7.437500000000000000e+00 -1.797693134862315708e+308 -5.716592212949252790e-04
7.458333333333333037e+00 -1.797693134862315708e+308 -1.534827214089441705e-04
7.479166666666666075e+00 -1.797693134862315708e+308 -8.281934163394546284e-04
7.500000000000000000e+00 -1.797693134862315708e+308 -1.020032995806767918e-03
7.520833333333333037e+00 -1.797693134862315708e+308 -8.070689281058532165e-04
7.541666666666666075e+00 -1.797693134862315708e+308 -1.511495702579754860e-03
7.562500000000000000e+00 -1.797693134862315708e+308 9.803225835613520699e-04
7.583333333333333037e+00 -1.797693134862315708e+308 -1.857527009422371342e-04
7.604166666666666075e+00 -1.797693134862315708e+308 -1.176012375705510040e-03
7.625000000000000000e+00 -1.797693134862315708e+308 -2.697418151160258556e-05
7.645833333333333037e+00 -1.797693134862315708e+308 3.111408467413952130e-04
7.666666666666666075e+00 -1.797693134862315708e+308 -4.900324887100812469e-04
7.687500000000000000e+00 -1.797693134862315708e+308 1.231852342009163255e-03
7.708333333333333037e+00 -1.797693134862315708e+308 -3.697994753906845827e-04
7.729166666666666075e+00 -1.797693134862315708e+308 1.080396488878741513e-04
7.750000000000000000e+00 -1.797693134862315708e+308 2.655221176580933179e-03
7.770833333333333037e+00 -1.797693134862315708e+308 -7.523170084823214672e-04
7.791666666666666075e+00 -1.797693134862315708e+308 -2.095766617567379768e-05
7.812500000000000000e+00 -1.797693134862315708e+308 2.921206185090495207e-04
7.833333333333333037e+00 -1.797693134862315708e+308 -1.613911786058816553e-03
7.854166666666666075e+00 -1.797693134862315708e+308 -5.885045045972037581e-04
7.875000000000000000e+00 -1.797693134862315708e+308 9.138006702240000908e-04
7.895833333333333037e+00 -1.797693134862315708e+308 1.947253922514129675e-03
7.916666666666666075e+00 -1.797693134862315708e+308 -9.138676110822319728e-04
7.937500000000000000e+00 -1.797693134862315708e+308 5.275990291538853755e-04
7.958333333333333037e+00 -1.797693134862315708e+308 -4.125520253830791055e-04
7.979166666666666075e+00 -1.797693134862315708e+308 -6.094148821653297887e-04
8.000000000000000000e+00 -1.797693134862315708e+308 -1.563284903673612140e-03
8.020833333333332149e+00 -1.797693134862315708e+308 4.340273328876168013e-04
8.041666666666666075e+00 -1.797693134862315708e+308 -2.660536096573122133e-03
8.062500000000000000e+00 -1.797693134862315708e+308 7.392969733351699132e-04
8.083333333333332149e+00 -1.797693134862315708e+308 2.327991345883133724e-04
8.104166666666666075e+00 -1.797693134862315708e+308 3.186150741640199889e-04
8.125000000000000000e+00 -1.797693134862315708e+308 -3.203462211043794873e-04
8.145833333333332149e+00 -1.797693134862315708e+308 -1.669084374528079272e-03
8.166666666666666075e+00 -1.797693134862315708e+308 -1.992870795515249913e-03
8.187500000000000000e+00 -1.797693134862315708e+308 8.880668998072560670e-05
8.208333333333332149e+00 -1.797693134862315708e+308 5.868817020813045862e-04
8.229166666666666075e+00 -1.797693134862315708e+308 1.520944722725192666e-04
8.250000000000000000e+00 -1.797693134862315708e+308 -1.202158416856393417e-03
8.270833333333332149e+00 -1.797693134862315708e+308 1.043490110046057335e-03
8.291666666666666075e+00 -1.797693134862315708e+308 2.834414241523662992e-03
8.312500000000000000e+00 -1.797693134862315708e+308 -5.775008018918873073e-04
8.333333333333332149e+00 -1.797693134862315708e+308 -1.246886205295042903e-03
8.354166666666666075e+00 -1.797693134862315708e+308 -5.289595482673095520e-04
8.375000000000000000e+00 -1.797693134862315708e+308 2.177858018527044880e-03
8.395833333333332149e+00 -1.797693134862315708e+308 -1.051424640517078851e-03
8.416666666666666075e+00 -1.797693134862315708e+308 -6.475932208778482566e-04
8.437500000000000000e+00 -1.797693134862315708e+308 -2.477744656667116557e-04
8.458333333333332149e+00 -1.797693134862315708e+308 -4.143935294174379909e-04
8.479166666666666075e+00 -1.797693134862315708e+308 8.091313692989867247e-04
8.500000000000000000e+00 -1.797693134862315708e+308 -6.061990327632301454e-04
8.520833333333332149e+00 -1.797693134862315708e+308 -1.539540172667381310e-03
8.541666666666666075e+00 -1.797693134862315708e+308 1.649009094364730927e-04
8.562500000000000000e+00 -1.797693134862315708e+308 8.535388603514417404e-06
8.583333333333332149e+00 -1.797693134862315708e+308 2.466335807586193720e-03
8.604166666666666075e+00 -1.797693134862315708e+308 1.492016963298065753e-03
8.625000000000000000e+00 -1.797693134862315708e+308 2.230429805920492153e-03
8.645833333333332149e+00 -1.797693134862315708e+308 5.686087013311902133e-05
8.666666666666666075e+00 -1.797693134862315708e+308 5.111468765791433392e-04
8.687500000000000000e+00 -1.797693134862315708e+308 6.022757422718439139e-04
8.708333333333332149e+00 -1.797693134862315708e+308 6.207052331519297500e-06
8.729166666666666075e+00 -1.797693134862315708e+308 -2.003937811770027839e-03
8.750000000000000000e+00 -1.797693134862315708e+308 7.101943333557454979e-04
8.770833333333332149e+00 -1.797693134862315708e+308 2.608980566824325867e-04
8.791666666666666075e+00 -1.797693134862315708e+308 2.055895116293307307e-03
8.812500000000000000e+00 -1.797693134862315708e+308 1.349726572605904843e-03
8.833333333333332149e+00 -1.797693134862315708e+308 -6.319157589792465677e-04
8.854166666666666075e+00 -1.797693134862315708e+308 4.484996056162495219e-04
8.875000000000000000e+00 -1.797693134862315708e+308 -1.365957044602559602e-03
8.895833333333332149e+00 -1.797693134862315708e+308 1.476830001000295489e-03
8.916666666666666075e+00 -1.797693134862315708e+308 -2.237298054298030785e-04
8.937500000000000000e+00 -1.797693134862315708e+308 -1.655610806919759594e-03
8.958333333333332149e+00 -1.797693134862315708e+308 -2.717040177592162323e-03
8.979166666666666075e+00 -1.797693134862315708e+308 9.781943421599396428e-04
9.000000000000000000e+00 -1.797693134862315708e+308 7.461776294288493139e-04
9.020833333333332149e+00 -1.797693134862315708e+308 -1.163878187574355055e-03
9.041666666666666075e+00 -1.797693134862315708e+308 2.877186737471349506e-03
9.062500000000000000e+00 -1.797693134862315708e+308 -7.417895713639811612e-04
9.083333333333332149e+00 -1.797693134862315708e+308 1.975089579011327784e-03
9.104166666666666075e+00 -1.797693134862315708e+308 -8.988378248792804276e-04
9.125000000000000000e+00 -1.797693134862315708e+308 2.934857949003697700e-04
9.145833333333332149e+00 -1.797693134862315708e+308 -7.202075003807354879e-04
9.166666666666666075e+00 -1.797693134862315708e+308 2.594634806343212429e-03
9.187500000000000000e+00 -1.797693134862315708e+308 1.223653334302150526e-03
9.208333333333332149e+00 -1.797693134862315708e+308 3.242955544550883934e-04
9.229166666666666075e+00 -1.797693134862315708e+308 4.789960429109736358e-04
9.250000000000000000e+00 -1.797693134862315708e+308 1.895299398856960943e-04
9.270833333333332149e+00 -1.797693134862315708e+308 2.437318188955005509e-04
9.291666666666666075e+00 -1.797693134862315708e+308 -1.703343983814922498e-03
9.312500000000000000e+00 -1.797693134862315708e+308 5.486945213099355019e-04
9.333333333333332149e+00 -1.797693134862315708e+308 1.725009519661076327e-03
9.354166666666666075e+00 -1.797693134862315708e+308 -8.835085412630941035e-04
9.375000000000000000e+00 -1.797693134862315708e+308 -1.632156473140901299e-03
9.395833333333332149e+00 -1.797693134862315708e+308 -1.764123058815075026e-03
9.416666666666666075e+00 -1.797693134862315708e+308 -1.218605188809345321e-03
9.437500000000000000e+00 -1.797693134862315708e+308 1.214721430318381826e-03
9.458333333333332149e+00 -1.797693134862315708e+308 5.304963542692658169e-04
9.479166666666666075e+00 -1.797693134862315708e+308 -1.689276545932013977e-03
9.500000000000000000e+00 -1.797693134862315708e+308 1.764289139177102183e-03
9.520833333333332149e+00 -1.797693134862315708e+308 -4.564674751766305792e-04
9.541666666666666075e+00 -1.797693134862315708e+308 7.763580545714210543e-04
9.562500000000000000e+00 -1.797693134862315708e+308 -4.464402226693536466e-04
9.583333333333332149e+00 -1.797693134862315708e+308 -1.322744631336005222e-03
9.604166666666666075e+00 -1.797693134862315708e+308 1.621151333296134923e-04
9.625000000000000000e+00 -1.797693134862315708e+308 -5.096054371152218369e-04
9.645833333333332149e+00 -1.797693134862315708e+308 2.822399263536094815e-04
9.666666666666666075e+00 -1.797693134862315708e+308 4.378368598396645977e-05
9.687500000000000000e+00 -1.797693134862315708e+308 -1.499491869329478561e-03
9.708333333333332149e+00 -1.797693134862315708e+308 5.425163630526843184e-04
9.729166666666666075e+00 -1.797693134862315708e+308 -5.634059258107656197e-04
9.750000000000000000e+00 -1.797693134862315708e+308 5.960821938657187829e-04
9.770833333333332149e+00 -1.797693134862315708e+308 1.100894254278405888e-03
9.791666666666666075e+00 -1.797693134862315708e+308 5.734912956456375034e-04
9.812500000000000000e+00 -1.797693134862315708e+308 1.130825689309973700e-03
9.833333333333332149e+00 -1.797693134862315708e+308 2.118663295110931582e-03
9.854166666666666075e+00 -1.797693134862315708e+308 -4.055487135585630269e-04
9.875000000000000000e+00 -1.797693134862315708e+308 -8.213599127828015130e-04
9.895833333333332149e+00 -1.797693134862315708e+308 -1.322455091010621940e-03
9.916666666666666075e+00 -1.797693134862315708e+308 1.259767041335283248e-03
9.937500000000000000e+00 -1.797693134862315708e+308 -1.125723578404177984e-03
9.958333333333332149e+00 -1.797693134862315708e+308 7.837689061182878322e-04
9.979166666666666075e+00 -1.797693134862315708e+308 1.774972683590530847e-03
1.000000000000000000e+01 -1.797693134862315708e+308 -1.094293297271675897e-03
1.002083333333333215e+01 -1.797693134862315708e+308 1.794089904538572313e-03
1.004166666666666607e+01 -1.797693134862315708e+308 -1.270212499842275590e-03
1.006250000000000000e+01 -1.797693134862315708e+308 9.056639673719137128e-04
1.008333333333333215e+01 -1.797693134862315708e+308 1.649231093601485136e-05
1.010416666666666607e+01 -1.797693134862315708e+308 -1.927396878081863137e-03
1.012500000000000000e+01 -1.797693134862315708e+308 -8.857454686903114803e-05
1.014583333333333215e+01 -1.797693134862315708e+308 1.901318150403272017e-03
1.016666666666666607e+01 -1.797693134862315708e+308 -2.502712110978923569e-04
1.018750000000000000e+01 -1.797693134862315708e+308 -1.541071426757856461e-03
1.020833333333333215e+01 -1.797693134862315708e+308 1.164858998242093322e-03
1.022916666666666607e+01 -1.797693134862315708e+308 1.174039534719519082e-03
1.025000000000000000e+01 -1.797693134862315708e+308 -1.409267693832781448e-03
1.027083333333333215e+01 -1.797693134862315708e+308 1.386262131436555409e-04
1.029166666666666607e+01 -1.797693134862315708e+308 -1.654068898666545334e-03
1.031250000000000000e+01 -1.797693134862315708e+308 -1.832501202696471638e-03
1.033333333333333215e+01 -1.797693134862315708e+308 8.654567129896350132e-04
1.035416666666666607e+01 -1.797693134862315708e+308 9.075342943946453685e-04
1.037500000000000000e+01 -1.797693134862315708e+308 1.928703396133029952e-03
1.039583333333333215e+01 -1.797693134862315708e+308 9.357985825085628163e-04
1.041666666666666607e+01 -1.797693134862315708e+308 -2.695075081625338009e-04
1.043750000000000000e+01 -1.797693134862315708e+308 1.378166352832362832e-03
1.045833333333333215e+01 -1.797693134862315708e+308 -1.108381438834826847e-03
1.047916666666666607e+01 -1.797693134862315708e+308 -5.402187252960089859e-04
1.050000000000000000e+01 -1.797693134862315708e+308 1.361885758764722185e-04
1.052083333333333215e+01 -1.797693134862315708e+308 -5.879848558202530441e-04
1.054166666666666607e+01 -1.797693134862315708e+308 -2.320523042711181822e-04
1.056250000000000000e+01 -1.797693134862315708e+308 -1.059136732086744109e-03
1.058333333333333215e+01 -1.797693134862315708e+308 1.150701262051174231e-03
1.060416666666666607e+01 -1.797693134862315708e+308 1.832623389772851169e-03
1.062500000000000000e+01 -1.797693134862315708e+308 1.403065400372330122e-03
1.064583333333333215e+01 -1.797693134862315708e+308 2.363291693629439912e-03
1.066666666666666607e+01 -1.797693134862315708e+308 1.225638085475594082e-03
1.068750000000000000e+01 -1.797693134862315708e+308 1.035430645604654750e-03
1.070833333333333215e+01 -1.797693134862315708e+308 -1.644495432023450159e-03
1.072916666666666607e+01 -1.797693134862315708e+308 2.210595352874490627e-04
1.075000000000000000e+01 -1.797693134862315708e+308 -1.821281880922561575e-03
1.077083333333333215e+01 -1.797693134862315708e+308 1.361236343240904709e-03
1.079166666666666607e+01 -1.797693134862315708e+308 2.692065808632100403e-04
1.081250000000000000e+01 -1.797693134862315708e+308 -1.424924259674217669e-04
1.083333333333333215e+01 -1.797693134862315708e+308 -5.170582641663431329e-04
1.085416666666666607e+01 -1.797693134862315708e+308 -8.482248484014281737e-04
1.087500000000000000e+01 -1.797693134862315708e+308 -1.293495282472828956e-04
1.089583333333333215e+01 -1.797693134862315708e+308 -3.951880923210586601e-04
1.091666666666666607e+01 -1.797693134862315708e+308 4.301837839927677301e-04
1.093750000000000000e+01 -1.797693134862315708e+308 -1.613583055611214016e-03
1.095833333333333215e+01 -1.797693134862315708e+308 -5.583596185694862397e-04
1.097916666666666607e+01 -1.797693134862315708e+308 1.862518013367103287e-03
1.100000000000000000e+01 -1.797693134862315708e+308 -2.477521106162252056e-03
1.102083333333333215e+01 -1.797693134862315708e+308 -5.830001599434154677e-04
1.104166666666666607e+01 -1.797693134862315708e+308 -1.598219062837986882e-03
1.106250000000000000e+01 -1.797693134862315708e+308 4.594878618495643855e-04
1.108333333333333215e+01 -1.797693134862315708e+308 9.160948758177474283e-04
1.110416666666666607e+01 -1.797693134862315708e+308 -4.911869312348657052e-04
1.112500000000000000e+01 -1.797693134862315708e+308 -9.206364473340660154e-04
1.114583333333333215e+01 -1.797693134862315708e+308 -3.433862061849103945e-04
1.116666666666666607e+01 -1.797693134862315708e+308 1.132027049637738658e-03
1.118750000000000000e+01 -1.797693134862315708e+308 -9.824170245603591409e-04
1.120833333333333215e+01 -1.797693134862315708e+308 -3.695028747463091471e-04
1.122916666666666607e+01 -1.797693134862315708e+308 1.335026349302166409e-03
1.125000000000000000e+01 -1.797693134862315708e+308 -1.339858449207310650e-03
1.127083333333333215e+01 -1.797693134862315708e+308 -1.654306272085647117e-03
1.129166666666666607e+01 -1.797693134862315708e+308 8.667167257500511075e-04
1.131250000000000000e+01 -1.797693134862315708e+308 1.606120193134901678e-03
1.133333333333333215e+01 -1.797693134862315708e+308 9.293196149071583515e-04
1.135416666666666607e+01 -1.797693134862315708e+308 2.902245913445613765e-03
1.137500000000000000e+01 -1.797693134862315708e+308 -1.290466266006082057e-03
1.139583333333333215e+01 -1.797693134862315708e+308 -7.673352309543769994e-04
1.141666666666666607e+01 -1.797693134862315708e+308 4.941583625880265193e-04
1.143750000000000000e+01 -1.797693134862315708e+308 -2.863163624843062006e-03
1.145833333333333215e+01 -1.797693134862315708e+308 -6.265371359943931913e-04
1.147916666666666607e+01 -1.797693134862315708e+308 2.554809463132569521e-03
1.150000000000000000e+01 -1.797693134862315708e+308 1.562826757877633713e-03
1.152083333333333215e+01 -1.797693134862315708e+308 -1.315693933975337331e-03
1.154166666666666607e+01 -1.797693134862315708e+308 2.723646876194575801e-03
1.156250000000000000e+01 -1.797693134862315708e+308 1.884978695416637297e-03
1.158333333333333215e+01 -1.797693134862315708e+308 3.399714432914889670e-04
1.160416666666666607e+01 -1.797693134862315708e+308 -6.789573576241889410e-04
1.162500000000000000e+01 -1.797693134862315708e+308 9.015073597130298299e-04
1.164583333333333215e+01 -1.797693134862315708e+308 1.804267234479958043e-03
1.166666666666666607e+01 -1.797693134862315708e+308 1.504281200074892200e-04
1.168750000000000000e+01 -1.797693134862315708e+308 -9.927154341792590857e-04
1.170833333333333215e+01 -1.797693134862315708e+308 6.931145717830514532e-04
1.172916666666666607e+01 -1.797693134862315708e+308 5.447846172878868017e-04
1.175000000000000000e+01 -1.797693134862315708e+308 -1.868812313061224157e-03
1.177083333333333215e+01 -1.797693134862315708e+308 -1.723771883384379129e-03
1.179166666666666607e+01 -1.797693134862315708e+308 -1.253450922733089510e-03
1.181250000000000000e+01 -1.797693134862315708e+308 9.426617235194395842e-04
1.183333333333333215e+01 -1.797693134862315708e+308 -1.476743592840783605e-03
1.185416666666666607e+01 -1.797693134862315708e+308 -3.078918361421404131e-04
1.187500000000000000e+01 -1.797693134862315708e+308 3.133394601918469669e-04
1.189583333333333215e+01 -1.797693134862315708e+308 -1.271579917103350405e-03
1.191666666666666607e+01 -1.797693134862315708e+308 -1.300656436656295401e-03
1.193750000000000000e+01 -1.797693134862315708e+308 -1.108343976579335760e-03
1.195833333333333215e+01 -1.797693134862315708e+308 -3.957243988380690922e-04
1.197916666666666607e+01 -1.797693134862315708e+308 -1.254056903560153702e-03
1.200000000000000000e+01 -1.797693134862315708e+308 2.229675000103490106e-03
1.202083333333333215e+01 -1.797693134862315708e+308 5.825004704966358022e-04
1.204166666666666607e+01 -1.797693134862315708e+308 1.264393224531359375e-03
1.206250000000000000e+01 -1.797693134862315708e+308 -1.322033499032975769e-03
1.208333333333333215e+01 -1.797693134862315708e+308 -1.312823845259555346e-03
1.210416666666666607e+01 -1.797693134862315708e+308 -1.586327813038719038e-03
1.212500000000000000e+01 -1.797693134862315708e+308 -1.246134614242343057e-03
1.214583333333333215e+01 -1.797693134862315708e+308 7.521011529303503777e-04
1.216666666666666607e+01 -1.797693134862315708e+308 1.383286887803959970e-03
1.218750000000000000e+01 -1.797693134862315708e+308 1.328613560487086837e-03
1.220833333333333215e+01 -1.797693134862315708e+308 1.037997305085443592e-03
1.222916666666666607e+01 -1.797693134862315708e+308 -2.676496135182303716e-03
1.225000000000000000e+01 -1.797693134862315708e+308 -5.929927063249059837e-04
1.227083333333333215e+01 -1.797693134862315708e+308 4.254242606389208579e-04
1.229166666666666607e+01 -1.797693134862315708e+308 8.726484497370824928e-04
1.231250000000000000e+01 -1.797693134862315708e+308 -2.787221261795148268e-04
1.233333333333333215e+01 -1.797693134862315708e+308 3.993614805488704313e-04
1.235416666666666607e+01 -1.797693134862315708e+308 -1.692390925118515970e-04
1.237500000000000000e+01 -1.797693134862315708e+308 -2.984152594831597396e-04
1.239583333333333215e+01 -1.797693134862315708e+308 6.323049905408245847e-04
1.241666666666666607e+01 -1.797693134862315708e+308 -1.073479030146292593e-03
1.243750000000000000e+01 -1.797693134862315708e+308 -8.069631823502501937e-04
1.245833333333333215e+01 -1.797693134862315708e+308 3.631618344849693808e-04
1.247916666666666607e+01 -1.797693134862315708e+308 2.980377059418736624e-04
1.452083333333333215e+01 -1.797693134862315708e+308 4.035507009326191945e-05
1.454166666666666607e+01 -1.797693134862315708e+308 9.995947887792805235e-04
1.456250000000000000e+01 -1.797693134862315708e+308 -6.987015201632649228e-04
1.458333333333333215e+01 -1.797693134862315708e+308 2.795649652876537865e-04
1.460416666666666607e+01 -1.797693134862315708e+308 1.365018257417004556e-03
1.462500000000000000e+01 -1.797693134862315708e+308 -9.076773876819717746e-04
1.464583333333333215e+01 -1.797693134862315708e+308 -4.957855052462480485e-04
1.466666666666666607e+01 -1.797693134862315708e+308 1.578509154083930152e-03
1.468750000000000000e+01 -1.797693134862315708e+308 -4.329036065755408253e-04
1.470833333333333215e+01 -1.797693134862315708e+308 8.123483043784578313e-04
1.472916666666666607e+01 -1.797693134862315708e+308 -1.077871221355480380e-03
1.475000000000000000e+01 -1.797693134862315708e+308 -8.591102917370834445e-04
1.477083333333333215e+01 -1.797693134862315708e+308 -1.572706284051201501e-03
1.479166666666666607e+01 -1.797693134862315708e+308 -1.706161492722611936e-03
1.481250000000000000e+01 -1.797693134862315708e+308 1.391817171235233078e-03
1.483333333333333215e+01 -1.797693134862315708e+308 -1.549288572988800298e-04
1.485416666666666607e+01 -1.797693134862315708e+308 -8.587661823791700993e-04
1.487500000000000000e+01 -1.797693134862315708e+308 1.134523733427750735e-03
1.489583333333333215e+01 -1.797693134862315708e+308 2.389551888549998674e-04
1.491666666666666607e+01 -1.797693134862315708e+308 5.189264734919504666e-04
1.493750000000000000e+01 -1.797693134862315708e+308 1.217007593122805222e-04
1.495833333333333215e+01 -1.797693134862315708e+308 9.648666705191283810e-04
1.497916666666666607e+01 -1.797693134862315708e+308 -1.780171327699622960e-03
1.500000000000000000e+01 -1.797693134862315708e+308 -1.859169279710935329e-03
1.502083333333333215e+01 -1.797693134862315708e+308 -5.456708531932190354e-04
1.504166666666666607e+01 -1.797693134862315708e+308 1.128344275014286230e-04
1.506250000000000000e+01 -1.797693134862315708e+308 1.366218925091706733e-05
1.508333333333333215e+01 -1.797693134862315708e+308 -8.648956716635639247e-04
1.510416666666666607e+01 -1.797693134862315708e+308 5.598242449232720920e-04
1.512500000000000000e+01 -1.797693134862315708e+308 3.464164491887248968e-04
1.514583333333333215e+01 -1.797693134862315708e+308 -1.399490501902203316e-04
1.516666666666666607e+01 -1.797693134862315708e+308 -1.847648876357807089e-04
1.518750000000000000e+01 -1.797693134862315708e+308 1.531549235610702494e-03
1.520833333333333215e+01 -1.797693134862315708e+308 -3.536633613810636289e-04
1.522916666666666607e+01 -1.797693134862315708e+308 -1.597832065152020049e-03
1.525000000000000000e+01 -1.797693134862315708e+308 -1.395641135484914936e-03
1.527083333333333215e+01 -1.797693134862315708e+308 1.207665776100906325e-03
1.529166666666666607e+01 -1.797693134862315708e+308 -3.488394194074902221e-04
1.531250000000000000e+01 -1.797693134862315708e+308 3.146295750930432002e-04
1.533333333333333215e+01 -1.797693134862315708e+308 4.520639617468483369e-04
1.535416666666666607e+01 -1.797693134862315708e+308 -3.726917430730683408e-05
1.537500000000000000e+01 -1.797693134862315708e+308 -9.385219076220332980e-04
1.539583333333333215e+01 -1.797693134862315708e+308 -1.615844802281522915e-04
1.541666666666666607e+01 -1.797693134862315708e+308 7.902154025881254163e-04
1.543750000000000000e+01 -1.797693134862315708e+308 -1.159875575084866111e-03
1.545833333333333215e+01 -1.797693134862315708e+308 1.335663754794118837e-05
1.547916666666666607e+01 -1.797693134862315708e+308 5.391246999118515227e-05
1.550000000000000000e+01 -1.797693134862315708e+308 -1.562070927162377077e-03
1.552083333333333215e+01 -1.797693134862315708e+308 -4.008442665563879915e-04
1.554166666666666607e+01 -1.797693134862315708e+308 4.661373846417423794e-04
1.556250000000000000e+01 -1.797693134862315708e+308 4.729609664090097274e-05
1.558333333333333215e+01 -1.797693134862315708e+308 -1.056162954409772163e-03
1.560416666666666607e+01 -1.797693134862315708e+308 1.585658971081140402e-03
1.562500000000000000e+01 -1.797693134862315708e+308 -7.663912494640213275e-04
1.564583333333333215e+01 -1.797693134862315708e+308 1.005597631595441964e-03
1.566666666666666607e+01 -1.797693134862315708e+308 6.648782844011422166e-04
1.568750000000000000e+01 -1.797693134862315708e+308 4.965564200997716140e-05
1.570833333333333215e+01 -1.797693134862315708e+308 1.704903604857029064e-03
1.572916666666666607e+01 -1.797693134862315708e+308 3.052487470453107022e-03
1.575000000000000000e+01 -1.797693134862315708e+308 1.200083872438971336e-03
1.577083333333333215e+01 -1.797693134862315708e+308 6.662699881910667766e-04
1.579166666666666607e+01 -1.797693134862315708e+308 3.413332294123952015e-04
1.581250000000000000e+01 -1.797693134862315708e+308 1.503260792933885839e-04
1.583333333333333215e+01 -1.797693134862315708e+308 -1.732158773785074345e-03
1.585416666666666607e+01 -1.797693134862315708e+308 1.027466997941788984e-03
1.587500000000000000e+01 -1.797693134862315708e+308 -9.849437910680798082e-04
1.589583333333333215e+01 -1.797693134862315708e+308 -2.983711687882179605e-03
1.591666666666666607e+01 -1.797693134862315708e+308 1.277176427600967043e-04
1.593750000000000000e+01 -1.797693134862315708e+308 -4.551900522641464720e-04
1.595833333333333215e+01 -1.797693134862315708e+308 -1.815592129181968712e-03
1.597916666666666607e+01 -1.797693134862315708e+308 1.001960649186447094e-03
1.600000000000000000e+01 -1.797693134862315708e+308 2.657019436236960773e-04
1.602083333333333215e+01 -1.797693134862315708e+308 1.361144220041276762e-03
1.604166666666666430e+01 -1.797693134862315708e+308 -4.551768030745257775e-04
1.606250000000000000e+01 -1.797693134862315708e+308 -3.875412390538099318e-04
1.608333333333333215e+01 -1.797693134862315708e+308 3.859946759580011794e-04
1.610416666666666430e+01 -1.797693134862315708e+308 1.181160723785359013e-03
1.612500000000000000e+01 -1.797693134862315708e+308 2.563463783314782487e-04
1.614583333333333215e+01 -1.797693134862315708e+308 2.108897537561495086e-03
1.616666666666666430e+01 -1.797693134862315708e+308 -4.141616916580125691e-04
1.618750000000000000e+01 -1.797693134862315708e+308 -3.512135602518558805e-04
1.620833333333333215e+01 -1.797693134862315708e+308 -7.936513966769263677e-04
1.622916666666666430e+01 -1.797693134862315708e+308 -1.002662361139754470e-03
1.625000000000000000e+01 -1.797693134862315708e+308 -1.472650661003916794e-03
1.627083333333333215e+01 -1.797693134862315708e+308 -1.789053850484212654e-03
1.629166666666666430e+01 -1.797693134862315708e+308 -4.565376147703433798e-04
1.631250000000000000e+01 -1.797693134862315708e+308 5.749384284984373518e-04
1.633333333333333215e+01 -1.797693134862315708e+308 1.958519558747284697e-03
1.635416666666666430e+01 -1.797693134862315708e+308 -1.663139039043174349e-05
1.637500000000000000e+01 -1.797693134862315708e+308 -2.068507212622578643e-03
1.639583333333333215e+01 -1.797693134862315708e+308 1.031751872452769773e-03
1.641666666666666430e+01 -1.797693134862315708e+308 -1.003284570648026565e-03
1.643750000000000000e+01 -1.797693134862315708e+308 9.446418478191407090e-04
1.645833333333333215e+01 -1.797693134862315708e+308 2.438874083649999688e-04
1.647916666666666430e+01 -1.797693134862315708e+308 -6.324813070120790127e-04
1.650000000000000000e+01 -1.797693134862315708e+308 -4.540117347281944502e-04
1.652083333333333215e+01 -1.797693134862315708e+308 -6.736832113416016702e-04
1.654166666666666430e+01 -1.797693134862315708e+308 8.032887760810145409e-04
1.656250000000000000e+01 -1.797693134862315708e+308 -9.136859290548244097e-04
1.658333333333333215e+01 -1.797693134862315708e+308 -3.691339557410295625e-04
1.660416666666666430e+01 -1.797693134862315708e+308 -7.610913034649226597e-04
1.662500000000000000e+01 -1.797693134862315708e+308 -7.813728255666292860e-04
1.664583333333333215e+01 -1.797693134862315708e+308 9.239006749773223670e-04
1.666666666666666430e+01 -1.797693134862315708e+308 1.496669795687931509e-03
1.668750000000000000e+01 -1.797693134862315708e+308 -4.180608678408097322e-04
1.670833333333333215e+01 -1.797693134862315708e+308 2.061202523906975192e-04
1.672916666666666430e+01 -1.797693134862315708e+308 1.205086556539170612e-03
1.675000000000000000e+01 -1.797693134862315708e+308 9.856806400114980719e-04
1.677083333333333215e+01 -1.797693134862315708e+308 -6.106172416984548008e-04
1.679166666666666430e+01 -1.797693134862315708e+308 1.033558013501306803e-03
1.681250000000000000e+01 -1.797693134862315708e+308 1.264214864107809715e-04
1.683333333333333215e+01 -1.797693134862315708e+308 -1.572269387737134771e-03
1.685416666666666430e+01 -1.797693134862315708e+308 -4.699278010621088194e-04
1.687500000000000000e+01 -1.797693134862315708e+308 -1.174881022280849490e-03
1.689583333333333215e+01 -1.797693134862315708e+308 6.941624478888748723e-04
1.691666666666666430e+01 -1.797693134862315708e+308 9.370733928893034120e-04
1.693750000000000000e+01 -1.797693134862315708e+308 1.191925309184742841e-03
1.695833333333333215e+01 -1.797693134862315708e+308 -2.721067961641812812e-04
1.697916666666666430e+01 -1.797693134862315708e+308 -6.554367673216280211e-04
1.700000000000000000e+01 -1.797693134862315708e+308 -3.476910399455081799e-04
1.702083333333333215e+01 -1.797693134862315708e+308 5.458261209066536413e-05
1.704166666666666430e+01 -1.797693134862315708e+308 -8.466410119606437119e-04
1.706250000000000000e+01 -1.797693134862315708e+308 4.360480464340094390e-04
1.708333333333333215e+01 -1.797693134862315708e+308 1.153199940761453482e-03
1.710416666666666430e+01 -1.797693134862315708e+308 -2.178306186691320468e-03
1.712500000000000000e+01 -1.797693134862315708e+308 1.059381926508426485e-03
1.714583333333333215e+01 -1.797693134862315708e+308 1.071796262004269485e-03
1.716666666666666430e+01 -1.797693134862315708e+308 -1.559079448908243367e-03
1.718750000000000000e+01 -1.797693134862315708e+308 5.270397342950262388e-03
1.720833333333333215e+01 -1.797693134862315708e+308 1.079504823541605147e-03
1.722916666666666430e+01 -1.797693134862315708e+308 4.106613553340486881e-04
1.725000000000000000e+01 -1.797693134862315708e+308 -1.919083676704490650e-03
1.727083333333333215e+01 -1.797693134862315708e+308 2.396314461296513386e-04
1.729166666666666430e+01 -1.797693134862315708e+308 7.279043640592707421e-05
1.731250000000000000e+01 -1.797693134862315708e+308 6.646936054590356097e-04
1.733333333333333215e+01 -1.797693134862315708e+308 -5.960826487583026703e-04
1.735416666666666430e+01 -1.797693134862315708e+308 -1.292760157446294069e-03
1.737500000000000000e+01 -1.797693134862315708e+308 -1.379742601076118340e-03
1.739583333333333215e+01 -1.797693134862315708e+308 2.860384919106434185e-04
1.741666666666666430e+01 -1.797693134862315708e+308 -9.566615828122954210e-04
1.743750000000000000e+01 -1.797693134862315708e+308 3.224295902399578200e-04
1.745833333333333215e+01 -1.797693134862315708e+308 2.025240043049044564e-03
1.747916666666666430e+01 -1.797693134862315708e+308 -2.054115833545028594e-03
1.750000000000000000e+01 -1.797693134862315708e+308 -3.480890055069170734e-04
1.752083333333333215e+01 -1.797693134862315708e+308 2.694232092577736239e-03
1.754166666666666430e+01 -1.797693134862315708e+308 5.582015106586269608e-04
1.756250000000000000e+01 -1.797693134862315708e+308 2.190468796129126268e-03
1.758333333333333215e+01 -1.797693134862315708e+308 1.920172729581548325e-04
1.760416666666666430e+01 -1.797693134862315708e+308 1.963391550129364466e-03
1.762500000000000000e+01 -1.797693134862315708e+308 1.296959699756438213e-03
1.764583333333333215e+01 -1.797693134862315708e+308 1.402707833831799396e-03
1.766666666666666430e+01 -1.797693134862315708e+308 -1.427555458769048198e-03
1.768750000000000000e+01 -1.797693134862315708e+308 1.717864852532149196e-03
1.770833333333333215e+01 -1.797693134862315708e+308 8.496067752301537902e-05
1.772916666666666430e+01 -1.797693134862315708e+308 -5.649066974799486903e-04
1.775000000000000000e+01 -1.797693134862315708e+308 1.030931218417935119e-03
1.777083333333333215e+01 -1.797693134862315708e+308 -7.035800331242167849e-04
1.779166666666666430e+01 -1.797693134862315708e+308 -1.420163881093409282e-03
1.781250000000000000e+01 -1.797693134862315708e+308 1.369533714896917253e-04
1.783333333333333215e+01 -1.797693134862315708e+308 1.312335642315540576e-03
1.785416666666666430e+01 -1.797693134862315708e+308 -4.279548559947571481e-04
1.787500000000000000e+01 -1.797693134862315708e+308 8.044878198304212125e-04
1.789583333333333215e+01 -1.797693134862315708e+308 1.767498259894359014e-03
1.791666666666666430e+01 -1.797693134862315708e+308 -3.364621618365214569e-05
1.793750000000000000e+01 -1.797693134862315708e+308 -1.227345033124915591e-04
1.795833333333333215e+01 -1.797693134862315708e+308 -8.779926859760423192e-04
1.797916666666666430e+01 -1.797693134862315708e+308 -7.103616347137716239e-04
1.800000000000000000e+01 -1.797693134862315708e+308 -1.316506781885303195e-04
1.802083333333333215e+01 -1.797693134862315708e+308 -3.126713629917839826e-03
1.804166666666666430e+01 -1.797693134862315708e+308 2.244087561569145593e-04
1.806250000000000000e+01 -1.797693134862315708e+308 2.268889466124866632e-03
1.808333333333333215e+01 -1.797693134862315708e+308 1.323803907965496920e-04
1.810416666666666430e+01 -1.797693134862315708e+308 4.788415477655843611e-05
1.812500000000000000e+01 -1.797693134862315708e+308 -8.501180428343820591e-04
1.814583333333333215e+01 -1.797693134862315708e+308 8.063574093347442191e-04
1.816666666666666430e+01 -1.797693134862315708e+308 -4.007787284293065828e-04
1.818750000000000000e+01 -1.797693134862315708e+308 2.324215437345008434e-03
1.820833333333333215e+01 -1.797693134862315708e+308 5.986559488058885862e-04
1.822916666666666430e+01 -1.797693134862315708e+308 7.334313698052057637e-04
1.825000000000000000e+01 -1.797693134862315708e+308 4.682948688979325126e-04
1.827083333333333215e+01 -1.797693134862315708e+308 -4.934590001521165122e-04
1.829166666666666430e+01 -1.797693134862315708e+308 -3.190701058772996233e-03
1.831250000000000000e+01 -1.797693134862315708e+308 -5.676664863771758215e-04
1.833333333333333215e+01 -1.797693134862315708e+308 8.834348623129355737e-04
1.835416666666666430e+01 -1.797693134862315708e+308 -2.416955384437449901e-03
1.837500000000000000e+01 -1.797693134862315708e+308 5.569832376048120632e-04
1.839583333333333215e+01 -1.797693134862315708e+308 5.384478775765630170e-04
1.841666666666666430e+01 -1.797693134862315708e+308 7.280624736280084724e-04
1.843750000000000000e+01 -1.797693134862315708e+308 2.370478878488561979e-04
1.845833333333333215e+01 -1.797693134862315708e+308 3.105686876198182340e-04
1.847916666666666430e+01 -1.797693134862315708e+308 -4.608098046200132078e-04
1.850000000000000000e+01 -1.797693134862315708e+308 1.455014224247699536e-03
1.852083333333333215e+01 -1.797693134862315708e+308 -1.720091306192886348e-03
1.854166666666666430e+01 -1.797693134862315708e+308 -1.431645360593787955e-03
1.856250000000000000e+01 -1.797693134862315708e+308 -1.233932067624484222e-03
1.858333333333333215e+01 -1.797693134862315708e+308 -1.147773468183457216e-03
1.860416666666666430e+01 -1.797693134862315708e+308 8.569292077530370850e-04
1.862500000000000000e+01 -1.797693134862315708e+308 -3.478266345603552977e-04
1.864583333333333215e+01 -1.797693134862315708e+308 1.044646932549741624e-03
1.866666666666666430e+01 -1.797693134862315708e+308 -1.641628483345932733e-03
1.868750000000000000e+01 -1.797693134862315708e+308 -5.780737327495583154e-04
1.870833333333333215e+01 -1.797693134862315708e+308 -1.013087453246290731e-03
1.872916666666666430e+01 -1.797693134862315708e+308 5.134066854762819345e-05
1.875000000000000000e+01 -1.797693134862315708e+308 2.368455563564071111e-04
1.877083333333333215e+01 -1.797693134862315708e+308 2.609490815882463161e-04
1.879166666666666430e+01 -1.797693134862315708e+308 -8.488699513133371672e-04
1.881250000000000000e+01 -1.797693134862315708e+308 1.563252741056121850e-03
1.883333333333333215e+01 -1.797693134862315708e+308 -4.348955276014792996e-04
1.885416666666666430e+01 -1.797693134862315708e+308 9.936526426234950325e-04
1.887500000000000000e+01 -1.797693134862315708e+308 2.111439737551055497e-03
1.889583333333333215e+01 -1.797693134862315708e+308 1.655311128537474740e-03
1.891666666666666430e+01 -1.797693134862315708e+308 -1.634638224841052133e-03
1.893750000000000000e+01 -1.797693134862315708e+308 2.180514208352249666e-03
1.895833333333333215e+01 -1.797693134862315708e+308 -2.388068289715640448e-04
1.897916666666666430e+01 -1.797693134862315708e+308 8.438628708633420707e-04
1.900000000000000000e+01 -1.797693134862315708e+308 1.377237059773829130e-04
1.902083333333333215e+01 -1.797693134862315708e+308 -1.223630621622361982e-05
1.904166666666666430e+01 -1.797693134862315708e+308 1.027486479068206960e-04
1.906250000000000000e+01 -1.797693134862315708e+308 6.407644910101644321e-04
1.908333333333333215e+01 -1.797693134862315708e+308 1.060401417245933862e-03
1.910416666666666430e+01 -1.797693134862315708e+308 -1.182412942385839810e-03
1.912500000000000000e+01 -1.797693134862315708e+308 -2.123607226982566435e-03
1.914583333333333215e+01 -1.797693134862315708e+308 -5.929596783128555362e-04
1.916666666666666430e+01 -1.797693134862315708e+308 -1.708233126323857164e-03
1.918750000000000000e+01 -1.797693134862315708e+308 -1.213406225869334294e-03
1.920833333333333215e+01 -1.797693134862315708e+308 1.413079423237163226e-03
1.922916666666666430e+01 -1.797693134862315708e+308 7.153548204684083509e-04
1.925000000000000000e+01 -1.797693134862315708e+308 -1.010787548694192699e-03
1.927083333333333215e+01 -1.797693134862315708e+308 -8.425804197517490924e-04
1.929166666666666430e+01 -1.797693134862315708e+308 -7.540611006336410578e-04
1.931250000000000000e+01 -1.797693134862315708e+308 -6.198581455098101881e-04
1.933333333333333215e+01 -1.797693134862315708e+308 -3.408362474351986468e-04
1.935416666666666430e+01 -1.797693134862315708e+308 8.289254046994210792e-05
1.937500000000000000e+01 -1.797693134862315708e+308 1.118970665607647505e-03
1.939583333333333215e+01 -1.797693134862315708e+308 -3.495382587605011851e-04
1.941666666666666430e+01 -1.797693134862315708e+308 -2.339744526132479102e-03
1.943750000000000000e+01 -1.797693134862315708e+308 -1.567859709017510494e-05
1.945833333333333215e+01 -1.797693134862315708e+308 -2.888851010277150122e-04
1.947916666666666430e+01 -1.797693134862315708e+308 -6.977200896037940919e-04
1.950000000000000000e+01 -1.797693134862315708e+308 9.509764414007190053e-04
1.952083333333333215e+01 -1.797693134862315708e+308 -2.447676639722499992e-03
1.954166666666666430e+01 -1.797693134862315708e+308 -1.481771106691088255e-03
1.956250000000000000e+01 -1.797693134862315708e+308 -1.086788731989660065e-03
1.958333333333333215e+01 -1.797693134862315708e+308 1.881088301707892554e-03
1.960416666666666430e+01 -1.797693134862315708e+308 -1.238735982539138948e-03
1.962500000000000000e+01 -1.797693134862315708e+308 -6.036838442404097180e-04
1.964583333333333215e+01 -1.797693134862315708e+308 4.478224747107179015e-04
1.966666666666666430e+01 -1.797693134862315708e+308 4.040006336699413967e-05
1.968750000000000000e+01 -1.797693134862315708e+308 -2.820534057706965483e-03
1.970833333333333215e+01 -1.797693134862315708e+308 3.692314016762473198e-05
1.972916666666666430e+01 -1.797693134862315708e+308 -7.323844906936979003e-04
1.975000000000000000e+01 -1.797693134862315708e+308 3.852925147107493604e-04
1.977083333333333215e+01 -1.797693134862315708e+308 1.010135134964396325e-03
1.979166666666666430e+01 -1.797693134862315708e+308 1.675650175259593071e-04
1.981250000000000000e+01 -1.797693134862315708e+308 -9.714396722709005630e-04
1.983333333333333215e+01 -1.797693134862315708e+308 -3.137189828909902820e-03
1.985416666666666430e+01 -1.797693134862315708e+308 1.952023652667933800e-04
1.987500000000000000e+01 -1.797693134862315708e+308 5.874257908554712066e-04
1.989583333333333215e+01 -1.797693134862315708e+308 2.603191379470243131e-04
1.991666666666666430e+01 -1.797693134862315708e+308 -2.108430211173099086e-03
1.993750000000000000e+01 -1.797693134862315708e+308 -9.995671894229610742e-04
1.995833333333333215e+01 -1.797693134862315708e+308 -2.241988240633894201e-03
1.997916666666666430e+01 -1.797693134862315708e+308 5.022659544896218787e-05
2.000000000000000000e+01 -1.797693134862315708e+308 -1.061576670556284383e-03
2.002083333333333215e+01 -1.797693134862315708e+308 2.779753947896070596e-04
2.004166666666666430e+01 -1.797693134862315708e+308 -8.549423187310072189e-04
2.006250000000000000e+01 -1.797693134862315708e+308 -1.861220342107208466e-03
2.008333333333333215e+01 -1.797693134862315708e+308 -1.794774083648029758e-03
2.010416666666666430e+01 -1.797693134862315708e+308 6.760351624159879544e-04
2.012500000000000000e+01 -1.797693134862315708e+308 6.525809547166720823e-04
2.014583333333333215e+01 -1.797693134862315708e+308 -6.459992596461208670e-04
2.016666666666666430e+01 -1.797693134862315708e+308 -1.909951195496074417e-03
2.018750000000000000e+01 -1.797693134862315708e+308 -1.212901892552635487e-03
2.020833333333333215e+01 -1.797693134862315708e+308 3.986293653058894959e-04
2.022916666666666430e+01 -1.797693134862315708e+308 -6.897103607298030788e-04
2.025000000000000000e+01 -1.797693134862315708e+308 -1.226041676282622547e-03
2.027083333333333215e+01 -1.797693134862315708e+308 9.951596042581595854e-04
2.029166666666666430e+01 -1.797693134862315708e+308 1.858935980506674370e-04
2.031250000000000000e+01 -1.797693134862315708e+308 -1.236221556327307810e-03
2.033333333333333215e+01 -1.797693134862315708e+308 -2.049037129912147526e-03
2.035416666666666430e+01 -1.797693134862315708e+308 1.828670747195736829e-03
2.037500000000000000e+01 -1.797693134862315708e+308 6.456580556293287435e-04
2.039583333333333215e+01 -1.797693134862315708e+308 -1.220452837626250821e-03
2.041666666666666430e+01 -1.797693134862315708e+308 1.747384013619464381e-04
2.043750000000000000e+01 -1.797693134862315708e+308 -4.474907123910594323e-04
2.045833333333333215e+01 -1.797693134862315708e+308 -1.924155444901160493e-03
2.047916666666666430e+01 -1.797693134862315708e+308 -1.835190664394056696e-04
2.050000000000000000e+01 -1.797693134862315708e+308 -6.555724893884308123e-04
2.052083333333333215e+01 -1.797693134862315708e+308 1.388829591601676346e-04
2.054166666666666430e+01 -1.797693134862315708e+308 -1.255488540734645128e-03
2.056250000000000000e+01 -1.797693134862315708e+308 3.088948442286005343e-04
2.058333333333333215e+01 -1.797693134862315708e+308 1.320770547910817764e-04
2.060416666666666430e+01 -1.797693134862315708e+308 7.048399634886753093e-04
2.062500000000000000e+01 -1.797693134862315708e+308 -8.547391259805936633e-04
2.064583333333333215e+01 -1.797693134862315708e+308 1.565794789188100630e-03
2.066666666666666430e+01 -1.797693134862315708e+308 -2.584935977353570806e-04
2.068750000000000000e+01 -1.797693134862315708e+308 2.686104182896420587e-03
2.070833333333333215e+01 -1.797693134862315708e+308 3.296657574734169257e-04
2.072916666666666430e+01 -1.797693134862315708e+308 2.357346468598098128e-05
2.075000000000000000e+01 -1.797693134862315708e+308 -9.487123837260219789e-04
2.077083333333333215e+01 -1.797693134862315708e+308 1.293630339306204051e-03
2.079166666666666430e+01 -1.797693134862315708e+308 2.290442661100379907e-03
2.081250000000000000e+01 -1.797693134862315708e+308 6.596860238193511536e-04
2.083333333333333215e+01 -1.797693134862315708e+308 -3.195590217889453981e-04
2.085416666666666430e+01 -1.797693134862315708e+308 1.134441003438691256e-04
2.087500000000000000e+01 -1.797693134862315708e+308 1.815933501071024777e-03
2.089583333333333215e+01 -1.797693134862315708e+308 -4.884867268785504039e-04
2.091666666666666430e+01 -1.797693134862315708e+308 7.090916620199829866e-05
2.093750000000000000e+01 -1.797693134862315708e+308 -6.772612958580527575e-04
2.095833333333333215e+01 -1.797693134862315708e+308 7.666564216880504719e-04
2.097916666666666430e+01 -1.797693134862315708e+308 4.582365203621894222e-04
2.100000000000000000e+01 -1.797693134862315708e+308 4.524085569946821573e-04
2.102083333333333215e+01 -1.797693134862315708e+308 3.098200691479933056e-04
2.104166666666666430e+01 -1.797693134862315708e+308 -3.582328391099934522e-04
2.106250000000000000e+01 -1.797693134862315708e+308 4.710260319305677136e-04
2.108333333333333215e+01 -1.797693134862315708e+308 -3.569754568956008244e-04
2.110416666666666430e+01 -1.797693134862315708e+308 -1.996439054477569183e-03
2.112500000000000000e+01 -1.797693134862315708e+308 1.008493116546657587e-03
2.114583333333333215e+01 -1.797693134862315708e+308 -1.166416402084350604e-03
2.116666666666666430e+01 -1.797693134862315708e+308 1.074891527650611916e-03
2.118750000000000000e+01 -1.797693134862315708e+308 4.068603924875139428e-04
2.120833333333333215e+01 -1.797693134862315708e+308 9.082942927660430993e-04
2.122916666666666430e+01 -1.797693134862315708e+308 -1.896952003310817530e-04
2.125000000000000000e+01 -1.797693134862315708e+308 -2.515901789753368246e-03
2.127083333333333215e+01 -1.797693134862315708e+308 -2.754160425417109381e-04
2.129166666666666430e+01 -1.797693134862315708e+308 -1.906172624987747567e-03
2.131250000000000000e+01 -1.797693134862315708e+308 1.322736068298469665e-03
2.133333333333333215e+01 -1.797693134862315708e+308 6.557060606184472598e-04
2.135416666666666430e+01 -1.797693134862315708e+308 -2.383349126820759507e-03
2.137500000000000000e+01 -1.797693134862315708e+308 7.292666747039689172e-04
2.139583333333333215e+01 -1.797693134862315708e+308 -1.355363695141216507e-04
2.141666666666666430e+01 -1.797693134862315708e+308 -3.104456796478311485e-03
2.143750000000000000e+01 -1.797693134862315708e+308 -9.053126840920024685e-04
2.145833333333333215e+01 -1.797693134862315708e+308 -7.519881861855878726e-04
2.147916666666666430e+01 -1.797693134862315708e+308 3.966811892339050408e-04
2.150000000000000000e+01 -1.797693134862315708e+308 8.436979303969039930e-05
2.152083333333333215e+01 -1.797693134862315708e+308 -2.552165300953929215e-03
2.154166666666666430e+01 -1.797693134862315708e+308 1.110492862265307148e-03
2.156250000000000000e+01 -1.797693134862315708e+308 -9.030801246190083703e-04
2.158333333333333215e+01 -1.797693134862315708e+308 4.528224381959046062e-04
2.160416666666666430e+01 -1.797693134862315708e+308 -1.048023550001032055e-03
2.162500000000000000e+01 -1.797693134862315708e+308 8.996825134876982807e-04
2.164583333333333215e+01 -1.797693134862315708e+308 -7.736431794681744719e-05
2.166666666666666430e+01 -1.797693134862315708e+308 -1.396191066142191519e-03
2.168750000000000000e+01 -1.797693134862315708e+308 -1.532891129306208087e-03
2.170833333333333215e+01 -1.797693134862315708e+308 7.643624005893439070e-04
2.172916666666666430e+01 -1.797693134862315708e+308 5.893840361275015779e-04
2.175000000000000000e+01 -1.797693134862315708e+308 -6.300918264751267754e-04
2.177083333333333215e+01 -1.797693134862315708e+308 6.763372890682298015e-04
2.179166666666666430e+01 -1.797693134862315708e+308 1.718882139069864918e-03
2.181250000000000000e+01 -1.797693134862315708e+308 -2.276444441509229539e-04
2.183333333333333215e+01 -1.797693134862315708e+308 -1.665547287447155782e-03
2.185416666666666430e+01 -1.797693134862315708e+308 1.498427114075324799e-03
2.187500000000000000e+01 -1.797693134862315708e+308 -6.944422914352982876e-04
2.189583333333333215e+01 -1.797693134862315708e+308 -2.584927317647369447e-04
2.191666666666666430e+01 -1.797693134862315708e+308 -1.856269747444359679e-03
2.193750000000000000e+01 -1.797693134862315708e+308 6.432192500699238568e-04
2.195833333333333215e+01 -1.797693134862315708e+308 3.802596633538567954e-04
2.197916666666666430e+01 -1.797693134862315708e+308 -8.164513052183943343e-04
2.200000000000000000e+01 -1.797693134862315708e+308 3.758051472096963618e-04
2.202083333333333215e+01 -1.797693134862315708e+308 -4.877619651701632143e-04
2.204166666666666430e+01 -1.797693134862315708e+308 -8.251858290171375796e-04
2.206250000000000000e+01 -1.797693134862315708e+308 -2.052005606095284179e-03
2.208333333333333215e+01 -1.797693134862315708e+308 1.159446541455868814e-03
2.210416666666666430e+01 -1.797693134862315708e+308 1.734537716708618477e-04
2.212500000000000000e+01 -1.797693134862315708e+308 2.077085079310864082e-03
2.214583333333333215e+01 -1.797693134862315708e+308 1.489777508327115065e-03
2.216666666666666430e+01 -1.797693134862315708e+308 -5.125282189647083946e-04
2.218750000000000000e+01 -1.797693134862315708e+308 7.882491322294799506e-04
2.220833333333333215e+01 -1.797693134862315708e+308 -1.064447622329895132e-03
2.222916666666666430e+01 -1.797693134862315708e+308 1.556326587557187060e-04
2.225000000000000000e+01 -1.797693134862315708e+308 2.081730623711960070e-03
2.227083333333333215e+01 -1.797693134862315708e+308 3.166679093505300659e-04
2.229166666666666430e+01 -1.797693134862315708e+308 5.704042820567862887e-04
2.231250000000000000e+01 -1.797693134862315708e+308 -1.210271910938388699e-03
2.233333333333333215e+01 -1.797693134862315708e+308 -3.053436307418969922e-04
2.235416666666666430e+01 -1.797693134862315708e+308 -2.402841635386430280e-04
2.237500000000000000e+01 -1.797693134862315708e+308 6.996498560570919628e-04
2.239583333333333215e+01 -1.797693134862315708e+308 -1.065525096860682995e-03
2.241666666666666430e+01 -1.797693134862315708e+308 -8.576375225825019722e-04
2.243750000000000000e+01 -1.797693134862315708e+308 2.369121470153346017e-03
2.245833333333333215e+01 -1.797693134862315708e+308 2.151875151934743140e-03
2.247916666666666430e+01 -1.797693134862315708e+308 1.231100249647928361e-03
2.250000000000000000e+01 -1.797693134862315708e+308 -5.728823649944881193e-04
2.252083333333333215e+01 -1.797693134862315708e+308 -8.722555118921052585e-04
2.254166666666666430e+01 -1.797693134862315708e+308 -3.070795223115681065e-04
2.256250000000000000e+01 -1.797693134862315708e+308 1.715057940258456030e-03
2.258333333333333215e+01 -1.797693134862315708e+308 1.066817344830104427e-03
2.260416666666666430e+01 -1.797693134862315708e+308 9.877269686771102813e-04
2.262500000000000000e+01 -1.797693134862315708e+308 7.479566794871600390e-04
2.264583333333333215e+01 -1.797693134862315708e+308 1.529645753113286627e-03
2.266666666666666430e+01 -1.797693134862315708e+308 -2.393810027832402086e-04
2.268750000000000000e+01 -1.797693134862315708e+308 8.355667350184367830e-04
2.270833333333333215e+01 -1.797693134862315708e+308 -1.871308726184985971e-03
2.272916666666666430e+01 -1.797693134862315708e+308 -1.442862732380255667e-03
2.275000000000000000e+01 -1.797693134862315708e+308 -4.967892784239741734e-04
2.277083333333333215e+01 -1.797693134862315708e+308 7.806269608676383613e-04
2.279166666666666430e+01 -1.797693134862315708e+308 -4.436120034480632536e-04
2.281250000000000000e+01 -1.797693134862315708e+308 9.476216169618553557e-04
2.283333333333333215e+01 -1.797693134862315708e+308 8.185176239322461975e-04
2.285416666666666430e+01 -1.797693134862315708e+308 1.062636463577934553e-03
2.287500000000000000e+01 -1.797693134862315708e+308 -4.830341894999078687e-04
2.289583333333333215e+01 -1.797693134862315708e+308 1.120685053312768867e-03
2.291666666666666430e+01 -1.797693134862315708e+308 -2.898207405326241404e-04
2.293750000000000000e+01 -1.797693134862315708e+308 5.013041996045288114e-04
2.295833333333333215e+01 -1.797693134862315708e+308 -2.942906150304775044e-03
2.297916666666666430e+01 -1.797693134862315708e+308 7.447770050054222527e-04
2.300000000000000000e+01 -1.797693134862315708e+308 2.408742516702724344e-06
2.302083333333333215e+01 -1.797693134862315708e+308 9.048395336506850038e-04
2.304166666666666430e+01 -1.797693134862315708e+308 -1.070795277435990749e-04
2.306250000000000000e+01 -1.797693134862315708e+308 8.714945580445122939e-04
2.308333333333333215e+01 -1.797693134862315708e+308 9.315857627230267378e-04
2.310416666666666430e+01 -1.797693134862315708e+308 -8.513668771750320394e-04
2.312500000000000000e+01 -1.797693134862315708e+308 -2.761918401425889199e-04
2.314583333333333215e+01 -1.797693134862315708e+308 -2.758437518394726753e-03
2.316666666666666430e+01 -1.797693134862315708e+308 1.593977888227947142e-04
2.318750000000000000e+01 -1.797693134862315708e+308 -2.747581551476411003e-04
2.320833333333333215e+01 -1.797693134862315708e+308 1.487261659552225907e-03
2.322916666666666430e+01 -1.797693134862315708e+308 3.788456042860204151e-04
2.325000000000000000e+01 -1.797693134862315708e+308 -3.951746870107010761e-04
2.327083333333333215e+01 -1.797693134862315708e+308 -1.602473209160025329e-03
2.329166666666666430e+01 -1.797693134862315708e+308 8.712030210370990107e-04
2.331250000000000000e+01 -1.797693134862315708e+308 -4.140932852984564438e-04
2.333333333333333215e+01 -1.797693134862315708e+308 -2.988276986535926718e-05
2.335416666666666430e+01 -1.797693134862315708e+308 -2.910673534124110949e-04
2.337500000000000000e+01 -1.797693134862315708e+308 -7.533066365784472094e-04
2.339583333333333215e+01 -1.797693134862315708e+308 4.785136805977213193e-04
2.341666666666666430e+01 -1.797693134862315708e+308 1.488456767687697030e-03
2.343750000000000000e+01 -1.797693134862315708e+308 -8.396114314430544413e-04
2.345833333333333215e+01 -1.797693134862315708e+308 1.583666574526100481e-04
2.347916666666666430e+01 -1.797693134862315708e+308 5.677137180327372894e-04
2.350000000000000000e+01 -1.797693134862315708e+308 -4.865658260412728192e-04
2.352083333333333215e+01 -1.797693134862315708e+308 1.290459136865488654e-03
2.354166666666666430e+01 -1.797693134862315708e+308 7.861469947697165154e-04
2.356250000000000000e+01 -1.797693134862315708e+308 1.832845300276712505e-04
2.358333333333333215e+01 -1.797693134862315708e+308 -1.510762274714137635e-04
2.360416666666666430e+01 -1.797693134862315708e+308 -7.680393488489461323e-04
2.362500000000000000e+01 -1.797693134862315708e+308 -1.282653599464994272e-03
2.364583333333333215e+01 -1.797693134862315708e+308 8.555085058647185449e-04
2.366666666666666430e+01 -1.797693134862315708e+308 -3.778004578245967773e-04
2.368750000000000000e+01 -1.797693134862315708e+308 7.601896732160780268e-04
2.370833333333333215e+01 -1.797693134862315708e+308 -1.455672573984174946e-03
2.372916666666666430e+01 -1.797693134862315708e+308 -6.012246579847031020e-04
2.375000000000000000e+01 -1.797693134862315708e+308 2.283411949830899210e-03
2.377083333333333215e+01 -1.797693134862315708e+308 1.386968984195379850e-03
2.379166666666666430e+01 -1.797693134862315708e+308 1.986622468811966415e-04
2.381250000000000000e+01 -1.797693134862315708e+308 1.294922557673589816e-03
2.383333333333333215e+01 -1.797693134862315708e+308 7.004476002487619200e-04
2.385416666666666430e+01 -1.797693134862315708e+308 1.286093319791323719e-03
2.387500000000000000e+01 -1.797693134862315708e+308 -4.302295645765322977e-04
2.389583333333333215e+01 -1.797693134862315708e+308 -2.672722385570284239e-03
2.391666666666666430e+01 -1.797693134862315708e+308 -4.938090069310477510e-04
2.393750000000000000e+01 -1.797693134862315708e+308 -3.987414546765125042e-06
2.395833333333333215e+01 -1.797693134862315708e+308 -9.575823838101632924e-05
2.397916666666666430e+01 -1.797693134862315708e+308 1.466833011542680075e-03
2.400000000000000000e+01 -1.797693134862315708e+308 -8.042662875922261707e-04
2.402083333333333215e+01 -1.797693134862315708e+308 2.935354672042509144e-04
2.404166666666666430e+01 -1.797693134862315708e+308 -1.474028181074407695e-03
2.406250000000000000e+01 -1.797693134862315708e+308 1.291101997069562775e-03
2.408333333333333215e+01 -1.797693134862315708e+308 -1.439955031198773090e-03
2.410416666666666430e+01 -1.797693134862315708e+308 1.808306452066760521e-03
2.412500000000000000e+01 -1.797693134862315708e+308 9.446393787993891469e-04
2.414583333333333215e+01 -1.797693134862315708e+308 -1.669877130949932488e-03
2.416666666666666430e+01 -1.797693134862315708e+308 8.634073812020674797e-04
2.418750000000000000e+01 -1.797693134862315708e+308 2.247104091851189617e-03
2.420833333333333215e+01 -1.797693134862315708e+308 -2.023682940571299349e-04
2.422916666666666430e+01 -1.797693134862315708e+308 1.036927747109659282e-03
2.425000000000000000e+01 -1.797693134862315708e+308 1.303256901871317507e-05
2.427083333333333215e+01 -1.797693134862315708e+308 4.998388305125099542e-04
2.429166666666666430e+01 -1.797693134862315708e+308 1.094892167334915543e-03
2.431250000000000000e+01 -1.797693134862315708e+308 2.106400023595113736e-03
2.433333333333333215e+01 -1.797693134862315708e+308 3.221560708614617120e-03
2.435416666666666430e+01 -1.797693134862315708e+308 -1.538457554620145185e-03
2.437500000000000000e+01 -1.797693134862315708e+308 -1.067263659331185287e-03
2.439583333333333215e+01 -1.797693134862315708e+308 -1.708453385835951427e-04
2.441666666666666430e+01 -1.797693134862315708e+308 4.696082460214955415e-04
2.443750000000000000e+01 -1.797693134862315708e+308 -7.350368250581408407e-04
2.445833333333333215e+01 -1.797693134862315708e+308 1.733275074563088826e-03
2.447916666666666430e+01 -1.797693134862315708e+308 -1.406093659540908185e-03
2.450000000000000000e+01 -1.797693134862315708e+308 -2.043407246904632279e-03
2.452083333333333215e+01 -1.797693134862315708e+308 3.602326302381643800e-04
2.454166666666666430e+01 -1.797693134862315708e+308 -2.212491348644714251e-03
2.456250000000000000e+01 -1.797693134862315708e+308 5.868099979824315969e-04
2.458333333333333215e+01 -1.797693134862315708e+308 -8.035785726993352441e-05
2.460416666666666430e+01 -1.797693134862315708e+308 -2.086160982977400529e-03
2.462500000000000000e+01 -1.797693134862315708e+308 -7.141255837211117272e-04
2.464583333333333215e+01 -1.797693134862315708e+308 4.887503874348817379e-04
2.466666666666666430e+01 -1.797693134862315708e+308 1.312578972647620006e-03
2.468750000000000000e+01 -1.797693134862315708e+308 1.093638397791280893e-03
2.470833333333333215e+01 -1.797693134862315708e+308 -6.031401269407846545e-04
2.472916666666666430e+01 -1.797693134862315708e+308 -3.891398042908964455e-05
2.475000000000000000e+01 -1.797693134862315708e+308 -1.243971303545773335e-03
2.477083333333333215e+01 -1.797693134862315708e+308 2.512128439186564911e-03
2.479166666666666430e+01 -1.797693134862315708e+308 -4.897066317692403466e-04
2.481250000000000000e+01 -1.797693134862315708e+308 1.039682356333935988e-03
2.483333333333333215e+01 -1.797693134862315708e+308 1.328983584677354219e-03
2.485416666666666430e+01 -1.797693134862315708e+308 -1.116079008334345656e-03
2.487500000000000000e+01 -1.797693134862315708e+308 7.489357288482729113e-04
2.489583333333333215e+01 -1.797693134862315708e+308 1.204795402633042833e-03
2.491666666666666430e+01 -1.797693134862315708e+308 1.774905136963814438e-03
2.493750000000000000e+01 -1.797693134862315708e+308 9.770196170579912697e-04
2.495833333333333215e+01 -1.797693134862315708e+308 2.340693780418000650e-03
2.497916666666666430e+01 -1.797693134862315708e+308 1.504383947209178259e-03
2.500000000000000000e+01 -1.797693134862315708e+308 -6.993062165630780334e-04
2.502083333333333215e+01 -1.797693134862315708e+308 7.533692842843607443e-04
2.504166666666666430e+01 -1.797693134862315708e+308 -1.389150902284782500e-03
2.506250000000000000e+01 -1.797693134862315708e+308 -2.444742414590475414e-03
2.508333333333333215e+01 -1.797693134862315708e+308 2.323377765507119667e-03
2.510416666666666430e+01 -1.797693134862315708e+308 2.763647487856220743e-04
2.512500000000000000e+01 -1.797693134862315708e+308 -3.335852778135864382e-04
2.514583333333333215e+01 -1.797693134862315708e+308 3.593732035829571496e-04
2.516666666666666430e+01 -1.797693134862315708e+308 1.020549858260561948e-03
2.518750000000000000e+01 -1.797693134862315708e+308 -1.793152608181237256e-03
2.520833333333333215e+01 -1.797693134862315708e+308 1.461902349001842566e-03
2.522916666666666430e+01 -1.797693134862315708e+308 3.686276892389561710e-04
2.525000000000000000e+01 -1.797693134862315708e+308 5.845124849336503408e-04
2.527083333333333215e+01 -1.797693134862315708e+308 1.165652385115038261e-03
2.529166666666666430e+01 -1.797693134862315708e+308 3.594445582761154911e-04
2.531250000000000000e+01 -1.797693134862315708e+308 -8.556191195449971195e-04
2.533333333333333215e+01 -1.797693134862315708e+308 -1.164957037984620759e-03
2.535416666666666430e+01 -1.797693134862315708e+308 1.891954175294369460e-03
2.537500000000000000e+01 -1.797693134862315708e+308 4.890461473659859842e-04
2.539583333333333215e+01 -1.797693134862315708e+308 -4.791870621039999532e-04
2.541666666666666430e+01 -1.797693134862315708e+308 -8.074723651790346318e-04
2.543750000000000000e+01 -1.797693134862315708e+308 7.680472893478222868e-04
2.545833333333333215e+01 -1.797693134862315708e+308 1.854265827400828747e-03
2.547916666666666430e+01 -1.797693134862315708e+308 9.073408584983482265e-04
2.550000000000000000e+01 -1.797693134862315708e+308 -6.198160008454217174e-05
2.552083333333333215e+01 -1.797693134862315708e+308 -3.805879025676192151e-04
2.554166666666666430e+01 -1.797693134862315708e+308 2.788608973564751098e-03
2.556250000000000000e+01 -1.797693134862315708e+308 -3.370286787525071312e-03
2.558333333333333215e+01 -1.797693134862315708e+308 -7.660457623335734665e-04
2.560416666666666430e+01 -1.797693134862315708e+308 -3.934138185212378855e-04
2.562500000000000000e+01 -1.797693134862315708e+308 -1.300778608110031995e-03
2.564583333333333215e+01 -1.797693134862315708e+308 1.444797511440384452e-04
2.566666666666666430e+01 -1.797693134862315708e+308 1.762839096040607744e-03
2.568750000000000000e+01 -1.797693134862315708e+308 3.543938665571128976e-04
2.570833333333333215e+01 -1.797693134862315708e+308 -1.982033851673994582e-03
2.572916666666666430e+01 -1.797693134862315708e+308 -1.775980127004122850e-03
2.575000000000000000e+01 -1.797693134862315708e+308 -2.519872692169274628e-04
2.577083333333333215e+01 -1.797693134862315708e+308 8.584937185362086090e-04
2.579166666666666430e+01 -1.797693134862315708e+308 1.079348423136780545e-03
2.581250000000000000e+01 -1.797693134862315708e+308 -1.021596927386723887e-03
2.583333333333333215e+01 -1.797693134862315708e+308 7.818900906311383736e-04
2.585416666666666430e+01 -1.797693134862315708e+308 -7.699625762445416787e-04
2.587500000000000000e+01 -1.797693134862315708e+308 -2.529626827550397663e-03
2.589583333333333215e+01 -1.797693134862315708e+308 5.921545595995172332e-04
2.591666666666666430e+01 -1.797693134862315708e+308 -2.901860537892817882e-04
2.593750000000000000e+01 -1.797693134862315708e+308 1.409795928540972772e-03
2.595833333333333215e+01 -1.797693134862315708e+308 -1.624944976125451647e-03
2.597916666666666430e+01 -1.797693134862315708e+308 3.010350760406429191e-04
