0.000000000000000000e+00 9.945308988732124433e-01 -9.451438448096942738e-04
2.083333333333333218e-02 9.797120986316434355e-01 -1.551889003936780895e-03
4.166666666666666435e-02 9.823182703886970124e-01 -1.813886540748074099e-04
6.250000000000000000e-02 9.870358598004725925e-01 2.118024771923074975e-03
8.333333333333332871e-02 9.931433170416557044e-01 6.503272163184400717e-04
1.041666666666666574e-01 1.003027359719620648e+00 2.102881065477357932e-04
1.250000000000000000e-01 1.008352468484039255e+00 -7.799821859122107841e-04
1.458333333333333148e-01 1.009914654357322750e+00 -8.823484343419176054e-04
1.666666666666666574e-01 1.016553305005654551e+00 3.888698424244485790e-04
1.875000000000000000e-01 1.018318330406836836e+00 5.422680977155660458e-04
2.083333333333333148e-01 1.015183962202450996e+00 -1.913691792414282111e-03
2.291666666666666574e-01 1.013700252382250699e+00 -7.900395132073042117e-04
2.500000000000000000e-01 1.018954732509482541e+00 2.592447495264964784e-03
2.708333333333333148e-01 1.017518607810141473e+00 -1.441394273975321084e-03
2.916666666666666297e-01 1.008167890027620306e+00 1.182397031054556675e-03
3.125000000000000000e-01 9.954944926823534601e-01 -4.100119123159856171e-04
3.333333333333333148e-01 9.889357617591235661e-01 2.946450851511243875e-04
3.541666666666666297e-01 9.912592850053827398e-01 -2.285388691240310393e-03
3.750000000000000000e-01 1.008941678971563727e+00 -2.284602982618450634e-04
3.958333333333333148e-01 1.015756687951136605e+00 1.182202059563400688e-03
4.166666666666666297e-01 1.014803964965009131e+00 -5.076540178637317224e-04
4.375000000000000000e-01 1.001596133644969244e+00 -8.262806608029902179e-04
4.583333333333333148e-01 1.000165864401473037e+00 3.200515934653103849e-04
4.791666666666666297e-01 9.947902964997985542e-01 -1.428821331248089979e-03
5.000000000000000000e-01 9.964805017365542250e-01 5.805421105885489241e-04
5.208333333333332593e-01 1.001147157107081798e+00 3.999805233842399486e-04
5.416666666666666297e-01 9.988031788358421315e-01 4.285910722346479134e-05
5.625000000000000000e-01 1.004111127394681446e+00 -2.016520817815639806e-03
5.833333333333332593e-01 9.927578447569216369e-01 -1.706397612641561952e-04
6.041666666666666297e-01 9.841236229901714205e-01 2.594956079265445161e-03
6.250000000000000000e-01 9.856010470175277094e-01 3.935094147437710136e-04
6.458333333333332593e-01 9.936323080110728290e-01 -8.435327543028647512e-06
6.666666666666666297e-01 1.016096530605882009e+00 1.148786544415164156e-03
6.875000000000000000e-01 1.027300908720908179e+00 -6.455712853882198407e-04
7.083333333333332593e-01 1.019735144883400668e+00 3.583812697250491090e-04
7.291666666666666297e-01 1.011584800616880608e+00 3.622049576861390810e-04
7.500000000000000000e-01 1.013889574373460833e+00 3.133238533869217384e-04
7.708333333333332593e-01 1.024101716449632438e+00 -8.910644004486071136e-04
7.916666666666666297e-01 1.034381995030606127e+00 -1.377500024668851632e-03
8.125000000000000000e-01 1.022643256103983322e+00 6.287890406239201755e-04
8.333333333333332593e-01 9.973319967951967957e-01 4.235686563733774513e-04
8.541666666666666297e-01 9.821022143793356474e-01 2.014790052440436352e-03
8.750000000000000000e-01 9.755391325636080246e-01 1.829499265277728659e-03
8.958333333333332593e-01 9.904406003451567964e-01 -3.003227702837827783e-04
9.166666666666666297e-01 1.002858965450585060e+00 -1.100318900707867968e-03
9.375000000000000000e-01 1.011011829393529515e+00 -2.645250343465107516e-03
9.583333333333332593e-01 1.001539917917481981e+00 -5.416745967123100074e-04
9.791666666666666297e-01 9.816467589974067209e-01 -9.345111832320769293e-04
1.000000000000000000e+00 9.806596369177753569e-01 -1.225918514943706919e-04
1.020833333333333259e+00 9.882947145144532763e-01 -1.289964224117660192e-03
1.041666666666666519e+00 1.013686501490093983e+00 -3.876995116087926730e-05
1.062500000000000000e+00 1.023366985090909731e+00 -1.395223434999938103e-03
1.083333333333333259e+00 1.018386564438868547e+00 -1.873604521595072540e-03
1.104166666666666519e+00 1.006454708011135235e+00 2.958286659212918919e-04
1.125000000000000000e+00 1.002251137614706300e+00 -1.316998141034961484e-03
1.145833333333333259e+00 1.014644480853345909e+00 -4.479052279211787990e-04
1.166666666666666519e+00 1.017834647961727068e+00 -1.520747006061431766e-03
1.187500000000000000e+00 1.020999284369638715e+00 -1.106079697992029673e-03
1.208333333333333259e+00 1.009898437763972368e+00 7.088707381755672294e-04
1.229166666666666519e+00 1.001078924221126210e+00 1.447168254084892861e-03
1.250000000000000000e+00 9.915401302076680690e-01 1.958726584979295082e-04
1.270833333333333259e+00 9.900976027737151686e-01 -1.276286998238214919e-03
1.291666666666666519e+00 9.813650424888914481e-01 1.904395250363106248e-03
1.312500000000000000e+00 9.867967084631417141e-01 -1.255587937096691109e-03
1.333333333333333259e+00 9.960319443608264267e-01 1.024868460513496653e-03
1.354166666666666519e+00 1.001027599527236855e+00 -4.190099103772129316e-04
1.375000000000000000e+00 9.996394961939772950e-01 1.795564817054797445e-03
1.395833333333333259e+00 9.990538722115310799e-01 -1.311262593689790305e-04
1.416666666666666519e+00 1.006089716320626826e+00 1.081704381027542589e-03
1.437500000000000000e+00 1.016650865230182887e+00 1.633042967053236014e-03
1.458333333333333259e+00 1.031042908531397906e+00 -1.127191841491307668e-03
1.479166666666666519e+00 1.026053214307774075e+00 2.409886370191986521e-04
1.500000000000000000e+00 1.012750613800605270e+00 -1.684222797497327267e-03
1.520833333333333259e+00 1.010239982949949100e+00 -5.240020954359138122e-04
1.541666666666666519e+00 1.015327190238668020e+00 5.886463311640389691e-04
1.562500000000000000e+00 1.007540425209096702e+00 1.872621887921513536e-03
1.583333333333333259e+00 9.894356721053385595e-01 -2.081925434892526600e-03
1.604166666666666519e+00 9.741731006577839524e-01 3.362522984097385888e-04
1.625000000000000000e+00 9.753773439562032355e-01 -2.442581493271275914e-03
1.645833333333333259e+00 9.997806264313788827e-01 8.135154187732510003e-04
1.666666666666666519e+00 1.013533097995863219e+00 -1.888400429410987819e-03
1.687500000000000000e+00 1.011248402010194170e+00 8.687589694303674351e-04
1.708333333333333259e+00 1.004660571363459320e+00 -3.153112698085972724e-03
1.729166666666666519e+00 9.910487977568424034e-01 -4.177354296528761816e-04
1.750000000000000000e+00 1.001187159402412874e+00 -7.548816095044709809e-04
1.770833333333333259e+00 1.012817853700771931e+00 -2.942279629303591344e-03
1.791666666666666519e+00 1.016885749780621184e+00 -4.925082784623221110e-04
1.812500000000000000e+00 9.991364008239270733e-01 -1.015251743358987647e-03
1.833333333333333259e+00 9.853256539936856573e-01 1.099063603231640804e-03
1.854166666666666519e+00 9.780838667019334798e-01 -1.090874150713862971e-03
1.875000000000000000e+00 9.838120712218013653e-01 1.597764281258411091e-03
1.895833333333333259e+00 9.883484710062215850e-01 2.446320704532240799e-03
1.916666666666666519e+00 1.006215451979151077e+00 1.087244603417722270e-03
1.937500000000000000e+00 1.024474366496019195e+00 1.282363510861802202e-03
1.958333333333333259e+00 1.026843594366809498e+00 3.205887829903526364e-04
1.979166666666666519e+00 1.021887554278754884e+00 2.961644343348030601e-05
2.000000000000000000e+00 1.006172738918191367e+00 -1.653552622698539840e-03
2.020833333333333037e+00 1.013039530742433136e+00 -1.291145393497671024e-04
2.041666666666666519e+00 1.015662168472060367e+00 4.380209060276006768e-03
2.062500000000000000e+00 1.014777982023097103e+00 -1.781086935086021285e-03
2.083333333333333037e+00 9.980293229830906609e-01 -4.689116616177507898e-04
2.104166666666666519e+00 9.797603530161606011e-01 -9.448292352227527372e-04
2.125000000000000000e+00 9.772325023901662355e-01 1.049372031363243404e-03
2.145833333333333037e+00 9.901493157721505955e-01 -3.601072423355905321e-04
2.166666666666666519e+00 1.008476211021039459e+00 -2.633395145909863256e-04
2.187500000000000000e+00 1.010946878458767406e+00 6.986827360931179400e-04
2.208333333333333037e+00 1.011122576497595293e+00 -1.038900865595127846e-03
2.229166666666666519e+00 9.963248329426707128e-01 8.729705760899120334e-04
2.250000000000000000e+00 9.863715771217641537e-01 -5.276612008296079504e-04
2.270833333333333037e+00 9.800158119647810473e-01 8.668711380103357594e-04
2.291666666666666519e+00 9.813064312198874761e-01 5.319030749502170596e-04
2.312500000000000000e+00 9.917573613590685566e-01 1.238308288743744873e-03
2.333333333333333037e+00 1.002664508564572676e+00 4.200870534361531039e-04
2.354166666666666519e+00 1.004273168883485390e+00 9.771041288256505745e-04
2.375000000000000000e+00 9.982556210441192457e-01 9.680237152708083331e-04
2.395833333333333037e+00 9.872774230163103848e-01 1.676767646860600472e-03
2.416666666666666519e+00 9.947201965278787972e-01 1.758929678184381704e-03
2.437500000000000000e+00 1.017723302783437367e+00 2.114701146043026982e-04
2.458333333333333037e+00 1.030425824644573218e+00 6.377862113170203011e-04
2.479166666666666519e+00 1.026194080856502655e+00 2.240666421229514963e-04
2.500000000000000000e+00 1.002628177320389780e+00 -4.120486981505062582e-03
2.520833333333333037e+00 9.846320723307578904e-01 2.946934982402709866e-04
2.541666666666666519e+00 9.939092709357170152e-01 -5.665320471039719981e-04
2.562500000000000000e+00 1.006014189522580482e+00 5.424763406522375124e-06
2.583333333333333037e+00 1.008430336383679293e+00 -1.096870805796633852e-03
2.604166666666666519e+00 9.985898846085828895e-01 2.979772270453524049e-03
2.625000000000000000e+00 9.895414492771433812e-01 1.583829573320936438e-03
2.645833333333333037e+00 9.926253890323396556e-01 9.993379619003760726e-04
2.666666666666666519e+00 1.005305628250575012e+00 8.932994833266430989e-04
2.687500000000000000e+00 1.007177701864327535e+00 1.167365755385823189e-03
2.708333333333333037e+00 1.005845341783490943e+00 -1.000182789908434086e-03
2.729166666666666519e+00 1.001953713184885464e+00 6.444591452840745969e-04
2.750000000000000000e+00 9.985566271226131718e-01 3.100576284435282905e-03
2.770833333333333037e+00 9.936424436341830813e-01 3.650464968287081124e-03
2.791666666666666519e+00 9.835571681139891886e-01 9.111749736464562661e-04
2.812500000000000000e+00 9.752833095900662608e-01 -6.030718883708726871e-04
2.833333333333333037e+00 9.659038651819957799e-01 -1.559503118492569333e-03
2.854166666666666519e+00 9.664261995939575911e-01 -7.392682729227520629e-04
2.875000000000000000e+00 9.731917309398758764e-01 -1.989040063650629984e-03
2.895833333333333037e+00 9.923500815051911061e-01 9.660783455167899726e-04
2.916666666666666519e+00 1.013925992296582868e+00 -9.610753868387632076e-04
2.937500000000000000e+00 1.028797794720180736e+00 2.311251931815906831e-03
2.958333333333333037e+00 1.022252955588107248e+00 -2.965865803997206306e-04
2.979166666666666519e+00 1.010578087878829523e+00 -1.356155165424528840e-03
3.000000000000000000e+00 1.005026242956724269e+00 5.272103367564859398e-04
3.020833333333333037e+00 1.013482806176770445e+00 -6.840840235814725544e-04
3.041666666666666519e+00 1.025386802129325980e+00 4.125478246366039896e-04
3.062500000000000000e+00 1.029411393826745513e+00 -6.520217261525439623e-05
3.083333333333333037e+00 1.014506659149977841e+00 8.911936992397468098e-04
3.104166666666666519e+00 9.951819426209123076e-01 4.117978274317948893e-04
3.125000000000000000e+00 9.828714364693391659e-01 3.060498110728236188e-04
3.145833333333333037e+00 9.756160390801511539e-01 1.481474197534353443e-03
3.166666666666666519e+00 9.827149589515982164e-01 4.124312911878980081e-03
3.187500000000000000e+00 9.861268700597053405e-01 8.214261302143612041e-04
3.208333333333333037e+00 1.002193055117472698e+00 -1.023565058134589308e-03
3.229166666666666519e+00 9.962289014422114342e-01 -8.955480609348665530e-04
3.250000000000000000e+00 9.880435322539222742e-01 -1.101888971114664030e-03
3.270833333333333037e+00 9.836142683064452719e-01 8.020709702750793537e-04
3.291666666666666519e+00 9.843875076415787850e-01 -1.707824535187164048e-03
3.312500000000000000e+00 1.002570955081478088e+00 1.018742956254430239e-03
3.333333333333333037e+00 1.017024191463212768e+00 -1.081373143282873253e-03
3.354166666666666519e+00 1.016091433892547524e+00 1.015004714538984094e-03
3.375000000000000000e+00 9.971894321006081752e-01 -2.754466916921583918e-03
3.395833333333333037e+00 9.930892443333766417e-01 -1.565568011219666076e-03
3.416666666666666519e+00 1.003637540003343709e+00 1.704868163745205337e-03
3.437500000000000000e+00 1.013610596713118817e+00 -1.131585935086426966e-03
3.458333333333333037e+00 1.015994338440938449e+00 -8.575905129023189851e-05
3.479166666666666519e+00 1.004835500810242754e+00 1.834026467066806340e-03
3.500000000000000000e+00 1.000804439608834251e+00 -1.435447276191396211e-03
3.520833333333333037e+00 1.008445748411672893e+00 -8.399169825663010134e-04
3.541666666666666519e+00 1.016733610115687858e+00 -2.628706725325865093e-03
3.562500000000000000e+00 1.019077163123504937e+00 -7.619571300320715458e-04
3.583333333333333037e+00 1.014925812033745878e+00 5.436157925544322445e-04
3.604166666666666519e+00 1.012731336297798101e+00 4.782039279599967826e-04
3.625000000000000000e+00 1.015526862729915880e+00 -1.060447295740309581e-03
3.645833333333333037e+00 1.012142557361060291e+00 -1.176143173736744979e-03
3.666666666666666519e+00 1.007846888570349320e+00 -4.413491082211590364e-04
3.687500000000000000e+00 9.936517982283770145e-01 2.290728328980468857e-03
3.708333333333333037e+00 1.001098513864019157e+00 -1.847651828957725935e-04
3.729166666666666519e+00 1.005854536683869593e+00 -5.803499355656431546e-04
3.750000000000000000e+00 1.006300860840875222e+00 -1.237496928122348979e-03
3.770833333333333037e+00 1.000216531861081393e+00 2.628389158823136139e-03
3.791666666666666519e+00 9.968673960051017691e-01 -1.547926720127693024e-04
3.812500000000000000e+00 9.957201955521778336e-01 -2.924615339196809730e-05
3.833333333333333037e+00 9.918764904441109698e-01 2.649769743365086019e-04
3.854166666666666519e+00 9.795165659664587521e-01 -7.851605339597333055e-05
3.875000000000000000e+00 9.724180723588119468e-01 -9.297483995438316027e-04
3.895833333333333037e+00 9.837806969219243802e-01 -1.384069788532691107e-03
3.916666666666666519e+00 9.877588779265044083e-01 2.004148621968216380e-03
3.937500000000000000e+00 1.004936520156366031e+00 8.269651541462233815e-04
3.958333333333333037e+00 1.015856671554848489e+00 9.491036436685691517e-04
3.979166666666666519e+00 1.024568265267866041e+00 3.422034885608677768e-04
4.000000000000000000e+00 1.034114587744554559e+00 4.418093634545133775e-04
4.020833333333333037e+00 1.031240694466784236e+00 -4.585677352664448451e-04
4.041666666666666075e+00 1.027603478807431303e+00 1.255110348508001791e-03
4.062500000000000000e+00 1.013773741795390704e+00 -4.040643402221948306e-05
4.083333333333333037e+00 9.975769083050853858e-01 -1.228433545182475899e-03
4.104166666666666075e+00 9.877992883110353617e-01 9.082655967606988049e-05
4.125000000000000000e+00 9.862000494192761924e-01 3.048863828947949526e-04
4.145833333333333037e+00 9.810867583675301207e-01 3.838877352911335009e-04
4.166666666666666075e+00 9.831462904397373359e-01 -7.945423904070331687e-04
4.187500000000000000e+00 9.875570766548793511e-01 -1.694090356093087835e-03
4.208333333333333037e+00 9.860987555021318851e-01 4.434759724864999843e-05
4.229166666666666075e+00 9.917662063430860986e-01 -4.747140593184053263e-04
4.250000000000000000e+00 9.833974715915707598e-01 2.757141483233146485e-03
4.270833333333333037e+00 9.823374645706308694e-01 -1.100016890787981023e-03
4.291666666666666075e+00 9.915367506626988625e-01 5.090882149315434580e-05
4.312500000000000000e+00 1.003785178917759646e+00 7.052447316774198768e-04
4.333333333333333037e+00 1.017598179061397490e+00 -1.505284766263153369e-03
4.354166666666666075e+00 1.010458994388971021e+00 1.492986928955597741e-03
4.375000000000000000e+00 9.969695240259464075e-01 4.196062757522708918e-04
4.395833333333333037e+00 9.791653585986245245e-01 3.696933538807725987e-04
4.416666666666666075e+00 9.899125015755028123e-01 -2.860582437012531383e-04
4.437500000000000000e+00 1.002808010936325989e+00 2.304628503099332944e-04
4.458333333333333037e+00 1.011770889891964398e+00 -2.616128497137404927e-04
4.479166666666666075e+00 1.015439803277989217e+00 6.995104628071418694e-05
4.500000000000000000e+00 1.008819493913488241e+00 -1.766876362217984029e-03
4.520833333333333037e+00 9.991702518193900096e-01 9.739624710580203730e-04
4.541666666666666075e+00 9.931997972072269532e-01 -4.890206995190378046e-05
4.562500000000000000e+00 9.865802861793911971e-01 1.638103877208150431e-03
4.583333333333333037e+00 9.821399439807920739e-01 -1.623371823552361573e-05
4.604166666666666075e+00 9.832948349957334466e-01 2.399984104312974029e-03
4.625000000000000000e+00 9.799444660937527418e-01 -3.799645843440727999e-04
4.645833333333333037e+00 9.856388593884428673e-01 1.736205671556879764e-03
4.666666666666666075e+00 9.848204142189006527e-01 1.666251074186734333e-03
4.687500000000000000e+00 9.957224607249676174e-01 3.143558004811175836e-04
4.708333333333333037e+00 1.005947271616781880e+00 2.691986072680385093e-03
4.729166666666666075e+00 1.012376276749670900e+00 1.553096698473186744e-03
4.750000000000000000e+00 1.018886174377570786e+00 -2.339380540490778172e-04
4.770833333333333037e+00 1.007863036253578093e+00 9.242272869678684263e-04
4.791666666666666075e+00 1.008329356066355542e+00 9.040835546463318710e-04
4.812500000000000000e+00 9.916542698108099518e-01 -7.689139995535389802e-04
4.833333333333333037e+00 9.919000128477915013e-01 1.264314607314600191e-03
4.854166666666666075e+00 9.883509807570267647e-01 2.928807293200792381e-04
4.875000000000000000e+00 9.965207178374761998e-01 1.733553379817978591e-03
4.895833333333333037e+00 9.937400352808370974e-01 -8.437039878830285364e-04
4.916666666666666075e+00 1.001119463894318828e+00 1.859030916720706738e-03
4.937500000000000000e+00 9.931700161530986337e-01 8.795550882116309971e-04
4.958333333333333037e+00 9.964679744586593113e-01 4.457418343006722085e-04
4.979166666666666075e+00 1.003121079579913255e+00 -6.033600746498900529e-04
5.000000000000000000e+00 1.011827078439687666e+00 1.455195430873129766e-03
5.020833333333333037e+00 1.017609106749668202e+00 1.723084160509118744e-03
5.041666666666666075e+00 1.017511629505162274e+00 -2.011603856283515276e-03
5.062500000000000000e+00 1.004480744117413060e+00 -3.497557025583111572e-04
5.083333333333333037e+00 1.004860433999868796e+00 1.949418706004493003e-03
5.104166666666666075e+00 9.994099524343718066e-01 -9.471811573299704053e-04
5.125000000000000000e+00 9.949043155374087677e-01 -6.379236316529353443e-04
5.145833333333333037e+00 9.956920115601688437e-01 -6.136886996245442078e-04
5.166666666666666075e+00 9.960404008067966775e-01 -1.637817058566066672e-03
5.187500000000000000e+00 1.002481855470084504e+00 -1.217533995544066753e-04
5.208333333333333037e+00 9.976665418387049566e-01 1.616079422504091692e-03
5.229166666666666075e+00 9.930663431758099957e-01 1.705990227262501029e-03
5.250000000000000000e+00 9.963316390306838910e-01 -2.664838600829983958e-03
5.270833333333333037e+00 9.944894510862118953e-01 9.111219052782003639e-04
5.291666666666666075e+00 1.010526764862050397e+00 5.127702133998042548e-05
5.312500000000000000e+00 1.016374196465482660e+00 3.800032508120862289e-04
5.333333333333333037e+00 1.004537276647085475e+00 -3.492934170272275611e-04
5.354166666666666075e+00 9.997701546881830881e-01 -8.296452274728002016e-04
5.375000000000000000e+00 1.002188138429362496e+00 -5.268082530638523459e-04
5.395833333333333037e+00 1.016369445706549746e+00 1.153663559322702604e-03
5.416666666666666075e+00 1.029594145090233503e+00 1.223044139195512275e-03
5.437500000000000000e+00 1.017161403321588553e+00 1.233245530137281405e-04
5.458333333333333037e+00 1.000273661873065434e+00 -1.321639278062218103e-03
5.479166666666666075e+00 9.847538796479604617e-01 -1.205230650536372017e-05
5.500000000000000000e+00 9.865444025307228415e-01 1.323652347056790239e-03
5.520833333333333037e+00 9.976394688241609909e-01 -4.576170297647837973e-04
5.541666666666666075e+00 1.005432263190587872e+00 -1.149547262449882251e-03
5.562500000000000000e+00 1.006950683247340272e+00 -8.236813150554115996e-04
5.583333333333333037e+00 1.008298174548495796e+00 -2.229671242392990572e-03
5.604166666666666075e+00 1.008918043966832379e+00 -7.012171126864917212e-04
5.625000000000000000e+00 1.003015509761150614e+00 3.937358999799472122e-04
5.645833333333333037e+00 9.913730606201079931e-01 -8.536219812035571435e-04
5.666666666666666075e+00 9.871368597035140580e-01 -9.861423239590990947e-04
5.687500000000000000e+00 9.860623408267928935e-01 2.055632707687121631e-04
5.708333333333333037e+00 9.921498310387485420e-01 -2.317832876450003424e-03
5.729166666666666075e+00 9.990734323187834276e-01 -6.178156383852888246e-04
5.750000000000000000e+00 1.005403281929849513e+00 -2.027047151624717693e-03
5.770833333333333037e+00 1.010590744552842590e+00 -1.707994023454304042e-03
5.791666666666666075e+00 1.013050806763484912e+00 -7.086600045743232960e-04
5.812500000000000000e+00 1.015010568148694725e+00 4.169581067893075280e-04
5.833333333333333037e+00 1.017919998638197043e+00 -1.038177097127060454e-03
5.854166666666666075e+00 1.013243178679553047e+00 -7.050102377209412400e-05
5.875000000000000000e+00 1.026508042612984228e+00 -2.810776349608136025e-04
5.895833333333333037e+00 1.026645645195179757e+00 4.505193292732048672e-04
5.916666666666666075e+00 1.017219430160743343e+00 -5.041409436115107954e-04
5.937500000000000000e+00 1.000643115514625370e+00 5.171024403384775646e-04
5.958333333333333037e+00 9.910702703289053783e-01 -7.439164103569974708e-04
5.979166666666666075e+00 9.921664485809017497e-01 1.327458393104584368e-03
6.000000000000000000e+00 1.001846590975532081e+00 6.788473870982255449e-04
6.020833333333333037e+00 1.009805166101787943e+00 1.244083700812563900e-04
6.041666666666666075e+00 9.935569911150646805e-01 1.515193312669556010e-03
6.062500000000000000e+00 9.839586860050415495e-01 -6.400352966017744524e-04
6.083333333333333037e+00 9.835621946574560903e-01 3.073987977847749634e-03
6.104166666666666075e+00 9.993295819423529958e-01 1.708527129737340928e-03
6.125000000000000000e+00 1.008014738787563980e+00 -3.055224674204678678e-03
6.145833333333333037e+00 1.011704984800565033e+00 -9.140836898586992415e-04
6.166666666666666075e+00 1.007681382259384861e+00 8.974371189447147073e-04
6.187500000000000000e+00 1.011594159100675405e+00 7.672924070166295320e-04
6.208333333333333037e+00 1.002294993555786107e+00 7.003919576303253760e-04
6.229166666666666075e+00 9.959073351096350279e-01 4.837288045642393428e-04
6.250000000000000000e+00 9.935206184566722776e-01 5.470903683316802281e-04
6.270833333333333037e+00 1.001709490820386295e+00 1.493875031844121650e-06
6.291666666666666075e+00 1.017383687097227707e+00 -2.031306368664119715e-03
6.312500000000000000e+00 1.024627197897368225e+00 2.312134301265209371e-03
6.333333333333333037e+00 1.017448033138290686e+00 -3.578239219563904804e-03
6.354166666666666075e+00 9.986027789478660877e-01 8.106111620145196742e-04
6.375000000000000000e+00 9.968315485022212208e-01 1.252924771742347856e-03
6.395833333333333037e+00 1.004447673914017347e+00 1.063406595315073743e-03
6.416666666666666075e+00 1.010422181005000697e+00 -5.227169816690617954e-04
6.437500000000000000e+00 1.005936957483497984e+00 -1.336221654286358449e-03
6.458333333333333037e+00 9.949790176219579507e-01 -1.995507679865061914e-03
6.479166666666666075e+00 9.906116061858067923e-01 -1.440006173720156935e-03
6.500000000000000000e+00 1.003411049024779400e+00 -1.535819791782499491e-03
6.520833333333333037e+00 1.012075820178356400e+00 -6.784164376900372537e-04
6.541666666666666075e+00 1.014553011981832897e+00 -9.744999118881846273e-04
6.562500000000000000e+00 1.015085708465275793e+00 1.076868413588087528e-03
6.583333333333333037e+00 1.003779150347756888e+00 -7.655577348202598047e-04
6.604166666666666075e+00 9.966003313336310176e-01 -7.892843814908474982e-04
6.625000000000000000e+00 9.956008231928387131e-01 -2.675188141133398156e-03
6.645833333333333037e+00 9.963641746366490581e-01 -1.418675649181454137e-04
6.666666666666666075e+00 9.992955685486868411e-01 3.145162254335768441e-04
6.687500000000000000e+00 9.984608349856523013e-01 1.344772605808845301e-03
6.708333333333333037e+00 9.926636684031915348e-01 1.285703541079390947e-03
6.729166666666666075e+00 9.797055077439157378e-01 -4.191451061514694498e-04
6.750000000000000000e+00 9.834389218149455214e-01 1.541811080360833792e-03
6.770833333333333037e+00 1.003430302230112536e+00 -1.267005469019561554e-03
6.791666666666666075e+00 1.026592779120167886e+00 -1.474529536548198480e-03
6.812500000000000000e+00 1.031620698978777284e+00 1.552450106202158970e-03
6.833333333333333037e+00 1.030958387160767042e+00 7.185608688804947120e-04
6.854166666666666075e+00 1.020945263475576681e+00 2.011390233326211540e-04
6.875000000000000000e+00 1.008067983553815994e+00 -4.782206905931205162e-04
6.895833333333333037e+00 1.007512617342828820e+00 1.434840975321660618e-03
6.916666666666666075e+00 1.005749830486729834e+00 3.887821672738041886e-04
6.937500000000000000e+00 9.989731509514753194e-01 1.059487525585247648e-03
6.958333333333333037e+00 9.999802950388655409e-01 5.013839390214144386e-04
6.979166666666666075e+00 9.955960737874174349e-01 -9.767088030971297734e-04
7.000000000000000000e+00 9.879036298834871221e-01 3.697150864089497179e-04
7.020833333333333037e+00 9.876641849570080289e-01 -6.389808363189742896e-04
7.041666666666666075e+00 9.990716034013908953e-01 2.709544640401067607e-03
7.062500000000000000e+00 1.011215371585204581e+00 1.068625396094344086e-03
7.083333333333333037e+00 1.021334581457718826e+00 -1.285652377688818130e-03
7.104166666666666075e+00 1.012778434174870679e+00 1.745839740167294107e-03
7.125000000000000000e+00 1.006051651033482264e+00 1.727426818107081216e-03
7.145833333333333037e+00 1.004557569334462830e+00 1.104686086901470084e-03
7.166666666666666075e+00 1.015891389325086713e+00 -6.977202374654026826e-04
7.187500000000000000e+00 1.020035579693667094e+00 -9.136128862742367868e-04
7.208333333333333037e+00 1.003120645815905876e+00 -2.856395778874523759e-03
7.229166666666666075e+00 9.861206993361619766e-01 1.017745762752905129e-03
7.250000000000000000e+00 9.798022393707420674e-01 -1.317327672203500951e-04
7.270833333333333037e+00 9.982908311710239069e-01 7.966015566142882693e-04
7.291666666666666075e+00 1.006530839909435482e+00 2.865619354885053875e-03
7.312500000000000000e+00 1.003898930351592389e+00 7.567290547743864542e-04
7.333333333333333037e+00 9.921588542664050436e-01 -9.157158073996605812e-04
7.354166666666666075e+00 9.919257950543765023e-01 4.325194782563435147e-04
7.375000000000000000e+00 1.005767662217240010e+00 2.502804502449312157e-03
7.395833333333333037e+00 1.020050271644246775e+00 -1.281244548691615323e-03
7.416666666666666075e+00 1.023167036303840760e+00 -1.747174325282908024e-03
7.437500000000000000e+00 1.014633703189741443e+00 -4.199007660784328556e-04
7.458333333333333037e+00 9.940551567958063606e-01 7.411323140068919180e-04
7.479166666666666075e+00 9.935200444448613055e-01 -1.267901129500567485e-03
7.500000000000000000e+00 9.941352184517302515e-01 -1.461709807754808191e-03
7.520833333333333037e+00 1.013021740732812148e+00 -4.278793699726780777e-04
7.541666666666666075e+00 1.026248097958785355e+00 -6.112140201806936027e-04
7.562500000000000000e+00 1.035915275840717298e+00 -7.188042236294923905e-04
7.583333333333333037e+00 1.024802616132274080e+00 1.010049294801690714e-03
7.604166666666666075e+00 1.003996256719842606e+00 -1.137041675703912404e-03
7.625000000000000000e+00 1.001887520233993412e+00 -1.268804298108539221e-05
7.645833333333333037e+00 1.003659899092448793e+00 -1.314949546250470790e-03
7.666666666666666075e+00 1.009609126347275732e+00 6.194666204879720325e-04
7.687500000000000000e+00 1.007377835839651459e+00 -1.099243813744860549e-04
7.708333333333333037e+00 9.788300335340047731e-01 3.166025406558707969e-03
7.729166666666666075e+00 9.703749626709224918e-01 9.575980619952883946e-04
7.750000000000000000e+00 9.783997920642127921e-01 8.759028926223608093e-04
7.770833333333333037e+00 1.002593392051847943e+00 2.273923301297225627e-03
7.791666666666666075e+00 1.017219441035944749e+00 1.398157025758049363e-04
7.812500000000000000e+00 1.014885830688762258e+00 -6.914493115479945556e-04
7.833333333333333037e+00 1.000907266058197020e+00 -2.169647496198245928e-04
7.854166666666666075e+00 9.894527858972177459e-01 -1.475312018764119272e-03
7.875000000000000000e+00 9.996839747576956592e-01 -5.689147691446086886e-04
7.895833333333333037e+00 1.010935979019917053e+00 6.158716267742421393e-04
7.916666666666666075e+00 1.014818997631231401e+00 -1.606666507883266560e-03
7.937500000000000000e+00 1.012535348024152349e+00 2.433355342432098629e-03
7.958333333333333037e+00 1.010118690597017865e+00 -4.048649947651609287e-04
7.979166666666666075e+00 1.002907900295196164e+00 5.324207565506189474e-04
8.000000000000000000e+00 9.955189446102447048e-01 1.347340155180707028e-04
8.020833333333332149e+00 9.995280632698583245e-01 2.386423507527714284e-04
8.041666666666666075e+00 1.016658057536550031e+00 -8.223664795711184330e-04
8.062500000000000000e+00 1.036989812910218189e+00 4.992710849899580213e-04
8.083333333333332149e+00 1.038278773722201676e+00 -6.909925041365995186e-04
8.104166666666666075e+00 1.021332365366921291e+00 -1.442145683440982339e-03
8.125000000000000000e+00 9.929228430578377340e-01 -1.073276339047397323e-03
8.145833333333332149e+00 9.809697222496561730e-01 1.053314419474519429e-03
8.166666666666666075e+00 9.988116165771386834e-01 9.050636485992026711e-04
8.187500000000000000e+00 1.006528233971430542e+00 9.509368455702301446e-04
8.208333333333332149e+00 1.004336682246250723e+00 -4.597616020937990715e-04
8.229166666666666075e+00 9.804915372605650381e-01 -1.313021899331345008e-03
8.250000000000000000e+00 9.729283167822344591e-01 9.646057267508759483e-04
8.270833333333332149e+00 9.718380377173594376e-01 6.930478490644398706e-04
8.291666666666666075e+00 1.001486149329397390e+00 1.555917225418774932e-04
8.312500000000000000e+00 1.013276156643036385e+00 -1.348391569149485570e-03
8.333333333333332149e+00 1.020502957508816255e+00 1.194091733727066507e-03
8.354166666666666075e+00 1.021839286928817536e+00 -2.480227700961957203e-04
8.375000000000000000e+00 1.023192410326144275e+00 -3.982678504937040009e-04
8.395833333333332149e+00 1.023703820581765900e+00 9.373187902171703717e-04
8.416666666666666075e+00 1.016333324854848730e+00 -2.489821571860807974e-03
8.437500000000000000e+00 1.007840418398155524e+00 -6.383822414793567483e-04
8.458333333333332149e+00 9.997568904064021433e-01 3.984183257288236805e-04
8.479166666666666075e+00 1.002863959781977288e+00 -1.866397552871809206e-03
8.500000000000000000e+00 9.967256347647180936e-01 8.637030853853264753e-04
8.520833333333332149e+00 9.960593954501840708e-01 -8.598140511492722952e-04
8.541666666666666075e+00 9.957915126137921735e-01 -8.920585781975351415e-04
8.562500000000000000e+00 9.973996963190392417e-01 -1.137631638603313735e-03
8.583333333333332149e+00 1.000112494126882634e+00 1.327306238541746028e-04
8.604166666666666075e+00 1.002982260146141558e+00 -1.950665470277704447e-03
8.625000000000000000e+00 1.005895311156583372e+00 -1.073955761336282998e-03
8.645833333333332149e+00 1.007585156060878617e+00 9.553453733183299391e-04
8.666666666666666075e+00 1.012588395921916851e+00 -5.960182124767094292e-04
8.687500000000000000e+00 1.013873509802390327e+00 -1.238503156171837354e-03
8.708333333333332149e+00 1.008808218840710813e+00 -5.369680635394545945e-04
8.729166666666666075e+00 1.006838621385696353e+00 8.731154134047244527e-04
8.750000000000000000e+00 1.009366955961095824e+00 4.928617897147984339e-05
8.770833333333332149e+00 1.011860836667826335e+00 -7.957668449950673498e-04
8.791666666666666075e+00 1.017901291718313672e+00 5.529741259691322826e-04
8.812500000000000000e+00 1.017059304563937561e+00 9.059816372021520844e-04
8.833333333333332149e+00 1.014884289782272964e+00 7.840779689879845719e-04
8.854166666666666075e+00 9.973252056564279044e-01 4.296969001237646146e-04
8.875000000000000000e+00 9.824778557883449004e-01 -1.331854221295457373e-03
8.895833333333332149e+00 9.755417763462973513e-01 2.208710643833059308e-04
8.916666666666666075e+00 9.846836419875220070e-01 -2.058237177126109874e-03
8.937500000000000000e+00 9.905855702652763828e-01 -7.899033940730676917e-04
8.958333333333332149e+00 9.999572343858598167e-01 -1.107872287877390526e-03
8.979166666666666075e+00 9.951924529487575777e-01 3.604869347245538876e-03
9.000000000000000000e+00 9.913852023726709151e-01 -1.236666523138319103e-03
9.020833333333332149e+00 9.990273415048324113e-01 1.057082634220927716e-03
9.041666666666666075e+00 1.024509010338492176e+00 8.270831326661233626e-04
9.062500000000000000e+00 1.046991071450327215e+00 -8.126684372068977529e-04
9.083333333333332149e+00 1.042105546055166032e+00 7.597174732106759705e-04
9.104166666666666075e+00 1.018447692212573141e+00 3.260401039530268393e-04
9.125000000000000000e+00 1.004838428804927686e+00 1.346264919594365511e-03
9.145833333333332149e+00 1.005752141405280131e+00 -1.695260769732402899e-03
9.166666666666666075e+00 1.018051156966863990e+00 -1.625510546701951925e-04
9.187500000000000000e+00 1.017557334859932716e+00 5.302745736836858006e-04
9.208333333333332149e+00 9.893352757514078943e-01 -1.050341190089153611e-03
9.229166666666666075e+00 9.724715133285518620e-01 1.252699096900364599e-03
9.250000000000000000e+00 9.686199686921923568e-01 -9.421361933987679139e-04
9.270833333333332149e+00 9.820867093052008112e-01 -3.258337729393975270e-04
9.291666666666666075e+00 1.002074815098989768e+00 2.414475921495168060e-03
9.312500000000000000e+00 1.015442187713157640e+00 -4.112401543725898519e-04
9.333333333333332149e+00 1.030348692040937042e+00 9.358685754193537317e-04
9.354166666666666075e+00 1.025953586589668065e+00 1.217346959184218390e-03
9.375000000000000000e+00 1.014468103996037263e+00 -3.436571481567788711e-04
9.395833333333332149e+00 1.006197364169095776e+00 -1.905420314909614778e-03
9.416666666666666075e+00 1.006120636339251417e+00 -1.532922822899457057e-03
9.437500000000000000e+00 1.015732535559105143e+00 1.263235402932530145e-03
9.458333333333332149e+00 1.018588761430542888e+00 9.483926785396982204e-04
9.479166666666666075e+00 9.977831701453364621e-01 -1.713860492460553882e-03
9.500000000000000000e+00 9.730485259120812414e-01 -4.320537830220553491e-04
9.520833333333332149e+00 9.743932611302144053e-01 3.069449910062224066e-03
9.541666666666666075e+00 9.777949324157096944e-01 -8.741501720748251708e-04
9.562500000000000000e+00 9.978346873708667797e-01 -1.107847709612913480e-03
9.583333333333332149e+00 1.013870450528046696e+00 -1.023782393554117888e-03
9.604166666666666075e+00 1.012713421028833993e+00 -5.966285807887109416e-04
9.625000000000000000e+00 1.019452155020483142e+00 3.143827509360867366e-04
9.645833333333332149e+00 1.014088543424651823e+00 -1.947769386291528732e-03
9.666666666666666075e+00 1.010099550729372186e+00 -4.426176402081835257e-04
9.687500000000000000e+00 9.995492630924840416e-01 1.242017514059173258e-03
9.708333333333332149e+00 1.000364370629696076e+00 -9.436286407492262048e-04
9.729166666666666075e+00 1.014261611369436489e+00 2.278760375437955798e-03
9.750000000000000000e+00 1.023346925682552033e+00 -1.035197169976662373e-03
9.770833333333332149e+00 1.025105126197996208e+00 -1.164949109315849317e-03
9.791666666666666075e+00 1.014012493407256965e+00 4.187570108071020283e-04
9.812500000000000000e+00 1.008193641075830760e+00 -3.262635754043131486e-04
9.833333333333332149e+00 1.016480783105257801e+00 1.880839811989492877e-04
9.854166666666666075e+00 1.011944834997322795e+00 1.779375892665119264e-03
9.875000000000000000e+00 1.007939746548684345e+00 7.419900852110111961e-04
9.895833333333332149e+00 9.948754388891960510e-01 -2.818953527423988508e-03
9.916666666666666075e+00 9.861946655309596910e-01 -2.877165719992817424e-04
9.937500000000000000e+00 9.789070707055526066e-01 -7.190256894577455420e-04
9.958333333333332149e+00 9.840316676074158941e-01 1.634065672678128290e-04
9.979166666666666075e+00 9.902014854488644380e-01 -2.518843931485765901e-03
1.000000000000000000e+01 9.867993832797399278e-01 -1.709997599796462490e-03
1.002083333333333215e+01 1.000169371103133642e+00 -1.181925619132457661e-03
1.004166666666666607e+01 1.015623815661106599e+00 1.747216460969085172e-03
1.006250000000000000e+01 1.024723625250369086e+00 -7.055497353395289090e-05
1.008333333333333215e+01 1.022938141286076963e+00 -5.397893840433855717e-04
1.010416666666666607e+01 1.009445339481694903e+00 -1.486577454832050489e-03
1.012500000000000000e+01 1.005175328558966852e+00 1.195859357476371492e-03
1.014583333333333215e+01 1.017913557174899841e+00 8.283735515630942211e-04
1.016666666666666607e+01 1.026359257786246593e+00 -8.049007841005456632e-04
1.018750000000000000e+01 1.015361792655412376e+00 1.411925840281880390e-03
1.020833333333333215e+01 1.006988501732269947e+00 1.362108939665826815e-03
1.022916666666666607e+01 1.000517198201375413e+00 2.157910530126775674e-03
1.025000000000000000e+01 1.002625446064078663e+00 -8.051751716326248755e-04
1.027083333333333215e+01 1.003488061231316397e+00 3.248422432851851200e-04
1.029166666666666607e+01 1.007408703795062532e+00 -1.600711131764699299e-03
1.031250000000000000e+01 1.007806076642497661e+00 -1.211687207021666440e-03
1.033333333333333215e+01 1.010359992205225321e+00 -1.126171453085561503e-03
1.035416666666666607e+01 1.004724179074988122e+00 -3.497525432697075489e-05
1.037500000000000000e+01 9.987428315641413423e-01 8.009917650002148972e-04
1.039583333333333215e+01 9.884744587882542399e-01 2.587968776835663349e-04
1.041666666666666607e+01 9.800062242072073992e-01 1.650877867808042850e-04
1.043750000000000000e+01 9.838351688821185270e-01 -3.231020306529704751e-05
1.045833333333333215e+01 9.883381395900459054e-01 -7.785962697904458404e-04
1.047916666666666607e+01 1.001879656931315532e+00 -4.829053562362695400e-04
1.050000000000000000e+01 1.003894970858309810e+00 -4.644641619233654938e-04
1.052083333333333215e+01 1.007141680938270722e+00 4.623431230817701869e-04
1.054166666666666607e+01 1.020421151125563863e+00 4.619126637871227392e-04
1.056250000000000000e+01 1.026305045789249970e+00 1.760248839747244462e-03
1.058333333333333215e+01 1.034896343632713434e+00 -1.192665467323453026e-03
1.060416666666666607e+01 1.024817258670362552e+00 -4.533116670814524383e-04
1.062500000000000000e+01 1.007266588741983382e+00 -7.117576300920291530e-04
1.064583333333333215e+01 9.877336166723552635e-01 2.857107734407035192e-04
1.066666666666666607e+01 9.763755378852710942e-01 -7.344989525207071528e-04
1.068750000000000000e+01 9.833858263305221836e-01 7.207356938851386006e-04
1.070833333333333215e+01 9.951376792276961369e-01 -1.665493394811172904e-05
1.072916666666666607e+01 1.003120329916468600e+00 1.292958727449402829e-04
1.075000000000000000e+01 1.002765840983078416e+00 -7.871801133292911099e-04
1.077083333333333215e+01 1.009411178713566670e+00 -4.872993607716409256e-04
1.079166666666666607e+01 1.009782840540189852e+00 8.140569001026855961e-04
1.081250000000000000e+01 1.025150400466442013e+00 -7.759071721035495613e-04
1.083333333333333215e+01 1.033688848234983304e+00 -4.555007634701040988e-04
1.085416666666666607e+01 1.032861406927892078e+00 -5.599670756061433897e-04
1.087500000000000000e+01 1.011355609780503650e+00 -1.829312543321775847e-03
1.089583333333333215e+01 9.994993493026320674e-01 9.310473778050705994e-04
1.091666666666666607e+01 9.908067600527901142e-01 2.812317177332413452e-03
1.093750000000000000e+01 9.824544886826926948e-01 -8.458768197414155525e-04
1.095833333333333215e+01 9.790845023235822397e-01 2.061214181139614174e-03
1.097916666666666607e+01 9.756777496501272129e-01 -7.196085439992840407e-04
1.100000000000000000e+01 9.857911471467284414e-01 -6.168081538107240795e-04
1.102083333333333215e+01 1.001916567703504457e+00 -4.167946159172590022e-05
1.104166666666666607e+01 1.016651714604333900e+00 1.612009816015793316e-03
1.106250000000000000e+01 1.014431892487960063e+00 3.157778668069623033e-04
1.108333333333333215e+01 1.004698854909530148e+00 -6.467451715633787401e-04
1.110416666666666607e+01 1.003901992332031368e+00 1.200091579130029441e-03
1.112500000000000000e+01 1.003364696058882677e+00 -1.941251094298135881e-03
1.114583333333333215e+01 1.016497562083052975e+00 -1.663853142206080972e-03
1.116666666666666607e+01 1.022485489588128793e+00 2.001205062469744479e-03
1.118750000000000000e+01 1.016470873681102338e+00 9.729781782508281542e-04
1.120833333333333215e+01 1.005804872903179881e+00 4.817898242077164449e-04
1.122916666666666607e+01 1.010591421545695701e+00 -1.072916838690550804e-04
1.125000000000000000e+01 1.013440060734041914e+00 4.668553718321064613e-04
1.127083333333333215e+01 1.011758864176106387e+00 -7.209315282148643853e-04
1.129166666666666607e+01 1.006315894882078288e+00 -2.788286732570707067e-04
1.131250000000000000e+01 1.003534501024252679e+00 -2.195030886843653793e-03
1.133333333333333215e+01 1.000219112964817469e+00 1.579204976730821399e-04
1.135416666666666607e+01 9.872232065849835259e-01 -1.442722043523218247e-03
1.137500000000000000e+01 9.848034737566752073e-01 -1.270019846859858767e-03
1.139583333333333215e+01 9.848345033879517540e-01 -1.679236679066848942e-03
1.141666666666666607e+01 9.896904280362158746e-01 6.608584699169919906e-04
1.143750000000000000e+01 9.963048579956085282e-01 -7.204590084243767914e-05
1.145833333333333215e+01 9.993612678724091980e-01 1.227266365416977137e-03
1.147916666666666607e+01 1.005018580550080642e+00 1.856868410136686782e-03
1.150000000000000000e+01 1.010646420431817072e+00 -2.130417609888374513e-03
1.152083333333333215e+01 1.019079179827495407e+00 -1.856882273392167215e-03
1.154166666666666607e+01 1.022730761202194305e+00 6.424344316745600253e-04
1.156250000000000000e+01 1.015873139090444743e+00 2.743974396462484089e-03
1.158333333333333215e+01 1.007711688365829250e+00 -1.140170515397778087e-03
1.160416666666666607e+01 1.018042240284767530e+00 -1.369563290935132396e-03
1.162500000000000000e+01 1.030471753141049884e+00 -7.729710854052466865e-04
1.164583333333333215e+01 1.026302490835059089e+00 5.296002190495153680e-04
1.166666666666666607e+01 1.006022444931988113e+00 -4.970865612864260058e-05
1.168750000000000000e+01 9.888742925462938871e-01 9.395382003116999146e-04
1.170833333333333215e+01 9.753409412468890816e-01 1.177518612023709501e-04
1.172916666666666607e+01 9.836455421639430652e-01 -8.733352107294799129e-04
1.175000000000000000e+01 1.000645878237917286e+00 2.317203272205101226e-03
1.177083333333333215e+01 1.005171792034341038e+00 8.953365429799452953e-06
1.179166666666666607e+01 1.007789040278959325e+00 4.913633172326572216e-04
1.181250000000000000e+01 1.001985607245613030e+00 1.766133565220880976e-03
1.183333333333333215e+01 9.960483568146552003e-01 -8.406247988453723324e-04
1.185416666666666607e+01 9.889587323220475623e-01 2.329515525268059781e-04
1.187500000000000000e+01 9.887583926265665069e-01 -8.614702769436065333e-05
1.189583333333333215e+01 1.009849689410976969e+00 1.715717941890682432e-04
1.191666666666666607e+01 1.020335995668485873e+00 1.397188439460341543e-03
1.193750000000000000e+01 1.028623885635032709e+00 1.997514183843778022e-03
1.195833333333333215e+01 1.016358381766659935e+00 -1.037509587102664055e-03
1.197916666666666607e+01 1.005669536878289971e+00 1.545068166752784460e-03
1.200000000000000000e+01 1.007568656086750059e+00 5.208232288344371956e-04
1.202083333333333215e+01 1.020184749943848335e+00 -2.159331160294526795e-03
1.204166666666666607e+01 1.028152671838818755e+00 -5.727659183346536917e-04
1.206250000000000000e+01 1.012647665724639934e+00 1.075429048799048277e-03
1.208333333333333215e+01 9.949407233988444288e-01 1.136149857279319508e-03
1.210416666666666607e+01 9.914880430373664844e-01 2.279715898112429345e-03
1.212500000000000000e+01 1.004346025795826103e+00 5.036491671712708604e-04
1.214583333333333215e+01 1.013739584303664509e+00 9.028192394737251554e-04
1.216666666666666607e+01 1.003727763182540089e+00 -1.601519457880337411e-03
1.218750000000000000e+01 9.962193522322413397e-01 8.285782800980568980e-04
1.220833333333333215e+01 9.871868412996009923e-01 3.019292972312186845e-04
1.222916666666666607e+01 9.871632585597663878e-01 -7.202148306555986122e-04
1.225000000000000000e+01 9.976995259324574761e-01 -2.435665235099003685e-03
1.227083333333333215e+01 9.998527641712214864e-01 -1.405108629635518167e-03
1.229166666666666607e+01 1.004828469424421833e+00 -7.292472436034182865e-04
1.231250000000000000e+01 1.010103407992434255e+00 2.841160563908355250e-04
1.233333333333333215e+01 1.013303784002811181e+00 -1.945192803735676639e-03
1.235416666666666607e+01 1.016335512998693069e+00 -2.088004777669988756e-04
1.237500000000000000e+01 1.011040337642580500e+00 -3.818533262395208493e-05
1.239583333333333215e+01 1.009581699867484250e+00 -8.595580063616467363e-04
1.241666666666666607e+01 9.983734710370754106e-01 3.122729288819722348e-03
1.243750000000000000e+01 9.996167448020406576e-01 -1.270106386411120995e-03
1.245833333333333215e+01 9.996259060058590995e-01 4.496211778379875378e-04
1.247916666666666607e+01 9.951133661801485619e-01 2.989574751535816269e-03
1.452083333333333215e+01 9.963454594712082280e-01 1.351358923988876283e-03
1.454166666666666607e+01 1.004931409532518805e+00 -7.743052113451286611e-04
1.456250000000000000e+01 1.009951550650997953e+00 -2.784797243854861531e-03
1.458333333333333215e+01 1.006568092138191650e+00 -1.706650656378046194e-03
1.460416666666666607e+01 9.917543109763848896e-01 9.328075451964897491e-04
1.462500000000000000e+01 9.823880093855574813e-01 -5.496734027320580233e-05
1.464583333333333215e+01 9.823093717600525077e-01 -1.263436527836087227e-04
1.466666666666666607e+01 1.002720108783622388e+00 -4.857968544457370733e-04
1.468750000000000000e+01 1.018136450167453244e+00 -1.693041014670511714e-03
1.470833333333333215e+01 1.012631318027465088e+00 2.611878127311771896e-04
1.472916666666666607e+01 9.933164913084685521e-01 -1.166706646891170832e-03
1.475000000000000000e+01 9.700189543414567961e-01 -3.150617002958106070e-03
1.477083333333333215e+01 9.729353221052523537e-01 -4.726255410017320829e-04
1.479166666666666607e+01 9.945708811803479765e-01 5.194057813286425372e-04
1.481250000000000000e+01 1.014687594372645218e+00 3.412754468709677455e-03
1.483333333333333215e+01 1.020015148097769053e+00 1.305916050680164557e-03
1.485416666666666607e+01 1.018906198844476751e+00 9.805861522337116186e-04
1.487500000000000000e+01 1.017324858530797238e+00 -2.979820491747358648e-04
1.489583333333333215e+01 1.015438634101152982e+00 1.891052541042948561e-04
1.491666666666666607e+01 1.014158818559645736e+00 -1.749366058866477043e-03
1.493750000000000000e+01 1.014447007447581983e+00 -6.869018084776449271e-04
1.495833333333333215e+01 9.993360592225546402e-01 -1.241213225244411572e-03
1.497916666666666607e+01 9.899057898319780779e-01 4.108419698363604232e-04
1.500000000000000000e+01 9.762719541379062393e-01 -1.445401595157813678e-03
1.502083333333333215e+01 9.653785986638117045e-01 5.050567055012793963e-04
1.504166666666666607e+01 9.708676212554429030e-01 2.972375866290308884e-04
1.506250000000000000e+01 9.854652566588407714e-01 5.080772507853705596e-04
1.508333333333333215e+01 9.978376586818981098e-01 -1.453926356044954883e-04
1.510416666666666607e+01 1.000432832429072549e+00 -6.173921231555552259e-04
1.512500000000000000e+01 1.000370956736084338e+00 -3.072941783728606196e-05
1.514583333333333215e+01 9.964850603399630913e-01 -2.139758234526409862e-03
1.516666666666666607e+01 1.011182771342027831e+00 -8.532023028755070715e-04
1.518750000000000000e+01 1.031616832502944225e+00 2.560928730000569292e-04
1.520833333333333215e+01 1.025241250791784742e+00 2.822724654006997843e-03
1.522916666666666607e+01 1.008781239070790647e+00 3.480072650604731943e-04
1.525000000000000000e+01 9.855278383918467666e-01 -8.523284115835954005e-04
1.527083333333333215e+01 9.796872113052006448e-01 -4.226135450016341687e-04
1.529166666666666607e+01 9.802974869819904846e-01 2.575310559549805829e-04
1.531250000000000000e+01 9.814364369300109248e-01 -6.816534335283310191e-04
1.533333333333333215e+01 9.920416109591302378e-01 -1.074677694186294287e-04
1.535416666666666607e+01 1.002824441116354492e+00 8.462647131959702721e-04
1.537500000000000000e+01 1.014549920017279616e+00 9.444967836014299097e-04
1.539583333333333215e+01 1.019854807740477431e+00 7.684621294214883129e-04
1.541666666666666607e+01 1.006897003434998661e+00 -2.001747548681044239e-05
1.543750000000000000e+01 9.947090909337106268e-01 3.931216839845327551e-05
1.545833333333333215e+01 9.914409417686009807e-01 -9.068133944948830695e-04
1.547916666666666607e+01 9.920596929116820561e-01 5.811813591996329870e-04
1.550000000000000000e+01 9.900000718636118302e-01 -1.413155115950213763e-03
1.552083333333333215e+01 9.878599415427558039e-01 -1.653784892491231358e-04
1.554166666666666607e+01 9.975276519467453085e-01 -1.962478994780191086e-03
1.556250000000000000e+01 9.988113224461814266e-01 -1.919837384129576864e-03
1.558333333333333215e+01 9.936544990700403313e-01 -1.173327773928010704e-03
1.560416666666666607e+01 9.889669536600730337e-01 1.298602782140447507e-03
1.562500000000000000e+01 9.838605854265607409e-01 3.432815129121902275e-04
1.564583333333333215e+01 9.961689140771554651e-01 3.590650166964265682e-04
1.566666666666666607e+01 1.012334328432256125e+00 -7.127732557587933629e-04
1.568750000000000000e+01 1.016333703027781699e+00 -2.318469164649503752e-03
1.570833333333333215e+01 1.001743791529376537e+00 -3.444099342807440799e-04
1.572916666666666607e+01 9.821980161304560975e-01 -2.668535231962941784e-04
1.575000000000000000e+01 9.868619350614371566e-01 6.284925201390383119e-04
1.577083333333333215e+01 1.014315639322434626e+00 1.391612627333959273e-03
1.579166666666666607e+01 1.035655817783316390e+00 -1.552795412015316439e-03
1.581250000000000000e+01 1.029025137895323239e+00 -1.279249152316641169e-03
1.583333333333333215e+01 1.009295501864241773e+00 5.700752304867199530e-04
1.585416666666666607e+01 9.932074360400759971e-01 -4.867673636369596111e-04
1.587500000000000000e+01 9.892180893726824076e-01 1.585068909301441458e-03
1.589583333333333215e+01 1.003061297746979275e+00 -1.309359911953896741e-04
1.591666666666666607e+01 1.006521258324424073e+00 -2.014878695258698490e-04
1.593750000000000000e+01 9.990910434597972678e-01 -1.915355268519197641e-03
1.595833333333333215e+01 1.002371360497947839e+00 -2.349844369555321479e-03
1.597916666666666607e+01 1.012927445364641077e+00 -1.163553143630237157e-03
1.600000000000000000e+01 1.014575958684196921e+00 -8.742821907953483677e-04
1.602083333333333215e+01 1.003386358696313652e+00 2.005429030288119648e-03
1.604166666666666430e+01 1.000360000916984404e+00 5.724427025070713331e-04
1.606250000000000000e+01 1.006151326187020745e+00 3.275098643481035054e-05
1.608333333333333215e+01 1.009136711062286640e+00 -9.808882473809077147e-04
1.610416666666666430e+01 1.003844758520951119e+00 8.757495136324322613e-04
1.612500000000000000e+01 9.918434028048450646e-01 1.116899317896809327e-03
1.614583333333333215e+01 9.766820629461541170e-01 2.224370817575801150e-03
1.616666666666666430e+01 9.875128660315527496e-01 -9.620914748984878183e-04
1.618750000000000000e+01 9.956058379434421512e-01 5.345389937982389979e-04
1.620833333333333215e+01 1.021829057582378741e+00 1.761009891079249570e-04
1.622916666666666430e+01 1.023681915410465049e+00 1.211475905022306714e-03
1.625000000000000000e+01 1.024520890174198895e+00 1.198657794388921288e-03
1.627083333333333215e+01 1.018320584331289469e+00 -1.191646504617815180e-03
1.629166666666666430e+01 1.008609962420821349e+00 8.531081191635557504e-04
1.631250000000000000e+01 1.015219605817428539e+00 -1.362791635072821070e-03
1.633333333333333215e+01 1.009066628933617649e+00 2.408215100744205087e-03
1.635416666666666430e+01 1.009423686073565918e+00 -3.585748669633414621e-04
1.637500000000000000e+01 1.003463544026797827e+00 -1.621322356461140897e-03
1.639583333333333215e+01 9.902652297328558006e-01 -1.074263798658104058e-03
1.641666666666666430e+01 9.898451352704423778e-01 -1.569168497841775281e-05
1.643750000000000000e+01 9.910527278649104987e-01 1.065068196946954799e-03
1.645833333333333215e+01 1.005680856074814944e+00 1.095217283196834581e-03
1.647916666666666430e+01 1.018914673739041099e+00 -1.329200286507666549e-03
1.650000000000000000e+01 1.006907135415665122e+00 2.893123116943701475e-05
1.652083333333333215e+01 9.870707007730270544e-01 7.735863171786719339e-04
1.654166666666666430e+01 9.764728586192580329e-01 8.409310125489020786e-04
1.656250000000000000e+01 9.802488691837838442e-01 -5.162649277796453216e-04
1.658333333333333215e+01 9.936631118434395837e-01 7.061671874231978689e-05
1.660416666666666430e+01 9.947419871604341601e-01 -1.169473618037747149e-03
1.662500000000000000e+01 1.004435601095758246e+00 5.637190472792293202e-04
1.664583333333333215e+01 1.003241130848339324e+00 -3.664813997989458381e-04
1.666666666666666430e+01 1.000842974826016363e+00 -1.821836841711780425e-03
1.668750000000000000e+01 1.002549752621448187e+00 -2.360580801609635964e-04
1.670833333333333215e+01 1.001255644299414715e+00 -2.444837457034324934e-03
1.672916666666666430e+01 1.002675459370589772e+00 -6.192872065789382496e-04
1.675000000000000000e+01 1.007598698080811817e+00 -2.334488671746110140e-03
1.677083333333333215e+01 1.009455133527538129e+00 9.818566814454165060e-04
1.679166666666666430e+01 9.946412344453573473e-01 -1.448590194328470233e-03
1.681250000000000000e+01 9.859934988021309410e-01 -7.529858200188376243e-04
1.683333333333333215e+01 9.808374561525137203e-01 -1.228016185494778514e-04
1.685416666666666430e+01 9.815860892840132523e-01 1.653503956884708149e-03
1.687500000000000000e+01 9.968897171483644959e-01 -7.918056295791735429e-04
1.689583333333333215e+01 1.002378178388180885e+00 1.013372343949970299e-03
1.691666666666666430e+01 1.013047002560197418e+00 -3.437013021020115600e-04
1.693750000000000000e+01 1.017076087884539071e+00 -7.763549101764073744e-04
1.695833333333333215e+01 1.014892426897626709e+00 -2.085059488958698835e-03
1.697916666666666430e+01 1.002418264038647200e+00 -1.643249056158831818e-04
1.700000000000000000e+01 9.959181531145273603e-01 -4.274756158801447712e-05
1.702083333333333215e+01 9.887088848877602087e-01 1.046779253366784002e-03
1.704166666666666430e+01 9.896386460680088870e-01 -5.096593591186948310e-04
1.706250000000000000e+01 9.886583774665742563e-01 -1.056785962201604417e-04
1.708333333333333215e+01 9.758663025487679388e-01 1.107263423829934514e-03
1.710416666666666430e+01 9.613383887592200638e-01 4.490594345882573330e-04
1.712500000000000000e+01 9.671605396753191197e-01 -3.764889727920870820e-04
1.714583333333333215e+01 9.867850184551836268e-01 -1.794556565293571604e-03
1.716666666666666430e+01 1.012915127673982063e+00 -1.534591417561443618e-03
1.718750000000000000e+01 1.021550250013549821e+00 -7.562811889611028464e-05
1.720833333333333215e+01 1.022802803165494767e+00 -8.148965441695443443e-04
1.722916666666666430e+01 1.014424779405590726e+00 -4.578395591899612951e-04
1.725000000000000000e+01 1.006192782570549005e+00 -1.921795993523873428e-03
1.727083333333333215e+01 1.002026117102738478e+00 -1.462960104933565329e-04
1.729166666666666430e+01 9.923298606010532152e-01 1.416206448742342262e-03
1.731250000000000000e+01 9.877196958937127791e-01 1.160363892038908861e-03
1.733333333333333215e+01 9.826308104958160206e-01 -2.526016977849332716e-04
1.735416666666666430e+01 9.826717399789951513e-01 -2.035684062791323200e-03
1.737500000000000000e+01 9.813346576787563835e-01 -8.861493040860480381e-04
1.739583333333333215e+01 9.859407101563609777e-01 5.179995408637927705e-04
1.741666666666666430e+01 9.957241017583809972e-01 2.733819267728676539e-04
1.743750000000000000e+01 1.006776604975893497e+00 1.859775361171504089e-03
1.745833333333333215e+01 1.019622132777268098e+00 -7.545930668955530248e-04
1.747916666666666430e+01 1.011221227265369116e+00 -1.116945241622814902e-03
1.750000000000000000e+01 1.001912870807671219e+00 1.098255889900644298e-03
1.752083333333333215e+01 1.002699568173653910e+00 -1.223684798962366375e-03
1.754166666666666430e+01 1.014156744129472543e+00 1.866932821234271742e-03
1.756250000000000000e+01 1.021580379792367710e+00 -9.717518640051346634e-04
1.758333333333333215e+01 1.012075410041252788e+00 2.385899511557789537e-03
1.760416666666666430e+01 1.001204153613200143e+00 4.765812848267127351e-04
1.762500000000000000e+01 1.001121225330606546e+00 2.526659516505828235e-03
1.764583333333333215e+01 1.009827091499396756e+00 -1.393469679238711111e-03
1.766666666666666430e+01 1.004614759571944127e+00 3.484608496600036308e-04
1.768750000000000000e+01 9.920805693680566639e-01 -2.546048202108423721e-03
1.770833333333333215e+01 9.816273640653180310e-01 6.744141347728054622e-04
1.772916666666666430e+01 9.903715310274374684e-01 -1.404056603415054349e-03
1.775000000000000000e+01 1.003697267429259465e+00 2.919279189210205981e-03
1.777083333333333215e+01 1.010554252038205147e+00 2.026451910595738863e-03
1.779166666666666430e+01 9.964232485044657306e-01 -5.464744088219862022e-06
1.781250000000000000e+01 9.876690876269895725e-01 3.988481210340460645e-03
1.783333333333333215e+01 9.883700101496653012e-01 1.159534857052234346e-03
1.785416666666666430e+01 1.010771986878157280e+00 8.487935091280485612e-04
1.787500000000000000e+01 1.020345602536095075e+00 -9.573689894825003835e-04
1.789583333333333215e+01 1.020068624915558608e+00 -5.252792200537399021e-04
1.791666666666666430e+01 1.000041671578911773e+00 -1.607547092935921731e-03
1.793750000000000000e+01 9.846203485083416806e-01 -1.059102422230275399e-03
1.795833333333333215e+01 9.866080854699554870e-01 1.528137119329264510e-03
1.797916666666666430e+01 1.003578572258489343e+00 -1.582095523736699351e-03
1.800000000000000000e+01 1.020288713413272763e+00 -1.315459534684039174e-03
1.802083333333333215e+01 1.026936493233976400e+00 7.408231384226375473e-04
1.804166666666666430e+01 1.026585159824392912e+00 -1.992577503419633062e-04
1.806250000000000000e+01 1.004257856558862239e+00 9.123574457017551587e-04
1.808333333333333215e+01 9.894033409490702313e-01 1.493847047449934577e-03
1.810416666666666430e+01 9.863668168179536844e-01 -5.082624072249879903e-04
1.812500000000000000e+01 9.942738416020415748e-01 -6.543062774887246046e-04
1.814583333333333215e+01 1.011001424705079366e+00 1.548783808186772037e-03
1.816666666666666430e+01 1.019352672934583870e+00 3.856975426548292789e-04
1.818750000000000000e+01 1.004781594447526683e+00 1.239353451167844516e-03
1.820833333333333215e+01 9.897811954879974783e-01 8.199905800045498554e-04
1.822916666666666430e+01 9.885199062030963768e-01 -1.013582391774313573e-05
1.825000000000000000e+01 1.000773516640717675e+00 -8.880024786874657914e-04
1.827083333333333215e+01 1.013870202692237044e+00 -9.587345150331230692e-04
1.829166666666666430e+01 1.014500815581376392e+00 -1.341121410128228168e-04
1.831250000000000000e+01 1.012210673548445516e+00 1.485240626400474761e-03
1.833333333333333215e+01 9.999933862389883688e-01 -3.423227816123091023e-04
1.835416666666666430e+01 9.957203751350142129e-01 2.244073008990453422e-03
1.837500000000000000e+01 9.894202258063814481e-01 -1.332810658798460257e-03
1.839583333333333215e+01 9.921442966976702360e-01 4.569479573986485609e-04
1.841666666666666430e+01 1.002806673324495135e+00 1.032748415971722344e-03
1.843750000000000000e+01 1.017425995490802038e+00 4.707068233039490932e-04
1.845833333333333215e+01 1.009605510801657724e+00 1.875351019704145470e-04
1.847916666666666430e+01 1.007307802583122802e+00 -1.908755555179867400e-03
1.850000000000000000e+01 1.004321296147942411e+00 -2.191629400177394753e-03
1.852083333333333215e+01 1.001352786275624629e+00 -1.749728839202993646e-03
1.854166666666666430e+01 1.007682531991477282e+00 -2.569085266876778195e-04
1.856250000000000000e+01 1.007703056342842629e+00 -5.416581615083042181e-04
1.858333333333333215e+01 1.000095199996078543e+00 5.303559507641998324e-04
1.860416666666666430e+01 9.964851380621772003e-01 -2.143580396136769727e-04
1.862500000000000000e+01 9.996718496130277964e-01 -4.711952735612196202e-04
1.864583333333333215e+01 1.008541960370935353e+00 8.980545892912640245e-04
1.866666666666666430e+01 1.007217026323980580e+00 1.850672865305733137e-03
1.868750000000000000e+01 1.003223180153371974e+00 -1.366383765778703780e-03
1.870833333333333215e+01 1.006259782260549684e+00 1.951137698185573515e-03
1.872916666666666430e+01 1.017710819406979050e+00 -1.392658010585376069e-03
1.875000000000000000e+01 1.016943845468019081e+00 7.298422353625577544e-04
1.877083333333333215e+01 1.012886023495711108e+00 4.764205194641180107e-04
1.879166666666666430e+01 1.009047579269457762e+00 7.584933058902655406e-04
1.881250000000000000e+01 1.000945392609894791e+00 -1.903667371531914771e-03
1.883333333333333215e+01 9.944121566879018381e-01 -2.210922813144903555e-03
1.885416666666666430e+01 9.958227821368439425e-01 1.281876292176551497e-04
1.887500000000000000e+01 9.946681640369896549e-01 -7.410082979604996443e-06
1.889583333333333215e+01 9.959289853978192664e-01 8.350175913343698894e-04
1.891666666666666430e+01 1.007061892499963029e+00 -5.915548474940081260e-04
1.893750000000000000e+01 1.009210578450649320e+00 -1.306248735721589642e-03
1.895833333333333215e+01 1.004218419507643567e+00 2.308022208943121770e-03
1.897916666666666430e+01 9.953780028887772025e-01 1.831557351258176450e-04
1.900000000000000000e+01 9.901001974455586607e-01 1.627412402895095063e-03
1.902083333333333215e+01 1.001658697438300605e+00 -2.073785895391502235e-04
1.904166666666666430e+01 1.010326948451951035e+00 -1.089550832379031480e-03
1.906250000000000000e+01 1.006953481139613915e+00 -2.567714793578227024e-03
1.908333333333333215e+01 9.927709036872515158e-01 -1.847418281879126300e-04
1.910416666666666430e+01 9.860748786093425089e-01 8.242129473224399502e-04
1.912500000000000000e+01 9.950452853879130366e-01 -5.250640626669152763e-04
1.914583333333333215e+01 1.006148365036914738e+00 -1.685205944967491142e-03
1.916666666666666430e+01 1.020746540519342549e+00 -1.263432853240252854e-03
1.918750000000000000e+01 1.027154161058542847e+00 7.916945221208282479e-04
1.920833333333333215e+01 1.027291218081503255e+00 -6.252081489573405298e-04
1.922916666666666430e+01 1.020377422551216995e+00 -7.571659550340098478e-04
1.925000000000000000e+01 1.014360148210559531e+00 -1.885866296743730864e-03
1.927083333333333215e+01 1.018033253706200014e+00 2.899810391053204636e-03
1.929166666666666430e+01 1.011393403542683700e+00 7.158609243834299562e-04
1.931250000000000000e+01 1.004908611187716572e+00 6.536878309308013970e-04
1.933333333333333215e+01 9.967531432982665862e-01 2.315101846351529555e-05
1.935416666666666430e+01 9.728144025140657014e-01 3.537941484387597456e-05
1.937500000000000000e+01 9.742131728130808410e-01 1.914240563831648466e-03
1.939583333333333215e+01 9.876641445135505570e-01 -3.870322715336940115e-04
1.941666666666666430e+01 1.016586733165003364e+00 1.337278119986861713e-03
1.943750000000000000e+01 1.024204911964189835e+00 -1.741769071680400113e-03
1.945833333333333215e+01 9.957654920461627146e-01 2.008565888171197800e-04
1.947916666666666430e+01 9.777334890129104616e-01 1.295385299728271037e-04
1.950000000000000000e+01 9.809244108760289960e-01 -3.401797455596877956e-04
1.952083333333333215e+01 1.006642475269843517e+00 1.099399709132571276e-03
1.954166666666666430e+01 1.018332108101300371e+00 -4.394202754231779076e-04
1.956250000000000000e+01 1.018356137692850494e+00 6.221346151984861106e-04
1.958333333333333215e+01 9.978286868903512019e-01 -6.544587578014442230e-04
1.960416666666666430e+01 9.903901834768951140e-01 1.087856807164468186e-03
1.962500000000000000e+01 1.005702392293824854e+00 2.930437061447838066e-04
1.964583333333333215e+01 1.022852197056754120e+00 1.378471829873298372e-03
1.966666666666666430e+01 1.024233654885576827e+00 1.754460921631273472e-03
1.968750000000000000e+01 1.009969220708742732e+00 1.780829097475630047e-03
1.970833333333333215e+01 9.987741322433604241e-01 2.245178999875186137e-03
1.972916666666666430e+01 1.003101850689478214e+00 2.424072180269633303e-04
1.975000000000000000e+01 1.013979490658897697e+00 3.574061919849393391e-04
1.977083333333333215e+01 1.018432298940589398e+00 3.545568749035115752e-04
1.979166666666666430e+01 1.023439897356518191e+00 -1.976835617718917387e-04
1.981250000000000000e+01 1.019036948286902833e+00 1.996309873847954431e-03
1.983333333333333215e+01 1.013917092595722602e+00 1.663495004198537212e-03
1.985416666666666430e+01 1.002913349402089205e+00 1.719937231074697729e-03
1.987500000000000000e+01 1.000710503277824959e+00 3.938404715727081935e-04
1.989583333333333215e+01 9.947680782275186706e-01 1.829531864489956688e-04
1.991666666666666430e+01 1.001889000371349425e+00 -1.221368228569173157e-03
1.993750000000000000e+01 9.926705963078968908e-01 2.279131972993518216e-04
1.995833333333333215e+01 9.831527001520138365e-01 -2.488622093087767759e-04
1.997916666666666430e+01 9.736189997790491990e-01 -3.176198388884198258e-04
2.000000000000000000e+01 9.821653520013094996e-01 -2.778095123272719680e-03
2.002083333333333215e+01 9.946034171283406611e-01 -2.128090023983575559e-03
2.004166666666666430e+01 1.013555477474982869e+00 3.004939820834422442e-03
2.006250000000000000e+01 1.015329352026168364e+00 -2.016265588060446741e-04
2.008333333333333215e+01 1.000335886498858962e+00 -1.588061855010828617e-03
2.010416666666666430e+01 1.003378532246236521e+00 -1.923453717804075175e-03
2.012500000000000000e+01 1.013761250253974344e+00 -8.908478973889331866e-04
2.014583333333333215e+01 1.023399000576604490e+00 3.881260065413937054e-04
2.016666666666666430e+01 1.026024314189515785e+00 8.974511130642523612e-04
2.018750000000000000e+01 1.015904255103266207e+00 -4.113894442072998643e-05
2.020833333333333215e+01 1.014533338638375692e+00 -1.140554052187247501e-04
2.022916666666666430e+01 1.003567947367340896e+00 1.612100018423573422e-03
2.025000000000000000e+01 9.964689824007076924e-01 -1.202930064286009950e-03
2.027083333333333215e+01 1.003605399114200880e+00 1.758535783149681696e-03
2.029166666666666430e+01 1.019514924523581723e+00 1.147121230098899648e-03
2.031250000000000000e+01 1.018487284387870062e+00 -1.634830438575106881e-04
2.033333333333333215e+01 1.012418865196901052e+00 5.949678423722492768e-04
2.035416666666666430e+01 1.001801052104549727e+00 -1.262014580977532030e-03
2.037500000000000000e+01 9.822808585416954452e-01 9.270661414384613564e-04
2.039583333333333215e+01 9.865810879255466626e-01 6.029251386483407789e-04
2.041666666666666430e+01 9.939106065150670188e-01 1.390826410037158479e-03
2.043750000000000000e+01 1.003147305976596959e+00 -4.780522417787493343e-05
2.045833333333333215e+01 9.991430198557443854e-01 1.538061128019381843e-03
2.047916666666666430e+01 9.972426649237904339e-01 -2.799528827571644805e-03
2.050000000000000000e+01 9.925159902585060090e-01 1.881795559883577560e-03
2.052083333333333215e+01 9.969537998302739901e-01 -3.267409409430741679e-04
2.054166666666666430e+01 1.000784606487147288e+00 -1.494554753453817501e-03
2.056250000000000000e+01 1.002059950837792535e+00 -1.769348796066010435e-03
2.058333333333333215e+01 1.009731550251231846e+00 -2.071715831325451201e-03
2.060416666666666430e+01 1.006781129382020801e+00 3.162133077095794723e-04
2.062500000000000000e+01 1.008602836283683857e+00 6.007883138525137428e-04
2.064583333333333215e+01 1.007497332094783760e+00 -8.971594709132440755e-04
2.066666666666666430e+01 1.014190693358817619e+00 3.251741983329289247e-04
2.068750000000000000e+01 1.024223699202875704e+00 -6.826975333660806984e-04
2.070833333333333215e+01 1.019156742264894833e+00 -1.475761927959420806e-03
2.072916666666666430e+01 1.017534277568503009e+00 -7.004979852216323705e-04
2.075000000000000000e+01 9.986285524927277502e-01 -2.221662935631510752e-03
2.077083333333333215e+01 9.894161911654109076e-01 5.209778519399140239e-05
2.079166666666666430e+01 1.001135790826925165e+00 1.946500639181035887e-03
2.081250000000000000e+01 1.010774728406574674e+00 1.667837351771888599e-05
2.083333333333333215e+01 1.010616650360354862e+00 -1.347455380253391498e-03
2.085416666666666430e+01 1.011890470042284162e+00 -7.545269645217404092e-04
2.087500000000000000e+01 1.002831029667544671e+00 -9.942644028882055649e-04
2.089583333333333215e+01 1.002043757668468427e+00 -1.153989445354756260e-04
2.091666666666666430e+01 1.007879793099675902e+00 9.836235605493698179e-04
2.093750000000000000e+01 1.015401576214096213e+00 -7.411940729934715427e-04
2.095833333333333215e+01 1.016199139600092449e+00 -3.934841372735258685e-04
2.097916666666666430e+01 1.008307543482620749e+00 2.551143081204565823e-04
2.100000000000000000e+01 9.985434512958842879e-01 3.192173370910417695e-04
2.102083333333333215e+01 9.955598117941596437e-01 -1.049413305923697307e-03
2.104166666666666430e+01 9.917816804105406003e-01 1.590710316502165576e-03
2.106250000000000000e+01 9.819675435963610699e-01 -8.987108856078048023e-04
2.108333333333333215e+01 9.908540995464701906e-01 3.233430036218158492e-03
2.110416666666666430e+01 9.867742184199134181e-01 -1.447204529972203387e-03
2.112500000000000000e+01 9.877391682286902341e-01 -1.532567696517210762e-05
2.114583333333333215e+01 1.003030717582550579e+00 -2.874379936136779029e-03
2.116666666666666430e+01 1.026410032657204985e+00 -1.155944954077280182e-03
2.118750000000000000e+01 1.036681613678157809e+00 1.101319464253562802e-03
2.120833333333333215e+01 1.037115618868740485e+00 8.077374517899689834e-05
2.122916666666666430e+01 1.021582220633080684e+00 8.327945803152014739e-04
2.125000000000000000e+01 1.014437478002556459e+00 -5.894088171715064928e-04
2.127083333333333215e+01 1.018994926996568795e+00 1.686760443371912574e-03
2.129166666666666430e+01 1.020988559087098624e+00 -2.681056618554236389e-04
2.131250000000000000e+01 1.015150124511231322e+00 -7.313414454167048656e-04
2.133333333333333215e+01 9.913971498240814473e-01 1.041186239801659801e-03
2.135416666666666430e+01 9.666025766464311220e-01 -8.517949709074287921e-04
2.137500000000000000e+01 9.671654638640750923e-01 2.464897103608808130e-04
2.139583333333333215e+01 9.992798662755235650e-01 -3.520953887358964796e-03
2.141666666666666430e+01 1.022975288637688163e+00 1.035398457214991002e-03
2.143750000000000000e+01 1.021442779508898280e+00 -5.462091915803174479e-04
2.145833333333333215e+01 1.003605459278005041e+00 -1.225189795881430430e-03
2.147916666666666430e+01 9.792758126904345106e-01 3.464754353203491205e-03
2.150000000000000000e+01 9.760437666477589369e-01 1.972596282000489004e-03
2.152083333333333215e+01 9.908743470163018374e-01 -4.685526469211135844e-04
2.154166666666666430e+01 1.011847321853761139e+00 -1.654274781412595069e-03
2.156250000000000000e+01 1.021974741783569174e+00 2.692583433688134470e-04
2.158333333333333215e+01 1.028744601827729310e+00 1.276709533037246073e-03
2.160416666666666430e+01 1.034059985262803849e+00 7.708631404721042130e-04
2.162500000000000000e+01 1.019216613687321527e+00 9.623077933783494818e-04
2.164583333333333215e+01 1.011861284410289885e+00 -1.801133670564664135e-04
2.166666666666666430e+01 9.998334627905528516e-01 -7.135978766108626260e-04
2.168750000000000000e+01 1.005964415577391247e+00 -6.220431360017029216e-04
2.170833333333333215e+01 1.012483042219098905e+00 1.335138831857243932e-03
2.172916666666666430e+01 1.006020447445489241e+00 -1.703561862414236299e-03
2.175000000000000000e+01 9.807255782881013628e-01 -7.008410599826253194e-04
2.177083333333333215e+01 9.692318294663507805e-01 3.752995638815190597e-04
2.179166666666666430e+01 9.750539433736401529e-01 -1.458629548883426689e-03
2.181250000000000000e+01 9.978542588531811308e-01 -1.437850190854302046e-03
2.183333333333333215e+01 1.012886793599745872e+00 4.148488505945672165e-04
2.185416666666666430e+01 1.018308363688918083e+00 5.767205674076633561e-04
2.187500000000000000e+01 1.022166862442953406e+00 1.243316106628300976e-03
2.189583333333333215e+01 1.026922191000090745e+00 -1.608602916086671573e-03
2.191666666666666430e+01 1.022671750736368290e+00 -1.721774380291749831e-03
2.193750000000000000e+01 1.010760429839115071e+00 1.332530850668801848e-03
2.195833333333333215e+01 9.975949124259095857e-01 1.525933579522954732e-03
2.197916666666666430e+01 9.847581663802423835e-01 8.435944647309753016e-04
2.200000000000000000e+01 9.971085431799581178e-01 -9.471074735687734806e-04
2.202083333333333215e+01 9.931525177814186645e-01 1.580702727375579708e-03
2.204166666666666430e+01 9.942619397312122409e-01 -1.554993398698795940e-03
2.206250000000000000e+01 9.934620072650635070e-01 2.673627374832559123e-03
2.208333333333333215e+01 1.008566673650911572e+00 1.454947172170947909e-03
2.210416666666666430e+01 1.021800809509092689e+00 -2.579161013527411783e-03
2.212500000000000000e+01 1.033811649668353150e+00 -1.587845689678108732e-03
2.214583333333333215e+01 1.030688395091750920e+00 -5.566160085932217406e-04
2.216666666666666430e+01 1.018097934953506645e+00 -4.872713077429950993e-04
2.218750000000000000e+01 1.004112524412636542e+00 1.263400596007655365e-03
2.220833333333333215e+01 9.951602090059784578e-01 1.121218665889684970e-03
2.222916666666666430e+01 9.929710399876214844e-01 2.678905885287644170e-04
2.225000000000000000e+01 9.861827604823520943e-01 2.710312497924353536e-04
2.227083333333333215e+01 9.940607569797874632e-01 2.514523432801555399e-04
2.229166666666666430e+01 9.962110545906459613e-01 -4.932308101887280562e-04
2.231250000000000000e+01 1.001820534690390785e+00 -4.115252983277822786e-04
2.233333333333333215e+01 1.001267792030695380e+00 -4.647450089621948336e-05
2.235416666666666430e+01 1.008314388514185866e+00 -1.485238266181569677e-03
2.237500000000000000e+01 1.011698640985156050e+00 -6.952538285025268472e-06
2.239583333333333215e+01 1.011882921456474405e+00 1.166302355820138438e-04
2.241666666666666430e+01 1.010687653487104321e+00 -1.544852268744784877e-03
2.243750000000000000e+01 1.005730861116433283e+00 1.574022390048929144e-03
2.245833333333333215e+01 1.001925657309867823e+00 5.653350957512603622e-04
2.247916666666666430e+01 9.985468603253601083e-01 3.418715997947631663e-04
2.250000000000000000e+01 1.001612670086819756e+00 4.518786587016568172e-04
2.252083333333333215e+01 9.998021900415861030e-01 -5.538241491011298414e-04
2.254166666666666430e+01 9.929875370039885629e-01 3.435436037735392764e-04
2.256250000000000000e+01 1.002903882353564757e+00 -2.121400985685408143e-03
2.258333333333333215e+01 1.009804748824447262e+00 -2.534336626285554981e-03
2.260416666666666430e+01 1.016510316059562768e+00 -6.161316622006307153e-05
2.262500000000000000e+01 1.022211921396491308e+00 1.102803841335963210e-03
2.264583333333333215e+01 1.018489077487317651e+00 3.478534634802464423e-04
2.266666666666666430e+01 1.019380727952297727e+00 -1.447015439618825998e-03
2.268750000000000000e+01 1.013928786641911328e+00 1.737540843042271500e-03
2.270833333333333215e+01 1.014813403916679624e+00 -4.490527769222825536e-04
2.272916666666666430e+01 9.991894009680247768e-01 9.615246020315046773e-04
2.275000000000000000e+01 9.847849221325957192e-01 7.604477372529117474e-04
2.277083333333333215e+01 9.832651799138845128e-01 -2.580374657129660444e-03
2.279166666666666430e+01 9.888107380767753307e-01 5.147503976908142159e-04
2.281250000000000000e+01 1.005859747419600492e+00 -5.255612581077372147e-05
2.283333333333333215e+01 1.014938295767533027e+00 2.247409070709974351e-04
2.285416666666666430e+01 1.008164566865543899e+00 7.161793151623126446e-04
2.287500000000000000e+01 9.941945915187941907e-01 -2.464445702762412069e-03
2.289583333333333215e+01 9.818595770714653170e-01 2.104495674596165993e-04
2.291666666666666430e+01 9.823109924025753559e-01 1.472106882347762281e-03
2.293750000000000000e+01 9.978180148235823443e-01 -2.956034589527907139e-03
2.295833333333333215e+01 1.011849407733777406e+00 1.870864996866581764e-03
2.297916666666666430e+01 1.022106352844769139e+00 1.275143665727042569e-03
2.300000000000000000e+01 1.020851882912188646e+00 -1.419416238346044240e-03
2.302083333333333215e+01 1.019473517600483659e+00 2.256905513726835562e-04
2.304166666666666430e+01 1.012919533757474122e+00 1.517294461484008754e-03
2.306250000000000000e+01 1.018797159614759806e+00 -8.007811048815522033e-04
2.308333333333333215e+01 1.020537197904466620e+00 -1.055801674498871344e-03
2.310416666666666430e+01 1.012554461888159452e+00 -1.053426093963038407e-03
2.312500000000000000e+01 9.937845263615405766e-01 6.298610290391107487e-04
2.314583333333333215e+01 9.937841154391803267e-01 -6.582310200699211010e-04
2.316666666666666430e+01 9.957527687071890954e-01 -1.312069317060814795e-03
2.318750000000000000e+01 1.003825749261266331e+00 -2.178238755254433413e-04
2.320833333333333215e+01 1.000421303422519115e+00 5.103396092010631380e-04
2.322916666666666430e+01 9.948681109330460570e-01 3.121528549379199401e-04
2.325000000000000000e+01 9.977041960451039637e-01 8.227110219063342271e-04
2.327083333333333215e+01 1.012548516163071399e+00 -6.091077559141656883e-04
2.329166666666666430e+01 1.010530967858986440e+00 8.597936396713561124e-04
2.331250000000000000e+01 1.000886282575438990e+00 8.569617816037400056e-04
2.333333333333333215e+01 9.919310924151365505e-01 -1.102415893797302699e-03
2.335416666666666430e+01 9.930760800318415571e-01 -4.749337863605920134e-04
2.337500000000000000e+01 1.007274715725145375e+00 -2.043003097353298433e-03
2.339583333333333215e+01 1.011949167081940937e+00 -9.889035528938539248e-04
2.341666666666666430e+01 1.008390118832901861e+00 -1.097750997499445007e-03
2.343750000000000000e+01 9.852830374990267925e-01 1.516454671997744539e-03
2.345833333333333215e+01 9.900145246416934830e-01 1.591629300168579883e-03
2.347916666666666430e+01 9.976390182977538101e-01 -1.730644788130234184e-03
2.350000000000000000e+01 1.009509350338619882e+00 -9.915075387002096358e-04
2.352083333333333215e+01 1.014707248400477768e+00 2.515232217843917659e-04
2.354166666666666430e+01 1.008332570408914552e+00 -2.256511229710884698e-04
2.356250000000000000e+01 1.009366787142872868e+00 1.833115576943934537e-04
2.358333333333333215e+01 1.011880881274767940e+00 1.658233197401024839e-03
2.360416666666666430e+01 1.015203793267075216e+00 8.467087020814029414e-04
2.362500000000000000e+01 1.019954031186306675e+00 -9.223405888281924854e-04
2.364583333333333215e+01 1.027818777804170969e+00 2.942482799668436999e-04
2.366666666666666430e+01 1.029226596724193366e+00 1.251543051721261098e-03
2.368750000000000000e+01 1.020190431106931417e+00 -1.179595727958516679e-03
2.370833333333333215e+01 1.003238676819041997e+00 7.516497302663078595e-05
2.372916666666666430e+01 9.863213630972265111e-01 -8.942846392940834556e-04
2.375000000000000000e+01 9.817239502536421192e-01 -2.133410956796265995e-03
2.377083333333333215e+01 9.898084746635239517e-01 3.287603266410000884e-03
2.379166666666666430e+01 1.000318047729670923e+00 1.554030007828839871e-03
2.381250000000000000e+01 9.871068063601076137e-01 -6.259189149747525866e-04
2.383333333333333215e+01 9.734314538701804853e-01 3.219253564177548908e-03
2.385416666666666430e+01 9.785777243443231077e-01 3.123552325762508474e-04
2.387500000000000000e+01 1.004612921517216151e+00 1.613229632685316125e-03
2.389583333333333215e+01 1.031835115180017581e+00 1.411876652034998103e-03
2.391666666666666430e+01 1.033675037427700838e+00 -6.580229229602132168e-04
2.393750000000000000e+01 1.017855135678026768e+00 8.962532420325310199e-04
2.395833333333333215e+01 1.005126229974541596e+00 9.984458536634740426e-04
2.397916666666666430e+01 9.988098779720171461e-01 -2.097733325910003041e-03
2.400000000000000000e+01 1.008336128608591897e+00 -4.947294419321841656e-04
2.402083333333333215e+01 1.007906434787575911e+00 -1.734736640132837756e-03
2.404166666666666430e+01 1.009318618663205269e+00 -1.345909839072877102e-03
2.406250000000000000e+01 1.015110614780592835e+00 -1.227725244679169977e-03
2.408333333333333215e+01 1.014104159295198260e+00 -5.234382147160971006e-04
2.410416666666666430e+01 1.015847813468693239e+00 -9.866269292648081109e-04
2.412500000000000000e+01 1.015579260889412305e+00 -8.882919378823311883e-04
2.414583333333333215e+01 1.019739698327896127e+00 2.555990294172315802e-04
2.416666666666666430e+01 1.009839684109751001e+00 1.628609328018530136e-03
2.418750000000000000e+01 9.969210782584005948e-01 -1.129268601148549888e-03
2.420833333333333215e+01 9.927421578931785451e-01 8.524913833860488536e-04
2.422916666666666430e+01 9.897530643978251774e-01 1.249788423378095327e-03
2.425000000000000000e+01 9.972425209407880242e-01 -1.142451135459424984e-03
2.427083333333333215e+01 1.003069290733545893e+00 -2.862521547599847227e-03
2.429166666666666430e+01 9.927891957055560157e-01 7.927248402060717855e-04
2.431250000000000000e+01 9.822592309016371370e-01 2.723279629356778063e-04
2.433333333333333215e+01 9.858658209394381977e-01 1.525841654292761412e-04
2.435416666666666430e+01 1.005390324544243930e+00 3.075062009035377090e-04
2.437500000000000000e+01 1.030445205720093238e+00 1.307676528760931762e-03
2.439583333333333215e+01 1.034650516558115241e+00 -7.940697305144056974e-04
2.441666666666666430e+01 1.022948076919764748e+00 6.515632438847282449e-04
2.443750000000000000e+01 1.013581220964600904e+00 4.131256338528957071e-04
2.445833333333333215e+01 1.001611858835425917e+00 -1.054487346257268737e-03
2.447916666666666430e+01 1.007385044966208953e+00 -1.394440244276354832e-03
2.450000000000000000e+01 1.003130570812378330e+00 -2.031489417636265886e-03
2.452083333333333215e+01 9.969378409811130437e-01 2.733567067907905976e-03
2.454166666666666430e+01 9.959972256465697837e-01 -1.119648735204309105e-03
2.456250000000000000e+01 9.914776682421694298e-01 1.300707866074985586e-05
2.458333333333333215e+01 9.965513941480541593e-01 4.425712619167478947e-04
2.460416666666666430e+01 1.005002950163270459e+00 2.434744152375496807e-05
2.462500000000000000e+01 1.007077518108074665e+00 -1.667900773613880793e-03
2.464583333333333215e+01 1.013641083177309499e+00 -2.840817899385476505e-03
2.466666666666666430e+01 1.010271824083180725e+00 3.108719611701272665e-04
2.468750000000000000e+01 1.007035017953247680e+00 -1.116879499953038262e-03
2.470833333333333215e+01 9.974807542024747287e-01 5.255907951366824496e-04
2.472916666666666430e+01 9.914839574803090416e-01 3.909973211640594012e-04
2.475000000000000000e+01 9.935579530329474718e-01 4.287850492087409184e-04
2.477083333333333215e+01 1.007704042963895485e+00 2.212627642315044899e-03
2.479166666666666430e+01 1.015763396737484614e+00 -1.466228970041858447e-03
2.481250000000000000e+01 1.023650053435103402e+00 1.922629422178689495e-04
2.483333333333333215e+01 1.020696088250773181e+00 1.190041034777539761e-03
2.485416666666666430e+01 1.025998340275891207e+00 -1.392893341404003458e-03
2.487500000000000000e+01 1.015555497685376674e+00 -1.466578452699646498e-03
2.489583333333333215e+01 1.006084840081052700e+00 -5.964342988322550183e-04
2.491666666666666430e+01 9.952378347190037333e-01 -1.077740838714352518e-03
2.493750000000000000e+01 1.002578452989968838e+00 3.296544274357053779e-03
2.495833333333333215e+01 9.914256632362745680e-01 -1.991499663084015520e-03
2.497916666666666430e+01 9.805039342761551202e-01 -3.809466989499145557e-04
2.500000000000000000e+01 9.864914473307389020e-01 -1.184637993240262276e-03
2.502083333333333215e+01 9.955782805551756098e-01 1.138310727997658917e-03
2.504166666666666430e+01 1.011200549376466196e+00 -1.237108343250777412e-03
2.506250000000000000e+01 1.015533422228380278e+00 -9.245616159440758677e-04
2.508333333333333215e+01 9.943977644862965759e-01 -1.792865515688903512e-03
2.510416666666666430e+01 9.843568479237186919e-01 -4.276749773736347282e-04
2.512500000000000000e+01 9.951026854377885700e-01 1.642762469598047816e-03
2.514583333333333215e+01 1.012980533532235272e+00 -6.895439999526044783e-04
2.516666666666666430e+01 1.020165761584959974e+00 -6.078353918775813124e-04
2.518750000000000000e+01 1.009968101854166633e+00 -1.354523333966668828e-03
2.520833333333333215e+01 9.855084176615542813e-01 1.240994350995866741e-03
2.522916666666666430e+01 9.813461144651630663e-01 -7.874243043058234883e-04
2.525000000000000000e+01 1.001716606079091187e+00 1.721530082281372232e-03
2.527083333333333215e+01 1.025655781085234253e+00 -1.611508047131932466e-03
2.529166666666666430e+01 1.040618233426008565e+00 -5.228475645751351269e-04
2.531250000000000000e+01 1.035061751203266933e+00 -8.851400130166814546e-04
2.533333333333333215e+01 1.020595345186670055e+00 -1.257002985119788001e-04
2.535416666666666430e+01 1.009355893710481622e+00 -1.372434131562092451e-03
2.537500000000000000e+01 9.981513287068256579e-01 1.336498520450005991e-03
2.539583333333333215e+01 9.936394847667511243e-01 1.790121620968199211e-04
2.541666666666666430e+01 9.949752744296778140e-01 -1.898267808576709851e-03
2.543750000000000000e+01 9.945454061272867019e-01 -1.184305213407623467e-03
2.545833333333333215e+01 9.908130331151145942e-01 1.279596522566538793e-04
2.547916666666666430e+01 9.898662173242697149e-01 1.264884050773396962e-03
2.550000000000000000e+01 9.806782359484831346e-01 2.734694164347422143e-03
2.552083333333333215e+01 9.879863188284296882e-01 -3.381218659153066726e-04
2.554166666666666430e+01 1.012207998602770553e+00 -2.273561190505126329e-03
2.556250000000000000e+01 1.022733104520008984e+00 2.364566046888946088e-03
2.558333333333333215e+01 1.015675280468574693e+00 1.505008265540187882e-03
2.560416666666666430e+01 1.000047362982423138e+00 -9.226659021876301074e-05
2.562500000000000000e+01 9.991068649604598617e-01 3.330144244477893276e-04
2.564583333333333215e+01 1.003748975257176657e+00 3.935413252027838288e-04
2.566666666666666430e+01 1.015840208283409929e+00 8.475875238495432398e-05
2.568750000000000000e+01 1.000472317267593558e+00 5.383259069331666757e-04
2.570833333333333215e+01 9.904220777568938372e-01 -1.863445764916991758e-03
2.572916666666666430e+01 9.806470837285469200e-01 -4.139749163195011834e-04
2.575000000000000000e+01 9.960795553977908057e-01 -7.954528571295772614e-04
2.577083333333333215e+01 1.017268329528444148e+00 1.514158582297957288e-03
2.579166666666666430e+01 1.023627292863571459e+00 1.339075678597838846e-04
2.581250000000000000e+01 1.019149208063556911e+00 -1.619972002519741265e-03
2.583333333333333215e+01 1.008634842306139756e+00 1.053352806359910071e-03
2.585416666666666430e+01 1.009038199380077661e+00 -2.561127053278894274e-04
2.587500000000000000e+01 1.022378365068839168e+00 2.111365533094570687e-03
2.589583333333333215e+01 1.030891884339472320e+00 -2.142416977966107253e-03
2.591666666666666430e+01 1.024221894038409131e+00 3.346121507997471749e-04
2.593750000000000000e+01 1.009161063944546521e+00 -6.040654762982822657e-04
2.595833333333333215e+01 9.893040941202734251e-01 2.301901074536690807e-04
2.597916666666666430e+01 9.817800331294668226e-01 -1.306835751295950263e-03
