0.000000000000000000e+00 9.806926257098864674e-01 2.034609869728156405e-03
2.083333333333333218e-02 9.918902013804851148e-01 6.819971311584416881e-04
4.166666666666666435e-02 1.004593538755839122e+00 -8.327170026065942648e-04
6.250000000000000000e-02 1.015375538953315004e+00 1.302000469407792139e-03
8.333333333333332871e-02 1.020823832835013212e+00 -2.684623375844220785e-04
1.041666666666666574e-01 1.019439438571575707e+00 -1.260137598383020204e-04
1.250000000000000000e-01 1.008710168185824596e+00 2.168934155118724255e-03
1.458333333333333148e-01 9.865926528396127271e-01 -1.268221021643582312e-04
1.666666666666666574e-01 9.710281245370796510e-01 1.448287954496291609e-03
1.875000000000000000e-01 9.698846177004747382e-01 -1.790450498419681466e-03
2.083333333333333148e-01 9.896445389571371098e-01 8.184414067557992285e-04
2.291666666666666574e-01 1.017641567667205260e+00 5.642608437869126774e-05
2.500000000000000000e-01 1.029393678213915031e+00 1.315486230791177661e-03
2.708333333333333148e-01 1.022540410680828238e+00 2.651578754222952243e-04
2.916666666666666297e-01 1.008568782780098649e+00 2.602030446195110233e-04
3.125000000000000000e-01 9.854396919652207432e-01 4.342041523257468430e-05
3.333333333333333148e-01 9.794009542799743118e-01 1.353034468875764307e-03
3.541666666666666297e-01 9.744036233083323006e-01 -3.428711592190487704e-03
3.750000000000000000e-01 9.933210720217490186e-01 9.953598189865643252e-05
3.958333333333333148e-01 1.011337093323904091e+00 1.238755504817425947e-03
4.166666666666666297e-01 1.023493775466923106e+00 -1.254753577444411676e-03
4.375000000000000000e-01 1.020215766772955668e+00 1.664888076727963177e-03
4.583333333333333148e-01 1.006084108403974886e+00 -3.906299957953904582e-04
4.791666666666666297e-01 9.940966407582219055e-01 1.282292712542098655e-03
5.000000000000000000e-01 9.921047304285488533e-01 -2.288389785027207242e-04
5.208333333333332593e-01 9.928359476699687436e-01 -2.991314138146999608e-04
5.416666666666666297e-01 1.001693977111989931e+00 -8.075787283096558418e-04
5.625000000000000000e-01 9.982311407580394258e-01 1.745750853210733308e-03
5.833333333333332593e-01 1.003079387649438603e+00 1.012812806530179102e-04
6.041666666666666297e-01 1.004288866750622233e+00 1.149022816478644004e-03
6.250000000000000000e-01 1.010354203721627542e+00 -8.857031337055779139e-04
6.458333333333332593e-01 1.005748497031460298e+00 -8.659337860457236465e-05
6.666666666666666297e-01 9.934145713715508696e-01 2.197307238440300396e-03
6.875000000000000000e-01 9.948697610161915117e-01 -6.079468301023563696e-04
7.083333333333332593e-01 9.991818175076699893e-01 -1.038944365278059515e-03
7.291666666666666297e-01 1.004057839083073000e+00 -4.889756196801725590e-05
7.500000000000000000e-01 1.002952238028966381e+00 -7.185959423543654802e-04
7.708333333333332593e-01 9.996472474035479339e-01 1.294870349492863735e-03
7.916666666666666297e-01 9.948384316100213898e-01 2.910745857833828450e-03
8.125000000000000000e-01 1.003446224053361924e+00 2.520886543074101708e-03
8.333333333333332593e-01 1.007519338684918830e+00 -8.794729981426575686e-04
8.541666666666666297e-01 1.000808207219849200e+00 -8.906975930711751510e-04
8.750000000000000000e-01 9.969396583562194492e-01 1.640653165902496114e-03
8.958333333333332593e-01 9.942615741152884823e-01 3.884052416491453339e-04
9.166666666666666297e-01 1.000104252267072003e+00 1.494202252390263450e-03
9.375000000000000000e-01 1.003081244145314743e+00 -1.621636930952191288e-03
9.583333333333332593e-01 1.007175099483079039e+00 -2.320162088032786101e-03
9.791666666666666297e-01 1.005926803545529324e+00 -3.212687718446111888e-05
1.000000000000000000e+00 1.001762184410083689e+00 2.328127905668407713e-04
1.020833333333333259e+00 9.999464406644867909e-01 1.355284603266287513e-04
1.041666666666666519e+00 9.924183101071094582e-01 1.280074633367312125e-03
1.062500000000000000e+00 9.901357569071957965e-01 3.000220762049814476e-04
1.083333333333333259e+00 9.922245274586795061e-01 -7.565038903940728750e-04
1.104166666666666519e+00 1.003661666161209665e+00 -1.883758508134109142e-03
1.125000000000000000e+00 1.009766857088189695e+00 6.208616259320029560e-04
1.145833333333333259e+00 1.020664638691731518e+00 4.906492415027434873e-04
1.166666666666666519e+00 1.009756779201285148e+00 -4.424473356099260812e-04
1.187500000000000000e+00 9.933677270702658824e-01 -1.578035274454426618e-03
1.208333333333333259e+00 9.832543520762401235e-01 -1.734960763010014997e-03
1.229166666666666519e+00 9.830742549747145675e-01 -5.731376712486359239e-04
1.250000000000000000e+00 9.839389426914783021e-01 1.297160522825635109e-03
1.270833333333333259e+00 9.992515182179476652e-01 -1.054006401842258489e-04
1.291666666666666519e+00 1.019581572464966834e+00 8.834013198352193112e-04
1.312500000000000000e+00 1.033632294882621538e+00 2.701254881767376718e-03
1.333333333333333259e+00 1.028096941331676284e+00 1.200503038650832868e-04
1.354166666666666519e+00 1.000838923253108526e+00 -1.828857098443955167e-03
1.375000000000000000e+00 9.726640500152567981e-01 2.093271824364002255e-03
1.395833333333333259e+00 9.623530916006627356e-01 -2.233741506886747011e-03
1.416666666666666519e+00 9.810498095804440766e-01 6.403541946051634608e-04
1.437500000000000000e+00 1.009072920981553878e+00 -7.012291069392349646e-04
1.458333333333333259e+00 1.028272341897528364e+00 -1.973305616654053368e-05
1.479166666666666519e+00 1.025612435075250906e+00 -2.035624449942207662e-04
1.500000000000000000e+00 1.010335179864879862e+00 6.058392160872841858e-04
1.520833333333333259e+00 9.966922136100460072e-01 -1.812661484859396906e-03
1.541666666666666519e+00 9.818164102624941103e-01 -1.055443946777028614e-03
1.562500000000000000e+00 9.792089147103565372e-01 -2.208124772188846071e-04
1.583333333333333259e+00 9.852924614430496053e-01 3.617662875574064536e-04
1.604166666666666519e+00 1.001658336543839622e+00 8.735529137114143514e-04
1.625000000000000000e+00 1.014017233995815337e+00 -2.296581487517724174e-04
1.645833333333333259e+00 1.016394628060208971e+00 -1.832130733869886746e-04
1.666666666666666519e+00 1.012336937276520521e+00 -1.319623871809301420e-03
1.687500000000000000e+00 9.977453700088346755e-01 1.643751242786663539e-03
1.708333333333333259e+00 9.903402392690866529e-01 -2.511790453823537200e-03
1.729166666666666519e+00 9.853212138414387811e-01 -2.169853377679956553e-03
1.750000000000000000e+00 9.978649689761860397e-01 -1.420849607636843473e-03
1.770833333333333259e+00 1.004859573959667518e+00 3.995713849107727293e-04
1.791666666666666519e+00 1.011507346287167763e+00 8.249543889534723248e-04
1.812500000000000000e+00 1.004363417138484760e+00 -5.820038095000275476e-04
1.833333333333333259e+00 1.001510864947199320e+00 2.997180905949458238e-05
1.854166666666666519e+00 9.923622771076652249e-01 -8.314797304938809737e-04
1.875000000000000000e+00 9.898777402820240212e-01 -1.262359184099046995e-03
1.895833333333333259e+00 9.949630879110945569e-01 -1.007576737646855751e-03
1.916666666666666519e+00 1.007377905878903412e+00 -9.132339259694526468e-04
1.937500000000000000e+00 1.014841499487838750e+00 -1.339856751169814881e-03
1.958333333333333259e+00 1.011054638549160778e+00 2.335367186482025220e-03
1.979166666666666519e+00 9.982487081390269967e-01 -2.863109744619692261e-03
2.000000000000000000e+00 9.843985620414898996e-01 -7.990253443572850655e-04
2.020833333333333037e+00 9.876421576554941240e-01 -1.896304357442154566e-03
2.041666666666666519e+00 1.000881741178036188e+00 -1.137845709161813216e-03
2.062500000000000000e+00 1.004711358969672341e+00 -2.292047229395621061e-04
2.083333333333333037e+00 1.007020556025533864e+00 2.719284297580002504e-03
2.104166666666666519e+00 1.009169188318819854e+00 1.130387441057894577e-05
2.125000000000000000e+00 9.999146023365188540e-01 9.916872691508005992e-04
2.145833333333333037e+00 9.939647838374748856e-01 -1.079620921705005607e-03
2.166666666666666519e+00 9.913892009774146752e-01 -9.730223520802854268e-04
2.187500000000000000e+00 9.901286570816332233e-01 -1.811773156916934120e-03
2.208333333333333037e+00 9.979811665662023934e-01 2.068119231327088768e-03
2.229166666666666519e+00 1.001941863335588545e+00 -2.433294619844753341e-04
2.250000000000000000e+00 1.008661398267911125e+00 1.237881155581937445e-03
2.270833333333333037e+00 1.003462911547946312e+00 6.743602530753313494e-04
2.291666666666666519e+00 9.941249492418803291e-01 3.244533997522360794e-04
2.312500000000000000e+00 9.905887211386281699e-01 -2.399609810864289372e-03
2.333333333333333037e+00 9.911465554017538926e-01 4.729244469446757687e-04
2.354166666666666519e+00 1.007326182280777083e+00 1.946019045562798980e-03
2.375000000000000000e+00 1.010234338741786697e+00 -1.621610931284045594e-04
2.395833333333333037e+00 1.001337632854246928e+00 1.138858551909766991e-03
2.416666666666666519e+00 1.002545091377842867e+00 -6.424772029886353627e-04
2.437500000000000000e+00 9.952671609698642285e-01 -1.795305101653929276e-03
2.458333333333333037e+00 9.906080734804167953e-01 -1.178005693416570672e-03
2.479166666666666519e+00 9.973000323412973822e-01 -1.646784597171057924e-03
2.500000000000000000e+00 9.983310037328749775e-01 -3.004031976341274644e-04
2.520833333333333037e+00 1.012490149614340806e+00 4.136338023812672791e-04
2.541666666666666519e+00 1.010283639824832491e+00 5.470504203069915649e-04
2.562500000000000000e+00 1.002885025111822870e+00 9.027656967684398546e-04
2.583333333333333037e+00 9.955471857339791564e-01 -1.614764771391587412e-03
2.604166666666666519e+00 9.848188036986033067e-01 1.875408278002733747e-03
2.625000000000000000e+00 9.877466414803769412e-01 1.000705475992813044e-03
2.645833333333333037e+00 9.968417613916741304e-01 -6.813021112200624060e-04
2.666666666666666519e+00 1.007268306001672720e+00 -1.575967197959092210e-03
2.687500000000000000e+00 1.008663500963734139e+00 -5.735690959002098755e-04
2.708333333333333037e+00 1.009070682783355988e+00 -9.310816427721736472e-04
2.729166666666666519e+00 1.012695690674506155e+00 6.353470735490410713e-04
2.750000000000000000e+00 1.005354150046117834e+00 -5.374924029159063510e-04
2.770833333333333037e+00 9.950030990707424694e-01 1.476098610251905339e-03
2.791666666666666519e+00 9.869784275591625411e-01 -1.863175293845826261e-03
2.812500000000000000e+00 9.820365444699948876e-01 2.755544589588142159e-04
2.833333333333333037e+00 9.930692770244770040e-01 1.542134133109176802e-03
2.854166666666666519e+00 1.013493628244620748e+00 -4.527999421849154132e-04
2.875000000000000000e+00 1.017212058252394913e+00 8.604425495370854327e-04
2.895833333333333037e+00 1.012012033028251823e+00 -2.100090429305655464e-03
2.916666666666666519e+00 9.976874856026700655e-01 7.346800124049015753e-04
2.937500000000000000e+00 9.890408956348177849e-01 -7.861345000121743162e-04
2.958333333333333037e+00 9.953653928502884662e-01 3.397386252350671353e-04
2.979166666666666519e+00 9.986135796214717919e-01 -1.142353597195056459e-03
3.000000000000000000e+00 1.004192034430025027e+00 2.882868204142524410e-04
3.020833333333333037e+00 1.000600838251319624e+00 -7.492853928602325516e-04
3.041666666666666519e+00 1.001996860997176997e+00 2.324750774745982422e-04
3.062500000000000000e+00 1.001293223385714137e+00 6.515108444744233335e-04
3.083333333333333037e+00 9.979129865752265349e-01 -3.168282306767528284e-04
3.104166666666666519e+00 9.993724624044134641e-01 -1.713701452428915875e-04
3.125000000000000000e+00 1.001975730208642723e+00 -5.205633140825965564e-04
3.145833333333333037e+00 1.003126417340759247e+00 3.473489017238110259e-05
3.166666666666666519e+00 1.004765874526466263e+00 9.049630391831363385e-05
3.187500000000000000e+00 9.979794701146346148e-01 1.172661929084156804e-03
3.208333333333333037e+00 9.894306312870010389e-01 -1.506528498360368360e-04
3.229166666666666519e+00 9.902477066112601589e-01 2.604010484107214737e-03
3.250000000000000000e+00 9.983071849957716459e-01 -1.511151064958057887e-03
3.270833333333333037e+00 1.002719579529897098e+00 1.399093889434609422e-03
3.291666666666666519e+00 1.008058156537073868e+00 2.604291930214301209e-04
3.312500000000000000e+00 1.004732441269720722e+00 1.884287462742125982e-04
3.333333333333333037e+00 1.002809404884341449e+00 7.314072705947334682e-04
3.354166666666666519e+00 1.000052219020361122e+00 -1.444794515603644528e-03
3.375000000000000000e+00 9.932311482529239122e-01 6.484216193563554186e-04
3.395833333333333037e+00 9.873869662524634716e-01 -1.549469486547459373e-03
3.416666666666666519e+00 9.886067610683380025e-01 -4.338857555913909117e-05
3.437500000000000000e+00 1.001757844873950143e+00 3.267955461503611056e-04
3.458333333333333037e+00 1.009567044686013659e+00 -6.174131029713120656e-04
3.479166666666666519e+00 1.015278491268047922e+00 -1.215170351690998164e-03
3.500000000000000000e+00 1.007806277076001011e+00 1.102672933734358783e-03
3.520833333333333037e+00 1.001641018856861853e+00 -7.248228130488945610e-04
3.541666666666666519e+00 9.846135062250381820e-01 8.910217353255098791e-05
3.562500000000000000e+00 9.867629493684175745e-01 -9.476767413597937022e-04
3.583333333333333037e+00 9.920590864352692995e-01 1.030261795273515859e-03
3.604166666666666519e+00 9.975025571861686480e-01 4.059162047891565553e-03
3.625000000000000000e+00 1.006328359588657406e+00 -1.887270499721340616e-03
3.645833333333333037e+00 1.007536261999321558e+00 -5.742898038640654448e-04
3.666666666666666519e+00 1.009613962829767120e+00 1.647971567145918798e-03
3.687500000000000000e+00 9.968638498851261076e-01 -4.348717244539233688e-04
3.708333333333333037e+00 9.990332663633506582e-01 -4.646664019907226911e-04
3.729166666666666519e+00 9.883161323403814036e-01 -6.571762893266185285e-04
3.750000000000000000e+00 9.912706115436688004e-01 -6.580488035524258237e-04
3.770833333333333037e+00 1.002821434790837962e+00 8.279319937676239216e-06
3.791666666666666519e+00 1.012135478622035567e+00 7.100155387557923771e-05
3.812500000000000000e+00 1.002599911055803261e+00 -8.738028033199688339e-04
3.833333333333333037e+00 9.940682593294374314e-01 2.149020844587894597e-03
3.854166666666666519e+00 9.916092948492478687e-01 -1.413034351834295500e-03
3.875000000000000000e+00 9.939828785431203961e-01 8.332173554764812874e-04
3.895833333333333037e+00 1.005106839489389614e+00 -1.873652554552466621e-03
3.916666666666666519e+00 1.005675037057767618e+00 2.311407158753209495e-04
3.937500000000000000e+00 1.005779185396466824e+00 -4.646463863864559621e-04
3.958333333333333037e+00 1.006810041153645585e+00 4.588876907694548735e-04
3.979166666666666519e+00 9.958815526875711699e-01 -5.422427046788649190e-04
4.000000000000000000e+00 9.913298880522465328e-01 1.757625116473831087e-03
4.020833333333333037e+00 9.906113601776471711e-01 9.425789097052427628e-05
4.041666666666666075e+00 9.959723860999935008e-01 -1.618210392588936104e-03
4.062500000000000000e+00 1.005850531220769062e+00 1.066384970503603345e-03
4.083333333333333037e+00 1.011904477062334218e+00 4.540701639948691113e-04
4.104166666666666075e+00 1.003549698458413575e+00 -2.451939611967894964e-03
4.125000000000000000e+00 9.963907136467741177e-01 -1.627893334352462865e-03
4.145833333333333037e+00 1.000288985802573638e+00 -1.183328483866462859e-04
4.166666666666666075e+00 9.957981487334144344e-01 1.588228496486681967e-03
4.187500000000000000e+00 1.001912791419859783e+00 -1.279990226910763726e-05
4.208333333333333037e+00 9.942224346570492921e-01 -8.669392677059691021e-04
4.229166666666666075e+00 9.915264640529934947e-01 1.668880431505740400e-03
4.250000000000000000e+00 9.985442123977652518e-01 -2.373415647267202919e-04
4.270833333333333037e+00 1.008810260662427405e+00 8.297927319809903467e-04
4.291666666666666075e+00 1.018595469206859505e+00 -2.258394220259294250e-03
4.312500000000000000e+00 1.013700665499392528e+00 4.430319284142672661e-04
4.333333333333333037e+00 1.000496824677888918e+00 1.873392726441805564e-03
4.354166666666666075e+00 9.909573975284557967e-01 9.586166657937160831e-04
4.375000000000000000e+00 9.850960774651293939e-01 -1.920246685017670861e-03
4.395833333333333037e+00 9.925531395493548681e-01 -1.242990828180764876e-03
4.416666666666666075e+00 1.002091993255767921e+00 1.324620883159096079e-03
4.437500000000000000e+00 1.004658989992152751e+00 -1.099222519568133051e-04
4.458333333333333037e+00 1.008658945273528618e+00 -6.511205377691669117e-04
4.479166666666666075e+00 1.011698532536352335e+00 -1.309653630184480424e-04
4.500000000000000000e+00 1.003179039897251323e+00 -9.154248618033791708e-04
4.520833333333333037e+00 9.922122479394003269e-01 8.612084706797769719e-04
4.541666666666666075e+00 9.940028836434690040e-01 -1.348777494247046290e-03
4.562500000000000000e+00 9.928069265846219960e-01 -1.228699940772165012e-03
4.583333333333333037e+00 1.004266387942345684e+00 -6.600188182665531027e-04
4.604166666666666075e+00 1.005490983327487875e+00 1.115777418431766022e-04
4.625000000000000000e+00 1.001451549169104505e+00 9.211206304575351262e-04
4.645833333333333037e+00 9.995084008561643252e-01 -4.279336401645679726e-04
4.666666666666666075e+00 1.002071028235612449e+00 -1.975562439808275887e-03
4.687500000000000000e+00 1.002408726387323812e+00 -9.707835226881122125e-04
4.708333333333333037e+00 9.964288162216557998e-01 -1.469797932280687662e-03
4.729166666666666075e+00 9.956096231265150198e-01 1.466088624922580203e-03
4.750000000000000000e+00 9.973298002770136783e-01 1.013252020581173560e-03
4.770833333333333037e+00 1.001356638556684331e+00 -3.524083419398650044e-04
4.791666666666666075e+00 1.001476278637525530e+00 2.068492831260218111e-03
4.812500000000000000e+00 9.959840637169226074e-01 -1.453427119156602853e-04
4.833333333333333037e+00 9.911404148921577617e-01 -1.469092762679592191e-03
4.854166666666666075e+00 1.000630795919897675e+00 -1.235309975513001514e-03
4.875000000000000000e+00 1.004087060079247307e+00 -1.036354768615253439e-03
4.895833333333333037e+00 1.006443034281103932e+00 -1.021368875090018172e-03
4.916666666666666075e+00 1.005567705401611889e+00 -2.171421063036079162e-03
4.937500000000000000e+00 9.920691628836372233e-01 -2.381575843851839783e-05
4.958333333333333037e+00 9.888854017186073930e-01 -1.534267865344079128e-03
4.979166666666666075e+00 9.933726632617925212e-01 2.072267038927362234e-03
5.000000000000000000e+00 9.975021765425026166e-01 -1.084953903266483791e-03
5.020833333333333037e+00 1.004899164504178044e+00 -1.372919876829740548e-03
5.041666666666666075e+00 1.008578659370060748e+00 4.802478744967747428e-04
5.062500000000000000e+00 1.010909780162881466e+00 -1.169866898330298045e-03
5.083333333333333037e+00 1.004814954655989911e+00 1.422546676023325870e-03
5.104166666666666075e+00 1.000086610245893848e+00 -5.093734440343179173e-04
5.125000000000000000e+00 9.872213227117028200e-01 7.996255331057448672e-04
5.145833333333333037e+00 9.864210823941765849e-01 -1.950307255570710727e-03
5.166666666666666075e+00 9.930343731897197657e-01 -1.995567343425166517e-03
5.187500000000000000e+00 1.007131102766923414e+00 -2.326221646829893745e-03
5.208333333333333037e+00 1.026422371462214267e+00 -1.304695582005283407e-03
5.229166666666666075e+00 1.018454543180138394e+00 1.680759454862631487e-03
5.250000000000000000e+00 9.987141585440425517e-01 1.916845176724789671e-03
5.270833333333333037e+00 9.821290810279775796e-01 1.334123831896057242e-03
5.291666666666666075e+00 9.786182525944444599e-01 2.053941636816042056e-04
5.312500000000000000e+00 9.847117653970309803e-01 -1.910941257127024952e-03
5.333333333333333037e+00 1.004164624998065136e+00 1.562247544408596226e-03
5.354166666666666075e+00 1.023315913253433962e+00 -6.232445846353900244e-04
5.375000000000000000e+00 1.022263783539070214e+00 3.299938681340350332e-04
5.395833333333333037e+00 1.011996395432230633e+00 -2.363599357108718112e-03
5.416666666666666075e+00 9.923027081595474641e-01 -6.721860936620483503e-04
5.437500000000000000e+00 9.785402978841338806e-01 -1.215385493350936092e-03
5.458333333333333037e+00 9.793962248811864946e-01 3.374840228415634975e-03
5.479166666666666075e+00 9.983665030450378230e-01 6.442629260018119513e-04
5.500000000000000000e+00 1.015179734741461948e+00 3.323947384378527110e-04
5.520833333333333037e+00 1.021490943836989018e+00 2.796809660542778821e-03
5.541666666666666075e+00 1.013770467520959118e+00 9.182344032314198028e-04
5.562500000000000000e+00 9.978632951219229552e-01 -1.267141015437466900e-03
5.583333333333333037e+00 9.879648257730097027e-01 -1.205132508396461466e-03
5.604166666666666075e+00 9.818914770437137118e-01 -1.244354098990524361e-03
5.625000000000000000e+00 9.886611540526824005e-01 9.677155532742207772e-04
5.645833333333333037e+00 9.875003840273978151e-01 1.569368330422896097e-03
5.666666666666666075e+00 9.839629112322472171e-01 -1.948641470586700555e-03
5.687500000000000000e+00 9.791511008583360098e-01 6.448450445764354621e-05
5.708333333333333037e+00 9.747662733658795098e-01 2.455358277929466700e-04
5.729166666666666075e+00 9.567754182249675887e-01 1.270987293868051319e-03
5.750000000000000000e+00 9.428120961704468117e-01 4.395461838730463692e-04
5.770833333333333037e+00 9.299929868422888157e-01 1.061771433948135437e-03
5.791666666666666075e+00 9.277557445667831137e-01 -1.710879116537544916e-04
5.812500000000000000e+00 9.389889313401341697e-01 -3.214968389923255373e-04
5.833333333333333037e+00 9.391680190076383550e-01 -4.506038434328162598e-04
5.854166666666666075e+00 9.284879202668572251e-01 -2.342679062934484356e-04
5.875000000000000000e+00 9.259570680882743821e-01 9.285264818253348863e-04
5.895833333333333037e+00 9.214016034103275077e-01 7.595144997514149260e-04
5.916666666666666075e+00 9.261275391966224957e-01 -7.179942995982205919e-04
5.937500000000000000e+00 9.355666224819106924e-01 -1.242510696367777354e-04
5.958333333333333037e+00 9.380731390377714529e-01 8.187341737566771220e-04
5.979166666666666075e+00 9.333958579306816938e-01 -8.378113453956269677e-04
6.000000000000000000e+00 9.410327461736666121e-01 -2.062864971440131273e-04
6.020833333333333037e+00 9.324545037411684500e-01 -6.752471804818267710e-04
6.041666666666666075e+00 9.323079770518412079e-01 -9.261014517036325350e-04
6.062500000000000000e+00 9.392880002836061504e-01 2.033418143172391042e-04
6.083333333333333037e+00 9.508355315663774565e-01 -1.053136199839254609e-03
6.104166666666666075e+00 9.745422977437169232e-01 8.809204678800027421e-04
6.125000000000000000e+00 9.848938282037328351e-01 -2.135520619784675098e-03
6.145833333333333037e+00 9.910925051970921329e-01 -4.021970623670745293e-04
6.166666666666666075e+00 9.848887994685580072e-01 1.374923095909968724e-04
6.187500000000000000e+00 9.884568809833800263e-01 -1.194392490668838309e-03
6.208333333333333037e+00 9.934233576207767147e-01 2.505542510044438034e-03
6.229166666666666075e+00 9.983462125305809787e-01 7.009189708580777691e-04
6.250000000000000000e+00 1.002383021297054588e+00 -6.235060355135267065e-04
6.270833333333333037e+00 1.004034975664190421e+00 -2.180822542914206442e-03
6.291666666666666075e+00 1.004829256869598453e+00 8.219189801578556361e-04
6.312500000000000000e+00 1.000507590177146300e+00 1.449654271847150783e-03
6.333333333333333037e+00 9.977875863444658489e-01 2.539961389766257115e-04
6.354166666666666075e+00 9.897345869949544239e-01 -1.536402855546460363e-04
6.375000000000000000e+00 9.971363088069018499e-01 -1.319296204379770128e-04
6.395833333333333037e+00 1.002221563299753093e+00 1.471855817648006154e-03
6.416666666666666075e+00 1.007390784606782219e+00 2.112176647870359688e-03
6.437500000000000000e+00 1.006015586724394728e+00 1.228310321448377283e-03
6.458333333333333037e+00 9.980998684376255481e-01 7.765475462021403106e-04
6.479166666666666075e+00 9.858298818735935498e-01 -1.446465347743322767e-04
6.500000000000000000e+00 9.956219442982459089e-01 -1.054678306453552938e-03
6.520833333333333037e+00 1.004306757921056503e+00 -8.840023146619892247e-04
6.541666666666666075e+00 1.012755062752045188e+00 -6.773261526135747855e-04
6.562500000000000000e+00 1.003239334650978476e+00 4.575024903539726346e-04
6.583333333333333037e+00 9.916698893292255068e-01 -2.119810421373451072e-03
6.604166666666666075e+00 9.897143189301228494e-01 7.563694151641279920e-05
6.625000000000000000e+00 9.980640183264501974e-01 4.930788337333704124e-04
6.645833333333333037e+00 1.000094267344998400e+00 1.890648927722172502e-03
6.666666666666666075e+00 1.002978729049468942e+00 -3.683361556598362032e-03
6.687500000000000000e+00 9.985539411188020242e-01 -1.814787881729509227e-04
6.708333333333333037e+00 1.001189807687533628e+00 3.395136058290505006e-04
6.729166666666666075e+00 1.005019538898469733e+00 7.082680791873442521e-05
6.750000000000000000e+00 1.000359750699815642e+00 2.113820447534381006e-04
6.770833333333333037e+00 1.002721985415069295e+00 -7.524462453259646603e-04
6.791666666666666075e+00 1.005399839729286926e+00 9.964808039878915620e-04
6.812500000000000000e+00 1.000401021460277651e+00 -1.896477620408470457e-04
6.833333333333333037e+00 1.000916652373597282e+00 -8.785436446888708313e-04
6.854166666666666075e+00 9.920172104361338894e-01 -6.244226227577435052e-04
6.875000000000000000e+00 9.925124446677145995e-01 1.221140349138746459e-03
6.895833333333333037e+00 9.997606146648967407e-01 -3.514850712701225754e-04
6.916666666666666075e+00 1.007279043311169797e+00 -2.146704433211146790e-03
6.937500000000000000e+00 1.010070048649315266e+00 9.029988378142590126e-05
6.958333333333333037e+00 9.997341973959424921e-01 -2.068167781572854004e-04
6.979166666666666075e+00 9.965186280349620507e-01 -4.114315035584632904e-04
7.000000000000000000e+00 9.998399734125402727e-01 3.189719718524736927e-04
7.020833333333333037e+00 9.977881176261997886e-01 -2.934158370428207934e-04
7.041666666666666075e+00 9.942277311487484059e-01 2.443913220974222242e-03
7.062500000000000000e+00 9.894200491362402650e-01 -5.226848202266619526e-05
7.083333333333333037e+00 9.954356223291312977e-01 -1.691240361550808439e-04
7.104166666666666075e+00 9.995208642682987810e-01 2.539801680494108930e-03
7.125000000000000000e+00 1.009702610816943347e+00 -9.603027651535216060e-04
7.145833333333333037e+00 1.015545338588187629e+00 -9.651968175871979009e-04
7.166666666666666075e+00 1.006954796444613276e+00 3.073139346674237291e-04
7.187500000000000000e+00 9.931044937671684725e-01 4.658744301919621501e-04
7.208333333333333037e+00 9.872502481050021705e-01 -4.365607742851838825e-04
7.229166666666666075e+00 9.901757264788821900e-01 2.356457661792664676e-03
7.250000000000000000e+00 9.906030750439344112e-01 1.193256037369617344e-03
7.270833333333333037e+00 1.004088642064685510e+00 2.521877992807441461e-04
7.291666666666666075e+00 1.009389421745074511e+00 -2.205497281340022733e-03
7.312500000000000000e+00 1.012302913705904528e+00 -3.154291227081897379e-04
7.333333333333333037e+00 1.007493355428885184e+00 -2.378689669406796724e-03
7.354166666666666075e+00 1.005793843320730740e+00 7.417879991662141128e-04
7.375000000000000000e+00 9.966430741030878337e-01 -3.480652205419828378e-04
7.395833333333333037e+00 9.861147691266246573e-01 5.039639597269032680e-04
7.416666666666666075e+00 9.866793928277941550e-01 2.882933744161819770e-05
7.437500000000000000e+00 9.944866946749063574e-01 1.112746440971940564e-03
7.458333333333333037e+00 1.001171751573900925e+00 -3.014378631035602527e-03
7.479166666666666075e+00 1.003264918780255144e+00 5.067614435380777887e-04
7.500000000000000000e+00 1.003970207151206662e+00 -2.488818120311298964e-05
7.520833333333333037e+00 1.004594525253093007e+00 7.480919648651990130e-04
7.541666666666666075e+00 1.002421599651296402e+00 -1.128310844150071476e-04
7.562500000000000000e+00 1.000641835207996655e+00 1.602604650174052278e-03
7.583333333333333037e+00 9.957839041507632327e-01 7.539423370970806766e-04
7.604166666666666075e+00 9.884284730253609652e-01 2.894662170814273202e-04
7.625000000000000000e+00 9.969606184894292955e-01 -1.921028828482450963e-04
7.645833333333333037e+00 1.004473030267055034e+00 -1.186275452633469668e-04
7.666666666666666075e+00 1.003185096107642282e+00 1.383352101574565835e-03
7.687500000000000000e+00 1.005989971263232752e+00 -5.612048377729586882e-04
7.708333333333333037e+00 1.005517022265175253e+00 -3.862472851756663288e-04
7.729166666666666075e+00 1.005222901835739036e+00 5.391822448343812054e-04
7.750000000000000000e+00 1.003293854105568039e+00 2.150802147284427545e-03
7.770833333333333037e+00 9.982913652577051211e-01 -9.768148840990423774e-05
7.791666666666666075e+00 9.924453387449645447e-01 -2.767452990662355207e-03
7.812500000000000000e+00 9.926132887240695091e-01 1.039313840013595400e-03
7.833333333333333037e+00 9.942039954079977537e-01 1.579681621750097902e-03
7.854166666666666075e+00 9.985869849833824974e-01 -2.825452415230744752e-03
7.875000000000000000e+00 9.949602978225318139e-01 2.262368925804789229e-04
7.895833333333333037e+00 9.994257056426946173e-01 -9.051121427601803221e-04
7.916666666666666075e+00 1.006602732013488932e+00 9.208767003066715365e-05
7.937500000000000000e+00 1.021169866631582712e+00 -1.475309302740772941e-03
7.958333333333333037e+00 1.012520852202289046e+00 -1.134275480399921576e-03
7.979166666666666075e+00 1.004324610949322016e+00 3.959069264425410506e-05
8.000000000000000000e+00 9.861647404964195562e-01 7.314107132301858952e-04
8.020833333333332149e+00 9.778922643900531675e-01 -1.947660816901009223e-03
8.041666666666666075e+00 9.807181501173872773e-01 -6.222279646577913003e-04
8.062500000000000000e+00 9.954657711686550892e-01 1.271031646833968923e-03
8.083333333333332149e+00 1.013130091688007051e+00 1.624023007269900440e-03
8.104166666666666075e+00 1.026220518314930219e+00 9.299908274679823767e-04
8.125000000000000000e+00 1.018674022978108828e+00 -1.296257481891066859e-03
8.145833333333332149e+00 1.004639861302565107e+00 -1.005557082664191703e-03
8.166666666666666075e+00 9.911151579708992188e-01 -2.415710718291882737e-03
8.187500000000000000e+00 9.835508610074216174e-01 -5.478623652305234307e-04
8.208333333333332149e+00 9.858706180971452682e-01 6.154811107765784193e-04
8.229166666666666075e+00 9.911479988688565168e-01 -1.518642886299174629e-03
8.250000000000000000e+00 1.006838642200183376e+00 4.896628304532891184e-04
8.270833333333332149e+00 1.007618488364285136e+00 -7.821710641792603384e-04
8.291666666666666075e+00 1.008221874154505482e+00 4.553230363607963091e-04
8.312500000000000000e+00 1.011129407466594854e+00 -2.055427799513269579e-04
8.333333333333332149e+00 1.009382361907305015e+00 5.871444774407986490e-04
8.354166666666666075e+00 1.000854777481241742e+00 -5.736344283913761280e-05
8.375000000000000000e+00 9.902666878340070644e-01 8.619237428164778234e-04
8.395833333333332149e+00 9.882805375511378720e-01 -1.427323110596783774e-03
8.416666666666666075e+00 9.877596648343224262e-01 -3.993945886137867450e-04
8.437500000000000000e+00 9.885095693412659923e-01 -7.229614089997042680e-04
8.458333333333332149e+00 1.002538492677864879e+00 -4.713862943293311062e-05
8.479166666666666075e+00 1.009892250221941845e+00 2.171968354413762042e-03
8.500000000000000000e+00 1.011809804770049004e+00 2.918321304107898673e-04
8.520833333333332149e+00 1.007445721336688749e+00 3.824799449660476534e-04
8.541666666666666075e+00 1.004390108166682394e+00 -2.804028861085343296e-03
8.562500000000000000e+00 9.977673214647323485e-01 -6.103898213046717600e-04
8.583333333333332149e+00 9.879492663543806286e-01 1.011075370988059018e-03
8.604166666666666075e+00 9.828856431771905156e-01 3.073610776280103190e-03
8.625000000000000000e+00 9.853344819365505991e-01 8.309411293516113161e-04
8.645833333333332149e+00 1.002727312755733236e+00 -2.806655916072074881e-03
8.666666666666666075e+00 1.013919164650020521e+00 2.317159617246396361e-04
8.687500000000000000e+00 1.023253843977257382e+00 -9.117057286203553070e-04
8.708333333333332149e+00 1.012520313498795677e+00 -2.849537645018287556e-03
8.729166666666666075e+00 1.001453655536574061e+00 -1.198939926600566018e-03
8.750000000000000000e+00 9.876113300458042588e-01 -3.836151194602587834e-03
8.770833333333332149e+00 9.843401185882088011e-01 3.396895844399792745e-04
8.791666666666666075e+00 9.854991607041100332e-01 -9.089786732909344632e-04
8.812500000000000000e+00 9.981913066033281101e-01 2.432933510802956761e-03
8.833333333333332149e+00 1.009344872968818141e+00 -6.731170699672079033e-04
8.854166666666666075e+00 1.012630790094463773e+00 -1.547491275590068575e-03
8.875000000000000000e+00 1.009421132293235823e+00 1.000322810945000708e-03
8.895833333333332149e+00 9.989101591834086413e-01 -1.947945497382128728e-03
8.916666666666666075e+00 9.926784350464338269e-01 5.173073287457160326e-04
8.937500000000000000e+00 9.923899877901247724e-01 -7.619898133846692142e-04
8.958333333333332149e+00 9.978146035928413538e-01 -4.762311803819102834e-04
8.979166666666666075e+00 1.002417942881682844e+00 -4.820374255702507987e-04
9.000000000000000000e+00 1.003373950737129761e+00 -1.226118885492020420e-03
9.020833333333332149e+00 9.972191714932340245e-01 8.670418202222985368e-04
9.041666666666666075e+00 9.923038824187254692e-01 1.243046979474875377e-03
9.062500000000000000e+00 9.902818818807472834e-01 1.738143812733902466e-04
9.083333333333332149e+00 1.000859066166810640e+00 -1.160560491612134615e-03
9.104166666666666075e+00 1.009619846415762190e+00 -4.265580264102396816e-05
9.125000000000000000e+00 1.015397250417781061e+00 8.927935215758037212e-04
9.145833333333332149e+00 1.012635137411643349e+00 -8.735654691952009774e-05
9.166666666666666075e+00 1.001367884616873427e+00 5.827497468283152548e-04
9.187500000000000000e+00 9.817022714223242463e-01 2.067595370823940328e-03
9.208333333333332149e+00 9.727885687493145195e-01 4.063524161192379322e-04
9.229166666666666075e+00 9.810676436520250343e-01 2.339978456272244316e-03
9.250000000000000000e+00 1.006261793122106951e+00 -7.081188042971051121e-05
9.270833333333332149e+00 1.029836030143676862e+00 -1.388945863719082087e-03
9.291666666666666075e+00 1.035506012542504628e+00 -2.891987398642591103e-04
9.312500000000000000e+00 1.014991540114927426e+00 7.309390100689658462e-04
9.333333333333332149e+00 9.887007185311363910e-01 3.932077887269708519e-04
9.354166666666666075e+00 9.798361350831945593e-01 -1.448829031885395422e-04
9.375000000000000000e+00 9.792335597328339913e-01 -1.540336711654676166e-03
9.395833333333332149e+00 9.968035331231900331e-01 2.219609560321131444e-04
9.416666666666666075e+00 1.003920775318716707e+00 1.166741799854638688e-03
9.437500000000000000e+00 1.013320377326236921e+00 2.136738219218281120e-03
9.458333333333332149e+00 1.009771132601573029e+00 -3.028768597185075846e-04
9.479166666666666075e+00 1.006725383994118372e+00 3.800400401672745631e-04
9.500000000000000000e+00 9.981103902781135462e-01 -6.000023163486332490e-04
9.520833333333332149e+00 9.845220360430044781e-01 1.883851681646337274e-04
9.541666666666666075e+00 9.875011518154191981e-01 2.476591966312070500e-03
9.562500000000000000e+00 1.001112970284560255e+00 -1.930118702261640097e-03
9.583333333333332149e+00 1.012881488913462968e+00 9.858006789863424119e-04
9.604166666666666075e+00 1.012287650195430544e+00 1.413964901906262757e-03
9.625000000000000000e+00 1.007538762858792403e+00 -5.502978839712484608e-04
9.645833333333332149e+00 9.990796906906714847e-01 -1.827296347181605902e-03
9.666666666666666075e+00 9.904405784358711884e-01 -8.644583834305105642e-05
9.687500000000000000e+00 9.879500328291874744e-01 -1.004136462900291540e-03
9.708333333333332149e+00 9.869882114046552024e-01 -1.696835484015569431e-03
9.729166666666666075e+00 1.002771051095895816e+00 6.306949164716734021e-04
9.750000000000000000e+00 1.010208394727236003e+00 3.497327999214191584e-03
9.770833333333332149e+00 1.012797913892707458e+00 4.353784294320133777e-04
9.791666666666666075e+00 1.006901078280504125e+00 -1.242651767863505634e-03
9.812500000000000000e+00 9.940354527966703824e-01 -1.140528614265209906e-03
9.833333333333332149e+00 9.837543090681641900e-01 -5.144028929065935654e-04
9.854166666666666075e+00 9.844657772461180567e-01 1.874898736235336427e-03
9.875000000000000000e+00 1.003673323860805544e+00 1.150186838252779129e-03
9.895833333333332149e+00 1.010378670296914638e+00 4.747247698356032411e-04
9.916666666666666075e+00 1.007831236982796419e+00 9.486630611438813879e-04
9.937500000000000000e+00 1.006338897537073507e+00 -6.023052729587729083e-04
9.958333333333332149e+00 1.000197184741835832e+00 -1.071625618265830988e-03
9.979166666666666075e+00 1.003217211171125944e+00 -1.976236657924875743e-03
1.000000000000000000e+01 1.004580951593691429e+00 -1.397233529752371639e-03
1.002083333333333215e+01 9.929280814216054907e-01 -1.318250692623232833e-03
1.004166666666666607e+01 9.895937012843161185e-01 1.376897069662321024e-03
1.006250000000000000e+01 9.929186434413298512e-01 -1.379029741590196735e-03
1.008333333333333215e+01 9.946829445396759839e-01 -1.886918949134435992e-03
1.010416666666666607e+01 1.007644470866752240e+00 1.525098397108575691e-04
1.012500000000000000e+01 1.002315863319417133e+00 -2.078099630768013477e-04
1.014583333333333215e+01 1.010430380223909186e+00 6.173707222229113107e-05
1.016666666666666607e+01 1.014048636906181633e+00 1.014335522800514358e-03
1.018750000000000000e+01 1.003394238784156345e+00 -2.874233833318809699e-04
1.020833333333333215e+01 9.978391064727438753e-01 1.923190640002980919e-03
1.022916666666666607e+01 9.818521387995834404e-01 -3.796692792718364099e-04
1.025000000000000000e+01 9.817782281739722006e-01 -3.558366708863742859e-04
1.027083333333333215e+01 9.885792249027040013e-01 -2.819567419969053602e-04
1.029166666666666607e+01 1.007087284984953701e+00 -1.238067091366167266e-03
1.031250000000000000e+01 1.016205184424212593e+00 -5.396834420002585538e-04
1.033333333333333215e+01 1.018894884706129433e+00 3.181768252753803123e-05
1.035416666666666607e+01 1.018306672265484547e+00 2.672849010943742043e-04
1.037500000000000000e+01 1.002325094202458633e+00 2.093011930723518311e-03
1.039583333333333215e+01 9.898251309836563205e-01 9.865045896124951391e-04
1.041666666666666607e+01 9.809481786456214492e-01 3.748995282323364965e-04
1.043750000000000000e+01 9.892263699818238942e-01 -9.119580417526018494e-04
1.045833333333333215e+01 9.983533601644573041e-01 -9.283629047095111504e-04
1.047916666666666607e+01 1.003733419962914208e+00 1.162960899597289014e-03
1.050000000000000000e+01 1.017214350202731765e+00 -9.528544479519214007e-05
1.052083333333333215e+01 1.009468165450515098e+00 -6.267773640773716777e-05
1.054166666666666607e+01 1.001901420413156218e+00 1.385574162794205293e-03
1.056250000000000000e+01 1.001707928107927970e+00 1.512644515161129305e-04
1.058333333333333215e+01 9.990187267341834598e-01 1.626628148249118302e-04
1.060416666666666607e+01 9.979182485538546921e-01 6.916318721059716459e-05
1.062500000000000000e+01 9.856181716605786347e-01 2.875842527036037623e-03
1.064583333333333215e+01 9.886003130759275503e-01 -3.650803982702166051e-04
1.066666666666666607e+01 9.944203251066821014e-01 -2.828542266173403167e-04
1.068750000000000000e+01 1.007126942380031309e+00 -1.105648429247291014e-03
1.070833333333333215e+01 1.013283460028933991e+00 2.515329367503778453e-03
1.072916666666666607e+01 1.009400200281521887e+00 -2.143878598504455734e-03
1.075000000000000000e+01 1.005371943750438923e+00 -7.805094223219066979e-04
1.077083333333333215e+01 9.975014761458013135e-01 -4.271433906477454341e-04
1.079166666666666607e+01 1.001243148092889612e+00 2.626226234819442487e-04
1.081250000000000000e+01 1.003090977400402428e+00 5.944273766756626859e-04
1.083333333333333215e+01 9.902395278991840133e-01 1.342012370347358586e-04
1.085416666666666607e+01 9.849811659170449873e-01 1.754424556945990499e-03
1.087500000000000000e+01 9.916984753102219274e-01 -1.969364326061013616e-03
1.089583333333333215e+01 1.004185078711747447e+00 -1.221557101033468118e-03
1.091666666666666607e+01 1.014368505054003000e+00 5.547776919248465248e-04
1.093750000000000000e+01 1.015579735108068204e+00 -1.101846713386361127e-03
1.095833333333333215e+01 1.014087526707271980e+00 1.624784817680880681e-03
1.097916666666666607e+01 1.001201119422549635e+00 2.503818404678300087e-03
1.100000000000000000e+01 9.931247750218709092e-01 -2.654663408623769184e-03
1.102083333333333215e+01 9.819828977191760178e-01 -8.099805069287967577e-04
1.104166666666666607e+01 9.846905911470890116e-01 1.341257499047160363e-03
1.106250000000000000e+01 9.938739883835626676e-01 4.261900424668889570e-04
1.108333333333333215e+01 1.009217730408147773e+00 -1.276718362248929458e-03
1.110416666666666607e+01 1.016621642911719192e+00 -1.176973772439934927e-03
1.112500000000000000e+01 1.011084568566831932e+00 5.979356866003739546e-04
1.114583333333333215e+01 1.002733610111465223e+00 2.762333089665224201e-04
1.116666666666666607e+01 9.992414574598333932e-01 1.717631241899324689e-04
1.118750000000000000e+01 9.921955078233795078e-01 1.429096294616711811e-03
1.120833333333333215e+01 9.927083048088111150e-01 -9.264502610172045357e-05
1.122916666666666607e+01 9.921107612621815619e-01 7.173810636646897393e-04
1.125000000000000000e+01 9.960999120849748367e-01 5.960515487418453686e-04
1.127083333333333215e+01 1.001191235138418456e+00 -8.848819468790332030e-04
1.129166666666666607e+01 1.001656517097593291e+00 -2.171160551798435173e-03
1.131250000000000000e+01 1.011613299595604420e+00 3.038653851693491441e-03
1.133333333333333215e+01 1.004226657795178390e+00 -2.419105486570326518e-03
1.135416666666666607e+01 1.000751294270448177e+00 4.298812175791112624e-04
1.137500000000000000e+01 1.003114200333851125e+00 3.956733202653688899e-04
1.139583333333333215e+01 1.005352076676923501e+00 4.211515427908532052e-04
1.141666666666666607e+01 9.997336572418442646e-01 -2.080208107662221209e-03
1.143750000000000000e+01 9.939741087293656463e-01 2.608919292428502220e-04
1.145833333333333215e+01 9.899500349422373224e-01 2.957732562354686498e-03
1.147916666666666607e+01 9.833497251989528065e-01 -8.820777599585553864e-04
1.150000000000000000e+01 1.000450777533548274e+00 -1.748401505579771096e-03
1.152083333333333215e+01 1.012373626666108972e+00 1.046562001527869207e-03
1.154166666666666607e+01 1.018463529211222740e+00 7.767883772985321967e-04
1.156250000000000000e+01 1.013861945392052100e+00 2.344178760939077087e-04
1.158333333333333215e+01 1.004495932328197449e+00 -3.745879896909312825e-05
1.160416666666666607e+01 9.965628662509191660e-01 -3.227344089335064457e-04
1.162500000000000000e+01 9.818101828540095610e-01 -2.150251245063359955e-03
1.164583333333333215e+01 9.797452975718090595e-01 -9.635193547454819337e-04
1.166666666666666607e+01 9.821091133752748448e-01 2.416180349175248154e-03
1.168750000000000000e+01 1.001309188326698907e+00 -3.308214336598897594e-04
1.170833333333333215e+01 1.020850404676560519e+00 -1.334540546039119898e-03
1.172916666666666607e+01 1.031992853128920196e+00 -2.399900533178762552e-05
1.175000000000000000e+01 1.018166292844407073e+00 -6.528056265053000127e-04
1.177083333333333215e+01 9.964264324843672416e-01 -1.235620329357816835e-03
1.179166666666666607e+01 9.758273202805030078e-01 1.213291091714741076e-03
1.181250000000000000e+01 9.762693654006570076e-01 1.570442733560140601e-03
1.183333333333333215e+01 9.876816347541109709e-01 9.516633101142267775e-04
1.185416666666666607e+01 1.001538751814990968e+00 -1.546391063244496053e-03
1.187500000000000000e+01 1.012363822354596765e+00 8.846188726495331396e-04
1.189583333333333215e+01 1.019263244267925472e+00 -1.908524830566639538e-03
1.191666666666666607e+01 1.018398708079106818e+00 -8.570812307025795331e-04
1.193750000000000000e+01 9.996598295807515022e-01 -4.642367295477448932e-04
1.195833333333333215e+01 9.928183871014454320e-01 3.151628451674524782e-04
1.197916666666666607e+01 9.886579060020885823e-01 2.313089322389326116e-03
1.200000000000000000e+01 1.000511347923656702e+00 -1.365357009742798134e-03
1.202083333333333215e+01 9.995409573607761944e-01 -8.871981568779268397e-04
1.204166666666666607e+01 9.994499605968427680e-01 3.524792778431202534e-04
1.206250000000000000e+01 9.848854036340490836e-01 5.602544587748559341e-04
1.208333333333333215e+01 9.896941247007189357e-01 1.273925137602526566e-03
1.210416666666666607e+01 9.988514138109925167e-01 6.123607029205103709e-04
1.212500000000000000e+01 1.016159429879888387e+00 -1.558485081101536047e-04
1.214583333333333215e+01 1.022632920408430790e+00 9.712117081065746872e-05
1.216666666666666607e+01 1.011068680475813997e+00 9.162790522485688479e-04
1.218750000000000000e+01 9.998336827919368508e-01 -1.365700015850064607e-03
1.220833333333333215e+01 9.900582108201250175e-01 1.294272489703255117e-03
1.222916666666666607e+01 9.814664066288227851e-01 1.291623880706836442e-03
1.225000000000000000e+01 9.791538898462632812e-01 1.598571055355181613e-03
1.227083333333333215e+01 9.890493937899728083e-01 1.966960530995161597e-04
1.229166666666666607e+01 1.008187694642318499e+00 -5.527446430196236368e-04
1.231250000000000000e+01 1.025338595813304998e+00 5.974901247362616845e-04
1.233333333333333215e+01 1.033462279968814013e+00 7.397237253749581977e-04
1.235416666666666607e+01 1.021748777879019077e+00 4.874957544558729592e-05
1.237500000000000000e+01 9.996719351506072604e-01 2.967355973888564382e-04
1.239583333333333215e+01 9.725901951454973826e-01 7.241431042723452160e-04
1.241666666666666607e+01 9.701430233969902117e-01 8.103234236911337728e-04
1.243750000000000000e+01 9.780689803211020106e-01 6.518757585391514149e-04
1.245833333333333215e+01 1.000981578402218686e+00 -1.457942068577889943e-03
1.247916666666666607e+01 1.017330104291404025e+00 1.043986940360861013e-03
1.452083333333333215e+01 1.006234853408876084e+00 -1.016986314328537262e-03
1.454166666666666607e+01 1.004259047132554761e+00 3.322869163663362156e-04
1.456250000000000000e+01 1.007448000949320077e+00 1.166614024207657859e-03
1.458333333333333215e+01 1.012167466663873805e+00 2.458301351736517926e-03
1.460416666666666607e+01 1.010776749922119855e+00 -2.032897059191986363e-04
1.462500000000000000e+01 9.961987851758317136e-01 2.148353284234430245e-03
1.464583333333333215e+01 9.893773540794573718e-01 1.055598015211610874e-03
1.466666666666666607e+01 9.855504417194947964e-01 -1.139336036713346030e-03
1.468750000000000000e+01 9.861388231551618810e-01 5.321440343460149842e-04
1.470833333333333215e+01 9.977620671188788259e-01 -1.035594311942763211e-03
1.472916666666666607e+01 1.009787951165572739e+00 6.288507320907050320e-04
1.475000000000000000e+01 1.024766652157424796e+00 4.568921044399096580e-04
1.477083333333333215e+01 1.025629887575743027e+00 -2.112239345331048393e-04
1.479166666666666607e+01 1.002113046935047436e+00 3.833011124950540791e-04
1.481250000000000000e+01 9.793404217399456213e-01 -9.001203931697499255e-04
1.483333333333333215e+01 9.664891059063434042e-01 -2.257894530594255905e-04
1.485416666666666607e+01 9.662635056768272834e-01 1.525087522139118240e-03
1.487500000000000000e+01 9.686250215004904573e-01 -3.021806216969435293e-04
1.489583333333333215e+01 9.690127200180584932e-01 -4.559819859658866231e-04
1.491666666666666607e+01 9.712041919800035172e-01 -8.100047867734711535e-04
1.493750000000000000e+01 9.833842897023139518e-01 4.785501596581152645e-05
1.495833333333333215e+01 9.876275592616654553e-01 1.120695422779974335e-03
1.497916666666666607e+01 9.878383065097207094e-01 -1.091321467907750898e-04
1.500000000000000000e+01 9.705796078791941728e-01 1.076304442947201637e-03
1.502083333333333215e+01 9.553649301688151851e-01 3.033388336016658868e-04
1.504166666666666607e+01 9.489436439672335188e-01 1.727434481618065872e-03
1.506250000000000000e+01 9.531029360899866409e-01 2.244476966152932759e-05
1.508333333333333215e+01 9.642005162133734375e-01 7.005936698825043990e-04
1.510416666666666607e+01 9.716014192373404468e-01 1.766424950031528218e-03
1.512500000000000000e+01 9.748153111451726138e-01 2.802812372871957280e-03
1.514583333333333215e+01 9.819773310449072534e-01 -1.823285799694818188e-03
1.516666666666666607e+01 9.816659519775625675e-01 -3.489101486981829089e-04
1.518750000000000000e+01 9.808324544798771027e-01 1.708743962855811501e-04
1.520833333333333215e+01 9.612113713096777090e-01 -1.364197062571458367e-03
1.522916666666666607e+01 9.584841402461704574e-01 -8.587092479105118154e-05
1.525000000000000000e+01 9.601397879485659148e-01 2.645484473104366043e-03
1.527083333333333215e+01 9.691476818261097748e-01 1.363527990738003584e-03
1.529166666666666607e+01 9.846848758488434550e-01 8.624590170035514503e-06
1.531250000000000000e+01 9.980655085145064831e-01 -8.673428290910599166e-04
1.533333333333333215e+01 1.011907951005327044e+00 -5.251673674661781407e-04
1.535416666666666607e+01 1.019701513333858056e+00 -5.539915276525598717e-04
1.537500000000000000e+01 1.013447574115616812e+00 -2.793358926047767241e-03
1.539583333333333215e+01 9.965621141472029709e-01 9.752373252823840367e-04
1.541666666666666607e+01 9.845860389572897997e-01 -1.549192789626372552e-03
1.543750000000000000e+01 9.749935381226836340e-01 1.323604466494651428e-03
1.545833333333333215e+01 9.911570824367476051e-01 2.266798143716703892e-03
1.547916666666666607e+01 1.004152770172423548e+00 4.827820550985686791e-03
1.550000000000000000e+01 1.012640521340297362e+00 -1.669853042192519449e-03
1.552083333333333215e+01 1.013245353155245887e+00 -1.268586094513750708e-03
1.554166666666666607e+01 1.008340299312200594e+00 6.173140925461740583e-04
1.556250000000000000e+01 1.010236185813804477e+00 7.310774828763762613e-04
1.558333333333333215e+01 9.985156580432236195e-01 -8.124262809962982685e-04
1.560416666666666607e+01 9.946726028732272296e-01 -4.041398324611862212e-04
1.562500000000000000e+01 9.895221343015924154e-01 4.149684624176844814e-04
1.564583333333333215e+01 9.937571172774557482e-01 2.775012552921250980e-04
1.566666666666666607e+01 9.976574785322230854e-01 8.685923744476717161e-04
1.568750000000000000e+01 1.009851300043329791e+00 -2.967376978682164258e-03
1.570833333333333215e+01 1.003049991330255297e+00 -3.291688498135651730e-03
1.572916666666666607e+01 9.984634703471872985e-01 4.124458465493919461e-04
1.575000000000000000e+01 9.988572546997782631e-01 -2.154419071288494070e-03
1.577083333333333215e+01 1.001056463560258569e+00 4.497084676291588094e-04
1.579166666666666607e+01 1.007650705233460453e+00 -1.354791597526366648e-03
1.581250000000000000e+01 1.002194787756977679e+00 1.157215490588240237e-03
1.583333333333333215e+01 9.921837883281202641e-01 3.542343410114947417e-04
1.585416666666666607e+01 9.896954253923971878e-01 -1.696030452229262782e-03
1.587500000000000000e+01 9.924285960125445172e-01 3.432796724996137129e-04
1.589583333333333215e+01 9.989247190061054660e-01 -1.946250536061915623e-03
1.591666666666666607e+01 1.001622930750126539e+00 2.660758008296958653e-03
1.593750000000000000e+01 1.003824018875339785e+00 -6.142818558739854490e-04
1.595833333333333215e+01 1.004350857347730441e+00 -7.468790131203032270e-04
1.597916666666666607e+01 1.003415934160495349e+00 -5.885793209718723077e-05
1.600000000000000000e+01 1.007131506083396300e+00 9.529507776168779417e-04
1.602083333333333215e+01 9.990812724225457409e-01 3.516193849643411214e-04
1.604166666666666430e+01 9.906292865208220499e-01 -3.360617681911134969e-03
1.606250000000000000e+01 9.854887457103317372e-01 5.317391799464077492e-04
1.608333333333333215e+01 9.944165678342120618e-01 -8.258153757322059078e-04
1.610416666666666430e+01 9.937741744390188314e-01 -5.316696832109160317e-04
1.612500000000000000e+01 1.003714096217680929e+00 -1.867122053866624191e-03
1.614583333333333215e+01 1.012147976954693496e+00 -9.924754942174805663e-04
1.616666666666666430e+01 1.011438249095611530e+00 7.740860362858275343e-04
1.618750000000000000e+01 1.006764130082690389e+00 -1.551192669614995029e-03
1.620833333333333215e+01 9.940003360907825325e-01 -2.407751266140985193e-03
1.622916666666666430e+01 9.870942103229489728e-01 -6.045431027218678248e-04
1.625000000000000000e+01 9.823591122607953086e-01 4.201893037242908466e-04
1.627083333333333215e+01 9.978046468186065887e-01 -2.177053431717794734e-03
1.629166666666666430e+01 1.010064116513489596e+00 -1.009036370234878393e-03
1.631250000000000000e+01 1.004120908324218853e+00 -8.596179647013556030e-04
1.633333333333333215e+01 1.001365900396423703e+00 -7.225109986088386251e-04
1.635416666666666430e+01 9.890841563886297871e-01 1.049682822477370847e-03
1.637500000000000000e+01 9.962345227119538960e-01 -9.783006440570096371e-04
1.639583333333333215e+01 1.003534685296241458e+00 -6.051286106432059468e-04
1.641666666666666430e+01 1.005538132379336425e+00 -1.595414645740630966e-03
1.643750000000000000e+01 1.011310977591268312e+00 -1.597283359774730963e-04
1.645833333333333215e+01 1.001258426617566810e+00 8.459628351211832690e-04
1.647916666666666430e+01 9.929246778740627999e-01 7.103029656190277072e-06
1.650000000000000000e+01 9.914882094813728397e-01 7.032661216863365971e-05
1.652083333333333215e+01 9.848972979417386364e-01 1.934165859108137120e-03
1.654166666666666430e+01 9.847060147304977917e-01 2.561846828733439514e-03
1.656250000000000000e+01 1.001836074461089021e+00 2.202585440473973607e-04
1.658333333333333215e+01 1.016296129517367586e+00 -5.378312816677220318e-04
1.660416666666666430e+01 1.020106918468624002e+00 1.559031780439323412e-03
1.662500000000000000e+01 1.015362744615843305e+00 -3.591817302825498479e-04
1.664583333333333215e+01 9.929599076489130649e-01 2.549024494675616328e-04
1.666666666666666430e+01 9.787603005382518040e-01 1.531226390451176063e-03
1.668750000000000000e+01 9.787968667772751763e-01 -7.859579294002098926e-04
1.670833333333333215e+01 9.902311253003609481e-01 9.397025439567591350e-04
1.672916666666666430e+01 1.005808727617031995e+00 5.134532416283752723e-04
1.675000000000000000e+01 1.019199688446063012e+00 1.485009555855285436e-03
1.677083333333333215e+01 1.019301994509525189e+00 5.444081876404626525e-04
1.679166666666666430e+01 1.014766760195202622e+00 -1.010803584228298340e-03
1.681250000000000000e+01 9.955430316244157085e-01 9.577352766403690642e-04
1.683333333333333215e+01 9.834335737027083413e-01 3.214466179512838646e-03
1.685416666666666430e+01 9.759478498205143016e-01 7.411181553662275073e-04
1.687500000000000000e+01 9.894242970141685634e-01 -1.084740421237040094e-03
1.689583333333333215e+01 1.010897335002283182e+00 -1.123519583400250325e-03
1.691666666666666430e+01 1.018293608877019363e+00 8.580273015881406944e-05
1.693750000000000000e+01 1.016567866832429168e+00 1.161229994828556940e-03
1.695833333333333215e+01 1.002461605229870933e+00 -6.317250945049112483e-04
1.697916666666666430e+01 9.865914248999624325e-01 -3.974104792524919176e-04
1.700000000000000000e+01 9.878560430321428054e-01 1.529838674178291913e-03
1.702083333333333215e+01 9.916571596094249097e-01 -1.416996356500047592e-03
1.704166666666666430e+01 1.004399474572610584e+00 -1.410313980706656136e-03
1.706250000000000000e+01 1.010266844960453048e+00 2.190279695012533039e-03
1.708333333333333215e+01 1.016105344963191603e+00 1.892785546926167893e-03
1.710416666666666430e+01 1.007044624856000548e+00 1.420315074918485163e-03
1.712500000000000000e+01 9.872847627095281409e-01 2.030487755613655341e-04
1.714583333333333215e+01 9.766926107450657479e-01 -1.227759188541866072e-03
1.716666666666666430e+01 9.787124193098397651e-01 -4.543932097000728289e-03
1.718750000000000000e+01 1.007953051965033486e+00 1.224137991193410477e-03
1.720833333333333215e+01 1.023330081456725216e+00 2.708750579099595754e-03
1.722916666666666430e+01 1.029544553250539618e+00 3.082135313932526412e-04
1.725000000000000000e+01 1.006926714298427950e+00 -3.012011231339253837e-04
1.727083333333333215e+01 9.834005889315028393e-01 1.754988853401485624e-03
1.729166666666666430e+01 9.726683691655040320e-01 -2.882704438890298926e-04
1.731250000000000000e+01 9.787269106775087213e-01 -7.434308560802384931e-04
1.733333333333333215e+01 9.953386618641965056e-01 -2.916937846496923820e-05
1.735416666666666430e+01 1.007253858307350480e+00 3.902423855771429764e-04
1.737500000000000000e+01 1.016714654548894980e+00 1.814462386802609449e-03
1.739583333333333215e+01 1.015130423189823716e+00 1.316865299104502196e-03
1.741666666666666430e+01 1.008563324193485045e+00 -2.773816697599068158e-04
1.743750000000000000e+01 9.966311666532279290e-01 -2.042597734226254177e-03
1.745833333333333215e+01 9.875663325527268555e-01 -6.209532163000201473e-04
1.747916666666666430e+01 9.857394301265772762e-01 5.049581179617621159e-04
1.750000000000000000e+01 9.879940291324896817e-01 -1.425159689990192213e-03
1.752083333333333215e+01 9.931254211453817149e-01 6.533956926413218760e-04
1.754166666666666430e+01 9.998929327998027361e-01 7.154129386604580771e-04
1.756250000000000000e+01 1.010462654040078956e+00 1.066773444691057008e-04
1.758333333333333215e+01 1.012882492565516435e+00 -1.658357437825459704e-04
1.760416666666666430e+01 1.014487222699264724e+00 -7.192914054833714297e-04
1.762500000000000000e+01 1.008605045908177233e+00 2.153626135086824604e-03
1.764583333333333215e+01 9.968528164098915401e-01 8.133574694707040777e-04
1.766666666666666430e+01 9.886437034062244278e-01 4.799743428020453043e-04
1.768750000000000000e+01 9.809595330055372875e-01 1.848368156981961257e-03
1.770833333333333215e+01 9.930666984091731653e-01 4.540809463191314440e-04
1.772916666666666430e+01 9.982253309836534028e-01 1.098656049081519169e-03
1.775000000000000000e+01 9.999500283089461927e-01 -1.257686092295693325e-04
1.777083333333333215e+01 1.010154393686758967e+00 8.487686470581533847e-05
1.779166666666666430e+01 1.021969993732502857e+00 -2.522506052967123758e-05
1.781250000000000000e+01 1.023624783889131473e+00 9.021468374659575217e-04
1.783333333333333215e+01 1.010888513601983174e+00 1.501701260831177220e-03
1.785416666666666430e+01 9.881310955864641699e-01 -3.095442374862009279e-04
1.787500000000000000e+01 9.762780834592206247e-01 -2.017533455901679863e-03
1.789583333333333215e+01 9.759497720547570809e-01 -1.304794199914436747e-03
1.791666666666666430e+01 9.908833115818561632e-01 -1.373166679699063138e-04
1.793750000000000000e+01 1.012840108431444675e+00 8.301338634549093945e-04
1.795833333333333215e+01 1.022069614454840014e+00 2.853341616849841729e-03
1.797916666666666430e+01 1.018696843515114248e+00 1.690817672823633400e-04
1.800000000000000000e+01 1.008574197634854785e+00 6.591495870889024907e-04
1.802083333333333215e+01 9.997688066154584163e-01 1.094718377383811217e-03
1.804166666666666430e+01 9.906622239316793532e-01 -1.636310792894995515e-03
1.806250000000000000e+01 9.811051170165625557e-01 -2.052883300894957526e-03
1.808333333333333215e+01 9.840958021402083089e-01 -5.091878253440483429e-04
1.810416666666666430e+01 9.953764018144777292e-01 3.072576012651399065e-04
1.812500000000000000e+01 1.007564458718218425e+00 -4.512488794325768510e-04
1.814583333333333215e+01 1.014788586032456363e+00 1.237630459448017589e-03
1.816666666666666430e+01 1.009286144234849081e+00 3.136536460811180111e-03
1.818750000000000000e+01 1.004851555683772713e+00 1.251117400958441954e-03
1.820833333333333215e+01 1.006298262125295828e+00 2.584112536774633810e-03
1.822916666666666430e+01 1.000662767388658336e+00 3.717273920859665861e-04
1.825000000000000000e+01 9.979191830981184452e-01 9.222536460648669094e-05
1.827083333333333215e+01 9.879704991899300737e-01 6.790157855817069345e-04
1.829166666666666430e+01 9.906051951963361635e-01 -1.286738507921586462e-03
1.831250000000000000e+01 1.002383459601012605e+00 1.831791127244309638e-03
1.833333333333333215e+01 1.002629757193077564e+00 3.333405625994241908e-03
1.835416666666666430e+01 1.011044381377743440e+00 -5.547536114998892915e-05
1.837500000000000000e+01 1.010478701313774375e+00 2.498062187351773964e-03
1.839583333333333215e+01 1.004649633588756918e+00 1.454850189488220190e-03
1.841666666666666430e+01 1.005555863845220443e+00 2.278939203674798172e-03
1.843750000000000000e+01 9.947552540782615971e-01 4.129194062058577229e-04
1.845833333333333215e+01 9.914061944094478829e-01 2.725108873579069283e-03
1.847916666666666430e+01 9.922858197633471766e-01 -2.408189080162870515e-03
1.850000000000000000e+01 9.985425211177072491e-01 3.873572406481403155e-04
1.852083333333333215e+01 1.006715063995453185e+00 2.928200985384128621e-03
1.854166666666666430e+01 1.009681406793631275e+00 1.442855687877510210e-04
1.856250000000000000e+01 1.001257362116624750e+00 -2.619605069028983161e-03
1.858333333333333215e+01 9.972105443776950739e-01 6.953354515410336721e-04
1.860416666666666430e+01 9.979394837699936405e-01 -1.063535629948056827e-03
1.862500000000000000e+01 1.005439185373795175e+00 -1.050393477842446544e-03
1.864583333333333215e+01 1.011228877883841859e+00 1.616451968169128938e-04
1.866666666666666430e+01 9.976736010299446233e-01 -1.206813919595359870e-03
1.868750000000000000e+01 9.941296536360685332e-01 8.411826412948428559e-04
1.870833333333333215e+01 9.879081853140951885e-01 1.289002330661419499e-03
1.872916666666666430e+01 9.940947618795799023e-01 1.222618523893988273e-03
1.875000000000000000e+01 1.000871047411909798e+00 4.209487881886159731e-04
1.877083333333333215e+01 1.009880386910512406e+00 -1.610020220019183195e-03
1.879166666666666430e+01 1.010390785506918299e+00 -1.124113177778811139e-03
1.881250000000000000e+01 1.004420669349098683e+00 -3.758749307633266548e-04
1.883333333333333215e+01 1.003988399048881153e+00 -3.548732889702607674e-04
1.885416666666666430e+01 9.946338860868196852e-01 -1.715541036994189293e-03
1.887500000000000000e+01 9.926552808282951279e-01 2.511783308722793494e-03
1.889583333333333215e+01 9.875171389333617933e-01 -1.944164188982328229e-03
1.891666666666666430e+01 9.950073405847474906e-01 1.226372283072054608e-03
1.893750000000000000e+01 1.000138383264569386e+00 -1.286114654527895952e-03
1.895833333333333215e+01 1.002153816961051769e+00 -1.024563447755901619e-03
1.897916666666666430e+01 1.001921366604353159e+00 3.382190565474450013e-03
1.900000000000000000e+01 1.010896544472937864e+00 3.815336752307180862e-03
1.902083333333333215e+01 1.008149800389048556e+00 -1.429268823420687352e-03
1.904166666666666430e+01 1.011889372373075080e+00 -1.994559784849036100e-04
1.906250000000000000e+01 9.905516006604351276e-01 1.126376943220579879e-03
1.908333333333333215e+01 9.855890345210529535e-01 2.955960900036416045e-04
1.910416666666666430e+01 9.859203124325243150e-01 -3.131836280498399719e-04
1.912500000000000000e+01 9.968124199228290960e-01 -3.058698525373125640e-04
1.914583333333333215e+01 1.005768325686096976e+00 -1.812848508313370536e-05
1.916666666666666430e+01 1.007063931789339728e+00 -2.153426511873947639e-04
1.918750000000000000e+01 1.008666840064930126e+00 9.417155467388223797e-04
1.920833333333333215e+01 1.012637883746578593e+00 -2.356962280704766061e-03
1.922916666666666430e+01 1.012716323867415058e+00 5.508266216288650562e-04
1.925000000000000000e+01 9.996972779871228232e-01 9.586770162077161688e-04
1.927083333333333215e+01 9.888477414483929362e-01 -6.863110875674005920e-04
1.929166666666666430e+01 9.787635248944509536e-01 9.752171039214764699e-04
1.931250000000000000e+01 9.792115823042993883e-01 -7.057218662046918240e-04
1.933333333333333215e+01 9.922463077559747768e-01 4.691390475410367358e-04
1.935416666666666430e+01 1.009630978232962883e+00 -3.181368712204280750e-03
1.937500000000000000e+01 1.028914944904946838e+00 -1.165201424892140175e-03
1.939583333333333215e+01 1.019244397983564143e+00 -4.447194635622561763e-04
1.941666666666666430e+01 1.003452812011307982e+00 -1.615946042916423285e-03
1.943750000000000000e+01 9.935463761216801748e-01 1.189147213557846311e-03
1.945833333333333215e+01 9.842865292291659296e-01 4.123864789083209778e-04
1.947916666666666430e+01 9.788189181674598061e-01 1.693186600513690377e-03
1.950000000000000000e+01 9.908178275316791295e-01 2.136576193032017294e-03
1.952083333333333215e+01 1.000157602090531173e+00 2.066824096493613105e-03
1.954166666666666430e+01 1.022808941375374703e+00 -1.953531903466991428e-03
1.956250000000000000e+01 1.019122904381870365e+00 6.089947031472001506e-04
1.958333333333333215e+01 1.014946174950020596e+00 -2.426521583183456014e-03
1.960416666666666430e+01 9.932507451749810201e-01 -6.000528598441006855e-05
1.962500000000000000e+01 9.890744008431096024e-01 1.492529435914528250e-03
1.964583333333333215e+01 9.912401655202655038e-01 1.039753335647612817e-03
1.966666666666666430e+01 9.926447650955696478e-01 -3.476497660873585941e-04
1.968750000000000000e+01 1.008509500868256969e+00 -4.346145727964341411e-04
1.970833333333333215e+01 1.011442876831981641e+00 9.070397639341083555e-04
1.972916666666666430e+01 1.006421326478922573e+00 -8.692167590046423606e-04
1.975000000000000000e+01 9.989311324066088016e-01 8.514594763403405923e-04
1.977083333333333215e+01 1.000308678777265259e+00 -1.954249268134417798e-03
1.979166666666666430e+01 9.931417139665016380e-01 5.080870586835840906e-04
1.981250000000000000e+01 9.978600262982320057e-01 -1.377106104714318283e-03
1.983333333333333215e+01 1.004522307565904882e+00 6.057268658611694463e-04
1.985416666666666430e+01 1.006334066305447195e+00 -1.864473773332792940e-03
1.987500000000000000e+01 1.004680459789594638e+00 5.248455812646536043e-05
1.989583333333333215e+01 1.000413508072006907e+00 -9.094148791767513564e-04
1.991666666666666430e+01 9.890794985980663201e-01 2.921207986434605323e-03
1.993750000000000000e+01 9.991478601317997921e-01 7.745454683808827628e-04
1.995833333333333215e+01 9.988913026761625513e-01 -1.516348552106681707e-04
1.997916666666666430e+01 1.000160270303277255e+00 -5.562325901270488541e-05
2.000000000000000000e+01 9.993334316889667113e-01 -3.265999910666830472e-03
2.002083333333333215e+01 1.008336867575369888e+00 -7.273494340254688497e-04
2.004166666666666430e+01 1.010422538929751202e+00 -2.474167791981603335e-03
2.006250000000000000e+01 1.013066638931750640e+00 -1.532342370272466673e-03
2.008333333333333215e+01 1.001309031921923554e+00 1.815537211433519227e-03
2.010416666666666430e+01 9.882309456560857130e-01 -2.085150738230583892e-03
2.012500000000000000e+01 9.850471645774679930e-01 3.701991418228411067e-04
2.014583333333333215e+01 9.886305925774533376e-01 -1.121822387322083878e-03
2.016666666666666430e+01 1.004179432684049411e+00 3.784811797490041357e-03
2.018750000000000000e+01 1.019644839302461747e+00 1.733757919471850921e-03
2.020833333333333215e+01 1.017048099237804815e+00 1.047374212679231652e-03
2.022916666666666430e+01 1.008986791876490763e+00 -1.091196668901548089e-03
2.025000000000000000e+01 9.964099084581283794e-01 -5.344838081809327518e-04
2.027083333333333215e+01 9.864736618860682205e-01 1.294106617528131657e-03
2.029166666666666430e+01 9.863253738242051538e-01 2.294238486934079956e-03
2.031250000000000000e+01 9.882068592267286844e-01 -1.092055738481132967e-04
2.033333333333333215e+01 1.001111135794843898e+00 2.665888631215993692e-04
2.035416666666666430e+01 1.010077436829320163e+00 -1.289480553659867702e-03
2.037500000000000000e+01 1.016230333137852382e+00 2.192449283470340477e-03
2.039583333333333215e+01 1.003430607180366030e+00 -9.706670884915726395e-05
2.041666666666666430e+01 9.937129717341991464e-01 -1.922572631293839032e-03
2.043750000000000000e+01 9.945008665058296948e-01 1.410038332214589131e-03
2.045833333333333215e+01 1.001663035333419938e+00 -5.195432802368253047e-04
2.047916666666666430e+01 1.002439563520121313e+00 1.124535553422020525e-03
2.050000000000000000e+01 9.995706673120818841e-01 2.258792721593651937e-03
2.052083333333333215e+01 9.996888812074314901e-01 -5.912603283722295006e-04
2.054166666666666430e+01 1.002383050478149462e+00 1.457634982729146943e-03
2.056250000000000000e+01 9.981725627679587376e-01 -1.863481179878556226e-04
2.058333333333333215e+01 9.953770532661952997e-01 -2.923659543433593266e-04
2.060416666666666430e+01 9.952034341997219036e-01 1.254059314849214268e-03
2.062500000000000000e+01 9.956620931726380963e-01 -1.823496014541259660e-03
2.064583333333333215e+01 1.012304142604757429e+00 -8.827060329773585030e-04
2.066666666666666430e+01 1.013418290521052034e+00 4.483176366865926593e-04
2.068750000000000000e+01 1.010148624075294599e+00 -6.591635988761736318e-04
2.070833333333333215e+01 9.914527068076813832e-01 1.349451274823759662e-03
2.072916666666666430e+01 9.826624330201240154e-01 -6.078368744355877400e-05
2.075000000000000000e+01 9.746719274141235623e-01 -5.979560168258635840e-04
2.077083333333333215e+01 9.992378193410388354e-01 -3.496525143501021289e-03
2.079166666666666430e+01 1.013670090816003011e+00 7.379774418907682925e-05
2.081250000000000000e+01 1.028115330992559917e+00 7.907461314115199523e-04
2.083333333333333215e+01 1.022920406263549076e+00 1.161759441716666121e-03
2.085416666666666430e+01 1.006518324310182066e+00 2.877302643948997842e-03
2.087500000000000000e+01 9.905481399580184920e-01 1.319967718054115965e-03
2.089583333333333215e+01 9.697667849866885570e-01 3.470313849284663472e-03
2.091666666666666430e+01 9.704436528820404861e-01 3.074605371496268429e-03
2.093750000000000000e+01 9.891616568125469744e-01 9.782614516595771609e-04
2.095833333333333215e+01 1.016107878839927148e+00 -1.844200808088860416e-03
2.097916666666666430e+01 1.036298551798973566e+00 1.297253219088219086e-03
2.100000000000000000e+01 1.030400464476968869e+00 2.189696791685302041e-03
2.102083333333333215e+01 1.010284655312588153e+00 -1.972129808393625460e-03
2.104166666666666430e+01 9.840907478059303104e-01 1.689453826266014641e-03
2.106250000000000000e+01 9.717222400486116296e-01 2.542015977784082333e-03
2.108333333333333215e+01 9.770795270829298884e-01 5.527075824070009280e-04
2.110416666666666430e+01 9.951873289816245416e-01 5.264944150419929251e-04
2.112500000000000000e+01 1.009472084219232846e+00 1.278103803610132483e-03
2.114583333333333215e+01 1.022137663902330962e+00 2.284951512223350450e-03
2.116666666666666430e+01 1.017756215519247220e+00 -1.055827948541292454e-03
2.118750000000000000e+01 1.010210330438885640e+00 -1.140098092395985373e-03
2.120833333333333215e+01 9.911745575472796776e-01 9.729625727913415517e-04
2.122916666666666430e+01 9.865874977763918752e-01 -6.064368628498811907e-04
2.125000000000000000e+01 9.878027951787433647e-01 1.425286831778368473e-05
2.127083333333333215e+01 9.965271161301314518e-01 -3.770286715079669711e-04
2.129166666666666430e+01 1.004396357562499231e+00 -3.047501719983385939e-04
2.131250000000000000e+01 1.005434531360759554e+00 1.341874447793893173e-03
2.133333333333333215e+01 9.994153164811719892e-01 2.661894196782387846e-04
2.135416666666666430e+01 1.002811178447088336e+00 -6.174072740755599288e-04
2.137500000000000000e+01 1.009631858494559831e+00 -1.296490915363094319e-03
2.139583333333333215e+01 1.006265222513339275e+00 -8.386719108198457950e-04
2.141666666666666430e+01 9.965479096333459408e-01 -3.379088406263458673e-04
2.143750000000000000e+01 9.908147709348146259e-01 9.124990476091462185e-04
2.145833333333333215e+01 9.901065682909149235e-01 -8.850833124975993537e-04
2.147916666666666430e+01 1.003974026883714510e+00 -7.701217224978884699e-04
2.150000000000000000e+01 1.008302378284139378e+00 -3.366471590654424462e-03
2.152083333333333215e+01 1.004173091964669196e+00 -1.163611175710706777e-03
2.154166666666666430e+01 9.979948120232792208e-01 6.462481311458415653e-04
2.156250000000000000e+01 1.000842289525345929e+00 -3.565391513311175903e-03
2.158333333333333215e+01 1.000143340990867324e+00 -3.472932051188549357e-04
2.160416666666666430e+01 9.942669978288696253e-01 2.173737447168631355e-03
2.162500000000000000e+01 9.921812429699621294e-01 -6.446543900837952193e-05
2.164583333333333215e+01 9.974772412860936077e-01 1.552379879538901561e-03
2.166666666666666430e+01 9.997004026435379886e-01 -2.310550561375943317e-04
2.168750000000000000e+01 1.006797043299591632e+00 -5.708350055176014638e-04
2.170833333333333215e+01 1.005593842000944704e+00 -6.525905302413509195e-04
2.172916666666666430e+01 1.004207986753833159e+00 1.755361019775466625e-03
2.175000000000000000e+01 9.945059419618114127e-01 5.545853604072420451e-04
2.177083333333333215e+01 9.938831571451703928e-01 -2.560074701574020957e-04
2.179166666666666430e+01 9.898028281277535534e-01 1.028318098112569707e-04
2.181250000000000000e+01 9.917940232246696963e-01 -1.334969293374274179e-03
2.183333333333333215e+01 1.005108834064065482e+00 -1.539207211891759899e-03
2.185416666666666430e+01 1.012974182363992615e+00 -5.716593546883916906e-04
2.187500000000000000e+01 1.012983590643081744e+00 2.247003013899111700e-04
2.189583333333333215e+01 1.003651010353823869e+00 -6.153429351913243962e-04
2.191666666666666430e+01 9.829631465099062382e-01 -4.374639198010924380e-05
2.193750000000000000e+01 9.786227630864086091e-01 -7.410644326769407354e-05
2.195833333333333215e+01 9.852805583765777975e-01 6.750450879699972659e-04
2.197916666666666430e+01 1.005409566976694036e+00 -2.507084967866719523e-04
2.200000000000000000e+01 1.022847676115800075e+00 1.607098258259013731e-03
2.202083333333333215e+01 1.019303069963963804e+00 -8.488915375924415384e-04
2.204166666666666430e+01 1.011182608869184874e+00 3.233739819085715500e-04
2.206250000000000000e+01 9.939801908220745608e-01 1.825187560914960563e-04
2.208333333333333215e+01 9.879415269307939562e-01 -1.001808347275014383e-03
2.210416666666666430e+01 9.859652409592080113e-01 7.102916085041302693e-04
2.212500000000000000e+01 9.852907501858783057e-01 1.904534674405055066e-03
2.214583333333333215e+01 9.996891857510488144e-01 -1.177456972248680338e-03
2.216666666666666430e+01 1.012054623335600478e+00 -5.441722684299824453e-04
2.218750000000000000e+01 1.017988159248024438e+00 -4.549770171818241240e-04
2.220833333333333215e+01 1.013601816733606942e+00 -4.367795133970597148e-04
2.222916666666666430e+01 1.004810412554442367e+00 7.465227893426896327e-04
2.225000000000000000e+01 9.917961085084378015e-01 -9.054457037596098619e-05
2.227083333333333215e+01 9.850354506382387187e-01 1.790929005067201782e-03
2.229166666666666430e+01 9.950807230082089339e-01 2.252344050926355454e-03
2.231250000000000000e+01 9.927000856412461216e-01 1.412311405790095506e-04
2.233333333333333215e+01 1.000525696189029201e+00 -1.509259312646316379e-03
2.235416666666666430e+01 9.995318126342896958e-01 9.531352197471720930e-04
2.237500000000000000e+01 1.005084940832668083e+00 -5.725243246249233330e-04
2.239583333333333215e+01 1.011973951643832859e+00 -3.595939481397830055e-04
2.241666666666666430e+01 1.008774758705758945e+00 6.303898978147601164e-04
2.243750000000000000e+01 1.004904898605497143e+00 2.101202469702926224e-03
2.245833333333333215e+01 9.938754973888384026e-01 -3.376382407752548452e-04
2.247916666666666430e+01 9.910905951158023308e-01 1.566435361999041231e-04
2.250000000000000000e+01 9.879268322542227310e-01 1.760927860403853655e-03
2.252083333333333215e+01 9.951351670067565269e-01 8.302491293237926947e-04
2.254166666666666430e+01 1.002618192938287800e+00 2.491597399437679781e-04
2.256250000000000000e+01 1.011809918344585446e+00 1.469998273273386046e-03
2.258333333333333215e+01 1.020719991920685521e+00 -9.775666880342487406e-04
2.260416666666666430e+01 1.012969214709019017e+00 4.468107756508758982e-04
2.262500000000000000e+01 9.985495766808248908e-01 -2.132096503317625741e-04
2.264583333333333215e+01 9.915987707995075340e-01 9.702289793845187511e-04
2.266666666666666430e+01 9.865351857070279173e-01 1.542078744019851049e-03
2.268750000000000000e+01 9.873560839303551218e-01 -7.555054765657886334e-04
2.270833333333333215e+01 9.962251586910069179e-01 6.215042177252680898e-04
2.272916666666666430e+01 1.003244030316532642e+00 -1.190013371474852363e-03
2.275000000000000000e+01 1.009990741964205130e+00 2.422915681934804401e-04
2.277083333333333215e+01 1.013554345014991975e+00 7.090054294459883924e-04
2.279166666666666430e+01 1.013918704931985992e+00 1.096289358476234014e-03
2.281250000000000000e+01 1.002749566969187267e+00 -4.838802118672585009e-04
2.283333333333333215e+01 9.933001664637700623e-01 1.659831481687860672e-03
2.285416666666666430e+01 9.745662703954682815e-01 1.345198423756218190e-03
2.287500000000000000e+01 9.823576607091235591e-01 -1.522917618064826900e-03
2.289583333333333215e+01 9.968760961997552572e-01 -1.580250632129989686e-04
2.291666666666666430e+01 1.013416294286665575e+00 5.337265045005973232e-04
2.293750000000000000e+01 1.016457725427433623e+00 -6.697697855800849960e-04
2.295833333333333215e+01 1.007660556314072808e+00 -1.250302743176982204e-03
2.297916666666666430e+01 9.984415750368395015e-01 2.071971560784717566e-05
2.300000000000000000e+01 9.941767678956432430e-01 -2.442064448687400469e-03
2.302083333333333215e+01 9.927964153249666523e-01 1.393355616460775423e-03
2.304166666666666430e+01 9.931878804532587868e-01 -1.534356477890360922e-03
2.306250000000000000e+01 9.952383796268399196e-01 7.088527921795306818e-04
2.308333333333333215e+01 9.994304929783532909e-01 1.639848003720001694e-04
2.310416666666666430e+01 1.001793467695490047e+00 1.188178770974756496e-03
2.312500000000000000e+01 9.995301852191957881e-01 5.033633151536183155e-04
2.314583333333333215e+01 1.002531613046478087e+00 -8.224023343583077689e-05
2.316666666666666430e+01 1.001867959547957154e+00 1.562756485410639416e-03
2.318750000000000000e+01 9.974509902929304950e-01 3.477194533163540519e-03
2.320833333333333215e+01 1.003297846369410662e+00 -3.894460810158991196e-04
2.322916666666666430e+01 9.996718909974590117e-01 -1.636892361885175940e-04
2.325000000000000000e+01 9.985864018424088773e-01 2.163862771437504058e-03
2.327083333333333215e+01 9.950053217456579224e-01 1.777200353140111167e-03
2.329166666666666430e+01 9.979681079705792213e-01 1.344344604653851865e-03
2.331250000000000000e+01 1.002849864261454726e+00 -8.336581571481497784e-04
2.333333333333333215e+01 1.002378164837806285e+00 5.296203971000808600e-04
2.335416666666666430e+01 9.990257751507560791e-01 -1.067148585228468519e-03
2.337500000000000000e+01 1.002778537929698954e+00 4.269050228577408665e-04
2.339583333333333215e+01 1.009174692874400758e+00 1.767914947049524727e-03
2.341666666666666430e+01 1.009821659191728171e+00 5.332603007440652040e-04
2.343750000000000000e+01 1.001329725115436942e+00 -1.446373345956318644e-03
2.345833333333333215e+01 9.917865223411246323e-01 1.356456406881565357e-03
2.347916666666666430e+01 9.872459917746544411e-01 5.839444358729243200e-04
2.350000000000000000e+01 9.926369046015783848e-01 -5.680748982145358535e-04
2.352083333333333215e+01 1.002518206468294482e+00 -2.260576170013879529e-03
2.354166666666666430e+01 1.002773562680709052e+00 -1.766431579550980504e-03
2.356250000000000000e+01 1.010059549391663980e+00 -1.045491936984223455e-03
2.358333333333333215e+01 1.005429074447625526e+00 -5.067965015581987320e-04
2.360416666666666430e+01 1.003709754707496016e+00 1.480726330647008171e-03
2.362500000000000000e+01 9.964349835400954092e-01 9.469005715745101653e-05
2.364583333333333215e+01 9.841253230041724365e-01 9.358360879305665852e-04
2.366666666666666430e+01 9.770341913133142597e-01 -1.696959188214010241e-04
2.368750000000000000e+01 9.719227910706992324e-01 -1.231149183282173251e-03
2.370833333333333215e+01 9.722538754696714580e-01 2.091571526432893773e-03
2.372916666666666430e+01 9.689413014434924420e-01 1.052633673589232436e-03
2.375000000000000000e+01 9.593951876719002403e-01 -7.562893609209268755e-04
2.377083333333333215e+01 9.515036313247192679e-01 -1.818541551585387515e-03
2.379166666666666430e+01 9.333352250735281741e-01 -2.141616411751433725e-04
2.381250000000000000e+01 9.313530938452210250e-01 1.294110670505308402e-03
2.383333333333333215e+01 9.262856536339980629e-01 2.635842798784510544e-03
2.385416666666666430e+01 9.288984247075146028e-01 -1.795180856640179372e-04
2.387500000000000000e+01 9.231030217513027658e-01 -1.038672494233008718e-03
2.389583333333333215e+01 9.327458509781210161e-01 4.208993162854373716e-04
2.391666666666666430e+01 9.345227353515557223e-01 -5.001941855654956160e-04
2.393750000000000000e+01 9.391758595146557642e-01 -1.242650478846570993e-03
2.395833333333333215e+01 9.325057260510730694e-01 -1.584930305019150582e-03
2.397916666666666430e+01 9.312032338387984387e-01 9.790066182098174693e-04
2.400000000000000000e+01 9.260515101435946583e-01 1.048483146283691551e-03
2.402083333333333215e+01 9.279498888208571605e-01 -2.689525877652882129e-03
2.404166666666666430e+01 9.258171595485811256e-01 9.635828519627955772e-05
2.406250000000000000e+01 9.401504768842641191e-01 -1.816669797615876915e-03
2.408333333333333215e+01 9.524427585759996928e-01 -4.163084182347212689e-04
2.410416666666666430e+01 9.670799999145902603e-01 -5.870783106741670620e-05
2.412500000000000000e+01 9.811511390098771601e-01 -1.209319082878775172e-03
2.414583333333333215e+01 9.766186176080220438e-01 1.667195581923324853e-03
2.416666666666666430e+01 9.734405509258350353e-01 -1.952663850095061391e-04
2.418750000000000000e+01 9.776834625970500792e-01 -9.079572332758169924e-04
2.420833333333333215e+01 9.913863203881994046e-01 -6.039929270605882625e-04
2.422916666666666430e+01 1.006837109201018876e+00 -1.277202015336406041e-03
2.425000000000000000e+01 1.016647846149609569e+00 2.325034469534492470e-04
2.427083333333333215e+01 1.003472759380073187e+00 -2.154833153227093598e-04
2.429166666666666430e+01 1.002616250530178998e+00 1.882402489669949804e-03
2.431250000000000000e+01 9.907642778161193098e-01 -1.613340478180571311e-03
2.433333333333333215e+01 9.930465181053470536e-01 1.838579263083943210e-03
2.435416666666666430e+01 9.949148071461134668e-01 -2.561528455258870081e-03
2.437500000000000000e+01 9.993888379403665922e-01 1.758761913421363898e-03
2.439583333333333215e+01 1.004975326409767833e+00 -3.953646653734078920e-03
2.441666666666666430e+01 1.010596216012398907e+00 1.496700467335176747e-03
2.443750000000000000e+01 1.013652338810737907e+00 1.379171676522228862e-03
2.445833333333333215e+01 1.001696336653970398e+00 -2.344813835866429302e-03
2.447916666666666430e+01 9.936616656472977427e-01 -1.082890756315267123e-03
2.450000000000000000e+01 9.793581079895254948e-01 -2.933226361943080040e-04
2.452083333333333215e+01 9.930324731903070745e-01 -1.189824425912808451e-06
2.454166666666666430e+01 1.006321853932945043e+00 -6.213075602976881077e-04
2.456250000000000000e+01 1.008670029291359960e+00 1.100747116707415443e-03
2.458333333333333215e+01 1.016851397517734679e+00 7.043300436251853603e-04
2.460416666666666430e+01 1.009558916363958891e+00 -2.147825203077295339e-03
2.462500000000000000e+01 1.000768242794804364e+00 -4.050145844533677370e-04
2.464583333333333215e+01 9.867147898319108545e-01 -9.910172679971319346e-04
2.466666666666666430e+01 9.824455463276956513e-01 -6.876300887050637491e-04
2.468750000000000000e+01 9.896963720571310130e-01 -1.177955799100817913e-03
2.470833333333333215e+01 1.007004520685281346e+00 -1.052896920196667559e-03
2.472916666666666430e+01 1.015649739944655350e+00 1.294078676152928074e-03
2.475000000000000000e+01 1.013184418830491929e+00 1.418790774447372619e-03
2.477083333333333215e+01 1.001073094048956058e+00 1.802909243814677974e-03
2.479166666666666430e+01 9.844032870130593471e-01 -2.029160381594773480e-03
2.481250000000000000e+01 9.789220337254904702e-01 -8.080572488922446424e-04
2.483333333333333215e+01 9.895686473499331060e-01 1.006833509352559209e-03
2.485416666666666430e+01 1.010748161615197871e+00 -2.202537832336562591e-03
2.487500000000000000e+01 1.011375845853957234e+00 2.200165905536297496e-04
2.489583333333333215e+01 1.012763768673349496e+00 -1.203444462928921236e-03
2.491666666666666430e+01 1.000920440591623661e+00 -2.242825156882410703e-04
2.493750000000000000e+01 9.956329783118802457e-01 -6.502440477213477241e-04
2.495833333333333215e+01 9.937133212005402338e-01 -1.813884073907076676e-04
2.497916666666666430e+01 9.974928471763583326e-01 -1.017275335892047595e-04
2.500000000000000000e+01 9.964820166680792290e-01 -1.862158689957183009e-03
2.502083333333333215e+01 1.005763338036879118e+00 -7.777284986416062957e-04
2.504166666666666430e+01 1.008284779011057397e+00 2.532161595192208674e-04
2.506250000000000000e+01 1.012660740485736843e+00 -1.626692219360643911e-03
2.508333333333333215e+01 9.934367845521839824e-01 -7.949794497571553665e-04
2.510416666666666430e+01 9.860857890641673285e-01 -1.353722706930833011e-03
2.512500000000000000e+01 9.878938616210789503e-01 -9.321160283911143340e-05
2.514583333333333215e+01 9.958075131124101143e-01 -1.148700823837317921e-03
2.516666666666666430e+01 1.007101299850344134e+00 -2.360121107285271125e-03
2.518750000000000000e+01 1.006702878891251540e+00 -1.348484252547843586e-03
2.520833333333333215e+01 1.005770203524008366e+00 2.142575823211842522e-04
2.522916666666666430e+01 1.004634148393508175e+00 -8.139868070620074432e-04
2.525000000000000000e+01 1.000769007281213430e+00 1.547645967246116588e-03
2.527083333333333215e+01 1.002650343934583299e+00 -6.500952747698131870e-04
2.529166666666666430e+01 9.965035951163525585e-01 -3.588629542562100146e-04
2.531250000000000000e+01 9.936615472928479464e-01 2.608480770299271244e-03
2.533333333333333215e+01 9.955034313696017323e-01 -3.955564908050399802e-04
2.535416666666666430e+01 9.992544941852785634e-01 -1.608345242383606415e-03
2.537500000000000000e+01 9.998745093918631754e-01 -2.965507391751172339e-03
2.539583333333333215e+01 1.004432912398236510e+00 3.735856533592537524e-04
2.541666666666666430e+01 1.008411550833073100e+00 -1.487939033761194766e-03
2.543750000000000000e+01 1.009893379960937310e+00 2.722128730262546705e-04
2.545833333333333215e+01 9.999857105470085772e-01 5.499937690551917396e-04
2.547916666666666430e+01 9.921285197876977824e-01 1.952628605710403581e-03
2.550000000000000000e+01 9.887194107661376741e-01 6.358119812335855017e-04
2.552083333333333215e+01 9.965376881057571579e-01 -2.274772486762318866e-04
2.554166666666666430e+01 9.995714526762060625e-01 -7.117457440472090875e-07
2.556250000000000000e+01 1.007963342778899429e+00 -8.784989443054820255e-04
2.558333333333333215e+01 1.004188535589916276e+00 -1.160984134272448733e-03
2.560416666666666430e+01 1.002909863798319812e+00 -9.217190187788790482e-04
2.562500000000000000e+01 1.002726701843660084e+00 1.179568395561111840e-03
2.564583333333333215e+01 1.003332450511094320e+00 1.063662115953387674e-03
2.566666666666666430e+01 9.979398657162315001e-01 3.465678077965751724e-04
2.568750000000000000e+01 9.958210970137010287e-01 1.088547795645070077e-04
2.570833333333333215e+01 9.879729108337858001e-01 -2.467723568509504022e-03
2.572916666666666430e+01 9.950702193653725436e-01 -4.974423635475557328e-04
2.575000000000000000e+01 1.007216570180806237e+00 -5.615919249117876317e-04
2.577083333333333215e+01 1.010768638612188797e+00 1.118391405548616220e-03
2.579166666666666430e+01 1.012282079964781811e+00 7.843931646604857498e-04
2.581250000000000000e+01 9.984882278765094821e-01 1.011544333274897904e-04
2.583333333333333215e+01 9.855413069833462991e-01 1.719923071178480799e-03
2.585416666666666430e+01 9.921866049719251235e-01 -2.787774998205408330e-03
2.587500000000000000e+01 9.991149927695178734e-01 6.153283379010754753e-05
2.589583333333333215e+01 1.007201400661066337e+00 9.800604605294193326e-05
2.591666666666666430e+01 1.003276762906911479e+00 1.113718059970833507e-03
2.593750000000000000e+01 1.008889021040965339e+00 -3.898778261636333490e-05
2.595833333333333215e+01 9.961622827502385480e-01 1.185976852657353404e-03
2.597916666666666430e+01 9.870756508520410755e-01 -1.788806045702881790e-03
