0.000000000000000000e+00 9.645307244781700096e-01 4.926432296861494057e-04
2.083333333333333218e-02 9.779715615164170650e-01 -2.766563481706701532e-04
4.166666666666666435e-02 9.932842371885238775e-01 1.443919428787921507e-03
6.250000000000000000e-02 1.007936600164550667e+00 2.553018582785376162e-03
8.333333333333332871e-02 1.012631949053129921e+00 1.664389733167964767e-03
1.041666666666666574e-01 1.010063892736372759e+00 1.132723687132754318e-03
1.250000000000000000e-01 1.021762051605308086e+00 -2.494110809933717328e-04
1.458333333333333148e-01 1.021121523855585300e+00 -5.779548872141452394e-04
1.666666666666666574e-01 1.024358971951117470e+00 -3.280293168435224741e-04
1.875000000000000000e-01 1.005624948739143543e+00 2.025865880236734289e-05
2.083333333333333148e-01 9.941168756098651693e-01 2.497683818793260298e-03
2.291666666666666574e-01 9.881562999836699390e-01 1.005346269340032326e-03
2.500000000000000000e-01 9.820035157336641785e-01 -8.830216225461214258e-04
2.708333333333333148e-01 9.867229379262953959e-01 8.610580872260749363e-04
2.916666666666666297e-01 9.951420772361906364e-01 7.881531109953342218e-04
3.125000000000000000e-01 1.009982212745347496e+00 7.997567845094154292e-04
3.333333333333333148e-01 1.009836475598542727e+00 -4.703960334614076360e-05
3.541666666666666297e-01 1.014748885026144798e+00 1.259420150646631481e-03
3.750000000000000000e-01 1.012370069487085411e+00 1.714693895213769423e-03
3.958333333333333148e-01 1.009311866500335109e+00 1.641066587077759777e-04
4.166666666666666297e-01 1.009777508107904342e+00 -1.512426238599175827e-04
4.375000000000000000e-01 1.008761338810493013e+00 -1.836534115250083095e-04
4.583333333333333148e-01 1.002537548918894350e+00 -7.478325708700964526e-04
4.791666666666666297e-01 9.928397187202174790e-01 -1.590482033646432262e-04
5.000000000000000000e-01 9.805933715736966372e-01 -2.905702027284406529e-03
5.208333333333332593e-01 9.948621178707824919e-01 -4.333833621060447687e-04
5.416666666666666297e-01 1.003051153447531263e+00 4.862783474477327299e-04
5.625000000000000000e-01 1.014875849036941169e+00 8.983117060800597077e-04
5.833333333333332593e-01 1.011282011210821175e+00 -3.185393760272814227e-04
6.041666666666666297e-01 1.000121907648407582e+00 -1.086095270455431300e-03
6.250000000000000000e-01 9.854493625066225171e-01 1.741870188808099761e-03
6.458333333333332593e-01 9.870959472377573984e-01 -1.001964748172028905e-04
6.666666666666666297e-01 1.005585473360451898e+00 4.805364317824431823e-04
6.875000000000000000e-01 1.018387651367642643e+00 -2.409892456203906966e-03
7.083333333333332593e-01 1.022227697544086711e+00 1.813824649384961291e-03
7.291666666666666297e-01 1.024498289984598909e+00 -2.742568283266029038e-05
7.500000000000000000e-01 1.013455325550138397e+00 -7.949174950185679310e-04
7.708333333333332593e-01 1.001652625848910017e+00 -2.427787852464482945e-03
7.916666666666666297e-01 9.865965961253347905e-01 -3.740054657987468582e-04
8.125000000000000000e-01 9.788570575666349916e-01 1.957996392558100218e-03
8.333333333333332593e-01 9.832101325164008809e-01 -7.770665395724510403e-05
8.541666666666666297e-01 9.911949497930852004e-01 -5.763767319498472753e-04
8.750000000000000000e-01 1.004112251762764751e+00 2.120419038410159291e-03
8.958333333333332593e-01 1.011312694115090505e+00 -7.652508747210867756e-04
9.166666666666666297e-01 1.012411244367058760e+00 7.045274260164362517e-04
9.375000000000000000e-01 1.010192805725254717e+00 4.004295546871183917e-04
9.583333333333332593e-01 1.012020820910601637e+00 1.145741068340136318e-03
9.791666666666666297e-01 1.013943274102633518e+00 1.865867432986532699e-03
1.000000000000000000e+00 1.012835505918039170e+00 2.002911808899769663e-03
1.020833333333333259e+00 1.008873283952541389e+00 -3.010019522773759674e-03
1.041666666666666519e+00 1.008417961872787316e+00 -1.806389365291422369e-03
1.062500000000000000e+00 1.014463462782235315e+00 -1.283154531011481423e-03
1.083333333333333259e+00 1.001318203968011966e+00 7.302514311423953432e-04
1.104166666666666519e+00 9.802353508237775515e-01 1.474771466855007390e-04
1.125000000000000000e+00 9.630346685182793465e-01 -1.661067298261679473e-03
1.145833333333333259e+00 9.616103119819158218e-01 -1.493033004944182380e-03
1.166666666666666519e+00 9.837432938964933982e-01 -8.700285239243764433e-05
1.187500000000000000e+00 1.015234001111514850e+00 1.684325311178428699e-03
1.208333333333333259e+00 1.040456109945162799e+00 1.845431011369363591e-03
1.229166666666666519e+00 1.056751869274125122e+00 1.375948833068113292e-03
1.250000000000000000e+00 1.043324621683491493e+00 -2.210543514380291976e-03
1.270833333333333259e+00 1.027544197277658666e+00 1.806638128400779109e-03
1.291666666666666519e+00 1.003265535539346054e+00 -2.001498182535972441e-03
1.312500000000000000e+00 9.837505780574384850e-01 2.522560700854636993e-03
1.333333333333333259e+00 9.729486220965575249e-01 -2.493697252723042269e-04
1.354166666666666519e+00 9.656494235311250396e-01 -9.306159566024090478e-06
1.375000000000000000e+00 9.727168210794558956e-01 1.004860274848889956e-03
1.395833333333333259e+00 9.895982253933002237e-01 -1.639514353913620534e-03
1.416666666666666519e+00 1.010904078027162756e+00 5.437913820677567301e-04
1.437500000000000000e+00 1.023350993158161693e+00 -7.296827122778769227e-04
1.458333333333333259e+00 1.031467598106264649e+00 -2.895090766633023026e-04
1.479166666666666519e+00 1.036515973766377385e+00 7.457191435908529058e-04
1.500000000000000000e+00 1.024282716143866567e+00 -8.109968531065257693e-04
1.520833333333333259e+00 1.013221192639402579e+00 1.374928673013331784e-03
1.541666666666666519e+00 9.958407937483149119e-01 1.542396570961197507e-03
1.562500000000000000e+00 9.886337277203286478e-01 9.084875077303844601e-04
1.583333333333333259e+00 9.914926865372761799e-01 -1.082989822768641759e-03
1.604166666666666519e+00 9.974944978648194738e-01 -3.214638557796887261e-04
1.625000000000000000e+00 9.979187736278394283e-01 8.911720082735311368e-04
1.645833333333333259e+00 9.924035641378402550e-01 -1.134823747812554909e-04
1.666666666666666519e+00 9.970278634478584312e-01 1.187454693148269147e-03
1.687500000000000000e+00 1.006338978001867668e+00 -3.036231046420805046e-03
1.708333333333333259e+00 1.012098807137611578e+00 1.128955741271877927e-03
1.729166666666666519e+00 1.009499271868697035e+00 5.835965398237698059e-04
1.750000000000000000e+00 1.005074397900487471e+00 -1.168528484457139176e-03
1.770833333333333259e+00 9.977790201231531153e-01 -6.929357422653632066e-04
1.791666666666666519e+00 1.005933865645556091e+00 7.080890644577555017e-04
1.812500000000000000e+00 1.019249407287024178e+00 -1.584345962356386878e-03
1.833333333333333259e+00 1.026502156764047546e+00 1.631131787964172283e-04
1.854166666666666519e+00 1.019462310379276149e+00 8.278649771436394269e-04
1.875000000000000000e+00 1.003423919940776621e+00 8.896287089398799463e-04
1.895833333333333259e+00 9.840300703123016079e-01 1.880393788958497443e-03
1.916666666666666519e+00 9.716920326550253506e-01 -1.056332225785610148e-03
1.937500000000000000e+00 9.729447889051615617e-01 2.605808159080719015e-04
1.958333333333333259e+00 9.798195502986162264e-01 8.482635047720105733e-05
1.979166666666666519e+00 1.000493164113790856e+00 1.015191005427388259e-05
2.000000000000000000e+00 1.022627990437205980e+00 -6.123889659546608282e-04
2.020833333333333037e+00 1.032987328671577609e+00 3.002626356724352741e-03
2.041666666666666519e+00 1.042954672162102137e+00 -7.635555095600272740e-04
2.062500000000000000e+00 1.030157117947495982e+00 -5.690910722769958879e-04
2.083333333333333037e+00 1.016687604795084354e+00 -1.572877439878932844e-03
2.104166666666666519e+00 1.002707310200237067e+00 1.415819947954010859e-05
2.125000000000000000e+00 9.789885880676650887e-01 -2.216898237242181328e-03
2.145833333333333037e+00 9.634769039055161022e-01 6.435205674817504658e-04
2.166666666666666519e+00 9.602416622910159294e-01 -9.266966821848427599e-04
2.187500000000000000e+00 9.743067936673851515e-01 1.521935912848084100e-03
2.208333333333333037e+00 1.002123111149440637e+00 -4.155927746930163352e-04
2.229166666666666519e+00 1.041010719304058307e+00 -9.021288112030773467e-04
2.250000000000000000e+00 1.052300876244935290e+00 -1.172722182429410511e-03
2.270833333333333037e+00 1.042021220196205800e+00 -4.147652781900391917e-04
2.291666666666666519e+00 1.011846329671466149e+00 -1.558072396754998402e-03
2.312500000000000000e+00 9.895366664467725171e-01 1.279685439154697982e-04
2.333333333333333037e+00 9.694587932370573036e-01 -3.526467710342306820e-04
2.354166666666666519e+00 9.669521258642218564e-01 -4.723506610766181049e-04
2.375000000000000000e+00 9.717473537062272237e-01 -2.161834514256404398e-04
2.395833333333333037e+00 9.923216870000344247e-01 -5.285151910943174710e-04
2.416666666666666519e+00 1.015408941576631419e+00 1.204262612661231640e-03
2.437500000000000000e+00 1.035680654969671544e+00 -6.291605657979982159e-04
2.458333333333333037e+00 1.037781318845615086e+00 1.197067688407740544e-03
2.479166666666666519e+00 1.029288773319471106e+00 -2.251348411351674749e-04
2.500000000000000000e+00 1.006791039046844416e+00 -3.794967539599903607e-04
2.520833333333333037e+00 9.923990715642921900e-01 -2.858898006790806540e-03
2.541666666666666519e+00 9.818178845970650936e-01 -1.151658192178046112e-03
2.562500000000000000e+00 9.789304330888686234e-01 -3.110184969138572557e-03
2.583333333333333037e+00 9.819255112185446555e-01 -4.109927914041660484e-04
2.604166666666666519e+00 9.940585699466513159e-01 7.721005746881602974e-04
2.625000000000000000e+00 1.012767088296734563e+00 1.605133422933300918e-03
2.645833333333333037e+00 1.014517678768711129e+00 -1.725961237598934482e-03
2.666666666666666519e+00 1.021277971500974546e+00 1.624471679611665716e-03
2.687500000000000000e+00 1.006372827578231322e+00 -2.569983731076771680e-03
2.708333333333333037e+00 1.007845865730121249e+00 1.409745729152034983e-03
2.729166666666666519e+00 1.002793576072795512e+00 -2.353607954569814868e-03
2.750000000000000000e+00 1.009990796363187782e+00 3.304642146548795231e-04
2.770833333333333037e+00 1.004474857684708455e+00 5.880912547948162180e-04
2.791666666666666519e+00 9.890108695025300323e-01 -4.354924493008763948e-04
2.812500000000000000e+00 9.813608231668823345e-01 1.917341574742749302e-05
2.833333333333333037e+00 9.878799957461531500e-01 2.586485239158985605e-04
2.854166666666666519e+00 1.002827066341708262e+00 2.586876209481665193e-03
2.875000000000000000e+00 1.020268419902071511e+00 9.476280145112796031e-04
2.895833333333333037e+00 1.030863591990686778e+00 6.399484400958092888e-04
2.916666666666666519e+00 1.019987897262238263e+00 4.964510124775596426e-04
2.937500000000000000e+00 1.008847502891753845e+00 1.372999556149674617e-04
2.958333333333333037e+00 9.880381501584093451e-01 -1.156989051066828478e-03
2.979166666666666519e+00 9.762179095518882521e-01 -8.872297803739918930e-04
3.000000000000000000e+00 9.703672726084172639e-01 -6.129322980745421055e-04
3.020833333333333037e+00 9.802800239644262614e-01 6.111838477652468439e-04
3.041666666666666519e+00 1.000965091091088777e+00 -4.289605259705268729e-03
3.062500000000000000e+00 1.024452856039464121e+00 1.922128023981887601e-03
3.083333333333333037e+00 1.039614475183080033e+00 -8.283667744136671753e-04
3.104166666666666519e+00 1.030572819908132765e+00 5.026555996913021143e-04
3.125000000000000000e+00 1.012085458601112986e+00 -2.486238892592651907e-04
3.145833333333333037e+00 9.931830460852019149e-01 -1.489597896872019850e-03
3.166666666666666519e+00 9.861572469564993115e-01 -1.441023941582087950e-03
3.187500000000000000e+00 9.854618193763330369e-01 -9.533918979326169805e-04
3.208333333333333037e+00 9.880649268051771017e-01 1.524349675597602748e-03
3.229166666666666519e+00 1.000902033691728255e+00 -1.032279548102129100e-03
3.250000000000000000e+00 1.008872739883367231e+00 2.102795983315252325e-04
3.270833333333333037e+00 1.009751413658030117e+00 2.471526793351715851e-03
3.291666666666666519e+00 9.996264623719512965e-01 1.554908082061445557e-03
3.312500000000000000e+00 9.916282578739172848e-01 -1.220772536812919813e-03
3.333333333333333037e+00 9.922447249565665706e-01 1.202636417228549436e-03
3.354166666666666519e+00 1.016717654060748988e+00 -1.845333885951874146e-03
3.375000000000000000e+00 1.036938802310251928e+00 5.620615234633367208e-05
3.395833333333333037e+00 1.038597579904201762e+00 -2.560749944043912672e-03
3.416666666666666519e+00 1.016249663788953539e+00 -1.119834279379710988e-04
3.437500000000000000e+00 9.855800274752242185e-01 1.405491785515625668e-03
3.458333333333333037e+00 9.667014313343544885e-01 -2.358422773638215331e-03
3.479166666666666519e+00 9.591719584110959262e-01 1.217186215683708833e-03
3.500000000000000000e+00 9.818818070785730878e-01 -9.773182325144356801e-04
3.520833333333333037e+00 1.009314510473427573e+00 6.502917323393597531e-05
3.541666666666666519e+00 1.024053562017354979e+00 1.899134819392117330e-04
3.562500000000000000e+00 1.026339233240536997e+00 -5.118137591661786655e-04
3.583333333333333037e+00 1.019175993245456491e+00 1.575943586271188286e-04
3.604166666666666519e+00 1.004787512760466184e+00 -1.760337800452911638e-04
3.625000000000000000e+00 9.890721552875373357e-01 1.901146634749993061e-03
3.645833333333333037e+00 9.888467163217283806e-01 -3.733711026698936916e-04
3.666666666666666519e+00 9.933072204807035233e-01 -4.920088675239358764e-04
3.687500000000000000e+00 1.006493174117110145e+00 7.270922056508845972e-04
3.708333333333333037e+00 1.013154117974861101e+00 1.131214195925801585e-03
3.729166666666666519e+00 1.005717717542537804e+00 3.221777838867730267e-04
3.750000000000000000e+00 9.892908304981812284e-01 -1.608132233129427836e-03
3.770833333333333037e+00 9.623215584958747515e-01 -1.668874155269892037e-04
3.791666666666666519e+00 9.257645576014414956e-01 1.436215189702943042e-03
3.812500000000000000e+00 8.779029545989145422e-01 1.952225321085703088e-03
3.833333333333333037e+00 8.362399339704174039e-01 -1.126237702353510188e-03
3.854166666666666519e+00 7.933978408896205092e-01 5.692517749091462924e-04
3.875000000000000000e+00 7.526295850734641135e-01 1.550040872229376757e-03
3.895833333333333037e+00 7.190537224216447809e-01 3.734079560041656670e-04
3.916666666666666519e+00 6.723098637270974454e-01 3.564682675660790236e-04
3.937500000000000000e+00 6.140067399220057176e-01 2.916790158997430073e-03
3.958333333333333037e+00 5.600897225696435111e-01 1.144118233036894210e-03
3.979166666666666519e+00 5.296595555763466967e-01 3.243508111909700238e-04
4.000000000000000000e+00 5.232238364060541880e-01 -9.828254740540196682e-04
4.020833333333333037e+00 5.390718670133962664e-01 -4.281742228477353196e-03
4.041666666666666075e+00 5.739364851670137879e-01 1.305004912187149833e-03
4.062500000000000000e+00 6.051664266869685171e-01 1.257485723177921653e-03
4.083333333333333037e+00 6.423904258298703818e-01 4.504634025361215822e-04
4.104166666666666075e+00 6.963557093402497067e-01 -5.453978484176785421e-04
4.125000000000000000e+00 7.659955538443251610e-01 1.081766839471296577e-03
4.145833333333333037e+00 8.360770936296697542e-01 1.528658158703840447e-03
4.166666666666666075e+00 9.034937190786298533e-01 2.018791596200854288e-04
4.187500000000000000e+00 9.609508590901865155e-01 2.191127328114793327e-03
4.208333333333333037e+00 9.968011109750454235e-01 7.744174371299321412e-05
4.229166666666666075e+00 1.004765670469186301e+00 4.108016465534271972e-04
4.250000000000000000e+00 9.965677429744376203e-01 -8.461462656857495369e-04
4.270833333333333037e+00 9.724921791352501010e-01 1.421948535966499182e-03
4.291666666666666075e+00 9.604238783472951457e-01 -1.818298225139251302e-03
4.312500000000000000e+00 9.600523703890155858e-01 6.911665480896941839e-04
4.333333333333333037e+00 9.805497659675312949e-01 -7.568217226587448804e-04
4.354166666666666075e+00 9.957863359236667211e-01 9.781155175160530715e-06
4.375000000000000000e+00 1.011270669806114242e+00 3.154515941660409033e-03
4.395833333333333037e+00 1.029530269663987196e+00 -6.305123753651011541e-04
4.416666666666666075e+00 1.027205166839739503e+00 2.079287309766803763e-03
4.437500000000000000e+00 1.021937641351439163e+00 9.247254579950823367e-04
4.458333333333333037e+00 9.990155583020943197e-01 2.879494779569088231e-04
4.479166666666666075e+00 9.881680303021893597e-01 -3.211271456514037861e-03
4.500000000000000000e+00 9.868749417481865738e-01 1.390705337117477706e-03
4.520833333333333037e+00 9.960814586447978014e-01 -1.071881304631486275e-03
4.541666666666666075e+00 1.003935306119110082e+00 -2.340011537130825409e-03
4.562500000000000000e+00 1.000674658520156024e+00 7.915716698209395190e-04
4.583333333333333037e+00 9.969306712648028368e-01 -1.081955580747124548e-03
4.604166666666666075e+00 9.898027994419258402e-01 1.609879294439335150e-03
4.625000000000000000e+00 9.943051293981831629e-01 5.681322950046168189e-04
4.645833333333333037e+00 1.004237640548937938e+00 1.706529666957933792e-04
4.666666666666666075e+00 9.991437596291040668e-01 1.332243655533051985e-03
4.687500000000000000e+00 9.980440179122194166e-01 9.229943702066086475e-04
4.708333333333333037e+00 9.959813069101950411e-01 2.109763261022597376e-03
4.729166666666666075e+00 9.996247006167963134e-01 -5.771782146686631849e-04
4.750000000000000000e+00 1.006256153271458231e+00 9.006066244170554723e-04
4.770833333333333037e+00 1.023122418542740109e+00 -2.682869607194201655e-03
4.791666666666666075e+00 1.023073905008952345e+00 1.875503899014552625e-03
4.812500000000000000e+00 1.019624804133039131e+00 -8.178786069947413268e-04
4.833333333333333037e+00 9.978041758666601480e-01 1.867378975976387865e-03
4.854166666666666075e+00 9.774085733724450220e-01 -2.987102572033539837e-04
4.875000000000000000e+00 9.646107087717953332e-01 -9.455433971295737700e-04
4.895833333333333037e+00 9.653647451633244891e-01 1.011870855666862452e-03
4.916666666666666075e+00 9.963797447763944604e-01 -1.114051505435368272e-03
4.937500000000000000e+00 1.026798898421927175e+00 1.068629955001507105e-03
4.958333333333333037e+00 1.038633449335580661e+00 1.705937348009501893e-03
4.979166666666666075e+00 1.034351077657273521e+00 -1.918284638018960282e-03
5.000000000000000000e+00 1.012968921428261115e+00 -2.391281385398208014e-03
5.020833333333333037e+00 9.923486963771612768e-01 1.349361109593689685e-03
5.041666666666666075e+00 9.834563801204934119e-01 -5.828184237634588148e-04
5.062500000000000000e+00 9.845452015143175695e-01 -2.852050852617020677e-04
5.083333333333333037e+00 9.822120148575939069e-01 -1.338364551263983716e-04
5.104166666666666075e+00 9.870539356047145496e-01 6.302794194292682005e-04
5.125000000000000000e+00 9.827172214027317665e-01 -5.461875454786784554e-04
5.145833333333333037e+00 9.955542287472474161e-01 3.039844858987119161e-03
5.166666666666666075e+00 1.016140792717553865e+00 -1.811069029638416291e-03
5.187500000000000000e+00 1.032043056997163255e+00 -1.441997933510336723e-03
5.208333333333333037e+00 1.033974219466559541e+00 -6.387282775385275070e-04
5.229166666666666075e+00 1.030725292827599171e+00 1.054964548864551713e-04
5.250000000000000000e+00 1.009980277630141199e+00 5.157724795961467126e-04
5.270833333333333037e+00 9.911372299461096436e-01 2.720403592632895050e-04
5.291666666666666075e+00 9.664625980244958559e-01 7.497125705001929114e-04
5.312500000000000000e+00 9.554470470783996694e-01 1.277275004544634659e-03
5.333333333333333037e+00 9.604292205327248366e-01 3.249039972176044535e-03
5.354166666666666075e+00 9.884164484046512600e-01 8.922752972967782237e-04
5.375000000000000000e+00 1.017016732337125307e+00 -5.289380826777256243e-04
5.395833333333333037e+00 1.043444786257978762e+00 -1.360586664039925911e-03
5.416666666666666075e+00 1.058114006928305262e+00 3.330903813435677507e-04
5.437500000000000000e+00 1.049295337278819851e+00 2.131228803052062984e-03
5.458333333333333037e+00 1.021990845637881451e+00 2.269710604776301391e-04
5.479166666666666075e+00 9.922977237595667077e-01 5.896627064625432164e-04
5.500000000000000000e+00 9.653648637307863378e-01 -1.041858892092427597e-03
5.520833333333333037e+00 9.542253286670349111e-01 -1.216013945266390499e-03
5.541666666666666075e+00 9.663056846257843668e-01 1.726004353861149588e-04
5.562500000000000000e+00 9.941913689496262307e-01 -1.151496702309993481e-03
5.583333333333333037e+00 1.021437084349978042e+00 1.828713673940222896e-03
5.604166666666666075e+00 1.031728236994585712e+00 -7.768072037893736324e-04
5.625000000000000000e+00 1.024285871697509176e+00 -1.158945895549180370e-03
5.645833333333333037e+00 1.012294644445631109e+00 1.839768667214012753e-04
5.666666666666666075e+00 9.990080143933036672e-01 2.398471271166128182e-04
5.687500000000000000e+00 9.937531986880856483e-01 -1.060286472126541982e-03
5.708333333333333037e+00 9.971463159923028563e-01 -1.492028236404096446e-04
5.729166666666666075e+00 9.956550718577024117e-01 4.099128467566812801e-04
5.750000000000000000e+00 1.001525288335190389e+00 6.356524711330321150e-04
5.770833333333333037e+00 1.006647214504834409e+00 8.877303130588028255e-04
5.791666666666666075e+00 1.012557218708200590e+00 -2.305112981105130951e-03
5.812500000000000000e+00 1.010876660370519486e+00 2.548518225975952411e-03
5.833333333333333037e+00 1.002127501285658528e+00 -5.238395261154461411e-04
5.854166666666666075e+00 9.867315099300155712e-01 2.228975110898537922e-04
5.875000000000000000e+00 9.858207805999751328e-01 -7.746721101646753547e-04
5.895833333333333037e+00 9.976692697717661762e-01 -8.252961431364065842e-04
5.916666666666666075e+00 1.006448130489942860e+00 -2.338680188613607742e-04
5.937500000000000000e+00 1.014662969011928650e+00 -1.633336299327006963e-03
5.958333333333333037e+00 1.016092907890192354e+00 -8.110243207136712566e-04
5.979166666666666075e+00 1.010613759178820015e+00 -1.219920674419332652e-03
6.000000000000000000e+00 9.969488271076069053e-01 -1.396416192439409393e-03
6.020833333333333037e+00 9.924767802516599735e-01 7.823924033170453693e-04
6.041666666666666075e+00 1.000749076787416536e+00 2.102396805581328073e-03
6.062500000000000000e+00 1.006089680197421954e+00 -3.217271767121332665e-04
6.083333333333333037e+00 1.024073239316566353e+00 1.002533092858049705e-03
6.104166666666666075e+00 1.029860320029290843e+00 4.114789193593973741e-04
6.125000000000000000e+00 1.010329759393768345e+00 -1.659682741006956530e-03
6.145833333333333037e+00 9.861985043511382054e-01 -1.712914756492746110e-03
6.166666666666666075e+00 9.720491217844288157e-01 -9.416688450569591935e-04
6.187500000000000000e+00 9.813221594971126560e-01 -1.131388895694398740e-03
6.208333333333333037e+00 1.002696768902360924e+00 -8.152920472866450989e-04
6.229166666666666075e+00 1.014745353970418096e+00 -1.556705449030965430e-03
6.250000000000000000e+00 1.019437191061052239e+00 -2.544539154359582367e-04
6.270833333333333037e+00 1.009425135732241019e+00 -3.932828626745524594e-04
6.291666666666666075e+00 1.007445527133745689e+00 -1.479132345683275597e-03
6.312500000000000000e+00 1.013861155541267767e+00 -1.379309961522004815e-03
6.333333333333333037e+00 1.010141101121799112e+00 -2.245621116451747713e-03
6.354166666666666075e+00 1.013258505223336714e+00 9.953435099367385474e-04
6.375000000000000000e+00 1.009118809920214854e+00 5.685324300713046975e-04
6.395833333333333037e+00 1.001005231693309128e+00 -1.683724938456286147e-03
6.416666666666666075e+00 1.000358467149691011e+00 9.094392871286381989e-04
6.437500000000000000e+00 9.882840495138145442e-01 6.891094287385339653e-04
6.458333333333333037e+00 9.868212636238166136e-01 -7.833816212636325388e-04
6.479166666666666075e+00 9.868890311991440623e-01 -2.067224570877902561e-03
6.500000000000000000e+00 9.944081607697069503e-01 -6.425944636871271272e-04
6.520833333333333037e+00 9.978227955074683297e-01 1.142380123067148400e-03
6.541666666666666075e+00 1.007895133577252134e+00 8.563516348138345158e-04
6.562500000000000000e+00 1.013158548665054726e+00 -3.127366631570235801e-04
6.583333333333333037e+00 1.017301482566954851e+00 2.390717736285635862e-03
6.604166666666666075e+00 1.035377884986428132e+00 -4.748745424395174239e-04
6.625000000000000000e+00 1.027512672204301758e+00 1.006084828303335831e-03
6.645833333333333037e+00 1.011383154220471425e+00 6.250354645091489407e-04
6.666666666666666075e+00 9.910901864120066351e-01 1.564100471665248434e-03
6.687500000000000000e+00 9.701967480630374618e-01 8.698290036145316572e-04
6.708333333333333037e+00 9.641525745627335109e-01 -8.492760378298127872e-04
6.729166666666666075e+00 9.778963745243116623e-01 -7.669414132184189424e-04
6.750000000000000000e+00 1.000439744787398277e+00 1.303166231937617900e-03
6.770833333333333037e+00 1.014311255167593018e+00 -5.206018167867662453e-04
6.791666666666666075e+00 1.022331579859122597e+00 -5.998428001453304801e-04
6.812500000000000000e+00 1.026938616521831049e+00 -9.488402917453230521e-04
6.833333333333333037e+00 1.024268312462587094e+00 1.519766570512879646e-03
6.854166666666666075e+00 1.008508137693687745e+00 -1.828125038356691627e-03
6.875000000000000000e+00 1.002768849617932112e+00 -1.437635312365716450e-03
6.895833333333333037e+00 9.911748184554829422e-01 4.623384635533252457e-04
6.916666666666666075e+00 9.965053344445529149e-01 3.989250062319549543e-04
6.937500000000000000e+00 1.003941755751170062e+00 -6.865486167702261871e-04
6.958333333333333037e+00 1.008483044186060829e+00 -1.119509381812819294e-03
6.979166666666666075e+00 9.943494493723514793e-01 -1.155099737038202748e-03
7.000000000000000000e+00 9.863717809840544248e-01 -2.979522139783979603e-03
7.020833333333333037e+00 9.799926344592720939e-01 4.927146856041012685e-04
7.041666666666666075e+00 9.839496009678754262e-01 9.376508606835722058e-04
7.062500000000000000e+00 1.009719584244033852e+00 -1.323855616961176459e-03
7.083333333333333037e+00 1.029367050490176627e+00 -7.224983557526370049e-04
7.104166666666666075e+00 1.041316880770572162e+00 -3.556934794745735136e-04
7.125000000000000000e+00 1.033503506218776513e+00 5.800174364349918246e-04
7.145833333333333037e+00 1.013779039490342315e+00 2.513491089092041329e-04
7.166666666666666075e+00 9.809321150439169745e-01 1.271492028497745765e-03
7.187500000000000000e+00 9.604467497746053128e-01 2.628234700598050186e-03
7.208333333333333037e+00 9.609229120184750172e-01 5.912885257708533219e-04
7.229166666666666075e+00 9.843128388653280547e-01 -1.411815346674846023e-03
7.250000000000000000e+00 1.013585362524286992e+00 -1.624870004404143763e-03
7.270833333333333037e+00 1.030440008231402471e+00 2.780642845415384358e-05
7.291666666666666075e+00 1.030689634889489614e+00 6.097222146042863148e-04
7.312500000000000000e+00 1.018041857881005541e+00 4.149603707263181044e-04
7.333333333333333037e+00 1.001533491172458490e+00 5.576954423351403916e-04
7.354166666666666075e+00 1.006006930616336170e+00 1.950476456359847297e-03
7.375000000000000000e+00 9.976005849666145231e-01 -2.046280461841286282e-03
7.395833333333333037e+00 9.922273684595893650e-01 1.850791345885209865e-03
7.416666666666666075e+00 9.906415697330075432e-01 -1.184820925688323794e-03
7.437500000000000000e+00 9.862558737790677599e-01 -4.505079377225383602e-05
7.458333333333333037e+00 1.001659804682945909e+00 6.891716556991657862e-04
7.479166666666666075e+00 1.013636102749910339e+00 -7.743126216696431005e-05
7.500000000000000000e+00 1.015231949715760917e+00 -3.115427161116473501e-03
7.520833333333333037e+00 1.005887726470760191e+00 -1.302502096242262077e-03
7.541666666666666075e+00 1.005433496352378775e+00 -1.561758126738858454e-03
7.562500000000000000e+00 1.004599650688763335e+00 -1.845692509412751687e-03
7.583333333333333037e+00 1.012795978778212369e+00 4.471056754396767873e-04
7.604166666666666075e+00 1.017626794936480117e+00 -6.017603236231299337e-04
7.625000000000000000e+00 1.017729829060165070e+00 9.413341408400794502e-04
7.645833333333333037e+00 1.007924329193068624e+00 9.992219674739681329e-04
7.666666666666666075e+00 9.925770418332408029e-01 -6.855871181185119135e-04
7.687500000000000000e+00 9.747456358273149934e-01 -2.042220495083920935e-04
7.708333333333333037e+00 9.640162377534955418e-01 -4.899499605092569234e-04
7.729166666666666075e+00 9.775755013285615247e-01 -8.167507080379492190e-04
7.750000000000000000e+00 1.000232074089965284e+00 -1.597121823408849525e-03
7.770833333333333037e+00 1.030743724306685705e+00 4.658214183733048563e-04
7.791666666666666075e+00 1.041036392646917275e+00 2.741516804511755332e-04
7.812500000000000000e+00 1.035770943230014618e+00 7.747004971981112610e-04
7.833333333333333037e+00 1.020251321277209522e+00 2.226282401800953187e-03
7.854166666666666075e+00 9.982861883497808897e-01 1.351044753085444078e-03
7.875000000000000000e+00 9.962544682176942556e-01 -8.158809396571846916e-04
7.895833333333333037e+00 9.970367440901691802e-01 1.587407737618985303e-03
7.916666666666666075e+00 9.904731488965973218e-01 -1.353097502730929089e-03
7.937500000000000000e+00 9.836823064603795741e-01 2.620628389776118346e-03
7.958333333333333037e+00 9.780814350266269219e-01 -1.566604230252610901e-03
7.979166666666666075e+00 9.844113489516893578e-01 -1.159131755553759842e-03
8.000000000000000000e+00 9.937370742578641725e-01 4.222926365618656934e-05
8.020833333333332149e+00 1.006701587514994722e+00 -9.128701366631550556e-04
8.041666666666666075e+00 1.016398646309948139e+00 -9.492518548382191139e-04
8.062500000000000000e+00 1.030180569713037286e+00 6.064173206983164725e-04
8.083333333333332149e+00 1.037378896922917848e+00 -9.573925373316810464e-04
8.104166666666666075e+00 1.038233361411220690e+00 7.596355659463154605e-04
8.125000000000000000e+00 1.018858496325105500e+00 7.511930684124213872e-04
8.145833333333332149e+00 9.888488228665314184e-01 1.241652841190191278e-03
8.166666666666666075e+00 9.711698277387962319e-01 2.536058103913750540e-04
8.187500000000000000e+00 9.658841491773623167e-01 -5.042224804186861949e-04
8.208333333333332149e+00 9.761179491640518124e-01 -1.433454586533194431e-03
8.229166666666666075e+00 9.920160332688133797e-01 -1.582774531140140450e-03
8.250000000000000000e+00 1.004856252611754375e+00 8.110287729169895132e-04
8.270833333333332149e+00 1.019144803392549870e+00 -1.073913214565768950e-04
8.291666666666666075e+00 1.030072083085625145e+00 -8.932132391519369838e-04
8.312500000000000000e+00 1.022739020296230317e+00 -1.316589759209093333e-03
8.333333333333332149e+00 1.009433706220847382e+00 -2.332003895106039230e-03
8.354166666666666075e+00 1.001945833750182979e+00 8.207942610578008264e-04
8.375000000000000000e+00 1.006265745795908551e+00 -5.920044446902746537e-04
8.395833333333332149e+00 1.001630339987434670e+00 -1.176424494392559793e-03
8.416666666666666075e+00 1.001464965076772407e+00 -1.191951684869185573e-03
8.437500000000000000e+00 9.933425812364018448e-01 4.705637840388961581e-04
8.458333333333332149e+00 9.883071075126390603e-01 3.917458428080502217e-04
8.479166666666666075e+00 9.885336159615185636e-01 -1.784197216306744388e-03
8.500000000000000000e+00 9.977836788959044689e-01 -6.388109090840262284e-04
8.520833333333332149e+00 1.012067960508380438e+00 -2.976058786628379038e-04
8.541666666666666075e+00 1.011766659661832435e+00 8.178161127874259556e-04
8.562500000000000000e+00 9.991622544869519507e-01 -1.788850942640399363e-03
8.583333333333332149e+00 9.950550381615711482e-01 -2.662694972714342839e-03
8.604166666666666075e+00 1.000720753474783953e+00 -1.174690910309317173e-04
8.625000000000000000e+00 1.015900166701747764e+00 1.154293306456694225e-04
8.645833333333332149e+00 1.020112561437433341e+00 -1.215284770925475002e-03
8.666666666666666075e+00 1.019243002769703477e+00 1.309181611228881501e-03
8.687500000000000000e+00 1.004656515838725062e+00 1.650984308068557894e-04
8.708333333333332149e+00 9.918270014442975846e-01 7.022910781842361732e-04
8.729166666666666075e+00 9.766930646427586238e-01 5.064108019919640481e-04
8.750000000000000000e+00 9.758687275907262926e-01 4.558190799698373869e-04
8.770833333333332149e+00 9.872145801190538306e-01 2.840309311410402519e-04
8.791666666666666075e+00 1.008798162125501552e+00 4.050398373002051314e-04
8.812500000000000000e+00 1.025210854003238747e+00 -3.115691968897603935e-03
8.833333333333332149e+00 1.034341677362778489e+00 -6.847474433478102141e-05
8.854166666666666075e+00 1.025421815738219111e+00 1.892805175624829195e-04
8.875000000000000000e+00 1.007680132368390158e+00 -8.369741066247508984e-05
8.895833333333332149e+00 9.956860504445399496e-01 -1.322301259691706409e-03
8.916666666666666075e+00 1.000438487495707296e+00 -3.120958460409834455e-03
8.937500000000000000e+00 9.951239861898476535e-01 1.475984880254807043e-03
8.958333333333332149e+00 9.859689990777076307e-01 -3.617135604009213577e-04
8.979166666666666075e+00 9.836973168369743670e-01 -1.405542004026149715e-03
9.000000000000000000e+00 9.956605351352068034e-01 -9.215071606276562617e-04
9.020833333333332149e+00 1.008169273385102649e+00 -4.302495998684820427e-04
9.041666666666666075e+00 1.015384252802977061e+00 -1.110210719817392036e-03
9.062500000000000000e+00 1.021476819168911865e+00 -3.125800210507422234e-04
9.083333333333332149e+00 1.013434910728829186e+00 3.732932445521376197e-04
9.104166666666666075e+00 1.009120543407688420e+00 1.367605864709190138e-03
9.125000000000000000e+00 1.005155139500014672e+00 -7.990544314145480711e-05
9.145833333333332149e+00 1.005362242083775115e+00 4.792346038532295174e-05
9.166666666666666075e+00 1.010114567002302843e+00 -1.633270674086502119e-05
9.187500000000000000e+00 9.972263347013820001e-01 -2.110117694047402345e-03
9.208333333333332149e+00 9.760324978217211900e-01 -2.158356491199070731e-03
9.229166666666666075e+00 9.779248489632376140e-01 1.113361388931190417e-03
9.250000000000000000e+00 9.830788152793457080e-01 1.621613841791531493e-03
9.270833333333332149e+00 9.980100214314427953e-01 -5.563592869540660629e-04
9.291666666666666075e+00 1.015102602342170091e+00 9.690944253628617838e-04
9.312500000000000000e+00 1.032276726467602712e+00 -1.016041601183726605e-04
9.333333333333332149e+00 1.043333800637338715e+00 -8.779583145262130975e-04
9.354166666666666075e+00 1.033661306682793324e+00 1.376671538699732709e-03
9.375000000000000000e+00 1.012456259442928053e+00 -1.415707465653960910e-03
9.395833333333332149e+00 9.841202915804873053e-01 1.318080002286164433e-03
9.416666666666666075e+00 9.681944036152726474e-01 -1.541125720643780938e-03
9.437500000000000000e+00 9.652832140416885975e-01 -2.107360600463006916e-04
9.458333333333332149e+00 9.741549452501396811e-01 -1.467693403052214816e-03
9.479166666666666075e+00 9.896306649922739229e-01 -1.504556070790795473e-04
9.500000000000000000e+00 9.976150289118717041e-01 1.361273418252848888e-03
9.520833333333332149e+00 1.010359537102513361e+00 -1.788167149112751618e-04
9.541666666666666075e+00 1.023715084796513963e+00 -5.902263065625536730e-04
9.562500000000000000e+00 1.030822815235735490e+00 1.285543666331499194e-03
9.583333333333332149e+00 1.030178332920820505e+00 -2.072950049414095319e-04
9.604166666666666075e+00 1.016199891650592990e+00 1.736837861403605753e-03
9.625000000000000000e+00 1.008422886132905649e+00 -4.158257661118760568e-05
9.645833333333332149e+00 9.991066353423767588e-01 4.473760898993650050e-04
9.666666666666666075e+00 1.001422595996441123e+00 3.472599614302129931e-04
9.687500000000000000e+00 9.909517394906933729e-01 -2.724129908217672231e-04
9.708333333333332149e+00 9.782562361555960928e-01 -3.312021797460538639e-03
9.729166666666666075e+00 9.724812596022008870e-01 -6.625469692700930024e-05
9.750000000000000000e+00 9.767883801841447111e-01 -8.906610545728870648e-04
9.770833333333332149e+00 1.000673466803161160e+00 -1.583934642779584500e-03
9.791666666666666075e+00 1.022799317517137263e+00 -5.601528953313391918e-04
9.812500000000000000e+00 1.036211786428983483e+00 2.010538694347053894e-03
9.833333333333332149e+00 1.034649318754636615e+00 1.168384830538945086e-03
9.854166666666666075e+00 1.014973451641527857e+00 -4.606257912780589063e-04
9.875000000000000000e+00 9.918359553098347048e-01 1.472314323399474476e-03
9.895833333333332149e+00 9.681394539879006889e-01 -1.529716210092211832e-03
9.916666666666666075e+00 9.599989304341269847e-01 1.085552470771069308e-03
9.937500000000000000e+00 9.589504789290153042e-01 -3.875275833651992238e-04
9.958333333333332149e+00 9.657488917931893457e-01 -5.825388359262346572e-05
9.979166666666666075e+00 9.665283279780251258e-01 7.817188017963599229e-04
1.000000000000000000e+01 9.460412712759126430e-01 -2.233798572141365048e-03
1.002083333333333215e+01 9.157291623622824117e-01 -4.561176085675224358e-05
1.004166666666666607e+01 8.886466340516874229e-01 8.946310471037470166e-04
1.006250000000000000e+01 8.710255091192957710e-01 1.436266147020696460e-03
1.008333333333333215e+01 8.513450348634115095e-01 1.481981001619902399e-03
1.010416666666666607e+01 8.339980226233645322e-01 -2.741846013324197254e-03
1.012500000000000000e+01 8.172369595984697588e-01 -5.372393566354357122e-04
1.014583333333333215e+01 8.057975731154057852e-01 9.009516814110742544e-04
1.016666666666666607e+01 8.029013857114342123e-01 -1.997065038435637285e-04
1.018750000000000000e+01 7.950449368570049469e-01 1.040722834096681699e-03
1.020833333333333215e+01 7.641613765962274041e-01 3.389370632221639788e-04
1.022916666666666607e+01 7.288602615007123697e-01 8.668690418780062006e-04
1.025000000000000000e+01 6.880895017459618401e-01 7.913038242083775828e-04
1.027083333333333215e+01 6.629298785747325118e-01 -1.527329871128780669e-03
1.029166666666666607e+01 6.601795192417927449e-01 -1.646450825437781318e-03
1.031250000000000000e+01 6.720744974268225702e-01 -8.073515175199641545e-04
1.033333333333333215e+01 6.812329874750077119e-01 1.706814962329027520e-03
1.035416666666666607e+01 6.892765845773495270e-01 3.133499692247877604e-04
1.037500000000000000e+01 6.926226732483237170e-01 -1.098971348992616102e-04
1.039583333333333215e+01 6.972430814622332385e-01 -1.459126398090264192e-04
1.041666666666666607e+01 7.074087087622065173e-01 3.117498906240260257e-04
1.043750000000000000e+01 7.165835692090803954e-01 1.711111583893397793e-04
1.045833333333333215e+01 7.394021711894174231e-01 1.551612642741221097e-03
1.047916666666666607e+01 7.663341916799214504e-01 1.292244656498847373e-03
1.050000000000000000e+01 7.840244537069845920e-01 -7.861978842242545607e-04
1.052083333333333215e+01 8.059114519640750984e-01 -5.371053050679556670e-04
1.054166666666666607e+01 8.129422616273002111e-01 -2.026347145616177927e-03
1.056250000000000000e+01 8.291967436248722789e-01 -1.741014735459962988e-05
1.058333333333333215e+01 8.466209037156120498e-01 -1.072532891742875407e-04
1.060416666666666607e+01 8.725548380198834275e-01 -2.699910035899037893e-04
1.062500000000000000e+01 8.953588625439732329e-01 8.705149632468600629e-04
1.064583333333333215e+01 8.988765597950587605e-01 -9.485326884316082471e-04
1.066666666666666607e+01 9.212370398562695906e-01 -2.111949833484450846e-03
1.068750000000000000e+01 9.380720925435334090e-01 -4.442593453903458437e-04
1.070833333333333215e+01 9.646992739557471719e-01 -5.285213033614507639e-05
1.072916666666666607e+01 9.845007392735214413e-01 -1.315060055825810611e-03
1.075000000000000000e+01 9.939614050630274367e-01 2.511237154472570517e-03
1.077083333333333215e+01 1.000250514170414329e+00 9.452065294909384836e-04
1.079166666666666607e+01 1.005557808893801530e+00 4.013210304047346673e-04
1.081250000000000000e+01 1.011401821999390993e+00 -2.639688723610259771e-04
1.083333333333333215e+01 1.005107348362520803e+00 -1.784862090076734173e-04
1.085416666666666607e+01 9.850267079446921592e-01 -4.980947458453273717e-04
1.087500000000000000e+01 9.682177769718299798e-01 3.888957789572723245e-04
1.089583333333333215e+01 9.684944601723445290e-01 -1.183862088235939324e-03
1.091666666666666607e+01 9.854613274082191232e-01 1.197379939579306654e-03
1.093750000000000000e+01 1.011641387067367281e+00 1.080488049721338266e-03
1.095833333333333215e+01 1.027048695616769924e+00 3.178081098237663416e-06
1.097916666666666607e+01 1.040136123503795806e+00 6.150412986763545723e-04
1.100000000000000000e+01 1.039092899798022662e+00 9.957936868635905523e-04
1.102083333333333215e+01 1.018293566041132081e+00 8.684328159911519629e-04
1.104166666666666607e+01 9.903820871880917309e-01 -6.895536338943316409e-04
1.106250000000000000e+01 9.744778403112143161e-01 2.052456296560051068e-03
1.108333333333333215e+01 9.664478324789458341e-01 1.176626380235851112e-03
1.110416666666666607e+01 9.777582538866144146e-01 -1.661436262394602216e-03
1.112500000000000000e+01 1.000620184140211366e+00 3.369661141260571415e-04
1.114583333333333215e+01 1.016257394882702947e+00 -1.317659808138747866e-03
1.116666666666666607e+01 1.023424795198871751e+00 -1.331256373504980045e-03
1.118750000000000000e+01 1.026394004669716864e+00 -3.650752495932512560e-04
1.120833333333333215e+01 1.021806023975373456e+00 1.738167756548166876e-03
1.122916666666666607e+01 1.010919070484225468e+00 -3.239562390214637813e-04
1.125000000000000000e+01 9.994148112437222231e-01 -1.106136611434089092e-03
1.127083333333333215e+01 9.823629266381027625e-01 -1.042849778530962127e-03
1.129166666666666607e+01 9.808159062318633215e-01 4.801352795972048415e-04
1.131250000000000000e+01 9.853020065839230845e-01 -1.757134573237018656e-03
1.133333333333333215e+01 9.987421607502713350e-01 -4.670226789932985321e-04
1.135416666666666607e+01 1.018301836558294982e+00 -1.103758506003107726e-03
1.137500000000000000e+01 1.019274340239774368e+00 2.132741516772806468e-03
1.139583333333333215e+01 1.011928148389086735e+00 1.429810614754425425e-03
1.141666666666666607e+01 1.002472401055565232e+00 7.590919752267018435e-05
1.143750000000000000e+01 1.005043051063593706e+00 9.140392227146783592e-04
1.145833333333333215e+01 1.004102157937226458e+00 -1.204903004908666796e-03
1.147916666666666607e+01 1.001611652789433204e+00 -1.407392271474793531e-03
1.150000000000000000e+01 9.990680674944838469e-01 -1.398811834075880433e-03
1.152083333333333215e+01 9.984423604472277836e-01 1.616288922563020999e-03
1.154166666666666607e+01 9.953139492682916423e-01 -4.554595729754789299e-04
1.156250000000000000e+01 1.002703109251080971e+00 2.554608643647796181e-04
1.158333333333333215e+01 1.000447954522571736e+00 -1.001071980582195193e-04
1.160416666666666607e+01 1.004709903994666087e+00 -5.980157767620593225e-04
1.162500000000000000e+01 1.000319126211485665e+00 3.235294155702268023e-03
1.164583333333333215e+01 9.974797351962852998e-01 9.259215510219036835e-04
1.166666666666666607e+01 9.955350059621188574e-01 -5.411879831502971160e-04
1.168750000000000000e+01 9.996785077974690292e-01 4.795061976975255997e-04
1.170833333333333215e+01 1.000330268226912622e+00 8.306534548654941107e-04
1.172916666666666607e+01 1.019720874715329906e+00 2.536922486364703768e-03
1.175000000000000000e+01 1.029429888882436472e+00 -5.584185718044393882e-04
1.177083333333333215e+01 1.025845309566927321e+00 -2.448389888225118707e-04
1.179166666666666607e+01 1.005166931464817948e+00 -1.386488850501191783e-03
1.181250000000000000e+01 9.811290795015524813e-01 1.127528047775673889e-04
1.183333333333333215e+01 9.797226028785903651e-01 1.419036899437927388e-03
1.185416666666666607e+01 9.797429118890560451e-01 -1.388720214368244048e-03
1.187500000000000000e+01 9.917410547265783638e-01 -1.436533838171934674e-03
1.189583333333333215e+01 1.001154018684200064e+00 -4.163381704855169635e-04
1.191666666666666607e+01 1.007013741955816499e+00 -8.638617855783667365e-04
1.193750000000000000e+01 1.021837658944228178e+00 3.131945583580264102e-04
1.195833333333333215e+01 1.028161865665740526e+00 -5.463124172984299386e-04
1.197916666666666607e+01 1.023719679224503354e+00 1.578020651918454189e-03
1.200000000000000000e+01 1.022168700884835024e+00 1.097081594831673468e-03
1.202083333333333215e+01 9.982545407281999683e-01 2.261294901132337597e-05
1.204166666666666607e+01 9.850289519543821148e-01 -4.587608677180704162e-04
1.206250000000000000e+01 9.821763961801553977e-01 -4.696716442167228915e-04
1.208333333333333215e+01 9.855540466394773214e-01 -8.803468321980385120e-04
1.210416666666666607e+01 9.930688683387711713e-01 -5.942242141278092013e-04
1.212500000000000000e+01 1.007622535927199969e+00 2.087116549806357531e-03
1.214583333333333215e+01 1.008090989661530879e+00 1.305076375104420681e-03
1.216666666666666607e+01 1.017007872980115302e+00 5.474447311346336423e-04
1.218750000000000000e+01 1.009362815330897778e+00 1.175978633662345084e-03
1.220833333333333215e+01 1.002251622064569414e+00 8.440500812901824282e-04
1.222916666666666607e+01 9.917341035808836525e-01 -1.885388215833141718e-03
1.225000000000000000e+01 9.988561784722990167e-01 1.317599587773556633e-03
1.227083333333333215e+01 1.003463288552372878e+00 -2.165680822822861618e-03
1.229166666666666607e+01 1.014517613130933471e+00 2.598728395861362155e-03
1.231250000000000000e+01 1.017304236791785943e+00 1.688477299252630999e-03
1.233333333333333215e+01 1.006569716621892319e+00 -1.114730112288031495e-03
1.235416666666666607e+01 1.011142410048591067e+00 7.193566728227905258e-04
1.237500000000000000e+01 1.013480065970474797e+00 -6.216665364818221764e-04
1.239583333333333215e+01 1.011509571375019290e+00 -6.276176131934474260e-04
1.241666666666666607e+01 9.904936174036006458e-01 -3.566041313370583109e-04
1.243750000000000000e+01 9.788681169003009552e-01 -1.078484709765975265e-04
1.245833333333333215e+01 9.732314285170795554e-01 -1.135511311918083367e-04
1.247916666666666607e+01 9.850257365215234762e-01 -1.710203169016901587e-03
1.452083333333333215e+01 1.004791212524434485e+00 -2.077824456575927056e-03
1.454166666666666607e+01 9.936870002605666663e-01 2.170678812038123479e-03
1.456250000000000000e+01 9.914711237902877894e-01 -4.607831056753445426e-04
1.458333333333333215e+01 9.782772965216073313e-01 1.507209871019843730e-04
1.460416666666666607e+01 9.789057921292499964e-01 4.840188419119691361e-04
1.462500000000000000e+01 9.799439188662192324e-01 2.256566199352333520e-04
1.464583333333333215e+01 9.931315112572092207e-01 3.298048223890356163e-04
1.466666666666666607e+01 1.033482079557232591e+00 7.836516648301677067e-04
1.468750000000000000e+01 1.064742843590901655e+00 1.082471051249570340e-03
1.470833333333333215e+01 1.066263019328463457e+00 1.161255228330312483e-03
1.472916666666666607e+01 1.048043342928889565e+00 -6.413797943047278667e-04
1.475000000000000000e+01 9.983621944483853650e-01 5.645327901818421269e-04
1.477083333333333215e+01 9.566139960195169101e-01 2.814142189498418205e-03
1.479166666666666607e+01 9.386411656893612898e-01 -5.842584796245376387e-05
1.481250000000000000e+01 9.391835978383534789e-01 3.390215578713865022e-05
1.483333333333333215e+01 9.687564686393712599e-01 1.825379894793974559e-04
1.485416666666666607e+01 9.998413006747267628e-01 1.556445071883143585e-03
1.487500000000000000e+01 1.026707168630473843e+00 -2.063959383490312615e-03
1.489583333333333215e+01 1.043977205298749267e+00 7.753709408459375603e-04
1.491666666666666607e+01 1.041272273812093418e+00 8.793862437411431674e-04
1.493750000000000000e+01 1.032161728108427434e+00 7.980703958066951527e-04
1.495833333333333215e+01 1.025495717141973850e+00 1.876882885593551039e-04
1.497916666666666607e+01 1.015776106490662523e+00 -6.337186566523188031e-04
1.500000000000000000e+01 1.008496009343464950e+00 2.070019564559829424e-04
1.502083333333333215e+01 9.898607860525540092e-01 1.837674988187987897e-03
1.504166666666666607e+01 9.678962033470623894e-01 3.639150330136505982e-04
1.506250000000000000e+01 9.570135040480011179e-01 2.020931761136221983e-04
1.508333333333333215e+01 9.672499891438601782e-01 -4.206089242339410570e-04
1.510416666666666607e+01 9.898242585080212486e-01 7.984631089649514709e-05
1.512500000000000000e+01 1.012383976637615479e+00 -5.202360810764650786e-04
1.514583333333333215e+01 1.030568948751724667e+00 -6.013487696645910966e-04
1.516666666666666607e+01 1.043431327720669044e+00 1.684118513305034998e-04
1.518750000000000000e+01 1.045204725856105021e+00 -1.894092983032861003e-04
1.520833333333333215e+01 1.031389185461495384e+00 1.234773733361766676e-05
1.522916666666666607e+01 1.004283006158748437e+00 -1.145586151610249615e-03
1.525000000000000000e+01 9.756466141429660510e-01 -8.895918556321260381e-04
1.527083333333333215e+01 9.712314025553558938e-01 1.035941943201063985e-03
1.529166666666666607e+01 9.802326028308770978e-01 1.154212604775001726e-03
1.531250000000000000e+01 1.001318596792059479e+00 -1.685069869610513133e-03
1.533333333333333215e+01 1.011854145882561617e+00 1.571703416817057681e-03
1.535416666666666607e+01 1.016687791422719700e+00 5.574804535730590576e-04
1.537500000000000000e+01 9.944535066377963028e-01 2.343004675837080702e-06
1.539583333333333215e+01 9.879999454607819587e-01 2.124062103295288847e-04
1.541666666666666607e+01 9.911647764720064036e-01 -9.989247442302761400e-04
1.543750000000000000e+01 1.002675477224616918e+00 1.196526715371211435e-04
1.545833333333333215e+01 1.017155458645184307e+00 7.328383182932525193e-04
1.547916666666666607e+01 1.026340496604503771e+00 -7.887891233377059604e-04
1.550000000000000000e+01 1.029964582893649894e+00 2.034197050792716129e-03
1.552083333333333215e+01 1.015168882006850071e+00 2.140756495681620485e-03
1.554166666666666607e+01 1.008648785192733932e+00 4.577677435915643907e-04
1.556250000000000000e+01 9.860277717215933935e-01 -1.124743146075467357e-03
1.558333333333333215e+01 9.780367139679804200e-01 -1.192148340124096284e-03
1.560416666666666607e+01 9.807240313325654713e-01 8.416420882654930893e-04
1.562500000000000000e+01 9.947991228628367821e-01 -1.630181007681518422e-04
1.564583333333333215e+01 1.003155047372273012e+00 1.745178416258636508e-03
1.566666666666666607e+01 1.009477884552270943e+00 5.277915812805509307e-04
1.568750000000000000e+01 1.014814920261391196e+00 4.797657216951468928e-04
1.570833333333333215e+01 1.020980971772534440e+00 -2.960268981188798887e-03
1.572916666666666607e+01 1.014639332066622490e+00 -1.234527446491121873e-03
1.575000000000000000e+01 1.007339050986122198e+00 -4.506127002706445056e-04
1.577083333333333215e+01 9.886889466431971751e-01 -9.660321596065949996e-04
1.579166666666666607e+01 9.810365937190783647e-01 1.106617147914458520e-03
1.581250000000000000e+01 9.846537886152664232e-01 4.724122945953510596e-04
1.583333333333333215e+01 1.016166804179014393e+00 -1.268159559047654780e-03
1.585416666666666607e+01 1.027158479877916530e+00 1.151244175310310591e-03
1.587500000000000000e+01 1.021983763435343251e+00 -1.621243483428456630e-03
1.589583333333333215e+01 1.003749235709078702e+00 2.485137532444494095e-04
1.591666666666666607e+01 9.872745184422351272e-01 1.433500658471639180e-04
1.593750000000000000e+01 9.819474800104390777e-01 1.534403882377726597e-03
1.595833333333333215e+01 9.875654619645624077e-01 2.805045421964217083e-04
1.597916666666666607e+01 1.001628610960863419e+00 1.209784714105729779e-04
1.600000000000000000e+01 1.014454757292254650e+00 6.217036866822032125e-04
1.602083333333333215e+01 1.016862456590359232e+00 1.397526750323931685e-04
1.604166666666666430e+01 1.017278612493857093e+00 -1.885535728902653328e-04
1.606250000000000000e+01 1.013869722548515595e+00 -3.228918410003887911e-05
1.608333333333333215e+01 1.002041890559635329e+00 -3.911651120869374552e-04
1.610416666666666430e+01 1.004008480592803343e+00 -6.698203155886097229e-04
1.612500000000000000e+01 9.999518540516300069e-01 -4.739716549409521721e-04
1.614583333333333215e+01 9.926001014063954297e-01 -2.300259822249018575e-04
1.616666666666666430e+01 9.926790379691847743e-01 -7.678201558166331464e-04
1.618750000000000000e+01 9.827915082581966111e-01 1.289691160333574199e-04
1.620833333333333215e+01 9.884355334427009643e-01 5.091953336685383757e-04
1.622916666666666430e+01 1.002325792429669349e+00 1.621830149841627490e-03
1.625000000000000000e+01 1.022429198567557096e+00 -7.657323457694643638e-04
1.627083333333333215e+01 1.035817020950257961e+00 -2.701405706731886593e-03
1.629166666666666430e+01 1.029009719214784679e+00 -1.314395940145331317e-04
1.631250000000000000e+01 1.012455545923580447e+00 1.453639801157019745e-04
1.633333333333333215e+01 9.926262132909885461e-01 -1.846950396652455653e-03
1.635416666666666430e+01 9.873176445326755646e-01 3.090006809194705776e-04
1.637500000000000000e+01 9.858132582153587009e-01 -3.119666353213039218e-03
1.639583333333333215e+01 9.832501069602367361e-01 2.619861201385181772e-03
1.641666666666666430e+01 9.935112788579258947e-01 1.149909148718129782e-03
1.643750000000000000e+01 1.009421082855439966e+00 1.428197836405694678e-03
1.645833333333333215e+01 1.019255303753800135e+00 -1.466324103990701219e-03
1.647916666666666430e+01 1.026644014832793550e+00 3.014632758170827389e-04
1.650000000000000000e+01 1.020407526448564139e+00 -1.537108595880469237e-03
1.652083333333333215e+01 1.011750689890444699e+00 2.648277592886430585e-04
1.654166666666666430e+01 1.005354718941671166e+00 1.324864379357021957e-03
1.656250000000000000e+01 1.001110198007595598e+00 2.193983458791927345e-04
1.658333333333333215e+01 1.003337170847179660e+00 1.455194615172866789e-03
1.660416666666666430e+01 9.997354005794275578e-01 -9.390231747624666354e-05
1.662500000000000000e+01 9.867786693117637231e-01 -1.225298884418563224e-03
1.664583333333333215e+01 9.810153444573623815e-01 -1.147559220335386473e-03
1.666666666666666430e+01 9.854548671309548702e-01 -6.874007557736721728e-04
1.668750000000000000e+01 9.939328011808508112e-01 1.252522666600654883e-04
1.670833333333333215e+01 1.006810584489489457e+00 -2.042829318533207535e-03
1.672916666666666430e+01 1.016201096870605447e+00 -7.943666649343830710e-04
1.675000000000000000e+01 1.020718166781115377e+00 1.852026840136098817e-03
1.677083333333333215e+01 1.018277794132713465e+00 1.968307488296255296e-03
1.679166666666666430e+01 1.011113890441548424e+00 -2.129519357209750296e-04
1.681250000000000000e+01 1.000578181151059232e+00 1.268937998839093613e-03
1.683333333333333215e+01 1.003736659006698506e+00 1.048061367579786142e-03
1.685416666666666430e+01 1.009120934916133638e+00 1.186496685738884505e-03
1.687500000000000000e+01 1.017915232813334736e+00 2.087778771429334677e-03
1.689583333333333215e+01 1.010483877872743408e+00 -1.662660509613619582e-04
1.691666666666666430e+01 9.824893209687971529e-01 1.020268630083782496e-04
1.693750000000000000e+01 9.608897737587343002e-01 4.411831551076356053e-04
1.695833333333333215e+01 9.571742124537245822e-01 1.994816348452960880e-03
1.697916666666666430e+01 9.822355422801953839e-01 2.500038686560191836e-04
1.700000000000000000e+01 1.020962808832470925e+00 1.406284585384447562e-03
1.702083333333333215e+01 1.052850944833384927e+00 1.404729485734408602e-03
1.704166666666666430e+01 1.057787576067922508e+00 9.546634604004077028e-04
1.706250000000000000e+01 1.046199557785426393e+00 9.965468888275426634e-04
1.708333333333333215e+01 1.018338691121832840e+00 3.780959205705851519e-04
1.710416666666666430e+01 9.972610261969747647e-01 -5.392033089288751375e-04
1.712500000000000000e+01 9.684803666183290360e-01 -1.375914017189100837e-03
1.714583333333333215e+01 9.563912538946706121e-01 -1.126579692085772483e-04
1.716666666666666430e+01 9.677172561090815472e-01 -1.237520339199051208e-03
1.718750000000000000e+01 9.809393509476065365e-01 5.332043874238795575e-04
1.720833333333333215e+01 9.991463749618151313e-01 -4.748937206629329157e-04
1.722916666666666430e+01 1.021532917002812457e+00 3.523187662318160167e-04
1.725000000000000000e+01 1.030293764151400504e+00 -1.888765070421751912e-03
1.727083333333333215e+01 1.033034639094518203e+00 -1.108813925889121175e-03
1.729166666666666430e+01 1.025411290071286841e+00 7.538731955485927913e-04
1.731250000000000000e+01 1.016144825094201121e+00 1.104895714473620944e-03
1.733333333333333215e+01 1.003754498969768871e+00 -8.317993470946700996e-04
1.735416666666666430e+01 9.896934036941995583e-01 -4.844938234675728959e-04
1.737500000000000000e+01 9.938789874760933785e-01 -4.975770886420940141e-04
1.739583333333333215e+01 9.985373480733157336e-01 9.313050493732632920e-04
1.741666666666666430e+01 1.000815004650915219e+00 -8.201470565311813404e-04
1.743750000000000000e+01 9.887021235456796564e-01 -6.457400566793796218e-04
1.745833333333333215e+01 9.785696254466305088e-01 5.652887939513548008e-04
1.747916666666666430e+01 9.784034768264139315e-01 3.249827011329296279e-04
1.750000000000000000e+01 9.996266550987649158e-01 -1.838310313697352500e-03
1.752083333333333215e+01 1.030615716375672175e+00 1.697292426676851387e-03
1.754166666666666430e+01 1.048176009924764340e+00 1.340130748790259755e-03
1.756250000000000000e+01 1.042414658409497541e+00 1.215584393830494280e-03
1.758333333333333215e+01 1.018180630092124783e+00 -9.807850721590947486e-04
1.760416666666666430e+01 9.969807033254528550e-01 -2.705576009245656876e-04
1.762500000000000000e+01 9.770866986883133265e-01 -1.317886324633699797e-03
1.764583333333333215e+01 9.683577114522781137e-01 1.225495985534205082e-03
1.766666666666666430e+01 9.686832686405343340e-01 -1.312485870139630875e-03
1.768750000000000000e+01 9.821614227738929559e-01 -1.197387166944666837e-04
1.770833333333333215e+01 1.013319885018493682e+00 -1.085541144563600870e-03
1.772916666666666430e+01 1.027853352735415449e+00 -5.656222616874009287e-05
1.775000000000000000e+01 1.037292952589906614e+00 6.768228639150202430e-04
1.777083333333333215e+01 1.028422909948700781e+00 -2.535544702691314677e-03
1.779166666666666430e+01 1.011930750076187380e+00 3.545878246998879386e-03
1.781250000000000000e+01 9.893790899900162250e-01 -4.370527872774385017e-04
1.783333333333333215e+01 9.826894603457407840e-01 4.407464989294221347e-04
1.785416666666666430e+01 9.793738026383317363e-01 -1.970068205257503435e-03
1.787500000000000000e+01 9.807539710578749848e-01 -1.856370889276307522e-03
1.789583333333333215e+01 9.872728178096886742e-01 1.814108826603036656e-04
1.791666666666666430e+01 1.006870514410153294e+00 -1.684333495632064567e-03
1.793750000000000000e+01 1.017344742874053187e+00 -2.248739639103925197e-03
1.795833333333333215e+01 1.031338076421348449e+00 1.141501044355432582e-03
1.797916666666666430e+01 1.033415720832162155e+00 1.388620256077982952e-03
1.800000000000000000e+01 1.027565700166149121e+00 5.394213416667438315e-04
1.802083333333333215e+01 1.019614974418026732e+00 5.198188476389264045e-04
1.804166666666666430e+01 1.007845842518488633e+00 6.191117595365728393e-04
1.806250000000000000e+01 9.836001915216305846e-01 -1.684664776054482825e-03
1.808333333333333215e+01 9.593467385231656541e-01 1.159856132256952476e-03
1.810416666666666430e+01 9.558528596172666258e-01 -7.312699852354517024e-04
1.812500000000000000e+01 9.787787384576492888e-01 -2.244680179295580752e-03
1.814583333333333215e+01 1.016006922734616902e+00 2.850154970499220192e-03
1.816666666666666430e+01 1.049043826462944917e+00 -9.543268128066808176e-04
1.818750000000000000e+01 1.054680058136670207e+00 2.288284744647481501e-03
1.820833333333333215e+01 1.040203330987158337e+00 -2.089807268193094852e-03
1.822916666666666430e+01 1.019505160990494819e+00 1.479721726369156694e-03
1.825000000000000000e+01 1.000302774878618850e+00 5.482265278137787596e-04
1.827083333333333215e+01 9.793149985319424822e-01 -1.803290514941543760e-03
1.829166666666666430e+01 9.711508499322967225e-01 -3.912085723410936664e-04
1.831250000000000000e+01 9.705120071131626558e-01 -1.359929341160956212e-03
1.833333333333333215e+01 9.840933693901046109e-01 -3.854960438743787769e-04
1.835416666666666430e+01 1.005569640615027183e+00 -2.688486545350459800e-04
1.837500000000000000e+01 1.021994225113405541e+00 -1.956156312580566593e-03
1.839583333333333215e+01 1.030650088186554569e+00 2.076956072710078437e-03
1.841666666666666430e+01 1.029864707912307997e+00 2.404143084829301106e-04
1.843750000000000000e+01 1.017897978126219627e+00 -4.255082438948929488e-05
1.845833333333333215e+01 1.002121572803491345e+00 -1.661536894998088361e-03
1.847916666666666430e+01 9.783159666222511763e-01 1.647616394508060519e-03
1.850000000000000000e+01 9.634194270373620528e-01 8.557559493929640200e-05
1.852083333333333215e+01 9.790841803883854055e-01 3.283656424234651780e-04
1.854166666666666430e+01 1.010105861723343379e+00 5.236467991920397023e-04
1.856250000000000000e+01 1.038049063595047006e+00 -1.332031004525862988e-03
1.858333333333333215e+01 1.044208919421103721e+00 5.766449771570907740e-04
1.860416666666666430e+01 1.025763909577849464e+00 -4.834632057414220028e-04
1.862500000000000000e+01 9.983652349074938481e-01 2.575336214762360900e-04
1.864583333333333215e+01 9.760141851010748493e-01 -2.395489911180218728e-03
1.866666666666666430e+01 9.748607619959779313e-01 9.976194183670375644e-04
1.868750000000000000e+01 9.851969598487392288e-01 -8.608007716570335172e-04
1.870833333333333215e+01 9.921602626554364424e-01 7.978213921282006687e-04
1.872916666666666430e+01 1.010467840868225275e+00 1.033376870859418345e-03
1.875000000000000000e+01 1.022510122530499777e+00 -1.895620316927830321e-03
1.877083333333333215e+01 1.022571251868569675e+00 -8.557211660665075929e-04
1.879166666666666430e+01 1.020246642530534098e+00 3.200567414514231940e-04
1.881250000000000000e+01 1.004368468645451040e+00 -2.132365686732479258e-04
1.883333333333333215e+01 9.977452756217390917e-01 1.087606869871971053e-04
1.885416666666666430e+01 9.923435713937267533e-01 1.835769978435737386e-04
1.887500000000000000e+01 1.001746786723063831e+00 2.413877236796238131e-05
1.889583333333333215e+01 1.003907366838491466e+00 7.161985024551396992e-04
1.891666666666666430e+01 9.979414654859686262e-01 -1.190902882027292326e-03
1.893750000000000000e+01 9.982772777735930969e-01 2.639872758035024213e-03
1.895833333333333215e+01 9.953362365842540749e-01 2.915341025187836955e-04
1.897916666666666430e+01 1.002661835856452743e+00 9.366550761589391774e-04
1.900000000000000000e+01 1.002586950331948223e+00 1.397839471373268439e-03
1.902083333333333215e+01 1.005636755212968136e+00 3.855115663040473866e-04
1.904166666666666430e+01 1.010541276353898343e+00 -6.450610068105386199e-05
1.906250000000000000e+01 1.020277117945345147e+00 -1.677319115405657285e-03
1.908333333333333215e+01 1.018215660758493790e+00 1.706276015411882551e-03
1.910416666666666430e+01 1.011750956366247234e+00 -1.827792760772563828e-03
1.912500000000000000e+01 9.877027670158451400e-01 -1.587942506418145655e-03
1.914583333333333215e+01 9.794047140112616123e-01 6.810918126392869051e-04
1.916666666666666430e+01 9.838444811057143191e-01 7.441481568719066639e-04
1.918750000000000000e+01 9.967972103714560772e-01 -3.644427969733499769e-04
1.920833333333333215e+01 1.011111043306645030e+00 4.875735952925536187e-03
1.922916666666666430e+01 1.013166310833292449e+00 -1.228672996522017346e-03
1.925000000000000000e+01 1.012123418600085811e+00 5.969662851565505973e-04
1.927083333333333215e+01 1.008227715072496311e+00 -1.504832955356614349e-03
1.929166666666666430e+01 1.013172552059886655e+00 2.991417977175682939e-03
1.931250000000000000e+01 1.005639949502044272e+00 8.063180045908913476e-04
1.933333333333333215e+01 9.979409935693892564e-01 1.008329256526786875e-03
1.935416666666666430e+01 9.836644321105579847e-01 2.032710669834226352e-03
1.937500000000000000e+01 9.825061616938789433e-01 -1.247019193990812165e-03
1.939583333333333215e+01 9.842524078331883475e-01 -1.142102183751249984e-03
1.941666666666666430e+01 9.911943380967369599e-01 -6.071155004952451598e-04
1.943750000000000000e+01 1.005779008953399778e+00 -4.568445463768569851e-04
1.945833333333333215e+01 1.012981500865051565e+00 -1.329791691083071718e-03
1.947916666666666430e+01 1.021352563668185054e+00 -1.232528548147092482e-03
1.950000000000000000e+01 1.026460913914621020e+00 8.732071468990359889e-04
1.952083333333333215e+01 1.022623544791080974e+00 -1.296681176363748524e-03
1.954166666666666430e+01 1.010126752992931864e+00 -5.703004285257163609e-04
1.956250000000000000e+01 9.886617893252495071e-01 1.864945129196930729e-03
1.958333333333333215e+01 9.720749579941037055e-01 1.210426532418840476e-03
1.960416666666666430e+01 9.678559331787691677e-01 1.688315357973968738e-03
1.962500000000000000e+01 9.709374745248728900e-01 -1.770002553728597600e-03
1.964583333333333215e+01 9.776468812894296700e-01 -5.380714619467231617e-04
1.966666666666666430e+01 9.994144866629303126e-01 3.167441503818103996e-04
1.968750000000000000e+01 1.030201462696171300e+00 2.938975658317276589e-04
1.970833333333333215e+01 1.049269692859509551e+00 2.219666368496481669e-04
1.972916666666666430e+01 1.048250106408018301e+00 -1.173102657306093321e-03
1.975000000000000000e+01 1.019512781279800384e+00 -4.531862392297715796e-04
1.977083333333333215e+01 9.799020413977528321e-01 9.649003177365485327e-04
1.979166666666666430e+01 9.631548088806883845e-01 2.243528547609982917e-04
1.981250000000000000e+01 9.671618788200883055e-01 -6.982064933890183784e-04
1.983333333333333215e+01 9.836426777960862733e-01 -5.655469569700790223e-04
1.985416666666666430e+01 9.947603018335469116e-01 6.237362187872344836e-04
1.987500000000000000e+01 9.762468252099433252e-01 1.302027943701374512e-03
1.989583333333333215e+01 9.461095498481457700e-01 2.078642531124769502e-03
1.991666666666666430e+01 9.056115858484552472e-01 -8.579326019685507964e-05
1.993750000000000000e+01 8.514205308503500769e-01 -1.327631690514793200e-04
1.995833333333333215e+01 8.000385264334123336e-01 7.123976383960162022e-04
1.997916666666666430e+01 7.398442415922245052e-01 1.994956662169022562e-04
2.000000000000000000e+01 6.905357341562162743e-01 -1.565367578585567874e-04
2.002083333333333215e+01 6.499090582781428260e-01 2.084307107539097939e-03
2.004166666666666430e+01 6.057546779030494877e-01 -2.413868858149196075e-04
2.006250000000000000e+01 5.735736807845689400e-01 -2.408971424254198815e-04
2.008333333333333215e+01 5.433614842670538847e-01 -2.345808333400608778e-03
2.010416666666666430e+01 5.378473381558054323e-01 9.643786908480052149e-04
2.012500000000000000e+01 5.445046323496028906e-01 -1.620950459717891918e-03
2.014583333333333215e+01 5.670267200536646124e-01 -6.407603981848164834e-04
2.016666666666666430e+01 5.922847603357443980e-01 3.531234876661996317e-04
2.018750000000000000e+01 6.409156271530376259e-01 -8.101732369252103230e-04
2.020833333333333215e+01 6.969366806298784578e-01 -2.307846273994552857e-03
2.022916666666666430e+01 7.736272360263893866e-01 -8.302120113143911413e-04
2.025000000000000000e+01 8.478173218012510226e-01 1.655926700499106259e-04
2.027083333333333215e+01 9.117282608637278241e-01 1.247319478222738091e-03
2.029166666666666430e+01 9.567340642832969921e-01 4.932932635510849356e-04
2.031250000000000000e+01 9.895613465091317451e-01 1.129089532710086333e-03
2.033333333333333215e+01 9.962204496680967525e-01 -8.447790113107392753e-04
2.035416666666666430e+01 9.953551168601123544e-01 5.306365840156228829e-04
2.037500000000000000e+01 9.665200203383539357e-01 1.629033994000979400e-03
2.039583333333333215e+01 9.489126055367452794e-01 4.812341839779491750e-04
2.041666666666666430e+01 9.479610358599328546e-01 1.489989542595787468e-03
2.043750000000000000e+01 9.765780610320590194e-01 3.320103539993222476e-04
2.045833333333333215e+01 1.009711833725912333e+00 6.438198037794072733e-05
2.047916666666666430e+01 1.035888247820775154e+00 -5.879831182753373709e-04
2.050000000000000000e+01 1.040824268749669379e+00 1.395469682312322620e-03
2.052083333333333215e+01 1.030781369931939917e+00 1.716309993136438386e-03
2.054166666666666430e+01 1.011789734514599859e+00 2.126631917066924057e-03
2.056250000000000000e+01 9.882348134553192720e-01 7.254799855767618154e-04
2.058333333333333215e+01 9.742965880059438755e-01 7.477209853467746631e-04
2.060416666666666430e+01 9.777899548902699856e-01 -8.537805070712316301e-04
2.062500000000000000e+01 9.832249232496523828e-01 5.654385707281778554e-04
2.064583333333333215e+01 9.941904452352393617e-01 1.258480659614628765e-05
2.066666666666666430e+01 9.996528875494919975e-01 -4.291732958198402818e-04
2.068750000000000000e+01 1.004048576477111432e+00 1.220692729869037171e-03
2.070833333333333215e+01 1.012157792603191497e+00 -1.412720520813150540e-03
2.072916666666666430e+01 1.007996134293905666e+00 1.426118217201934046e-03
2.075000000000000000e+01 1.017692483845018980e+00 -8.895130421026267026e-04
2.077083333333333215e+01 1.011927901874656532e+00 4.521937046745622309e-04
2.079166666666666430e+01 1.006581916975777480e+00 -8.857171957452024402e-04
2.081250000000000000e+01 9.871409139045553838e-01 -1.357471722379697794e-03
2.083333333333333215e+01 9.896080805487955656e-01 2.953973647287014214e-05
2.085416666666666430e+01 9.914184416751494755e-01 -1.764071579264914333e-03
2.087500000000000000e+01 1.000120899967191557e+00 9.819066013329476837e-04
2.089583333333333215e+01 1.000108364865469390e+00 -3.026481546042526110e-04
2.091666666666666430e+01 9.975804633452158843e-01 -3.420946273232811931e-04
2.093750000000000000e+01 1.003493527672257191e+00 2.676963573470771390e-03
2.095833333333333215e+01 1.011215318430011445e+00 -8.561482041005836997e-04
2.097916666666666430e+01 1.021964936165835613e+00 4.759881291083372453e-04
2.100000000000000000e+01 1.018865633368966961e+00 -1.441944746951884368e-03
2.102083333333333215e+01 1.003347309745791227e+00 -3.398751717964375980e-04
2.104166666666666430e+01 9.931626739259832304e-01 -8.179045824385501292e-04
2.106250000000000000e+01 9.887410654600117255e-01 2.214264356885299167e-03
2.108333333333333215e+01 9.895148834043625552e-01 1.060106857102821988e-03
2.110416666666666430e+01 9.930014358390094609e-01 -3.536958161147730182e-05
2.112500000000000000e+01 9.966267226391384293e-01 -4.881120973043237424e-04
2.114583333333333215e+01 1.000699973528326625e+00 -9.946864213293371386e-04
2.116666666666666430e+01 1.005997937033757728e+00 -2.772026091595279889e-04
2.118750000000000000e+01 1.007481419220518815e+00 -9.744364818459182740e-04
2.120833333333333215e+01 1.013550086854505095e+00 -1.094329817404452723e-03
2.122916666666666430e+01 1.017693822477858223e+00 -6.536245128651317670e-04
2.125000000000000000e+01 1.022147061127445244e+00 6.835363103284130279e-04
2.127083333333333215e+01 1.015224647596563168e+00 8.421199322965813036e-04
2.129166666666666430e+01 1.005318588430231141e+00 1.833567420390477777e-03
2.131250000000000000e+01 9.888359409446294546e-01 -1.207614096958850537e-03
2.133333333333333215e+01 9.735525768380767220e-01 -1.761527342305904903e-03
2.135416666666666430e+01 9.771107729790212693e-01 -7.536947461802734512e-04
2.137500000000000000e+01 9.997343637413034223e-01 -2.722389787947474059e-04
2.139583333333333215e+01 1.014141959148531891e+00 1.344665393987012382e-03
2.141666666666666430e+01 1.019316050614268221e+00 -1.527225750087493963e-03
2.143750000000000000e+01 1.015458809252948846e+00 -5.464987718391060541e-04
2.145833333333333215e+01 1.004796552013777156e+00 1.970948270582047364e-03
2.147916666666666430e+01 1.004465024626488789e+00 1.557528240041449255e-03
2.150000000000000000e+01 9.998163439808959163e-01 -5.472235823371260729e-05
2.152083333333333215e+01 1.000630835198449198e+00 1.961810145054742553e-03
2.154166666666666430e+01 1.004856741784736496e+00 2.204050632366927798e-04
2.156250000000000000e+01 1.003969384800397435e+00 1.436376655961300853e-04
2.158333333333333215e+01 1.008235889764429682e+00 -4.527321697941781630e-05
2.160416666666666430e+01 1.018999556323633593e+00 -5.531291689279569865e-04
2.162500000000000000e+01 1.014553002918081592e+00 -1.369219819838851182e-03
2.164583333333333215e+01 1.009216943251916909e+00 3.065338213364649216e-03
2.166666666666666430e+01 9.875482796409902342e-01 -2.321385159374491063e-03
2.168750000000000000e+01 9.805881473344048027e-01 5.489346751225428851e-04
2.170833333333333215e+01 9.842780733128930759e-01 -6.128580023742210246e-04
2.172916666666666430e+01 9.767954324354753970e-01 -1.711969616054794668e-03
2.175000000000000000e+01 9.921253347664004130e-01 1.286521275287731084e-03
2.177083333333333215e+01 1.012838874856019311e+00 -3.151488588440169887e-03
2.179166666666666430e+01 1.030072508338571557e+00 -1.043938267888375876e-03
2.181250000000000000e+01 1.044478141359566736e+00 -1.287258041087182810e-03
2.183333333333333215e+01 1.041760637617909380e+00 1.692760561164975783e-03
2.185416666666666430e+01 1.021791425401896047e+00 4.589297900120208724e-04
2.187500000000000000e+01 1.003218931512499301e+00 7.502655468942313584e-04
2.189583333333333215e+01 9.896217946484237027e-01 -1.480405723341272472e-03
2.191666666666666430e+01 9.721294774345470291e-01 -5.993124375673887462e-04
2.193750000000000000e+01 9.644508794012365271e-01 -3.145922449790302658e-04
2.195833333333333215e+01 9.589183120784589009e-01 -4.366309986763202691e-04
2.197916666666666430e+01 9.769711611049000100e-01 -1.838319758416907769e-03
2.200000000000000000e+01 1.005417961885050060e+00 4.975277214961929722e-04
2.202083333333333215e+01 1.041394558493939027e+00 2.365344553570231014e-03
2.204166666666666430e+01 1.061392830494367834e+00 -1.196223879528738199e-03
2.206250000000000000e+01 1.052023765361963292e+00 7.321451855255307201e-04
2.208333333333333215e+01 1.029579232638444752e+00 7.166566264880877297e-04
2.210416666666666430e+01 1.001338369688778762e+00 -1.628077957725238651e-03
2.212500000000000000e+01 9.825732140087148903e-01 1.049752294364657583e-03
2.214583333333333215e+01 9.655577221167115365e-01 5.588191593715241198e-04
2.216666666666666430e+01 9.637372890146463922e-01 1.511791399356875870e-03
2.218750000000000000e+01 9.721778111879416651e-01 -1.447743838440136797e-03
2.220833333333333215e+01 9.938004773441077022e-01 2.461074144404743532e-03
2.222916666666666430e+01 1.014614524918627136e+00 7.512308829838370639e-05
2.225000000000000000e+01 1.032076298150774951e+00 2.322811307426493263e-03
2.227083333333333215e+01 1.028779867488350597e+00 -1.497365837576429288e-03
2.229166666666666430e+01 1.023422442740518745e+00 6.615425104592774844e-04
2.231250000000000000e+01 1.014032739536861571e+00 5.761057418463011188e-04
2.233333333333333215e+01 1.006423777675194531e+00 8.774550975576256816e-04
2.235416666666666430e+01 9.880598478391993122e-01 8.641280750198877944e-04
2.237500000000000000e+01 9.890501907274057425e-01 -1.275556340089225834e-03
2.239583333333333215e+01 9.936285134713920275e-01 -2.890772344526359593e-04
2.241666666666666430e+01 9.973532507903725142e-01 1.445099722992292156e-03
2.243750000000000000e+01 1.000512650723980990e+00 7.335784789413757377e-04
2.245833333333333215e+01 9.985020508368968040e-01 2.049433350720574409e-04
2.247916666666666430e+01 9.994930740742076214e-01 9.155127458299963401e-04
2.250000000000000000e+01 1.003194160723603456e+00 1.271729625777858006e-03
2.252083333333333215e+01 1.010928182478364024e+00 -3.312379447436155462e-04
2.254166666666666430e+01 1.025229763207932798e+00 -2.580540611181085867e-03
2.256250000000000000e+01 1.017012594200288778e+00 9.044860286489495320e-05
2.258333333333333215e+01 1.003763927771332165e+00 2.916788690360064707e-03
2.260416666666666430e+01 9.885585878285312322e-01 -1.391479712592549357e-03
2.262500000000000000e+01 9.920379680378176301e-01 2.342288381987785682e-03
2.264583333333333215e+01 1.001308529154390614e+00 -2.031312831917605512e-03
2.266666666666666430e+01 1.007611397600453929e+00 1.529483460484243286e-03
2.268750000000000000e+01 1.004587446399235695e+00 1.974125851983200321e-03
2.270833333333333215e+01 1.000172414178067681e+00 8.413321358088666222e-04
2.272916666666666430e+01 9.975061974525244457e-01 -2.252438156923038202e-04
2.275000000000000000e+01 9.988966544115296387e-01 -8.053860505881664175e-04
2.277083333333333215e+01 1.006377655637879176e+00 -8.468835000136387724e-04
2.279166666666666430e+01 1.007729274513771367e+00 -1.407906389622687847e-03
2.281250000000000000e+01 1.012233135168790765e+00 2.185165530865480841e-04
2.283333333333333215e+01 1.011229827010184490e+00 6.758467469237414106e-04
2.285416666666666430e+01 1.010508812221907915e+00 9.240817641071897301e-04
2.287500000000000000e+01 1.013088416175945250e+00 -1.704295474604082582e-03
2.289583333333333215e+01 1.004125998642803275e+00 -8.681371437682382534e-04
2.291666666666666430e+01 9.966704359430814675e-01 -5.927534994030010575e-04
2.293750000000000000e+01 9.878819022600344724e-01 -1.806131305592804687e-04
2.295833333333333215e+01 9.811214570199756624e-01 1.400890317077244573e-03
2.297916666666666430e+01 9.777504496915279120e-01 1.028698841430508368e-03
2.300000000000000000e+01 9.808578826440379483e-01 1.714912212468545222e-03
2.302083333333333215e+01 1.001027849955540949e+00 -1.420174493978176031e-03
2.304166666666666430e+01 1.031228448127030184e+00 3.320863982219323632e-04
2.306250000000000000e+01 1.054747068294928702e+00 4.040281110277267954e-04
2.308333333333333215e+01 1.047194827932554695e+00 1.461502456422498477e-03
2.310416666666666430e+01 1.020878629697125950e+00 1.727353620404480875e-03
2.312500000000000000e+01 9.860760219927789949e-01 1.843415368049592697e-03
2.314583333333333215e+01 9.666131631805139346e-01 1.032390427694617136e-03
2.316666666666666430e+01 9.681913736597076436e-01 8.371273826918189994e-04
2.318750000000000000e+01 9.739726365044517609e-01 -8.245521100816903884e-04
2.320833333333333215e+01 9.891954996378713449e-01 -2.499711287161554465e-04
2.322916666666666430e+01 1.002080646302862643e+00 1.838819914103468050e-03
2.325000000000000000e+01 1.013008250087821027e+00 1.653189823155428806e-03
2.327083333333333215e+01 1.024914946492726520e+00 -6.285667505695758913e-04
2.329166666666666430e+01 1.023471478839193205e+00 1.342225199319633556e-03
2.331250000000000000e+01 1.020329080301988656e+00 -2.465623311832632427e-04
2.333333333333333215e+01 1.022141975340666198e+00 5.359291995457218360e-04
2.335416666666666430e+01 1.018108763471712086e+00 1.548667216706174589e-03
2.337500000000000000e+01 1.016174594551169763e+00 1.184149237174034327e-03
2.339583333333333215e+01 1.005059898606944113e+00 6.771148578330966937e-04
2.341666666666666430e+01 9.876780583543616210e-01 1.610228887359726503e-03
2.343750000000000000e+01 9.737562865014622870e-01 -1.079924864605323164e-04
2.345833333333333215e+01 9.653849170840371752e-01 6.105629848492088443e-04
2.347916666666666430e+01 9.706495257193056281e-01 3.112741301755290058e-03
2.350000000000000000e+01 9.925130150797436546e-01 1.346636198931970086e-03
2.352083333333333215e+01 1.006491415109593390e+00 3.108688933158754338e-04
2.354166666666666430e+01 1.030546742573124286e+00 -3.910353538200019149e-04
2.356250000000000000e+01 1.043776566587731214e+00 -1.771048648680855452e-03
2.358333333333333215e+01 1.044218500055223320e+00 8.775365381037185343e-04
2.360416666666666430e+01 1.027505658645110120e+00 -1.798955819178705857e-03
2.362500000000000000e+01 1.001341326729497272e+00 -3.128468595037271218e-04
2.364583333333333215e+01 9.835238176155339795e-01 3.388689860651539361e-04
2.366666666666666430e+01 9.705949227588913653e-01 -7.537165702924070263e-04
2.368750000000000000e+01 9.799429445853418130e-01 -6.775965761437985043e-04
2.370833333333333215e+01 9.885064749986811616e-01 -8.693084667653842162e-04
2.372916666666666430e+01 9.933335487610681636e-01 -1.110937820502968512e-03
2.375000000000000000e+01 9.930292703500257501e-01 -7.316201240051237609e-04
2.377083333333333215e+01 9.939301080530398291e-01 -5.258104659614347290e-04
2.379166666666666430e+01 1.005582280797523431e+00 -2.008933037008866964e-03
2.381250000000000000e+01 1.029201608507040122e+00 -3.581066242685677914e-04
2.383333333333333215e+01 1.030681556706091850e+00 4.024961463067431048e-04
2.385416666666666430e+01 1.021759155021853438e+00 1.469334217700593104e-03
2.387500000000000000e+01 1.015893361995371613e+00 -9.631081783693829119e-04
2.389583333333333215e+01 1.005031294497164440e+00 -2.616118873730322318e-04
2.391666666666666430e+01 1.000430143228604241e+00 -2.419854126525031320e-05
2.393750000000000000e+01 9.902578247038453796e-01 9.096110496611409246e-04
2.395833333333333215e+01 9.777662403636038224e-01 -1.488028797990188919e-04
2.397916666666666430e+01 9.819095761883919193e-01 -2.671154964956419693e-04
2.400000000000000000e+01 9.857699318199849570e-01 1.363188895424517722e-03
2.402083333333333215e+01 1.002243924805048758e+00 1.625537174300716091e-04
2.404166666666666430e+01 1.018585859029336627e+00 -1.968952212896597428e-03
2.406250000000000000e+01 1.020540341996528433e+00 3.404486176384772210e-03
2.408333333333333215e+01 1.023347530096226699e+00 9.196949495919673218e-04
2.410416666666666430e+01 1.012497136048514434e+00 1.374041227571901102e-03
2.412500000000000000e+01 9.954771564772169068e-01 -8.639263348812817713e-04
2.414583333333333215e+01 9.803164108968172030e-01 -8.839492917606393873e-04
2.416666666666666430e+01 9.854240653532436722e-01 -8.016651636917337953e-04
2.418750000000000000e+01 1.004830310851195563e+00 -3.531575147278606316e-03
2.420833333333333215e+01 1.026431452626125784e+00 -1.103239060820625445e-03
2.422916666666666430e+01 1.034664352230291184e+00 1.890638025567876850e-03
2.425000000000000000e+01 1.013873407446607144e+00 -5.236360406746157605e-04
2.427083333333333215e+01 9.929017329593963215e-01 1.126375400953250842e-03
2.429166666666666430e+01 9.716952563791567687e-01 1.089856798997060729e-03
2.431250000000000000e+01 9.756733508349880735e-01 2.092196930452120893e-03
2.433333333333333215e+01 9.914830705144586087e-01 -3.416722279092984801e-04
2.435416666666666430e+01 1.008655631476099934e+00 -1.414781922513956222e-03
2.437500000000000000e+01 1.025674284466277175e+00 -1.856883418034882029e-03
2.439583333333333215e+01 1.018393643082954991e+00 7.150269288726872167e-04
2.441666666666666430e+01 1.017897751449054589e+00 -1.542159864640050291e-03
2.443750000000000000e+01 1.017912195627121097e+00 1.664423966021056928e-04
2.445833333333333215e+01 1.009568368678341432e+00 -5.394962157322933435e-04
2.447916666666666430e+01 9.998789700223523758e-01 1.187790142940075341e-03
2.450000000000000000e+01 9.963540489574370662e-01 2.137980104040883376e-03
2.452083333333333215e+01 9.912746029082099009e-01 -4.866316616558329978e-04
2.454166666666666430e+01 9.923515209567072004e-01 6.129976775588910458e-04
2.456250000000000000e+01 9.888067348327672645e-01 -9.477183916669155701e-05
2.458333333333333215e+01 9.943152178341697622e-01 5.624325345618492924e-04
2.460416666666666430e+01 1.002313772323766505e+00 1.411175183278455753e-03
2.462500000000000000e+01 1.017386977561770767e+00 -1.688450416874323016e-03
2.464583333333333215e+01 1.020819382608834980e+00 -1.703458244424722141e-03
2.466666666666666430e+01 1.017988260714394411e+00 3.080364844570594057e-04
2.468750000000000000e+01 1.007798565787392464e+00 6.841017878991115155e-04
2.470833333333333215e+01 9.986329691149398169e-01 -2.027798263680831870e-03
2.472916666666666430e+01 1.001156798530277170e+00 -2.466436455922979402e-04
2.475000000000000000e+01 1.004938120069359675e+00 -2.055272780910489129e-04
2.477083333333333215e+01 9.965351317834652001e-01 7.371642043056521537e-04
2.479166666666666430e+01 9.939718897058671399e-01 -1.356814062563315446e-03
2.481250000000000000e+01 9.908539469626378438e-01 1.299530236959562832e-04
2.483333333333333215e+01 9.973436258770487228e-01 1.731545434693176335e-03
2.485416666666666430e+01 1.004598249192425907e+00 -1.844387888391655662e-03
2.487500000000000000e+01 1.008199481274186793e+00 9.318730120130875195e-04
2.489583333333333215e+01 1.009431746456897816e+00 1.121922118920313073e-03
2.491666666666666430e+01 1.012433661395921503e+00 8.041829797015047831e-04
2.493750000000000000e+01 1.020689737512259443e+00 2.938283154848651130e-03
2.495833333333333215e+01 1.022987077868632522e+00 1.600649768221871312e-03
2.497916666666666430e+01 1.011834497003751832e+00 5.976478468953103692e-04
2.500000000000000000e+01 9.923974706569039794e-01 -1.248699294488049430e-03
2.502083333333333215e+01 9.748629581752177309e-01 7.438694555118041413e-04
2.504166666666666430e+01 9.753538441856881569e-01 4.450479873513148122e-04
2.506250000000000000e+01 9.858059351821709670e-01 -1.009741504813960579e-03
2.508333333333333215e+01 1.006894303766932230e+00 1.399694079340576582e-03
2.510416666666666430e+01 1.020137898396342502e+00 4.404809069603869443e-05
2.512500000000000000e+01 1.025465504625305391e+00 -9.611649691224719710e-04
2.514583333333333215e+01 1.021506397027877711e+00 1.693123462006863042e-03
2.516666666666666430e+01 1.019812658325416121e+00 -5.865536406236002490e-04
2.518750000000000000e+01 1.011275194412541323e+00 1.435705010097811703e-03
2.520833333333333215e+01 1.005540843087636471e+00 2.162008554370257096e-04
2.522916666666666430e+01 9.981385202514994059e-01 -7.562963871577193840e-06
2.525000000000000000e+01 9.927429228781338155e-01 -1.835207522785428603e-03
2.527083333333333215e+01 9.814397217596212419e-01 -1.841247779743839712e-04
2.529166666666666430e+01 9.797202626459491359e-01 1.281092229911771430e-03
2.531250000000000000e+01 9.782129486192067125e-01 -5.060584094874652971e-04
2.533333333333333215e+01 9.933785292203044515e-01 -7.023627460438280554e-04
2.535416666666666430e+01 1.018555729078379990e+00 4.832420416244075805e-04
2.537500000000000000e+01 1.038610754382849555e+00 1.261509545822141025e-03
2.539583333333333215e+01 1.037252747452501955e+00 -1.394200707081894291e-03
2.541666666666666430e+01 1.016329704567694892e+00 -8.703653850630974076e-04
2.543750000000000000e+01 1.001743326037889181e+00 -1.434813746480143981e-04
2.545833333333333215e+01 9.949291925158143535e-01 1.179274908579874462e-04
2.547916666666666430e+01 9.937534168002003510e-01 -1.205617410430448932e-03
2.550000000000000000e+01 9.936801136491805186e-01 5.815465213466821390e-04
2.552083333333333215e+01 9.906003834153073173e-01 -1.197041684979251440e-04
2.554166666666666430e+01 9.921876317266417056e-01 -1.466221931714394629e-04
2.556250000000000000e+01 1.001458673585169823e+00 -6.303401696699695474e-04
2.558333333333333215e+01 1.006913896952564613e+00 8.791045846409823459e-04
2.560416666666666430e+01 1.009886323959765297e+00 -2.191027703182758454e-03
2.562500000000000000e+01 1.011561117921362163e+00 -2.091080926043327893e-03
2.564583333333333215e+01 1.001832603256342491e+00 -1.970229136144430356e-03
2.566666666666666430e+01 9.962939049384491597e-01 3.636470755436428301e-04
2.568750000000000000e+01 9.971598189566316384e-01 1.059464684726685053e-03
2.570833333333333215e+01 1.001465538440914571e+00 8.750640414981876404e-04
2.572916666666666430e+01 1.013713699562714288e+00 -1.301314917772768186e-03
2.575000000000000000e+01 1.023817362626191718e+00 -2.518408303488297618e-04
2.577083333333333215e+01 1.034638554374515573e+00 -4.513705830376849005e-04
2.579166666666666430e+01 1.027319000187290721e+00 -1.227133177601129159e-03
2.581250000000000000e+01 9.899163375953077271e-01 1.677923564586288312e-03
2.583333333333333215e+01 9.577239822808836234e-01 -1.512446838639755703e-03
2.585416666666666430e+01 9.457171565673327951e-01 -4.547753904052698887e-04
2.587500000000000000e+01 9.599041287501888231e-01 2.632884731251247321e-03
2.589583333333333215e+01 9.912528377034998117e-01 -1.018153013524394435e-03
2.591666666666666430e+01 1.022626168384220380e+00 1.113738357920365189e-03
2.593750000000000000e+01 1.040826190728799450e+00 -7.695471482401066961e-04
2.595833333333333215e+01 1.047491918886410911e+00 -3.906741981859336815e-04
2.597916666666666430e+01 1.039604838711314594e+00 9.911089382639277998e-04
