0.000000000000000000e+00 9.909310572619015600e-01 -3.993781802473701814e-04
2.083333333333333218e-02 9.745357547304098755e-01 8.104909934096389199e-04
4.166666666666666435e-02 9.481695450257519031e-01 -4.110692214895087719e-05
6.250000000000000000e-02 9.151649580686076479e-01 9.467214893747192194e-04
8.333333333333332871e-02 8.914313255018319060e-01 -1.029927540586819158e-03
1.041666666666666574e-01 8.650478641035880267e-01 -6.958999223022305052e-04
1.250000000000000000e-01 8.560734272222257912e-01 4.602176678414084652e-05
1.458333333333333148e-01 8.640653801524472710e-01 -6.541214473593985699e-05
1.666666666666666574e-01 8.702397149251923647e-01 1.053157083256984735e-03
1.875000000000000000e-01 8.778272511538082190e-01 2.618663812488394946e-03
2.083333333333333148e-01 8.757844054198427042e-01 -1.402053579001537363e-03
2.291666666666666574e-01 8.714205958089509263e-01 1.883453611349007436e-03
2.500000000000000000e-01 8.856212054564474023e-01 -2.548601795532449217e-04
2.708333333333333148e-01 9.097461394266074253e-01 -1.051270094915811521e-03
2.916666666666666297e-01 9.247650877178673623e-01 5.923073126118753298e-04
3.125000000000000000e-01 9.416146446350792676e-01 2.621447220000395779e-03
3.333333333333333148e-01 9.521861261862548664e-01 2.575391912391079147e-03
3.541666666666666297e-01 9.793687664646942848e-01 9.642151808127578157e-04
3.750000000000000000e-01 9.987026452107581331e-01 2.823670028768140235e-04
3.958333333333333148e-01 1.005862885236397997e+00 -4.659249438564196100e-04
4.166666666666666297e-01 1.007344584428178758e+00 1.336659684501577839e-04
4.375000000000000000e-01 1.017554092016071499e+00 1.888284755090543750e-04
4.583333333333333148e-01 1.023433704015614953e+00 3.181814663242213252e-04
4.791666666666666297e-01 1.010959808384293668e+00 1.056190475814118936e-04
5.000000000000000000e-01 1.000867377034700967e+00 -1.717791625114708891e-03
5.208333333333332593e-01 9.818519708411757030e-01 2.077061100137055603e-03
5.416666666666666297e-01 9.854082429445819580e-01 8.551923228050428488e-04
5.625000000000000000e-01 9.855818063412592478e-01 1.395180434086040647e-04
5.833333333333332593e-01 9.909954220988377305e-01 -2.678536858357024805e-03
6.041666666666666297e-01 9.888393979275619250e-01 -1.485425661373563570e-04
6.250000000000000000e-01 1.002609838437832135e+00 1.688367116709088870e-03
6.458333333333332593e-01 1.006540336832228544e+00 -8.986274409835008420e-04
6.666666666666666297e-01 1.004583355536710521e+00 6.755177737477244650e-04
6.875000000000000000e-01 1.006165803788153124e+00 -1.553444092594400208e-03
7.083333333333332593e-01 1.007932978307249039e+00 1.093398078127968921e-03
7.291666666666666297e-01 1.001452967554627538e+00 4.208990874212872467e-04
7.500000000000000000e-01 9.974998774554357794e-01 -8.327924539807173357e-04
7.708333333333332593e-01 9.911196771346364454e-01 -1.979753677401388783e-03
7.916666666666666297e-01 1.000382646372974360e+00 2.897154776973586866e-05
8.125000000000000000e-01 1.008505578628738020e+00 1.259278157139477930e-04
8.333333333333332593e-01 1.009762344941233181e+00 2.700587234835839963e-03
8.541666666666666297e-01 9.980040483549563746e-01 1.317039958797490938e-03
8.750000000000000000e-01 9.881063460706608348e-01 -2.350739309901588459e-03
8.958333333333332593e-01 9.900611082167827259e-01 8.043233441170650198e-05
9.166666666666666297e-01 9.996344834448528394e-01 1.914785081069420719e-03
9.375000000000000000e-01 9.949802104143457004e-01 -8.397336627240341300e-04
9.583333333333332593e-01 9.918319230048571189e-01 6.671263294356840094e-04
9.791666666666666297e-01 9.901220188631816299e-01 -1.573329117828327654e-04
1.000000000000000000e+00 9.960582143817080514e-01 1.690608650267257920e-03
1.020833333333333259e+00 1.009235244013597876e+00 3.618188279002343953e-04
1.041666666666666519e+00 1.021142390741996753e+00 -1.453356450928578380e-04
1.062500000000000000e+00 1.019722986717059854e+00 -5.936461428673529047e-04
1.083333333333333259e+00 1.017237087512043558e+00 1.856704354379403734e-04
1.104166666666666519e+00 1.004563985006197147e+00 -2.279403786897948436e-03
1.125000000000000000e+00 9.893106504493125453e-01 1.694251465319089817e-03
1.145833333333333259e+00 9.821131640865780055e-01 -1.439250822876383127e-03
1.166666666666666519e+00 9.829821538096078504e-01 1.997442671871677965e-03
1.187500000000000000e+00 9.878142348536630424e-01 1.829458330586238241e-03
1.208333333333333259e+00 9.898599992697925121e-01 1.189006953434935433e-03
1.229166666666666519e+00 9.991568005097803962e-01 -6.626237051838549828e-04
1.250000000000000000e+00 1.014306125587127072e+00 1.022450104192852883e-04
1.270833333333333259e+00 1.011822130983531354e+00 1.425826194523640948e-03
1.291666666666666519e+00 1.012895831956395432e+00 -7.847804420051993730e-04
1.312500000000000000e+00 9.878597760741552047e-01 5.173477569560423674e-04
1.333333333333333259e+00 9.797786291201752151e-01 8.407018742533388985e-04
1.354166666666666519e+00 9.880594729228824313e-01 8.686617350802062956e-04
1.375000000000000000e+00 1.006968627722510279e+00 -1.255184947011754940e-03
1.395833333333333259e+00 1.011044440982286075e+00 -1.787582717858073565e-03
1.416666666666666519e+00 1.019165457962581289e+00 -1.730116405944653619e-03
1.437500000000000000e+00 1.019321443057748411e+00 8.455008519154717664e-04
1.458333333333333259e+00 1.012876582382793433e+00 -2.748682548446241343e-04
1.479166666666666519e+00 9.964282133641296779e-01 -5.215416075012780419e-05
1.500000000000000000e+00 9.846152026458919737e-01 -9.426436132733569638e-04
1.520833333333333259e+00 9.828335567547772378e-01 -9.121680654474418302e-04
1.541666666666666519e+00 9.919639046049220088e-01 5.498006048715051115e-05
1.562500000000000000e+00 9.995694422565822856e-01 -1.704373133321531028e-03
1.583333333333333259e+00 1.003900196332398798e+00 4.593292251156284151e-04
1.604166666666666519e+00 1.000126642642579444e+00 -3.429434812648937594e-03
1.625000000000000000e+00 1.003915555150572292e+00 -9.780214018494338621e-04
1.645833333333333259e+00 1.000066171788093428e+00 1.395830911377913923e-03
1.666666666666666519e+00 9.928684600939843286e-01 2.250056810949496635e-03
1.687500000000000000e+00 9.925992197117586846e-01 -1.785840152250922283e-03
1.708333333333333259e+00 9.953174654934369148e-01 -1.207299994453704499e-03
1.729166666666666519e+00 1.008869841312151738e+00 1.750592123891993594e-04
1.750000000000000000e+00 1.014779299029371806e+00 -1.637165339649724900e-03
1.770833333333333259e+00 1.023003692314370605e+00 1.704081519140051779e-03
1.791666666666666519e+00 1.016472086964862243e+00 2.003215388964191181e-03
1.812500000000000000e+00 1.013857890435160281e+00 -5.519061064111766479e-04
1.833333333333333259e+00 1.001312706144925624e+00 4.835654741928041458e-04
1.854166666666666519e+00 9.790475254043092823e-01 1.170493837231575398e-03
1.875000000000000000e+00 9.733536525580120946e-01 -2.286956453798596502e-03
1.895833333333333259e+00 9.745520318893131639e-01 -1.302181355379218579e-05
1.916666666666666519e+00 9.847226948026852611e-01 -1.806889100926224883e-05
1.937500000000000000e+00 9.984594879085252339e-01 -6.547131425037164189e-04
1.958333333333333259e+00 9.995123126139114911e-01 7.203964303572246751e-05
1.979166666666666519e+00 1.011725149750732244e+00 -4.186845459133656244e-04
2.000000000000000000e+00 1.019384579201195073e+00 1.650631919178925959e-03
2.020833333333333037e+00 1.017860910860584944e+00 -4.657290432565853382e-04
2.041666666666666519e+00 1.015435268313935158e+00 4.609911399221147525e-04
2.062500000000000000e+00 1.010017760209326321e+00 -8.722087041257127818e-04
2.083333333333333037e+00 9.979889061622795321e-01 8.153097812457963094e-04
2.104166666666666519e+00 9.936474508075153755e-01 7.012172139949362105e-04
2.125000000000000000e+00 9.835468731557679423e-01 1.784930315008614898e-04
2.145833333333333037e+00 9.870235454729170410e-01 -7.275811465720226790e-05
2.166666666666666519e+00 9.971710537200850766e-01 -5.664219358081775887e-04
2.187500000000000000e+00 1.006362272784943501e+00 4.849608287468686757e-05
2.208333333333333037e+00 1.004974545443507061e+00 2.776661199055794563e-03
2.229166666666666519e+00 1.000056733590435565e+00 -9.001935688643876486e-04
2.250000000000000000e+00 1.002290805410346985e+00 2.080186997985921261e-03
2.270833333333333037e+00 1.007337977905973458e+00 2.810590009740302712e-03
2.291666666666666519e+00 1.001391343662145994e+00 -1.091565740538532706e-05
2.312500000000000000e+00 9.893672059787064210e-01 -4.309676382666363030e-04
2.333333333333333037e+00 9.889825712032288552e-01 -5.589854403187663814e-04
2.354166666666666519e+00 9.933985543646202121e-01 8.359597234701268481e-04
2.375000000000000000e+00 1.005218112710253520e+00 2.280961499710330159e-03
2.395833333333333037e+00 1.005394378718569515e+00 -2.955272407830544833e-04
2.416666666666666519e+00 1.001745348040633088e+00 7.455704805749821312e-04
2.437500000000000000e+00 1.001658320062397189e+00 -7.330953512551966009e-05
2.458333333333333037e+00 1.003142636680941058e+00 -2.541348102902252822e-03
2.479166666666666519e+00 1.004881166037341567e+00 7.477047801935641277e-04
2.500000000000000000e+00 1.012118163167123663e+00 2.048422440267819861e-03
2.520833333333333037e+00 1.019721477494403894e+00 7.559127086954418179e-04
2.541666666666666519e+00 1.008308342501127219e+00 8.710071866266928635e-04
2.562500000000000000e+00 9.980277171553583182e-01 -1.364427305680712818e-03
2.583333333333333037e+00 9.821314832481441437e-01 -3.095480708199782843e-04
2.604166666666666519e+00 9.726948577380969407e-01 1.093092499722454541e-03
2.625000000000000000e+00 9.760288623963694343e-01 2.198643524317911262e-03
2.645833333333333037e+00 9.852991959372220387e-01 -2.179348084878844193e-03
2.666666666666666519e+00 1.002998181214024065e+00 2.014784574628097208e-03
2.687500000000000000e+00 1.012228589286834790e+00 -3.859713947082042533e-04
2.708333333333333037e+00 1.028289180714589079e+00 4.919732029028319473e-04
2.729166666666666519e+00 1.032875102840697279e+00 -3.137355746683080475e-03
2.750000000000000000e+00 1.016188740631445375e+00 1.535147624050088892e-03
2.770833333333333037e+00 9.993703693314680558e-01 2.000155394906921388e-03
2.791666666666666519e+00 9.911689129151860511e-01 -2.053326482748962182e-03
2.812500000000000000e+00 9.914129964352367264e-01 -1.469161888121134601e-04
2.833333333333333037e+00 9.970125710307627953e-01 4.117612390030911526e-04
2.854166666666666519e+00 9.990745974687923470e-01 -8.194122610419919987e-04
2.875000000000000000e+00 1.004409752188634153e+00 -1.395460256130831231e-03
2.895833333333333037e+00 1.005675337907469657e+00 -1.024709958916697082e-03
2.916666666666666519e+00 1.005965194466891699e+00 8.868596532002415503e-04
2.937500000000000000e+00 9.876773735826551714e-01 8.739987946052914670e-04
2.958333333333333037e+00 9.828178338119060165e-01 -1.549902396683707721e-03
2.979166666666666519e+00 9.825806988979530754e-01 3.076011168091640781e-04
3.000000000000000000e+00 9.976617020052851448e-01 -2.937439979875510615e-03
3.020833333333333037e+00 1.010086623405346273e+00 -6.336829707977583933e-05
3.041666666666666519e+00 1.020183512379241986e+00 -7.893359707012556539e-04
3.062500000000000000e+00 1.025055868244552970e+00 -9.393728891521623296e-04
3.083333333333333037e+00 1.019461404181512210e+00 -4.102004147142797861e-04
3.104166666666666519e+00 1.004105207198068728e+00 -6.884190634604337496e-04
3.125000000000000000e+00 9.929405449934201044e-01 8.855711744875708041e-04
3.145833333333333037e+00 9.855997515630594563e-01 -4.540817251788809255e-04
3.166666666666666519e+00 9.923245189909589703e-01 7.118340991005616888e-04
3.187500000000000000e+00 9.936163757591575107e-01 5.308777578973654376e-04
3.208333333333333037e+00 9.941499425627076114e-01 7.959785832058593937e-04
3.229166666666666519e+00 9.882002978577717478e-01 -3.078242583978808584e-03
3.250000000000000000e+00 9.968505805134525444e-01 1.530397068111497092e-03
3.270833333333333037e+00 1.005411370107343938e+00 -2.131101011217515894e-03
3.291666666666666519e+00 1.010244974760166503e+00 9.285897948492835693e-04
3.312500000000000000e+00 1.008812234963382348e+00 -2.553136571347445170e-03
3.333333333333333037e+00 1.007321437087490557e+00 -6.755203366857733200e-04
3.354166666666666519e+00 1.012927504738823314e+00 -1.456703370945630930e-03
3.375000000000000000e+00 1.015744870645242326e+00 9.815279396096683335e-04
3.395833333333333037e+00 1.003966826404728563e+00 -2.302467816404315127e-03
3.416666666666666519e+00 9.874791270767986351e-01 -9.211530134409708515e-04
3.437500000000000000e+00 9.791792235202361194e-01 1.174012187661530515e-03
3.458333333333333037e+00 9.825596362582700305e-01 -8.550866837555332230e-04
3.479166666666666519e+00 9.864776215779490487e-01 3.382838268927510893e-04
3.500000000000000000e+00 9.998459390545424430e-01 -1.262459865021483706e-04
3.520833333333333037e+00 1.018119439581883556e+00 -3.293967218977903594e-03
3.541666666666666519e+00 1.026082142353718751e+00 -6.480481415128805421e-04
3.562500000000000000e+00 1.013486404000918162e+00 2.149533763833713206e-03
3.583333333333333037e+00 9.969929449801274712e-01 9.820375081219122251e-04
3.604166666666666519e+00 9.927306243008856557e-01 1.104902900214286632e-03
3.625000000000000000e+00 9.893287421704193285e-01 1.269891697088117253e-03
3.645833333333333037e+00 9.943382385440227011e-01 -7.225117020719051505e-05
3.666666666666666519e+00 9.969960432976152642e-01 -8.400552478277828515e-04
3.687500000000000000e+00 9.978078848203255635e-01 1.055372439126304714e-03
3.708333333333333037e+00 1.010654350795979095e+00 -2.111710199438703549e-03
3.729166666666666519e+00 1.019545132908721952e+00 -7.811776600078874054e-04
3.750000000000000000e+00 1.012355298414219673e+00 1.058544638364189655e-03
3.770833333333333037e+00 1.008871573811723987e+00 1.766424490342310104e-03
3.791666666666666519e+00 9.993097706677402936e-01 -9.333975619027439332e-04
3.812500000000000000e+00 1.003033183080210833e+00 -2.027094744820468061e-04
3.833333333333333037e+00 1.003483066308928917e+00 2.142680944414457334e-03
3.854166666666666519e+00 9.914716244720446214e-01 2.880972174652134967e-04
3.875000000000000000e+00 9.863051409175825901e-01 -1.175149537204082115e-03
3.895833333333333037e+00 9.809559517091560599e-01 1.886047051661788254e-04
3.916666666666666519e+00 9.801746546464161769e-01 3.918304828757953055e-04
3.937500000000000000e+00 9.882220981552819472e-01 2.052291007543675244e-03
3.958333333333333037e+00 9.961583564318462480e-01 -3.576436049173872225e-04
3.979166666666666519e+00 1.013491619963323487e+00 8.150145845154061017e-05
4.000000000000000000e+00 1.029057450152640829e+00 -2.224147790074105634e-03
4.020833333333333037e+00 1.025405174714011602e+00 -4.557958514588077663e-05
4.041666666666666075e+00 1.028359503857030344e+00 -6.861951631114360456e-04
4.062500000000000000e+00 1.012260714150689189e+00 -3.321152325182812818e-04
4.083333333333333037e+00 1.001219510035419535e+00 2.282627400062552277e-03
4.104166666666666075e+00 9.830588264864272841e-01 8.288389886846578335e-04
4.125000000000000000e+00 9.737247609865719022e-01 1.168865012578323525e-04
4.145833333333333037e+00 9.744171708239495189e-01 -2.755446680381348637e-04
4.166666666666666075e+00 9.815450334884947559e-01 1.437679471695776923e-03
4.187500000000000000e+00 9.986997178595592439e-01 -2.859496853114721986e-04
4.208333333333333037e+00 9.999950953157846767e-01 7.400068277780565113e-07
4.229166666666666075e+00 1.002398717677265738e+00 7.227064511271084771e-04
4.250000000000000000e+00 1.010898728398293533e+00 -1.522254094519821235e-03
4.270833333333333037e+00 1.024881101396147631e+00 1.743124710028696837e-03
4.291666666666666075e+00 1.031472756172838734e+00 2.067028359560067752e-03
4.312500000000000000e+00 1.023464496144873781e+00 2.163472418534377346e-03
4.333333333333333037e+00 1.011074364302369188e+00 2.894736427378270978e-03
4.354166666666666075e+00 9.950463496404524655e-01 -3.773184406222436830e-04
4.375000000000000000e+00 9.816588182747927327e-01 3.296705765651791785e-05
4.395833333333333037e+00 9.644324030477067211e-01 1.006405868124454197e-03
4.416666666666666075e+00 9.618116155839349091e-01 1.225489542977928261e-04
4.437500000000000000e+00 9.711625314895327987e-01 1.240129125949712870e-03
4.458333333333333037e+00 9.929607704177763061e-01 7.820204654744420010e-04
4.479166666666666075e+00 1.012711072062933759e+00 1.861595771990063144e-04
4.500000000000000000e+00 1.026905476026607422e+00 1.664820295060667320e-03
4.520833333333333037e+00 1.043117719221950068e+00 2.057277255786689723e-03
4.541666666666666075e+00 1.036068213378286362e+00 -8.331836856829758203e-04
4.562500000000000000e+00 1.018117928035843889e+00 -4.536511682647962587e-04
4.583333333333333037e+00 9.965974568413136225e-01 -4.869293984207735725e-04
4.604166666666666075e+00 9.817780379750505881e-01 9.301434780698549995e-04
4.625000000000000000e+00 9.874239887343623234e-01 -1.825802378530302710e-04
4.645833333333333037e+00 9.869577912237580408e-01 1.931500769552516386e-04
4.666666666666666075e+00 9.757200761062240213e-01 -6.124160108913296804e-04
4.687500000000000000e+00 9.787005564346628050e-01 -1.933317549556348280e-03
4.708333333333333037e+00 9.831295647676224769e-01 9.628234494411507666e-04
4.729166666666666075e+00 1.002232764000624776e+00 -1.197538152336815849e-03
4.750000000000000000e+00 1.002267708576284555e+00 8.625975803139788317e-04
4.770833333333333037e+00 1.001784694457970026e+00 -2.531066635911591398e-03
4.791666666666666075e+00 1.005075401954579561e+00 3.029870681001198404e-04
4.812500000000000000e+00 1.017436868710592357e+00 -1.716908771111086938e-03
4.833333333333333037e+00 1.030828087699231288e+00 2.044229975067380191e-04
4.854166666666666075e+00 1.022939051572991032e+00 2.215351452487343987e-03
4.875000000000000000e+00 1.012766259506645783e+00 5.764472564500171384e-05
4.895833333333333037e+00 1.006134277684716416e+00 1.592383503495130087e-03
4.916666666666666075e+00 9.999142709087854852e-01 -2.073112786972981791e-03
4.937500000000000000e+00 9.931163685535474572e-01 -2.813395477639586521e-03
4.958333333333333037e+00 9.888862497070843860e-01 -3.896077014858598361e-04
4.979166666666666075e+00 9.917359923073113537e-01 2.453267075315808139e-03
5.000000000000000000e+00 9.879302608278758280e-01 7.830730794561704998e-04
5.020833333333333037e+00 9.773903410049091800e-01 1.566888734952434636e-03
5.041666666666666075e+00 9.666403957526444879e-01 2.116415541457640135e-04
5.062500000000000000e+00 9.801294454439416493e-01 1.609742414097948800e-03
5.083333333333333037e+00 9.952183147762545534e-01 4.201085486194877942e-05
5.104166666666666075e+00 1.013093616950237363e+00 -1.305637927060597893e-03
5.125000000000000000e+00 1.024433489375965012e+00 -1.137064041990282041e-03
5.145833333333333037e+00 1.032532058272882747e+00 -1.870011987774678440e-03
5.166666666666666075e+00 1.033565311236718465e+00 6.048150223136114370e-04
5.187500000000000000e+00 1.036566358466453286e+00 -5.173813725743049837e-04
5.208333333333333037e+00 1.012937835374867257e+00 1.744057549262057578e-04
5.229166666666666075e+00 9.956745568128052559e-01 2.574126245237039375e-03
5.250000000000000000e+00 9.778060294625110505e-01 4.044012718339736585e-04
5.270833333333333037e+00 9.830392981731089774e-01 -1.917200537353121534e-05
5.291666666666666075e+00 9.785485897246932741e-01 1.576002652400061450e-03
5.312500000000000000e+00 9.855199214995645773e-01 1.319447186202707184e-03
5.333333333333333037e+00 9.915045426540597395e-01 5.832745323494026779e-04
5.354166666666666075e+00 9.931424363933819555e-01 -1.426610556218699602e-03
5.375000000000000000e+00 9.973629003669017834e-01 -9.647860015265784803e-04
5.395833333333333037e+00 9.958169365631909242e-01 -1.208330176751710137e-03
5.416666666666666075e+00 9.952707101120455979e-01 7.966401329222744135e-05
5.437500000000000000e+00 1.002352646601535779e+00 -2.713206920585375416e-03
5.458333333333333037e+00 1.011144963930188156e+00 2.559737715106295657e-03
5.479166666666666075e+00 1.010377706320632285e+00 -1.079522192017511126e-03
5.500000000000000000e+00 1.011738496952644617e+00 -1.254672430098019128e-03
5.520833333333333037e+00 1.009644053072334957e+00 7.151193116368026893e-04
5.541666666666666075e+00 1.013042390616825550e+00 -1.859492466842772580e-04
5.562500000000000000e+00 1.004219838991086799e+00 1.033699850874828180e-03
5.583333333333333037e+00 9.952779865419004723e-01 -2.373444677040339318e-03
5.604166666666666075e+00 9.958545076861532452e-01 -7.810037864585270490e-04
5.625000000000000000e+00 9.988606053891150305e-01 -3.548960589281455105e-03
5.645833333333333037e+00 9.987769822411813880e-01 -8.110105199772524743e-04
5.666666666666666075e+00 9.875063719449317379e-01 1.574539972865921737e-03
5.687500000000000000e+00 9.825312491990205732e-01 2.022541779248457957e-03
5.708333333333333037e+00 9.853477431835773181e-01 2.244496320915469884e-03
5.729166666666666075e+00 9.979222839415595736e-01 -3.650125916577717095e-03
5.750000000000000000e+00 9.961721133985735888e-01 1.563611457556564376e-03
5.770833333333333037e+00 9.999786966100522312e-01 3.609305763828173715e-04
5.791666666666666075e+00 1.000433709252551484e+00 -2.173750202999044016e-04
5.812500000000000000e+00 1.006654711885029085e+00 1.003744246455890408e-03
5.833333333333333037e+00 1.008952565910876009e+00 -3.516562833860509491e-04
5.854166666666666075e+00 1.008046085634445976e+00 2.089149757406596856e-03
5.875000000000000000e+00 1.006702482731131054e+00 6.074625062525631104e-04
5.895833333333333037e+00 9.977604939507447313e-01 2.739829481178361961e-03
5.916666666666666075e+00 1.000608260900856861e+00 -1.315037946151620613e-03
5.937500000000000000e+00 9.965602521115614065e-01 2.800107942260327302e-04
5.958333333333333037e+00 1.006429059654672109e+00 1.009776137756885966e-03
5.979166666666666075e+00 1.003134523313751414e+00 -6.568195070311816895e-04
6.000000000000000000e+00 1.001297997792592875e+00 -5.618452702159915622e-04
6.020833333333333037e+00 9.927042552435462186e-01 -1.174760114333373235e-03
6.041666666666666075e+00 9.872477817898952512e-01 3.901427434501632545e-04
6.062500000000000000e+00 9.857570531340381637e-01 6.762774337853117920e-04
6.083333333333333037e+00 1.000984441112648726e+00 -1.311074523597234327e-03
6.104166666666666075e+00 9.999801519411094519e-01 -6.377538416999737345e-04
6.125000000000000000e+00 9.942040742115734187e-01 -3.600328155579862006e-04
6.145833333333333037e+00 9.971968981352097305e-01 -2.040643086510434637e-03
6.166666666666666075e+00 1.003230063793404181e+00 -2.053655090963877640e-04
6.187500000000000000e+00 1.011019995441924335e+00 2.093264940572056067e-03
6.208333333333333037e+00 1.009751019768629687e+00 1.045742143696352483e-05
6.229166666666666075e+00 1.002756456440768273e+00 1.148498766645039736e-03
6.250000000000000000e+00 9.934643105627275483e-01 -2.269026174604633645e-04
6.270833333333333037e+00 9.978576457337324790e-01 -9.101938822892326718e-04
6.291666666666666075e+00 9.982749094490271924e-01 -2.238031872384009351e-03
6.312500000000000000e+00 9.962765792111933916e-01 -4.156997823301552126e-05
6.333333333333333037e+00 1.003026011747613078e+00 8.727334132162867025e-04
6.354166666666666075e+00 1.006063156201245423e+00 -1.582756095173521674e-03
6.375000000000000000e+00 1.012278760029803992e+00 2.384014739074252211e-04
6.395833333333333037e+00 1.003310665157258086e+00 7.877013858232008881e-04
6.416666666666666075e+00 9.942481784328349725e-01 -1.438667090300884202e-03
6.437500000000000000e+00 9.681263186347959238e-01 2.351140993866996341e-03
6.458333333333333037e+00 9.380068762557810524e-01 1.355873804422082175e-03
6.479166666666666075e+00 8.889656826103999876e-01 7.139137394774614897e-05
6.500000000000000000e+00 8.422849995981808169e-01 -1.083141799198688486e-03
6.520833333333333037e+00 8.076717073977628392e-01 -3.561169157789474292e-04
6.541666666666666075e+00 7.778244655433835808e-01 4.749286298864161958e-04
6.562500000000000000e+00 7.502374788019428031e-01 -1.681939326275515962e-04
6.583333333333333037e+00 7.272412524557955171e-01 -8.472817076022762196e-04
6.604166666666666075e+00 7.148228990182321496e-01 -3.807981167109089583e-04
6.625000000000000000e+00 7.090147017329793133e-01 3.860997190476740952e-04
6.645833333333333037e+00 7.106946980409734049e-01 -5.510134284590718695e-04
6.666666666666666075e+00 6.984313661530477946e-01 1.218980027797853796e-03
6.687500000000000000e+00 6.981065007694469138e-01 1.032463801633927815e-03
6.708333333333333037e+00 7.249575213230304849e-01 8.722043602820628771e-04
6.729166666666666075e+00 7.545830260262823552e-01 2.441163887988656394e-04
6.750000000000000000e+00 7.959529305345168781e-01 -5.918709496488422936e-04
6.770833333333333037e+00 8.395862767979611618e-01 -2.012125780610264387e-03
6.791666666666666075e+00 8.850437578827157203e-01 9.931108144570115551e-04
6.812500000000000000e+00 9.388192242621865580e-01 -6.055758698556068303e-04
6.833333333333333037e+00 9.749393396825247748e-01 1.139293038704702410e-03
6.854166666666666075e+00 1.000817124450326334e+00 2.094050623342143876e-04
6.875000000000000000e+00 1.009115015845375218e+00 1.201290354749524284e-03
6.895833333333333037e+00 1.005975823463643115e+00 1.081784432453875168e-04
6.916666666666666075e+00 9.935490444562511403e-01 -1.005015766439218894e-03
6.937500000000000000e+00 9.820699534027502731e-01 5.488864800013556686e-04
6.958333333333333037e+00 9.851245571051298056e-01 -6.475069262807635210e-04
6.979166666666666075e+00 9.916126041845744199e-01 -2.239669822667367076e-03
7.000000000000000000e+00 1.000283730581971620e+00 6.970285885281834711e-04
7.020833333333333037e+00 1.001440117889556225e+00 -6.136350111348397567e-05
7.041666666666666075e+00 9.999537014396940870e-01 2.800732421299485537e-03
7.062500000000000000e+00 1.002425845982113595e+00 -6.343360932804005406e-04
7.083333333333333037e+00 1.010015580946076907e+00 -7.245690946179507300e-04
7.104166666666666075e+00 1.008085330682276792e+00 5.479299321893827106e-04
7.125000000000000000e+00 1.001918186160521307e+00 -8.981782254416464896e-04
7.145833333333333037e+00 9.949762882513940587e-01 5.110181693840343785e-04
7.166666666666666075e+00 1.000855144013469866e+00 -8.462254828936294172e-04
7.187500000000000000e+00 1.008819804053789015e+00 1.009951920698952876e-03
7.208333333333333037e+00 1.016750212215144167e+00 1.326364562140517961e-03
7.229166666666666075e+00 1.005596974813338429e+00 3.245630155669915326e-04
7.250000000000000000e+00 9.897380595560707484e-01 -6.416288132020755465e-05
7.270833333333333037e+00 9.855717735178889383e-01 -9.523144155639636692e-04
7.291666666666666075e+00 9.886555845556650457e-01 -3.719497571497053993e-04
7.312500000000000000e+00 9.920000674285952558e-01 3.026100945595688521e-05
7.333333333333333037e+00 1.007733540072262235e+00 -5.711484762201571135e-04
7.354166666666666075e+00 1.008087063298658048e+00 -3.734575763010043332e-06
7.375000000000000000e+00 1.011437822482901705e+00 1.539829512274306679e-03
7.395833333333333037e+00 1.003893935418863625e+00 1.550184236064977052e-03
7.416666666666666075e+00 1.005038250631523189e+00 -8.366003506999238331e-05
7.437500000000000000e+00 1.006092234489535553e+00 4.628175897402114964e-04
7.458333333333333037e+00 1.004175937450602074e+00 7.130809846098304589e-04
7.479166666666666075e+00 9.982619088433057897e-01 -2.959093740856445299e-04
7.500000000000000000e+00 9.935645988075493262e-01 1.127034299514677665e-03
7.520833333333333037e+00 1.000422337571993614e+00 1.541456317879330356e-03
7.541666666666666075e+00 9.995345550589276318e-01 1.896866818445633839e-03
7.562500000000000000e+00 1.007267900884083689e+00 -8.803517454346890475e-04
7.583333333333333037e+00 9.954586810576281364e-01 5.088548555924338060e-04
7.604166666666666075e+00 9.968470530702219223e-01 6.755581758679121782e-04
7.625000000000000000e+00 1.002137713447408540e+00 1.637050492950886736e-04
7.645833333333333037e+00 1.001796240945476368e+00 -1.208974761349772319e-03
7.666666666666666075e+00 9.936772903596022832e-01 -4.461706648467902167e-04
7.687500000000000000e+00 9.925491825524778156e-01 1.587974375116666921e-03
7.708333333333333037e+00 9.937048017136183020e-01 1.293673398455462864e-04
7.729166666666666075e+00 9.946743116450339484e-01 -8.566055368260858376e-04
7.750000000000000000e+00 9.965202845341724069e-01 4.880970174324345098e-04
7.770833333333333037e+00 1.001167444427099484e+00 1.336009082721100133e-03
7.791666666666666075e+00 1.009099488088873953e+00 1.040901262614059731e-03
7.812500000000000000e+00 1.018294715805364126e+00 1.142083179731742193e-03
7.833333333333333037e+00 1.020619240948445139e+00 9.336360186472646714e-04
7.854166666666666075e+00 1.005659944972212561e+00 -9.965827874885006040e-04
7.875000000000000000e+00 9.809107095451987668e-01 -9.033767415580151944e-04
7.895833333333333037e+00 9.776981195967903160e-01 2.038093416947747152e-04
7.916666666666666075e+00 9.793889381941213168e-01 -1.807188402820215055e-03
7.937500000000000000e+00 9.845183209742144337e-01 -2.976622188233456440e-04
7.958333333333333037e+00 1.002773762326369722e+00 1.432466240853406741e-03
7.979166666666666075e+00 1.029219484618211222e+00 7.752388264693177130e-04
8.000000000000000000e+00 1.032212246580719750e+00 -5.778288544680486825e-04
8.020833333333332149e+00 1.023356999038222970e+00 9.732841308101776185e-04
8.041666666666666075e+00 9.983976766794189217e-01 6.684409698970012446e-05
8.062500000000000000e+00 9.872823095435655505e-01 1.687004712002537364e-04
8.083333333333332149e+00 9.770620286763745943e-01 -8.023783998056436368e-04
8.104166666666666075e+00 9.737396158012252556e-01 -1.928633128094456393e-03
8.125000000000000000e+00 9.821062132203878248e-01 2.371393478764409479e-03
8.145833333333332149e+00 1.001405848689422173e+00 -1.379341554332785911e-03
8.166666666666666075e+00 1.026805795714383684e+00 2.982645168659385851e-03
8.187500000000000000e+00 1.040518175709107318e+00 -4.468657462300473305e-04
8.208333333333332149e+00 1.027177210969035359e+00 -1.591845763336335699e-03
8.229166666666666075e+00 1.006806213401568062e+00 -1.027717733314697417e-03
8.250000000000000000e+00 9.887877044877269039e-01 2.641076581792557287e-03
8.270833333333332149e+00 9.776523820183762314e-01 1.954496178784890115e-03
8.291666666666666075e+00 9.761730963301757935e-01 -8.442007564762202352e-04
8.312500000000000000e+00 9.877883915662186709e-01 -1.289060883555985179e-03
8.333333333333332149e+00 1.001755070725817376e+00 7.418074874799446836e-04
8.354166666666666075e+00 1.009657530634067601e+00 1.200374379038426876e-03
8.375000000000000000e+00 9.988650919873566236e-01 -4.624845657820348148e-04
8.395833333333332149e+00 9.897383582552524706e-01 1.539312007649871984e-03
8.416666666666666075e+00 9.950876748483394874e-01 -4.851008519958416895e-04
8.437500000000000000e+00 1.003421380230096860e+00 -1.129441972159654986e-03
8.458333333333332149e+00 1.015165894428012194e+00 9.309660494842375393e-04
8.479166666666666075e+00 1.017381074598504576e+00 8.315073692128242605e-04
8.500000000000000000e+00 1.010967306762552420e+00 8.662736953176323335e-04
8.520833333333332149e+00 1.010317570975425516e+00 3.371877900288166945e-04
8.541666666666666075e+00 1.010797925873091030e+00 1.969743088137200591e-03
8.562500000000000000e+00 9.988827585770558848e-01 3.911452924061543262e-04
8.583333333333332149e+00 9.836335742736654897e-01 8.368653038260260831e-04
8.604166666666666075e+00 9.726505828160529887e-01 -7.535702407066549764e-04
8.625000000000000000e+00 9.743445715281114916e-01 -3.078754782394277031e-04
8.645833333333332149e+00 9.909269070597497286e-01 1.293577741872041194e-04
8.666666666666666075e+00 1.003346623005877847e+00 -1.711557143563660361e-03
8.687500000000000000e+00 1.009643822603830898e+00 -6.456725206005867494e-04
8.708333333333332149e+00 1.012554153463734563e+00 -3.086789594307583120e-04
8.729166666666666075e+00 1.010124116041423825e+00 -2.751703569474265362e-03
8.750000000000000000e+00 1.000451674558919812e+00 1.046968617626552233e-03
8.770833333333332149e+00 1.009001970650170499e+00 1.515011977556008716e-03
8.791666666666666075e+00 1.012301857533945970e+00 -4.435590156018470167e-04
8.812500000000000000e+00 1.024082948429699602e+00 5.694619098844950610e-04
8.833333333333332149e+00 1.013098467365073585e+00 2.204372073512133462e-03
8.854166666666666075e+00 9.992375430965333427e-01 -1.313350497542710449e-04
8.875000000000000000e+00 9.828372992650781237e-01 -1.893517067077960263e-04
8.895833333333332149e+00 9.739065534354556242e-01 4.036144285067644159e-04
8.916666666666666075e+00 9.730937203891538712e-01 8.535215903734941125e-04
8.937500000000000000e+00 9.769405702575517658e-01 -4.606800813885186872e-04
8.958333333333332149e+00 9.927610182790008730e-01 -7.506458184188992541e-04
8.979166666666666075e+00 1.007297744705629938e+00 -1.307006598301332185e-03
9.000000000000000000e+00 1.018035065651488713e+00 -1.981127931753714610e-03
9.020833333333332149e+00 1.015385663858960674e+00 1.423792630621181039e-03
9.041666666666666075e+00 1.012904379185425974e+00 2.732597408469654605e-03
9.062500000000000000e+00 1.005921530832853517e+00 1.629115082141230656e-03
9.083333333333332149e+00 1.005211765020319836e+00 4.507611981662647455e-04
9.104166666666666075e+00 1.007265318398545384e+00 -3.692970925662585708e-04
9.125000000000000000e+00 1.000510885431706409e+00 -1.149831493939039873e-03
9.145833333333332149e+00 9.969667512818264354e-01 -1.487543885716952063e-03
9.166666666666666075e+00 9.920033804967696156e-01 -9.012685910278077405e-04
9.187500000000000000e+00 9.990550378135256704e-01 -4.246497826421499061e-04
9.208333333333332149e+00 9.897547465667725364e-01 1.428143877733408407e-04
9.229166666666666075e+00 9.830590792231083119e-01 -1.689271470186420182e-03
9.250000000000000000e+00 9.851527420195123064e-01 -4.438104811781334110e-04
9.270833333333332149e+00 9.999264157847744805e-01 1.316724493306786715e-03
9.291666666666666075e+00 1.016478432571116253e+00 -1.957891784138987047e-03
9.312500000000000000e+00 1.018381637174727405e+00 1.125000442705632051e-03
9.333333333333332149e+00 1.017650125393666727e+00 -1.738032414466565484e-03
9.354166666666666075e+00 1.008967302840861002e+00 -2.481895688242590544e-03
9.375000000000000000e+00 9.921690849420060632e-01 1.595684711451234722e-03
9.395833333333332149e+00 9.766230817258455543e-01 7.728942977351284252e-04
9.416666666666666075e+00 9.787430366008322835e-01 2.321676189389646275e-03
9.437500000000000000e+00 1.003060732642939268e+00 -1.294223118436338372e-03
9.458333333333332149e+00 1.008810583893526402e+00 2.384403661470119347e-03
9.479166666666666075e+00 1.004223552516328555e+00 1.127222439229009707e-03
9.500000000000000000e+00 9.993098717900651407e-01 -1.924740434169717410e-03
9.520833333333332149e+00 1.001034376827001582e+00 -3.006016302666294614e-03
9.541666666666666075e+00 1.006140384604362392e+00 2.690122322843610005e-03
9.562500000000000000e+00 1.006742063160026568e+00 -5.543614847122696303e-04
9.583333333333332149e+00 1.004056813810654925e+00 5.875467745548844118e-04
9.604166666666666075e+00 1.006642413457611740e+00 -9.778750902748893550e-04
9.625000000000000000e+00 1.003671820916880453e+00 -5.536266233032385463e-04
9.645833333333332149e+00 1.000854219594267347e+00 -4.905971210375603513e-04
9.666666666666666075e+00 9.918943094698232654e-01 2.022142934134150451e-03
9.687500000000000000e+00 9.768556072511830335e-01 -5.547164079049636239e-04
9.708333333333332149e+00 9.725739365373512468e-01 5.218623977889967278e-04
9.729166666666666075e+00 9.759167339101723071e-01 -2.616939897607061904e-05
9.750000000000000000e+00 9.851985992720251328e-01 -1.419422974543620109e-03
9.770833333333332149e+00 1.003839780274009774e+00 6.623969445723532957e-05
9.791666666666666075e+00 1.028350512854578458e+00 -6.726914019036659472e-04
9.812500000000000000e+00 1.041424360908490110e+00 2.856875669331063270e-04
9.833333333333332149e+00 1.022721401585243717e+00 -2.268096183874910785e-03
9.854166666666666075e+00 9.980309227768207059e-01 -9.272172733077638273e-04
9.875000000000000000e+00 9.873103513203946857e-01 -1.755449687618666505e-03
9.895833333333332149e+00 9.891816557244751396e-01 -1.680878164756545662e-03
9.916666666666666075e+00 9.919890896864710372e-01 -1.277430595656674347e-03
9.937500000000000000e+00 9.979723611463979793e-01 -1.076697490979998596e-04
9.958333333333332149e+00 9.997741154869228541e-01 -1.194329682952780750e-03
9.979166666666666075e+00 1.009021556757073723e+00 8.431954739086833803e-04
1.000000000000000000e+01 9.973289215436218491e-01 -1.133367535662669961e-03
1.002083333333333215e+01 9.894049967043179183e-01 2.322792392534653826e-03
1.004166666666666607e+01 9.758378176200229737e-01 -1.330025890046779638e-03
1.006250000000000000e+01 9.734230058012570685e-01 1.660161869494566466e-03
1.008333333333333215e+01 9.886406719299757340e-01 2.083719629853248378e-04
1.010416666666666607e+01 1.004949228757524349e+00 2.431232906584191637e-04
1.012500000000000000e+01 1.016586998990133273e+00 3.447151181757882044e-03
1.014583333333333215e+01 1.025079450030583095e+00 1.303636441569305804e-03
1.016666666666666607e+01 1.022473151851724271e+00 -1.260079241900118963e-03
1.018750000000000000e+01 1.004402612060890876e+00 -1.048233246167300714e-03
1.020833333333333215e+01 9.675616532493845900e-01 1.795163485413753257e-03
1.022916666666666607e+01 9.343980798748214855e-01 1.047594518513786377e-03
1.025000000000000000e+01 9.032878929448445726e-01 -1.266140899897364759e-03
1.027083333333333215e+01 8.792386908260673151e-01 1.391045330333260672e-06
1.029166666666666607e+01 8.628462897746271842e-01 -3.995806580392996651e-04
1.031250000000000000e+01 8.553669766422854481e-01 3.019419845306667294e-03
1.033333333333333215e+01 8.514882081969610272e-01 -4.522360088658194401e-04
1.035416666666666607e+01 8.578528346874341182e-01 -8.445393755008999588e-04
1.037500000000000000e+01 8.535507942437994267e-01 3.371735793818663417e-04
1.039583333333333215e+01 8.567682105756558864e-01 -1.355953527511627931e-03
1.041666666666666607e+01 8.810507215892360300e-01 -1.325968110712402151e-04
1.043750000000000000e+01 9.141225565225369332e-01 1.139532314890710253e-03
1.045833333333333215e+01 9.423995021721638388e-01 -1.353752062262103192e-03
1.047916666666666607e+01 9.567633011152077982e-01 1.042009853064477772e-03
1.050000000000000000e+01 9.598787148021752369e-01 1.507969332758404661e-03
1.052083333333333215e+01 9.691931259834848378e-01 7.728216212483053280e-04
1.054166666666666607e+01 9.846016297478628054e-01 7.871066275360848728e-05
1.056250000000000000e+01 9.852883831389731562e-01 2.283390820595490603e-06
1.058333333333333215e+01 9.845312141452852162e-01 -3.250770847373385484e-03
1.060416666666666607e+01 9.771681205574853646e-01 -9.975664027442466674e-04
1.062500000000000000e+01 9.807964527983785707e-01 -2.047344436845648455e-04
1.064583333333333215e+01 9.914430330902727073e-01 -2.469399448721709581e-04
1.066666666666666607e+01 1.001047658653195782e+00 -1.512172335800650302e-03
1.068750000000000000e+01 1.007484245503096121e+00 7.285247661548877214e-04
1.070833333333333215e+01 1.006042587491323026e+00 -1.301554599840421109e-04
1.072916666666666607e+01 1.019378218990939278e+00 -1.634280232957450530e-03
1.075000000000000000e+01 1.020113077893934461e+00 -1.030770415138638390e-03
1.077083333333333215e+01 1.019930159865068964e+00 2.632340095246230548e-04
1.079166666666666607e+01 1.012086450573203900e+00 -1.746329710886930075e-03
1.081250000000000000e+01 9.987587959727747267e-01 -1.217587909265165774e-03
1.083333333333333215e+01 9.750857510591705024e-01 1.572105533150922572e-03
1.085416666666666607e+01 9.559102462213199258e-01 -1.926213916698410293e-03
1.087500000000000000e+01 9.681934493384812823e-01 5.483399271810025749e-07
1.089583333333333215e+01 9.928644338316219287e-01 1.964657012585699272e-03
1.091666666666666607e+01 1.022041166433644843e+00 4.223763971665119954e-04
1.093750000000000000e+01 1.029578538873039850e+00 -1.821079557694828223e-03
1.095833333333333215e+01 1.029404601114775497e+00 2.765308477366038801e-03
1.097916666666666607e+01 1.019143727366050411e+00 1.749199385091774984e-03
1.100000000000000000e+01 9.965427468109100406e-01 -2.212132781265951031e-04
1.102083333333333215e+01 9.813259547709578534e-01 1.240364316225689391e-03
1.104166666666666607e+01 9.729377760714441603e-01 9.836156925312998511e-04
1.106250000000000000e+01 9.741979373282134702e-01 -1.400149522042668264e-03
1.108333333333333215e+01 9.907259929647943553e-01 7.893838293784524729e-04
1.110416666666666607e+01 1.003334494162321677e+00 -1.564735306094366691e-03
1.112500000000000000e+01 1.021765275837100306e+00 -2.063523218353189963e-03
1.114583333333333215e+01 1.029928669421435350e+00 2.963752001305865625e-04
1.116666666666666607e+01 1.024151757981010658e+00 -1.896521542483586126e-04
1.118750000000000000e+01 1.008472385493174306e+00 2.613371915747624182e-03
1.120833333333333215e+01 9.872016597123928205e-01 1.976699309047042462e-03
1.122916666666666607e+01 9.779613945603047309e-01 -9.963038822368144518e-04
1.125000000000000000e+01 9.811780347270095959e-01 1.194359888762368260e-03
1.127083333333333215e+01 9.868734609453129192e-01 -5.271458367009770798e-04
1.129166666666666607e+01 9.979682358893483540e-01 -7.073549039040009012e-04
1.131250000000000000e+01 1.001315720191491065e+00 5.780984885832442634e-04
1.133333333333333215e+01 1.011591674451383094e+00 8.686890335366352373e-04
1.135416666666666607e+01 1.011577460553106933e+00 -1.631968420788792833e-03
1.137500000000000000e+01 1.010271089800765409e+00 6.743185174124541673e-04
1.139583333333333215e+01 1.001250985282292394e+00 -1.368957827478984712e-03
1.141666666666666607e+01 1.000756331114447617e+00 2.705681285849605849e-03
1.143750000000000000e+01 1.008781843605906170e+00 8.029313669169566708e-05
1.145833333333333215e+01 9.939805456227822633e-01 -3.777891248019172384e-04
1.147916666666666607e+01 9.902880009531010996e-01 1.644613042121172500e-03
1.150000000000000000e+01 9.824348126144881732e-01 3.161427013448922171e-03
1.152083333333333215e+01 9.875515270962964554e-01 -2.057770405584245441e-04
1.154166666666666607e+01 1.006184970069869511e+00 -1.868437052823001751e-03
1.156250000000000000e+01 1.009550940070246039e+00 -7.024387703109489242e-04
1.158333333333333215e+01 1.009300994484451097e+00 -2.454991710321928456e-04
1.160416666666666607e+01 1.008163436038424843e+00 2.171448244622279874e-05
1.162500000000000000e+01 1.005808416803300132e+00 2.560057158291583856e-04
1.164583333333333215e+01 1.011673042223800278e+00 -1.376795589300334978e-03
1.166666666666666607e+01 1.005926779870261134e+00 -8.116580347641823507e-04
1.168750000000000000e+01 1.000166042198906258e+00 3.826774674357768686e-06
1.170833333333333215e+01 9.927916818872514204e-01 -2.208782334035301869e-03
1.172916666666666607e+01 9.837882621400133587e-01 9.458481490371295356e-04
1.175000000000000000e+01 9.789387678113516955e-01 -1.208854805882723059e-03
1.177083333333333215e+01 9.838659431601678440e-01 1.499395915229693402e-03
1.179166666666666607e+01 1.007639275635251686e+00 -5.461088635575670445e-04
1.181250000000000000e+01 1.016294235926905376e+00 -3.336158234103452427e-03
1.183333333333333215e+01 1.013986575122989953e+00 1.119962501077705107e-03
1.185416666666666607e+01 1.008796912986597016e+00 -9.634201515135967960e-04
1.187500000000000000e+01 1.007419502820484425e+00 -1.659339963741336156e-04
1.189583333333333215e+01 1.018041373698855168e+00 4.654391025893855546e-04
1.191666666666666607e+01 1.018758170569496357e+00 1.619398952006744895e-03
1.193750000000000000e+01 1.004296760336481409e+00 2.738710548267448038e-03
1.195833333333333215e+01 9.893648945193275202e-01 -4.280976811481496070e-04
1.197916666666666607e+01 9.868771489687508947e-01 -2.106092877072896895e-03
1.200000000000000000e+01 9.891066982079650405e-01 -1.041777331342008542e-03
1.202083333333333215e+01 9.950324929463110202e-01 3.661226988495375895e-03
1.204166666666666607e+01 9.946403545795888812e-01 7.970401938217048328e-04
1.206250000000000000e+01 9.917733295988024889e-01 1.979013384797822898e-03
1.208333333333333215e+01 9.881765572989561486e-01 -7.237786196668364062e-04
1.210416666666666607e+01 9.907702405697483838e-01 -5.025151338351785445e-04
1.212500000000000000e+01 9.991521307789813511e-01 -5.136742229960004512e-04
1.214583333333333215e+01 1.017029232177081743e+00 -2.858189900362799202e-04
1.216666666666666607e+01 1.026504990479363277e+00 -2.789066074960355832e-03
1.218750000000000000e+01 1.024530546988937196e+00 1.283108221586478368e-03
1.220833333333333215e+01 1.019508196201367012e+00 2.666158186952059372e-03
1.222916666666666607e+01 1.008603843867152738e+00 -2.193188337782641696e-03
1.225000000000000000e+01 9.943476758086313705e-01 -5.290191066018195328e-04
1.227083333333333215e+01 9.902790373436894944e-01 -9.903905282211287932e-04
1.229166666666666607e+01 9.844602201375090011e-01 -1.230198868426768052e-03
1.231250000000000000e+01 9.713401139852979593e-01 -1.232203761376190468e-03
1.233333333333333215e+01 9.890534915925219828e-01 -1.699096921721101553e-03
1.235416666666666607e+01 9.954996591789511129e-01 5.909588109307532550e-04
1.237500000000000000e+01 1.009801904801122197e+00 -1.172541577435141404e-03
1.239583333333333215e+01 1.012348864534427628e+00 1.678458782931825351e-03
1.241666666666666607e+01 1.010235415117278546e+00 1.639511517035766378e-04
1.243750000000000000e+01 1.015744303799099635e+00 -2.771906348017934545e-03
1.245833333333333215e+01 1.010347423047407878e+00 7.415291854860543534e-04
1.247916666666666607e+01 9.972294607515481690e-01 5.854666960235247125e-04
1.452083333333333215e+01 1.005333176315635457e+00 2.733084314405822765e-03
1.454166666666666607e+01 9.919501374506132230e-01 -4.373262691759604724e-04
1.456250000000000000e+01 9.697036052723676525e-01 -1.341559991250902738e-03
1.458333333333333215e+01 9.563304086781475588e-01 6.034227865282615171e-04
1.460416666666666607e+01 9.652429604044722167e-01 8.536851136638014302e-04
1.462500000000000000e+01 9.763939049074699117e-01 -1.654236650723350105e-03
1.464583333333333215e+01 9.842675363157341595e-01 3.110529318752415420e-03
1.466666666666666607e+01 9.912654707051629099e-01 1.926138370676741670e-03
1.468750000000000000e+01 1.003755696648868545e+00 -1.659566565551533895e-03
1.470833333333333215e+01 1.020788081209545561e+00 -8.377719514906083209e-05
1.472916666666666607e+01 1.028541148141102868e+00 2.113336776744198801e-04
1.475000000000000000e+01 1.031489824871228533e+00 5.812601966303790812e-04
1.477083333333333215e+01 1.023531903667345810e+00 4.731945609673805894e-04
1.479166666666666607e+01 1.021628777951546496e+00 1.104140609154033838e-03
1.481250000000000000e+01 1.018324430339921038e+00 1.208565675980011103e-03
1.483333333333333215e+01 1.002897815246089230e+00 5.436839234025718460e-04
1.485416666666666607e+01 9.851005659672865677e-01 5.897316156752396539e-04
1.487500000000000000e+01 9.738985043919979878e-01 8.181286738387524805e-04
1.489583333333333215e+01 9.769807776258980780e-01 -1.963587996874475473e-03
1.491666666666666607e+01 9.804508255276388473e-01 -5.177007499196345898e-04
1.493750000000000000e+01 9.778516543214498258e-01 -4.041912038632344871e-04
1.495833333333333215e+01 9.863438200488114926e-01 -2.207420713904485472e-04
1.497916666666666607e+01 1.000644638422457211e+00 -1.042330278656324310e-03
1.500000000000000000e+01 1.010877708809742259e+00 -2.431213687094769909e-04
1.502083333333333215e+01 1.018754994083677534e+00 -4.356742265396885277e-04
1.504166666666666607e+01 1.017415208398447346e+00 1.952952156999907202e-03
1.506250000000000000e+01 1.022075502547120651e+00 6.796478094133343376e-04
1.508333333333333215e+01 1.013443064383583447e+00 4.496235648810302044e-04
1.510416666666666607e+01 1.005683694774503367e+00 -1.155591876357876108e-03
1.512500000000000000e+01 1.001804168434405229e+00 2.038120021198121419e-03
1.514583333333333215e+01 1.000081767042009906e+00 3.767444837174780022e-04
1.516666666666666607e+01 9.971023754889439816e-01 1.809469440965326718e-03
1.518750000000000000e+01 9.931793198949724344e-01 -8.146038178412623844e-04
1.520833333333333215e+01 9.863841394852913558e-01 2.483722201329773439e-03
1.522916666666666607e+01 9.948931597516050829e-01 9.704824180955017379e-04
1.525000000000000000e+01 1.002487749201656841e+00 -2.294598119969558717e-03
1.527083333333333215e+01 1.008389134504731555e+00 -2.415046927559708780e-05
1.529166666666666607e+01 1.003519417768770072e+00 1.956991385736617500e-03
1.531250000000000000e+01 9.863942562925926971e-01 1.075470193493202825e-03
1.533333333333333215e+01 9.856686107348168191e-01 -5.035280416060708506e-04
1.535416666666666607e+01 9.943442590850306573e-01 -7.733479637095040920e-04
1.537500000000000000e+01 1.007402678096668280e+00 -4.928535425935210226e-04
1.539583333333333215e+01 1.016814146314420686e+00 -1.040124398696264498e-03
1.541666666666666607e+01 1.020798908802998950e+00 1.375919688726863271e-03
1.543750000000000000e+01 1.026902166078347056e+00 1.424556944955713287e-03
1.545833333333333215e+01 1.015761495647116375e+00 1.786582188188914693e-04
1.547916666666666607e+01 1.000707141722201099e+00 -7.530374352586650683e-04
1.550000000000000000e+01 9.946095713602961519e-01 -1.013366589524265478e-03
1.552083333333333215e+01 9.879493246617712110e-01 -1.903964856122211929e-03
1.554166666666666607e+01 9.850158542893114877e-01 -8.067421770713870078e-05
1.556250000000000000e+01 9.767606464497783358e-01 2.385209096302004679e-03
1.558333333333333215e+01 9.851230838944536883e-01 -3.217692425392168075e-04
1.560416666666666607e+01 9.978211424615607283e-01 -2.992570736708739646e-04
1.562500000000000000e+01 1.003538355585012809e+00 1.139323941053061676e-03
1.564583333333333215e+01 1.000056958840135124e+00 -1.040375944424934998e-04
1.566666666666666607e+01 1.002761907416418907e+00 1.175871395829080441e-03
1.568750000000000000e+01 1.005445963782277019e+00 -7.872512193507678977e-04
1.570833333333333215e+01 1.012919512144119460e+00 3.290513097063068639e-03
1.572916666666666607e+01 1.021278681519544929e+00 2.858282625344271558e-04
1.575000000000000000e+01 1.018550730012305561e+00 -9.357306733303961737e-04
1.577083333333333215e+01 1.008162316881004328e+00 -2.581611311789858403e-03
1.579166666666666607e+01 1.000293969182569631e+00 1.576968081182283975e-03
1.581250000000000000e+01 9.952987881141825977e-01 5.691215996452955641e-04
1.583333333333333215e+01 9.837665675943774168e-01 -1.562630276812735784e-04
1.585416666666666607e+01 9.739628449670938437e-01 4.300862501708047417e-04
1.587500000000000000e+01 9.757785927813291682e-01 1.237955218687459636e-03
1.589583333333333215e+01 9.834663720959211375e-01 -1.298130692753322142e-03
1.591666666666666607e+01 9.974653799970107926e-01 5.304496621386946796e-04
1.593750000000000000e+01 1.007279794196077605e+00 1.152345803125639709e-03
1.595833333333333215e+01 1.018498971634098194e+00 8.073858957633231991e-04
1.597916666666666607e+01 1.020509393116657115e+00 -7.372918818806537336e-04
1.600000000000000000e+01 1.021526550249701515e+00 -7.220919501094937747e-05
1.602083333333333215e+01 1.017258160762420260e+00 3.587165518883197925e-04
1.604166666666666430e+01 1.001940090714656284e+00 -5.949122281418894528e-04
1.606250000000000000e+01 9.957429103491762801e-01 4.392648873190802461e-05
1.608333333333333215e+01 9.831246944591263137e-01 -1.849470309796720589e-03
1.610416666666666430e+01 9.712866407086429010e-01 -1.890523825355981766e-03
1.612500000000000000e+01 9.750881699022757587e-01 -2.937846893976589729e-04
1.614583333333333215e+01 9.854064882114886847e-01 -7.460655935111985956e-04
1.616666666666666430e+01 1.008837639945795450e+00 9.184061003322376102e-04
1.618750000000000000e+01 1.018088047255374162e+00 -7.737717119164888428e-05
1.620833333333333215e+01 1.014880962770830175e+00 -1.022294956293068584e-03
1.622916666666666430e+01 1.012065810268289789e+00 -1.173025514581618701e-03
1.625000000000000000e+01 1.009261392296342708e+00 -2.030267578158110892e-03
1.627083333333333215e+01 1.008376039591242002e+00 -3.371626784423494412e-05
1.629166666666666430e+01 9.983059203100678181e-01 -9.908279365960406381e-04
1.631250000000000000e+01 9.899313292591774838e-01 -1.777841587909215508e-03
1.633333333333333215e+01 9.914566903588085678e-01 -1.546125958226098702e-03
1.635416666666666430e+01 9.960063755108196082e-01 -1.211750849399994287e-03
1.637500000000000000e+01 1.001905323500757561e+00 -2.785035293068307058e-05
1.639583333333333215e+01 1.001880879263923552e+00 3.460962733362799352e-04
1.641666666666666430e+01 9.906206583594746595e-01 -2.661347844522267761e-03
1.643750000000000000e+01 9.905463219300086886e-01 -2.586895498563063093e-04
1.645833333333333215e+01 9.846241135208042561e-01 -1.691166538747314145e-03
1.647916666666666430e+01 9.897822164835272662e-01 -1.326510772105915590e-03
1.650000000000000000e+01 1.001085155398210080e+00 9.368615502217091107e-04
1.652083333333333215e+01 1.023078938235278956e+00 -2.951650381045567385e-04
1.654166666666666430e+01 1.025911281152706689e+00 1.352895811320192895e-03
1.656250000000000000e+01 1.023257645850444320e+00 8.428612635995992673e-04
1.658333333333333215e+01 1.012691522916995712e+00 -7.094620675777568719e-04
1.660416666666666430e+01 9.929704100477899642e-01 -5.199069537462824636e-04
1.662500000000000000e+01 9.560739687803838649e-01 -7.505568347964744480e-04
1.664583333333333215e+01 9.092589578693744956e-01 7.556413713999278860e-04
1.666666666666666430e+01 8.615029486997622943e-01 -1.729508280818106009e-03
1.668750000000000000e+01 8.274738716255062299e-01 1.273327748672845169e-03
1.670833333333333215e+01 8.053909388627564780e-01 4.108295466342962382e-04
1.672916666666666430e+01 7.838596366779058133e-01 5.879224917813881271e-04
1.675000000000000000e+01 7.416807476662820031e-01 2.297577121585344089e-03
1.677083333333333215e+01 7.132745920791568883e-01 -6.820746297222321389e-05
1.679166666666666430e+01 6.886727081464720790e-01 -1.870055097072080650e-03
1.681250000000000000e+01 6.915657800010940326e-01 3.175899434181642285e-03
1.683333333333333215e+01 6.875745638314133545e-01 -8.669837952562768364e-04
1.685416666666666430e+01 6.954263547762337128e-01 -1.655335278112866904e-03
1.687500000000000000e+01 7.217169220355804660e-01 1.670780192528109739e-03
1.689583333333333215e+01 7.618624844101432592e-01 1.047027696299961119e-03
1.691666666666666430e+01 7.978700707178851825e-01 -3.503013711892277032e-04
1.693750000000000000e+01 8.385616956192317728e-01 -2.935252198262845551e-04
1.695833333333333215e+01 8.726804820212681335e-01 2.210313784413395124e-03
1.697916666666666430e+01 9.078415430653007379e-01 1.455657629155192962e-03
1.700000000000000000e+01 9.198947839032501905e-01 -7.820517660593427752e-05
1.702083333333333215e+01 9.398739888356043570e-01 1.078266581850710008e-03
1.704166666666666430e+01 9.565156607037621495e-01 -1.443389464164386831e-03
1.706250000000000000e+01 9.779906111065350682e-01 1.294977263520596944e-03
1.708333333333333215e+01 9.911087659027298935e-01 -4.885002889803164035e-05
1.710416666666666430e+01 1.000261884415262426e+00 6.210147948853701185e-04
1.712500000000000000e+01 1.006549036329859481e+00 6.738877608511696865e-04
1.714583333333333215e+01 1.013904980947521350e+00 -6.247976929729358681e-06
1.716666666666666430e+01 1.023827042086353778e+00 1.252319686661517795e-03
1.718750000000000000e+01 1.022349759076790265e+00 -2.967331584930333471e-04
1.720833333333333215e+01 1.011740671293582139e+00 -1.904353500497423576e-03
1.722916666666666430e+01 1.002554877644294518e+00 -2.551118548206554809e-04
1.725000000000000000e+01 9.976248987315240457e-01 -8.979023392783368803e-04
1.727083333333333215e+01 1.000757537089283389e+00 -3.060718527416357726e-07
1.729166666666666430e+01 9.922539468358810844e-01 2.221971357142541392e-04
1.731250000000000000e+01 9.828610511713937736e-01 -3.576007656824668410e-03
1.733333333333333215e+01 9.827423323405302114e-01 -1.080951106906581378e-04
1.735416666666666430e+01 9.857566623176945431e-01 -2.111390982485136965e-03
1.737500000000000000e+01 9.844805930297093610e-01 1.429788988400652156e-04
1.739583333333333215e+01 9.875353858186382006e-01 1.488564077358081042e-03
1.741666666666666430e+01 1.001672288250732956e+00 2.989851218203888952e-03
1.743750000000000000e+01 1.017367322917659189e+00 -8.030910553382794494e-04
1.745833333333333215e+01 1.019036249429924990e+00 -1.546840894036026698e-03
1.747916666666666430e+01 1.021162982725609236e+00 8.938030009354065719e-04
1.750000000000000000e+01 1.016460979890169147e+00 1.231061738537881983e-03
1.752083333333333215e+01 1.009618953483000903e+00 -1.232821327068577780e-03
1.754166666666666430e+01 9.925963622961400112e-01 3.348455630899810657e-04
1.756250000000000000e+01 9.791222393556915371e-01 -1.501092931616515580e-03
1.758333333333333215e+01 9.728394777035471730e-01 2.181955711702753334e-03
1.760416666666666430e+01 9.892160042288529187e-01 -5.902257458748572333e-05
1.762500000000000000e+01 1.005750711286101717e+00 1.397248650917979262e-03
1.764583333333333215e+01 1.010003899598588051e+00 -1.227109961281583079e-04
1.766666666666666430e+01 1.007762295459763369e+00 2.220180499816872606e-04
1.768750000000000000e+01 1.011453165806976306e+00 9.691078521208615869e-04
1.770833333333333215e+01 1.008972296857402196e+00 2.326767145563557720e-03
1.772916666666666430e+01 9.991169493148231995e-01 -5.238544460282236080e-04
1.775000000000000000e+01 9.884196594788869916e-01 1.377966658866374653e-03
1.777083333333333215e+01 9.814207050376259067e-01 -7.459886915596169745e-07
1.779166666666666430e+01 9.892020837748264350e-01 -5.528233491213936082e-04
1.781250000000000000e+01 1.001153265042232121e+00 1.492279183628919580e-03
1.783333333333333215e+01 1.009435076035972489e+00 -2.052475506077472642e-05
1.785416666666666430e+01 1.012918380896250303e+00 5.130773697643682202e-05
1.787500000000000000e+01 1.010003777809356906e+00 -9.219099680276966833e-04
1.789583333333333215e+01 1.008604403804885807e+00 3.842504622016815934e-04
1.791666666666666430e+01 1.003100430274883825e+00 9.386151865609624907e-05
1.793750000000000000e+01 1.003057880847376682e+00 -5.646958961395903091e-04
1.795833333333333215e+01 9.970902656075147918e-01 -1.639980756870916691e-05
1.797916666666666430e+01 9.965488090910411545e-01 6.658648772043404768e-04
1.800000000000000000e+01 9.880190143982069406e-01 1.212598281474129222e-03
1.802083333333333215e+01 9.764491718711723056e-01 1.248765567894670730e-03
1.804166666666666430e+01 9.758368052358992184e-01 -4.580077049860274219e-04
1.806250000000000000e+01 9.908079777926177556e-01 -1.519783171504789077e-04
1.808333333333333215e+01 1.007959560582731617e+00 -3.955679052172487498e-04
1.810416666666666430e+01 1.021299365737213583e+00 6.451161930443548558e-04
1.812500000000000000e+01 1.026690694542237159e+00 1.097388731946214281e-03
1.814583333333333215e+01 1.035063032859912413e+00 -4.539493094990401526e-04
1.816666666666666430e+01 1.037699749312867681e+00 2.640298204171389555e-03
1.818750000000000000e+01 1.022754524671357856e+00 -6.722760672934113748e-04
1.820833333333333215e+01 9.837829556968310518e-01 7.881961274967647058e-05
1.822916666666666430e+01 9.615733794992847860e-01 -8.907950364873294322e-04
1.825000000000000000e+01 9.506512778400092456e-01 -5.377943914232273482e-04
1.827083333333333215e+01 9.541797153061878367e-01 3.852670539721822561e-04
1.829166666666666430e+01 9.790096106058895353e-01 -1.185405155194789147e-03
1.831250000000000000e+01 9.976290453948245540e-01 1.853523856326079857e-03
1.833333333333333215e+01 1.019399376799413171e+00 -1.362014947322450886e-03
1.835416666666666430e+01 1.031267719975126784e+00 -8.098942792078243089e-04
1.837500000000000000e+01 1.032370337374333147e+00 2.456102558117703033e-03
1.839583333333333215e+01 1.024103352790164179e+00 1.529369757299297531e-03
1.841666666666666430e+01 1.016564942124503768e+00 3.004893181841771150e-04
1.843750000000000000e+01 1.012933743447126167e+00 1.175222229040623345e-03
1.845833333333333215e+01 9.970579411831490546e-01 -1.715941772999735092e-03
1.847916666666666430e+01 9.888502512471258887e-01 1.295798622387828256e-03
1.850000000000000000e+01 9.878054333442048973e-01 -1.190853711940640085e-03
1.852083333333333215e+01 9.865967168474490956e-01 1.560286085660407508e-03
1.854166666666666430e+01 9.910041837651433205e-01 -1.026726462420858924e-03
1.856250000000000000e+01 9.750022350616324163e-01 -7.001190624291354523e-04
1.858333333333333215e+01 9.754673295635214458e-01 7.646906427433919828e-04
1.860416666666666430e+01 9.874558273055846769e-01 5.679101827885656715e-04
1.862500000000000000e+01 1.002631857173880814e+00 5.377596947664709974e-05
1.864583333333333215e+01 1.009052838991353118e+00 5.563986807037581660e-04
1.866666666666666430e+01 1.014130752085714571e+00 1.293050221318567871e-03
1.868750000000000000e+01 1.020632826152048755e+00 -7.283863057813668362e-04
1.870833333333333215e+01 1.022222364594680855e+00 -1.438684911119473024e-03
1.872916666666666430e+01 1.030077502465509554e+00 3.585870843814110390e-04
1.875000000000000000e+01 1.016268741052608782e+00 -6.965886802517695382e-05
1.877083333333333215e+01 1.000520246675693947e+00 1.507930137418914346e-03
1.879166666666666430e+01 9.969070841250826653e-01 5.774438235679396148e-04
1.881250000000000000e+01 9.961031708543265362e-01 -8.034911864252049533e-04
1.883333333333333215e+01 9.894009599960322809e-01 5.533649889702405358e-04
1.885416666666666430e+01 9.784571529030976489e-01 2.472509185916646132e-03
1.887500000000000000e+01 9.769508828204317430e-01 2.378045037418913092e-03
1.889583333333333215e+01 9.817965835799427055e-01 -9.327407951589016585e-04
1.891666666666666430e+01 9.812702622979598832e-01 -7.890289950546072826e-04
1.893750000000000000e+01 9.915234340836222016e-01 1.091993365415176855e-04
1.895833333333333215e+01 1.005957083607864178e+00 4.187168244843998276e-04
1.897916666666666430e+01 1.025711232261088179e+00 -1.746239530462538169e-03
1.900000000000000000e+01 1.027727931824037988e+00 -1.764216256622627103e-03
1.902083333333333215e+01 1.026128838615086858e+00 5.062554114494322477e-05
1.904166666666666430e+01 1.025099012077904659e+00 1.321346177059277982e-03
1.906250000000000000e+01 1.025067150986432196e+00 1.543114730595379278e-03
1.908333333333333215e+01 1.012590869053043852e+00 7.900355746366876470e-04
1.910416666666666430e+01 9.919441954317823607e-01 -6.062086184891477079e-04
1.912500000000000000e+01 9.665622614020505932e-01 4.998389645322605466e-04
1.914583333333333215e+01 9.544721564209611708e-01 -6.418679329894842397e-04
1.916666666666666430e+01 9.622389597938408867e-01 -2.758022868904987297e-04
1.918750000000000000e+01 9.691582946553314315e-01 4.750905497015486096e-05
1.920833333333333215e+01 9.814843255433016722e-01 -1.487510954277587120e-04
1.922916666666666430e+01 1.003711433248781093e+00 1.147326307867772019e-03
1.925000000000000000e+01 1.018551825523929422e+00 2.194027519803974039e-03
1.927083333333333215e+01 1.042755216346760161e+00 -1.350636298878577597e-03
1.929166666666666430e+01 1.046902521959335974e+00 -7.323003352956274092e-05
1.931250000000000000e+01 1.047168435906948414e+00 7.120643532168331605e-04
1.933333333333333215e+01 1.027587016226913175e+00 6.540995438261083860e-04
1.935416666666666430e+01 1.010031576685227694e+00 2.336560655073270480e-03
1.937500000000000000e+01 9.839678602686259268e-01 -9.631837576929211516e-04
1.939583333333333215e+01 9.623365289501437658e-01 9.220918617454130833e-04
1.941666666666666430e+01 9.629251033255418202e-01 -8.690788931016173895e-05
1.943750000000000000e+01 9.721414794216539645e-01 2.301553108836788559e-03
1.945833333333333215e+01 9.758052543567065085e-01 -5.613373477618422954e-04
1.947916666666666430e+01 9.856244127512334696e-01 1.303087242725662351e-03
1.950000000000000000e+01 1.002155740943435625e+00 1.079845396077400111e-03
1.952083333333333215e+01 1.019831959034271929e+00 -2.752956904070540632e-03
1.954166666666666430e+01 1.026178433245623856e+00 6.105616399333854954e-04
1.956250000000000000e+01 1.028518214104602979e+00 -6.433354394467267080e-04
1.958333333333333215e+01 1.017865690098370246e+00 -8.316230078794039195e-04
1.960416666666666430e+01 1.014455008648707635e+00 -1.435702608347609556e-03
1.962500000000000000e+01 1.006694239002470903e+00 -6.222684099723537398e-04
1.964583333333333215e+01 9.926881507004622351e-01 -1.126526636985179753e-03
1.966666666666666430e+01 9.841349815244275767e-01 -4.267492114853528606e-04
1.968750000000000000e+01 9.763722245518055010e-01 1.484615174583959812e-03
1.970833333333333215e+01 9.866514475185408362e-01 -1.924465076311625625e-03
1.972916666666666430e+01 1.000939388062115132e+00 1.073090659645680378e-03
1.975000000000000000e+01 1.006361065346161432e+00 -2.817751524283268992e-03
1.977083333333333215e+01 1.013685451079166855e+00 2.127459659820074827e-03
1.979166666666666430e+01 1.011911641291016073e+00 1.377682456998347450e-04
1.981250000000000000e+01 1.010930160495403296e+00 -8.909604625796780069e-04
1.983333333333333215e+01 9.970995449720949644e-01 8.252360270946440448e-04
1.985416666666666430e+01 9.840732149099867820e-01 8.991146203968861106e-04
1.987500000000000000e+01 9.844913388855334180e-01 6.931754796749580415e-04
1.989583333333333215e+01 9.795985356561237589e-01 -6.395325467784806215e-04
1.991666666666666430e+01 9.913988919722342974e-01 -1.024268795164777176e-03
1.993750000000000000e+01 1.005517594299955464e+00 2.069019253063139521e-03
1.995833333333333215e+01 1.020061603088816771e+00 -1.576357304984461315e-03
1.997916666666666430e+01 1.027365809787280648e+00 1.925126743841425831e-03
2.000000000000000000e+01 1.024600536220217739e+00 1.308360389074071954e-03
2.002083333333333215e+01 1.013343691186140427e+00 -5.192146807359134322e-04
2.004166666666666430e+01 9.957718963070064655e-01 -2.609930902204419026e-04
2.006250000000000000e+01 1.000238206983877776e+00 1.641099074545174317e-03
2.008333333333333215e+01 9.907060583984125257e-01 -1.045519919975675463e-03
2.010416666666666430e+01 9.805702566353383665e-01 -5.313992948876438571e-05
2.012500000000000000e+01 9.800776624734133247e-01 1.158217464161088485e-03
2.014583333333333215e+01 9.766348244707975246e-01 -1.359900462607503344e-03
2.016666666666666430e+01 9.884897697235984770e-01 7.984505214600643927e-04
2.018750000000000000e+01 9.976337674547915979e-01 -5.820959100373575669e-04
2.020833333333333215e+01 1.001528928432324994e+00 -1.422851316155776188e-03
2.022916666666666430e+01 1.010218161898514655e+00 -9.037094856633972381e-04
2.025000000000000000e+01 1.014896871110575027e+00 5.760546874973009480e-04
2.027083333333333215e+01 1.024973330020189533e+00 -1.611919298471898524e-03
2.029166666666666430e+01 1.019940752009084184e+00 2.058596378640618202e-03
2.031250000000000000e+01 1.012349353647563843e+00 -6.589788177979046500e-04
2.033333333333333215e+01 9.995807525175001151e-01 -6.931412437112187235e-04
2.035416666666666430e+01 9.723866118768411670e-01 3.999136157329767085e-04
2.037500000000000000e+01 9.427089881014670825e-01 2.914739665846026060e-04
2.039583333333333215e+01 9.228291560237673608e-01 1.116881377359249658e-03
2.041666666666666430e+01 9.122989881523063671e-01 -2.066227976348315037e-03
2.043750000000000000e+01 9.142847196616128436e-01 -8.911894350520137504e-04
2.045833333333333215e+01 8.974255861052597982e-01 -1.378956396064339503e-03
2.047916666666666430e+01 8.845955317376199556e-01 1.235439410900960488e-05
2.050000000000000000e+01 8.942852158564843501e-01 -5.155652545832915693e-04
2.052083333333333215e+01 8.984353846646738750e-01 9.868716021588209118e-04
2.054166666666666430e+01 8.939718500022353354e-01 -1.601281872160871273e-03
2.056250000000000000e+01 8.692058905279764769e-01 -1.031932689898007157e-03
2.058333333333333215e+01 8.563094515404816587e-01 -4.768573994667057179e-04
2.060416666666666430e+01 8.550045520142819377e-01 -8.241888214808470005e-04
2.062500000000000000e+01 8.764254411300488323e-01 -7.699835325852179150e-04
2.064583333333333215e+01 8.996846749062716864e-01 -1.449907144942991482e-03
2.066666666666666430e+01 9.214238939447463306e-01 5.350765964644027149e-04
2.068750000000000000e+01 9.473869157251713080e-01 1.596718569752906755e-03
2.070833333333333215e+01 9.719693182455353408e-01 -4.591258982268383465e-04
2.072916666666666430e+01 9.875666562456515418e-01 -6.816247190763254256e-04
2.075000000000000000e+01 9.953092929427735935e-01 9.094266715398652366e-04
2.077083333333333215e+01 1.008674898168924638e+00 1.178844298721577711e-03
2.079166666666666430e+01 1.026377177929514328e+00 -3.145128247515947373e-04
2.081250000000000000e+01 1.034666245212140900e+00 2.187325782850723808e-04
2.083333333333333215e+01 1.032119014853258410e+00 -3.863851640262106857e-04
2.085416666666666430e+01 1.017172876657047143e+00 3.229478437373295928e-04
2.087500000000000000e+01 1.012484781945338419e+00 -1.289093283968012786e-03
2.089583333333333215e+01 9.970338253122593697e-01 1.392166868543555456e-03
2.091666666666666430e+01 9.824301739867099537e-01 -2.885184314296786352e-03
2.093750000000000000e+01 9.680704802952290189e-01 -1.882283272005969401e-03
2.095833333333333215e+01 9.663762341773123321e-01 -2.548655560666145820e-04
2.097916666666666430e+01 9.735301699632105121e-01 1.988321894299983818e-03
2.100000000000000000e+01 9.736078564117920386e-01 9.322345679922507729e-04
2.102083333333333215e+01 9.805328463457321231e-01 -1.218136273353560796e-03
2.104166666666666430e+01 1.003271550396185097e+00 2.504042289226790681e-03
2.106250000000000000e+01 1.019329777003646464e+00 2.526006033109289527e-03
2.108333333333333215e+01 1.031339922060730885e+00 1.002803592281036093e-03
2.110416666666666430e+01 1.025077141498280886e+00 3.099227111662235853e-04
2.112500000000000000e+01 1.014409578435142123e+00 -6.924645947344222488e-04
2.114583333333333215e+01 1.011247012503812215e+00 -1.520093748988922454e-03
2.116666666666666430e+01 1.006991776928774396e+00 1.225889213665477860e-03
2.118750000000000000e+01 1.003250493366805385e+00 -6.520988611709253044e-04
2.120833333333333215e+01 9.897934489745809916e-01 3.753505322116866571e-04
2.122916666666666430e+01 9.865393203882297790e-01 1.109088071782604211e-03
2.125000000000000000e+01 9.877429071718933917e-01 1.005252165453721569e-03
2.127083333333333215e+01 9.917527892770205966e-01 4.950839556918257425e-05
2.129166666666666430e+01 9.991469396322384400e-01 -2.196263420584570157e-03
2.131250000000000000e+01 9.937159339685888160e-01 -1.350894894894779210e-03
2.133333333333333215e+01 9.898329393313129998e-01 7.118671815726859567e-04
2.135416666666666430e+01 9.898257022468547328e-01 1.298212556380902482e-03
2.137500000000000000e+01 9.858150753992100945e-01 -6.032511140687431273e-04
2.139583333333333215e+01 9.912527453121582344e-01 -8.055978973505030592e-04
2.141666666666666430e+01 1.012919499585875238e+00 -8.448788209926417873e-04
2.143750000000000000e+01 1.025110155508406118e+00 1.660868104044873543e-04
2.145833333333333215e+01 1.019170815905511507e+00 -1.697353935321138868e-03
2.147916666666666430e+01 1.005395004753158572e+00 -6.325280487975863458e-04
2.150000000000000000e+01 1.007784479235181552e+00 1.371587242972897782e-04
2.152083333333333215e+01 1.004779287918363240e+00 6.279162977419318684e-04
2.154166666666666430e+01 1.004840624247663072e+00 -1.097915728748898772e-03
2.156250000000000000e+01 1.002129624789627860e+00 -1.326169439581656537e-03
2.158333333333333215e+01 9.866686587289525967e-01 1.994187318945258788e-03
2.160416666666666430e+01 9.914048799396416589e-01 -2.131256589038224656e-03
2.162500000000000000e+01 9.951831475463409626e-01 4.699823165856044393e-04
2.164583333333333215e+01 9.959914865518660898e-01 1.938272446152848388e-03
2.166666666666666430e+01 9.927548867772162389e-01 -2.772510585576885758e-03
2.168750000000000000e+01 9.903627901096850872e-01 8.565737184764265870e-04
2.170833333333333215e+01 9.894356117878323476e-01 -9.057424981600870366e-04
2.172916666666666430e+01 9.889243458017387134e-01 8.988699977590429782e-04
2.175000000000000000e+01 9.968756785202546045e-01 9.157730805752880210e-04
2.177083333333333215e+01 1.017465906159234823e+00 2.745107656289278776e-04
2.179166666666666430e+01 1.021015688903414098e+00 -2.829976165343215896e-04
2.181250000000000000e+01 1.020236249964614927e+00 1.408220069406822478e-03
2.183333333333333215e+01 1.009478944902050035e+00 1.651555317386102289e-03
2.185416666666666430e+01 9.957770150706580781e-01 -2.004884593990133735e-03
2.187500000000000000e+01 9.932998066463423203e-01 3.932695438740213588e-04
2.189583333333333215e+01 9.952142885729079458e-01 1.131623181258327145e-03
2.191666666666666430e+01 9.938683354340501763e-01 -2.161228829198549514e-03
2.193750000000000000e+01 9.927118326155179862e-01 1.692662600817103694e-03
2.195833333333333215e+01 1.006929136898879973e+00 4.249283615455239690e-04
2.197916666666666430e+01 1.007419454079312215e+00 5.964314292558382542e-04
2.200000000000000000e+01 1.004588448285362867e+00 -4.269816172916057946e-04
2.202083333333333215e+01 1.000596115249843487e+00 -1.759044305957420395e-03
2.204166666666666430e+01 9.896015597313095880e-01 2.826804612093738577e-04
2.206250000000000000e+01 9.941845116107429492e-01 -1.261202699881173528e-03
2.208333333333333215e+01 9.944534644001515877e-01 -1.953555159334624969e-03
2.210416666666666430e+01 9.994738952415694877e-01 -9.830474692457714936e-04
2.212500000000000000e+01 1.000562774583002579e+00 9.653745202514193817e-04
2.214583333333333215e+01 1.010988948934424148e+00 -9.536052564851035026e-05
2.216666666666666430e+01 1.013615211404342631e+00 -5.661975987113616161e-05
2.218750000000000000e+01 1.005955935535424173e+00 3.518283628631050080e-04
2.220833333333333215e+01 9.934351428042031973e-01 -8.357790810077425419e-05
2.222916666666666430e+01 9.840108588103348985e-01 -8.110396815581705221e-04
2.225000000000000000e+01 9.859530415152544247e-01 2.438816822619856248e-03
2.227083333333333215e+01 9.925420505188619069e-01 -1.506048704794063888e-03
2.229166666666666430e+01 1.001569245605630654e+00 -1.192309282872892765e-04
2.231250000000000000e+01 1.008666674332978408e+00 -1.400115931468611180e-03
2.233333333333333215e+01 1.016133073944985865e+00 -5.311597091220409414e-04
2.235416666666666430e+01 1.017014025791181719e+00 4.751142656673872371e-04
2.237500000000000000e+01 1.012669832414287763e+00 -3.918165555912959150e-04
2.239583333333333215e+01 1.008064343175178790e+00 -1.373070304927362980e-03
2.241666666666666430e+01 1.006525121744880957e+00 3.895969746635280506e-03
2.243750000000000000e+01 1.006443577289425351e+00 1.279642070344374745e-03
2.245833333333333215e+01 9.882028039141921294e-01 -1.480569726623820730e-03
2.247916666666666430e+01 9.715512383843890598e-01 1.416321522444650375e-03
2.250000000000000000e+01 9.703757309035369039e-01 1.991945941375237051e-03
2.252083333333333215e+01 9.865694086170604393e-01 -4.625944757176938984e-04
2.254166666666666430e+01 1.000968336108343237e+00 -3.959564027442401810e-04
2.256250000000000000e+01 9.993783297658173082e-01 -1.977344629661441280e-03
2.258333333333333215e+01 1.008277397583873247e+00 -8.439370112233628499e-04
2.260416666666666430e+01 1.012297841162202561e+00 -8.883824483466510984e-04
2.262500000000000000e+01 1.025647594911382798e+00 6.806171502080130258e-04
2.264583333333333215e+01 1.022965970831626770e+00 -8.240260082707794075e-04
2.266666666666666430e+01 1.011958496287378662e+00 2.081589724706934717e-04
2.268750000000000000e+01 1.005106262802895500e+00 -1.829997471478778202e-03
2.270833333333333215e+01 9.954452936942975727e-01 -3.431661920960236587e-04
2.272916666666666430e+01 9.909297257296630912e-01 2.656157821409237747e-04
2.275000000000000000e+01 9.876954932726677017e-01 7.761590714354102199e-04
2.277083333333333215e+01 9.954289733499279702e-01 -6.332764913312949849e-04
2.279166666666666430e+01 1.000295530435379554e+00 6.007483856081328967e-04
2.281250000000000000e+01 9.918697710284936075e-01 1.219338968918400089e-03
2.283333333333333215e+01 9.816343361429312742e-01 7.790785871094609797e-05
2.285416666666666430e+01 9.823053477645510290e-01 -1.121235295289123822e-03
2.287500000000000000e+01 9.988009455054339680e-01 3.320580678892962197e-04
2.289583333333333215e+01 1.017193780623729449e+00 -1.398922455112800020e-04
2.291666666666666430e+01 1.015614395289313743e+00 1.117005074621075936e-03
2.293750000000000000e+01 1.006585744711631980e+00 3.290856454435926812e-04
2.295833333333333215e+01 1.006080547244929901e+00 -9.700124234844899026e-04
2.297916666666666430e+01 1.004132954062936234e+00 3.918868041741077656e-04
2.300000000000000000e+01 1.001180314097588342e+00 7.965254459608346344e-04
2.302083333333333215e+01 9.973708935777730877e-01 -5.547374169121020888e-04
2.304166666666666430e+01 1.000738007740537006e+00 -1.810719373161810122e-04
2.306250000000000000e+01 1.012492945893294527e+00 -7.940720639332572847e-04
2.308333333333333215e+01 1.017555998944730922e+00 -1.402214219555618629e-03
2.310416666666666430e+01 1.017034112749695796e+00 -1.867062353549771986e-03
2.312500000000000000e+01 1.001821579258195483e+00 -1.764272160196470995e-03
2.314583333333333215e+01 9.919147769938426729e-01 2.286339808722146188e-03
2.316666666666666430e+01 9.845183657544664957e-01 2.620819731396017462e-03
2.318750000000000000e+01 9.677178027105838298e-01 1.228381353310114632e-03
2.320833333333333215e+01 9.686293346947880689e-01 -2.252765482146423370e-03
2.322916666666666430e+01 9.790841107267262977e-01 -4.648280335715266102e-04
2.325000000000000000e+01 1.007440446871736839e+00 2.697378521553942454e-04
2.327083333333333215e+01 1.024375236165142589e+00 8.965436531789466651e-04
2.329166666666666430e+01 1.031410815328330566e+00 -9.775221006796858982e-05
2.331250000000000000e+01 1.036929982896647395e+00 -2.164665924810868156e-03
2.333333333333333215e+01 1.028962394150851889e+00 1.008914489576240954e-04
2.335416666666666430e+01 1.011534524448832517e+00 -3.555339428495866527e-04
2.337500000000000000e+01 1.001395305685881532e+00 1.154539603521388246e-03
2.339583333333333215e+01 9.898623922520827234e-01 3.738028268388114586e-04
2.341666666666666430e+01 9.875674386920193504e-01 1.551375132436680132e-03
2.343750000000000000e+01 9.911676864749588978e-01 2.686353217878750517e-05
2.345833333333333215e+01 9.805335140077560130e-01 8.164157561850149099e-04
2.347916666666666430e+01 9.725648522129978213e-01 -2.483390320893164287e-03
2.350000000000000000e+01 9.779841971949942980e-01 -1.300053594602935752e-04
2.352083333333333215e+01 9.947760513485002232e-01 1.796390148914658088e-03
2.354166666666666430e+01 1.009344918500839849e+00 -6.626683047084962197e-04
2.356250000000000000e+01 1.011196497292305096e+00 1.066995810752277527e-05
2.358333333333333215e+01 1.011848948592569686e+00 1.007970935799360705e-03
2.360416666666666430e+01 1.011094667324103691e+00 7.197700139497446815e-04
2.362500000000000000e+01 1.021245630822958717e+00 1.733133448223051973e-03
2.364583333333333215e+01 1.021533369726672191e+00 -2.081648309381056976e-03
2.366666666666666430e+01 1.012552295380649836e+00 1.633923999759379899e-03
2.368750000000000000e+01 1.011843477260461199e+00 -7.777052221819756800e-04
2.370833333333333215e+01 9.973054430286864003e-01 2.035212982202617635e-03
2.372916666666666430e+01 9.839327008666900465e-01 -3.495410192552673360e-04
2.375000000000000000e+01 9.728163787734873669e-01 2.253417664243386224e-04
2.377083333333333215e+01 9.829373319504671747e-01 1.620449724852461408e-03
2.379166666666666430e+01 9.862097714294375539e-01 4.100819174652568897e-04
2.381250000000000000e+01 9.824754823968153694e-01 -1.983950005891741905e-03
2.383333333333333215e+01 9.810748321023546881e-01 1.612339323550594263e-03
2.385416666666666430e+01 9.891020213630054014e-01 7.850309401782091948e-04
2.387500000000000000e+01 1.019951375141596728e+00 7.714607660170206107e-04
2.389583333333333215e+01 1.035529435943853382e+00 -1.279085892203897035e-03
2.391666666666666430e+01 1.040539028051229220e+00 9.066155645674395030e-04
2.393750000000000000e+01 1.025306579268461915e+00 -9.487118980376402135e-04
2.395833333333333215e+01 1.005813832951646170e+00 8.627614235043294536e-04
2.397916666666666430e+01 9.963898712786387613e-01 1.268720947970099428e-03
2.400000000000000000e+01 9.887326406232023190e-01 -2.203852450732755007e-04
2.402083333333333215e+01 9.810914043519254335e-01 -5.861190240558418084e-04
2.404166666666666430e+01 9.753236328907651798e-01 -1.580966451279673082e-04
2.406250000000000000e+01 9.805784282674373520e-01 7.056323117313244384e-04
2.408333333333333215e+01 9.830130672491430577e-01 -5.471364340654553669e-06
2.410416666666666430e+01 1.002268914232481656e+00 1.650668499142299859e-03
2.412500000000000000e+01 1.006413867502253146e+00 -6.878644711259528652e-04
2.414583333333333215e+01 1.018068659452678215e+00 4.760827303733904700e-04
2.416666666666666430e+01 1.019590105641836164e+00 -2.569897677474202412e-03
2.418750000000000000e+01 1.011007910865280746e+00 -1.065513253866534702e-03
2.420833333333333215e+01 1.001521964186621316e+00 -1.568422413430082358e-03
2.422916666666666430e+01 9.969881899608139530e-01 6.945738939495683202e-04
2.425000000000000000e+01 9.924017094422955543e-01 5.219570896862287977e-04
2.427083333333333215e+01 9.949009478195302014e-01 -2.610029505400278740e-03
2.429166666666666430e+01 9.891108056210455857e-01 -4.957979544232229323e-04
2.431250000000000000e+01 9.910407664775605641e-01 -1.208112766439879346e-03
2.433333333333333215e+01 1.005055935097353137e+00 1.137868887691763625e-03
2.435416666666666430e+01 1.013791105407882087e+00 -1.577705204337951717e-03
2.437500000000000000e+01 1.014239334550263383e+00 -4.959329499293382211e-06
2.439583333333333215e+01 1.012427897660517884e+00 -2.419679661176504489e-04
2.441666666666666430e+01 1.002521126712240918e+00 6.166858852818333635e-04
2.443750000000000000e+01 9.949741155904303636e-01 1.142224466192212282e-03
2.445833333333333215e+01 9.828831986176883584e-01 2.973999597940405696e-03
2.447916666666666430e+01 9.802729343513505444e-01 -2.742779312414889950e-04
2.450000000000000000e+01 9.877903386305334488e-01 7.481404345207183460e-04
2.452083333333333215e+01 1.007498248610382285e+00 -8.729624199457100640e-04
2.454166666666666430e+01 1.017742989212605531e+00 -1.561164658271219302e-03
2.456250000000000000e+01 1.017733047076767594e+00 -2.942572669350725618e-05
2.458333333333333215e+01 1.009603961516085668e+00 5.242246487955718468e-04
2.460416666666666430e+01 1.002308016965944626e+00 7.290581500855972553e-04
2.462500000000000000e+01 9.933776778621393744e-01 2.143853627600000433e-03
2.464583333333333215e+01 9.877776857693937318e-01 -1.873377134174348353e-03
2.466666666666666430e+01 9.892408868469811933e-01 1.953855566353594232e-03
2.468750000000000000e+01 9.914666142289991768e-01 -8.638358286875602761e-04
2.470833333333333215e+01 1.005529317973083758e+00 -1.188524244244322731e-03
2.472916666666666430e+01 1.008266906160842913e+00 -1.556403310899829250e-04
2.475000000000000000e+01 1.010420786265897597e+00 1.654716572611974199e-03
2.477083333333333215e+01 1.011730931374527076e+00 2.566265916869415326e-03
2.479166666666666430e+01 1.008958519799964648e+00 1.578048645136787605e-03
2.481250000000000000e+01 1.002069632072784433e+00 6.142805157579236540e-05
2.483333333333333215e+01 9.882787573620167576e-01 -1.745592936351293830e-03
2.485416666666666430e+01 9.802734214060361273e-01 1.837087065402433520e-03
2.487500000000000000e+01 9.943230479080276130e-01 2.844980791447714215e-03
2.489583333333333215e+01 1.004201158839336694e+00 1.137849422665194532e-03
2.491666666666666430e+01 9.967480659465098869e-01 -1.038201351388302668e-03
2.493750000000000000e+01 9.899271591569940298e-01 1.614534689469239773e-04
2.495833333333333215e+01 9.884581993177551373e-01 -1.861549235409512950e-03
2.497916666666666430e+01 9.873611336682868167e-01 -1.044418635072047333e-03
2.500000000000000000e+01 1.002055369690139086e+00 5.182364909634729370e-04
2.502083333333333215e+01 1.014489828657457515e+00 5.831411029219297874e-04
2.504166666666666430e+01 1.017787021640260914e+00 5.232965104319285210e-04
2.506250000000000000e+01 1.020908987802946477e+00 5.665170427759790044e-05
2.508333333333333215e+01 1.014461671527871811e+00 -1.637640128639506485e-03
2.510416666666666430e+01 1.011584236036377815e+00 9.333945680198765652e-05
2.512500000000000000e+01 9.999809050102281827e-01 -2.953848210947619853e-03
2.514583333333333215e+01 9.967644024642666745e-01 5.794312352514446700e-04
2.516666666666666430e+01 9.872229360047050095e-01 6.433909284220805120e-04
2.518750000000000000e+01 9.741502502342603842e-01 -1.491888792930582981e-03
2.520833333333333215e+01 9.700003747221238593e-01 -6.251164603086675894e-04
2.522916666666666430e+01 9.804032526608046361e-01 9.563525849806841128e-05
2.525000000000000000e+01 9.966116265874346292e-01 -1.749299560452626423e-04
2.527083333333333215e+01 1.008585961098223960e+00 1.421981800584155506e-03
2.529166666666666430e+01 1.015248552277586258e+00 -8.281841453855838184e-04
2.531250000000000000e+01 1.011669695189331586e+00 -9.098530609431993441e-04
2.533333333333333215e+01 1.016375261821707676e+00 4.143234768418486101e-05
2.535416666666666430e+01 1.015803312546373904e+00 -4.289018521824194984e-04
2.537500000000000000e+01 1.007408254716908536e+00 -6.797568939501145372e-05
2.539583333333333215e+01 9.948386818484565852e-01 1.981706751468739845e-03
2.541666666666666430e+01 9.882172657115992909e-01 -7.666901871957948825e-04
2.543750000000000000e+01 9.883651209429550333e-01 7.253675750624244195e-04
2.545833333333333215e+01 9.849014172233642173e-01 -2.400728734186456832e-03
2.547916666666666430e+01 9.883017493080831217e-01 -3.263172623199403597e-04
2.550000000000000000e+01 1.003825064170063230e+00 -4.962281821110383056e-05
2.552083333333333215e+01 1.014537042591225013e+00 -1.121209067772449075e-03
2.554166666666666430e+01 1.013395496606208646e+00 -2.053739545182959279e-03
2.556250000000000000e+01 1.004009497643491455e+00 1.157250413511771775e-03
2.558333333333333215e+01 9.891980476224131458e-01 -2.115864500721680551e-04
2.560416666666666430e+01 9.853655984211340257e-01 -4.150719396239292117e-04
2.562500000000000000e+01 9.910070151360398372e-01 -1.611228289489573294e-03
2.564583333333333215e+01 9.939413226412370239e-01 -8.159507532826976856e-04
2.566666666666666430e+01 1.003076744467316761e+00 1.816125789966565229e-04
2.568750000000000000e+01 1.010478673007242811e+00 -1.969173380513672932e-03
2.570833333333333215e+01 1.018967936793372830e+00 2.014253314005126725e-03
2.572916666666666430e+01 1.011888903997550493e+00 -1.305010267114649954e-03
2.575000000000000000e+01 1.006253522468150585e+00 8.809138637987756586e-04
2.577083333333333215e+01 9.969548543183206490e-01 3.804962764243984642e-05
2.579166666666666430e+01 9.926202062922447888e-01 1.252486471922248650e-04
2.581250000000000000e+01 9.768013278103062635e-01 -2.076405710750380777e-03
2.583333333333333215e+01 9.727253133907098892e-01 6.834550633261686579e-04
2.585416666666666430e+01 9.819125497779381817e-01 7.007771175248170021e-04
2.587500000000000000e+01 1.001446479602355222e+00 1.539599301070411009e-03
2.589583333333333215e+01 1.026001919788233296e+00 -2.218085408311285401e-04
2.591666666666666430e+01 1.030665284970534668e+00 1.361426754890941856e-03
2.593750000000000000e+01 1.022589459207901008e+00 -1.690109096459294297e-03
2.595833333333333215e+01 1.006856624883621487e+00 1.069486024114660707e-03
2.597916666666666430e+01 9.967758260066250653e-01 1.134472631498706547e-04
