0.000000000000000000e+00 1.001448778831274478e+00 5.614098366294921569e-04
2.083333333333333218e-02 9.980436714990353897e-01 1.156251563951219991e-03
4.166666666666666435e-02 9.964046830415295153e-01 -9.898590087973958059e-04
6.250000000000000000e-02 1.001262155661658326e+00 -5.607543817955732974e-05
8.333333333333332871e-02 1.000400507718286924e+00 7.682295032773330500e-04
1.041666666666666574e-01 9.992659734380445746e-01 -2.094256311082415755e-04
1.250000000000000000e-01 1.007061816094122264e+00 -8.675093391015524253e-04
1.458333333333333148e-01 1.008334517191709079e+00 -1.658493585785555729e-03
1.666666666666666574e-01 1.013109534447587334e+00 -4.089302543473342130e-04
1.875000000000000000e-01 1.009852802938191463e+00 4.884618533343745546e-04
2.083333333333333148e-01 1.003396168542865396e+00 -2.186909149984895065e-03
2.291666666666666574e-01 1.003772880362451714e+00 1.046670830849974520e-03
2.500000000000000000e-01 1.005803079188276827e+00 7.726490743747654964e-04
2.708333333333333148e-01 1.012702718996836504e+00 2.929185923777757688e-04
2.916666666666666297e-01 1.019432031805192151e+00 -2.893632029788191918e-04
3.125000000000000000e-01 1.013112954390498199e+00 2.618892126604479664e-04
3.333333333333333148e-01 1.007360058728155927e+00 7.359805441900731148e-04
3.541666666666666297e-01 1.001289592750204127e+00 -4.908692748060970463e-04
3.750000000000000000e-01 1.001108294695972623e+00 1.369999309476832398e-03
3.958333333333333148e-01 9.983920119404650073e-01 1.595354005847833502e-03
4.166666666666666297e-01 9.953622781226120209e-01 7.910480937015144627e-04
4.375000000000000000e-01 9.918640045080187040e-01 -1.467368959993761712e-03
4.583333333333333148e-01 9.990679640816420015e-01 7.227569458187589960e-04
4.791666666666666297e-01 1.002727030888864279e+00 -4.798284778099087323e-04
5.000000000000000000e-01 9.979819064462797096e-01 6.260770364278922268e-04
5.208333333333332593e-01 9.981436120198678985e-01 -8.438128495727777872e-04
5.416666666666666297e-01 9.982085993452590733e-01 -2.317097402769502813e-03
5.625000000000000000e-01 1.006836011433798861e+00 1.536603237511228017e-03
5.833333333333332593e-01 1.009032575368860707e+00 -5.619449649520971615e-04
6.041666666666666297e-01 1.014064208324933158e+00 3.112023297912578073e-03
6.250000000000000000e-01 1.012023115111601701e+00 -1.838187201902931789e-04
6.458333333333332593e-01 1.009975435561506707e+00 2.144748851391562860e-03
6.666666666666666297e-01 1.005366414938337005e+00 1.421778085685599302e-04
6.875000000000000000e-01 9.979477058920603882e-01 4.321052114876998678e-04
7.083333333333332593e-01 9.953714681839396228e-01 -1.162983425412709645e-03
7.291666666666666297e-01 9.974272377052936234e-01 2.100855017231199537e-03
7.500000000000000000e-01 1.007712470605923061e+00 -6.072098810485674833e-04
7.708333333333332593e-01 1.013339918091975100e+00 9.743746998464803202e-04
7.916666666666666297e-01 1.018252858419677942e+00 -2.457373081296958858e-03
8.125000000000000000e-01 1.011315727785078611e+00 -2.716057185590507067e-04
8.333333333333332593e-01 1.005655468769284022e+00 1.284369057729718732e-04
8.541666666666666297e-01 1.003254752230424041e+00 -1.463817636711497831e-03
8.750000000000000000e-01 1.001913345109266995e+00 5.277035960294785112e-04
8.958333333333332593e-01 1.006912392890860986e+00 -4.179419336529781336e-04
9.166666666666666297e-01 1.003482137569122301e+00 1.215025108675291642e-03
9.375000000000000000e-01 1.001917818230451562e+00 7.104057214460767064e-04
9.583333333333332593e-01 9.903793118350660007e-01 -1.191554056013432875e-03
9.791666666666666297e-01 9.822018052966738910e-01 -1.468490063841920495e-03
1.000000000000000000e+00 9.799077850947559565e-01 -1.249735827944770334e-03
1.020833333333333259e+00 9.829188856779199623e-01 2.895074874981889979e-03
1.041666666666666519e+00 9.877879648362624110e-01 -1.000762725397867300e-03
1.062500000000000000e+00 9.964702336944617489e-01 4.294439765740339890e-04
1.083333333333333259e+00 1.002791908404782273e+00 -7.468753014309415482e-04
1.104166666666666519e+00 1.004881967958354494e+00 8.570773429798152643e-04
1.125000000000000000e+00 1.004869723458448938e+00 1.003332936273460896e-03
1.145833333333333259e+00 9.962303119632793802e-01 -1.904767775963232606e-03
1.166666666666666519e+00 9.909786602036151359e-01 -3.982807268786899848e-04
1.187500000000000000e+00 9.985328174948638891e-01 2.553046086710422050e-03
1.208333333333333259e+00 1.003710473891906929e+00 -1.065305137271131859e-03
1.229166666666666519e+00 1.002276120226920586e+00 -9.765792844015212023e-04
1.250000000000000000e+00 9.991000920487939085e-01 2.698548207563703470e-03
1.270833333333333259e+00 9.996802138032397922e-01 1.136402337734485892e-03
1.291666666666666519e+00 9.931455826255358721e-01 -1.430796113831272120e-03
1.312500000000000000e+00 9.914003230207406592e-01 -1.812402449226958650e-03
1.333333333333333259e+00 9.918802001107419608e-01 3.165010713742981386e-04
1.354166666666666519e+00 9.871370740968473667e-01 1.217243470423450208e-03
1.375000000000000000e+00 9.848839777864472067e-01 -1.587072530581895395e-03
1.395833333333333259e+00 9.914379599953672129e-01 -3.957007718949166059e-04
1.416666666666666519e+00 9.953478170374558953e-01 -1.349765191267419766e-04
1.437500000000000000e+00 9.986601141784529068e-01 2.205544351760181133e-03
1.458333333333333259e+00 9.926239873623895482e-01 4.298053641810630821e-04
1.479166666666666519e+00 1.002582935280335930e+00 8.388133069975652750e-04
1.500000000000000000e+00 9.972552877601040811e-01 3.031719021458041609e-04
1.520833333333333259e+00 1.009166504793927999e+00 1.958640927444907105e-03
1.541666666666666519e+00 1.008865882900354949e+00 -6.716193922114725365e-04
1.562500000000000000e+00 1.011524070886679727e+00 7.579387795479958093e-04
1.583333333333333259e+00 1.006904884907275699e+00 -1.871902132329646747e-03
1.604166666666666519e+00 1.001784510559236452e+00 1.034997513912007741e-03
1.625000000000000000e+00 1.000935842973634582e+00 -9.256621330649792301e-04
1.645833333333333259e+00 9.926583900346341860e-01 6.532209742020547846e-04
1.666666666666666519e+00 9.953652867854408948e-01 6.542053756374301664e-04
1.687500000000000000e+00 1.003518288091836297e+00 7.983456042080020994e-04
1.708333333333333259e+00 1.010112893025761238e+00 -3.206670089771664067e-04
1.729166666666666519e+00 1.017448318317782485e+00 -1.730963191167471903e-03
1.750000000000000000e+00 1.018831661566333757e+00 1.340405755568331017e-03
1.770833333333333259e+00 1.010983487947241466e+00 -4.849859966372695175e-04
1.791666666666666519e+00 1.005123689882106763e+00 2.731818621565769781e-03
1.812500000000000000e+00 1.001355189330597861e+00 1.396279187747650596e-03
1.833333333333333259e+00 1.003524657826427191e+00 1.834490237634086923e-03
1.854166666666666519e+00 9.950858342994138850e-01 4.961503497212994438e-04
1.875000000000000000e+00 9.951881972066346504e-01 5.200576316108965983e-04
1.895833333333333259e+00 9.920897037479247116e-01 6.137820731882856181e-04
1.916666666666666519e+00 9.926689174512709490e-01 -7.548209491465598638e-04
1.937500000000000000e+00 9.942772537957927925e-01 1.145290525842008588e-03
1.958333333333333259e+00 9.948610078073538698e-01 1.483001599865878392e-03
1.979166666666666519e+00 9.963010988061521411e-01 3.849222423651743152e-04
2.000000000000000000e+00 1.004960660829764318e+00 1.146342275442483990e-03
2.020833333333333037e+00 1.014897797045082539e+00 -1.644590060475457135e-03
2.041666666666666519e+00 1.020414905452430299e+00 1.700840338891598282e-03
2.062500000000000000e+00 1.020680781488563227e+00 -3.673676059810461665e-04
2.083333333333333037e+00 1.011406722242520040e+00 -1.714832358765299705e-03
2.104166666666666519e+00 1.008242271623340125e+00 -1.407167261916011686e-04
2.125000000000000000e+00 1.004096542615686039e+00 6.026493113046691320e-04
2.145833333333333037e+00 1.005400893407015772e+00 -4.615676182115856230e-04
2.166666666666666519e+00 1.006446004760191748e+00 4.697605946623600458e-04
2.187500000000000000e+00 1.005967922435978545e+00 -1.625574557936929152e-03
2.208333333333333037e+00 1.004890207617715081e+00 -9.307279587213266193e-05
2.229166666666666519e+00 1.008917696357366278e+00 9.711802867933831858e-04
2.250000000000000000e+00 1.002146388601664384e+00 9.038041553062885767e-04
2.270833333333333037e+00 9.956691629410046041e-01 -9.323632963127211765e-04
2.291666666666666519e+00 9.980762301260129865e-01 -5.229411437135911235e-04
2.312500000000000000e+00 1.002749019872092751e+00 1.236793383673051149e-03
2.333333333333333037e+00 1.006456983539096184e+00 -7.205464020500698544e-04
2.354166666666666519e+00 1.005793636183618389e+00 -9.113316161955869934e-04
2.375000000000000000e+00 1.004693897888317089e+00 4.897940998389737786e-04
2.395833333333333037e+00 1.001723193847670723e+00 -1.510328413902453995e-04
2.416666666666666519e+00 9.968181480812934314e-01 3.783576831127194494e-04
2.437500000000000000e+00 1.006437098855634371e+00 -6.358602808484199601e-04
2.458333333333333037e+00 9.991883398663746751e-01 7.993585897398735934e-04
2.479166666666666519e+00 1.002632697957929864e+00 -2.447536110800016453e-03
2.500000000000000000e+00 1.006764710464242096e+00 1.037662872312177691e-04
2.520833333333333037e+00 1.012571084770980567e+00 3.434997279797903126e-04
2.541666666666666519e+00 1.011005189945606730e+00 -1.274773318244300582e-03
2.562500000000000000e+00 1.003752106202385530e+00 4.416195426024800111e-04
2.583333333333333037e+00 1.008033221493084719e+00 3.258232340639898895e-03
2.604166666666666519e+00 1.002113400300991053e+00 -4.032067650835190285e-04
2.625000000000000000e+00 1.008553504673961321e+00 -2.691755523180583919e-04
2.645833333333333037e+00 1.013608092266377492e+00 -6.229844802374954246e-04
2.666666666666666519e+00 1.015600685906736800e+00 -1.241372435827429836e-03
2.687500000000000000e+00 1.011062669140073700e+00 8.748195366071280770e-04
2.708333333333333037e+00 1.010425778878275560e+00 4.686345223468992949e-04
2.729166666666666519e+00 1.007261238960369676e+00 -1.160229916236829063e-03
2.750000000000000000e+00 1.001860599251731765e+00 8.608781640548719347e-04
2.770833333333333037e+00 9.998079412161653412e-01 2.427159382644674540e-03
2.791666666666666519e+00 9.969703993005888387e-01 1.915090379197940777e-03
2.812500000000000000e+00 9.973282580747984127e-01 -1.583914208560829157e-04
2.833333333333333037e+00 9.965735642551980522e-01 -5.989092273145768920e-04
2.854166666666666519e+00 9.935822225093333682e-01 -6.482518068871127599e-04
2.875000000000000000e+00 9.967737910578422511e-01 -1.759304491932276544e-03
2.895833333333333037e+00 9.957451463244756384e-01 2.406090513308646887e-04
2.916666666666666519e+00 9.994224685432699928e-01 1.178514064549069946e-03
2.937500000000000000e+00 1.006311710387042480e+00 -1.161635181922369151e-03
2.958333333333333037e+00 1.015835285376631258e+00 -1.576365077115744626e-05
2.979166666666666519e+00 1.016207881872377872e+00 8.489904898488174209e-04
3.000000000000000000e+00 1.025449904024279713e+00 1.069290920265791390e-03
3.020833333333333037e+00 1.013410671521419948e+00 5.950625309594459412e-04
3.041666666666666519e+00 1.010754527704833983e+00 -9.194489159062767215e-04
3.062500000000000000e+00 1.009643680201941507e+00 1.159860696315694311e-03
3.083333333333333037e+00 9.988941379461337977e-01 3.380901479426398929e-04
3.104166666666666519e+00 9.943368772078238216e-01 6.147354534919984449e-04
3.125000000000000000e+00 1.000751437448580417e+00 -4.539085173326499632e-04
3.145833333333333037e+00 1.008654098477123950e+00 -1.591155442485699253e-03
3.166666666666666519e+00 1.011438327551303029e+00 -3.418144622285546031e-04
3.187500000000000000e+00 1.009772524515818670e+00 -7.829864764570427117e-04
3.208333333333333037e+00 1.002899302344781640e+00 -1.674498075037901199e-03
3.229166666666666519e+00 9.999039424601008363e-01 -4.563374508600113446e-04
3.250000000000000000e+00 1.000065382021251059e+00 1.801683158247477075e-03
3.270833333333333037e+00 1.006012950629087577e+00 -1.235921191041043730e-03
3.291666666666666519e+00 1.005735139004866996e+00 -7.180489193631748842e-04
3.312500000000000000e+00 1.001205101015445464e+00 -5.963254057689147593e-04
3.333333333333333037e+00 1.001574321838324400e+00 -6.767160226029137393e-04
3.354166666666666519e+00 9.995194638940244625e-01 2.077417513213806327e-03
3.375000000000000000e+00 9.945107303655184028e-01 -7.899206765331997680e-05
3.395833333333333037e+00 9.906588460833672949e-01 4.962925018593818084e-04
3.416666666666666519e+00 9.968006138966056806e-01 5.018853332544512529e-04
3.437500000000000000e+00 1.003259536869186119e+00 7.579787951598191461e-04
3.458333333333333037e+00 1.010471158746630627e+00 -8.949956562171701132e-04
3.479166666666666519e+00 1.014229607373007713e+00 -9.388313696434598269e-04
3.500000000000000000e+00 1.015288834801593376e+00 -8.835000903498959213e-04
3.520833333333333037e+00 1.009425276547358807e+00 1.841366456304165339e-03
3.541666666666666519e+00 1.006008095770014599e+00 1.347597338087204791e-03
3.562500000000000000e+00 1.008868374115338362e+00 -9.093063839586576448e-05
3.583333333333333037e+00 1.007530549492638983e+00 -1.512009607251881514e-03
3.604166666666666519e+00 1.007138286004309657e+00 -1.076776265706285714e-04
3.625000000000000000e+00 1.010958200189339573e+00 -7.114671949855200499e-04
3.645833333333333037e+00 1.008533890120644649e+00 -1.118408406966003420e-03
3.666666666666666519e+00 1.006368765709922286e+00 1.369676342104646704e-03
3.687500000000000000e+00 1.004688043763312999e+00 2.815859195352136361e-03
3.708333333333333037e+00 9.961726185937371802e-01 1.991977948899651806e-03
3.729166666666666519e+00 9.924209304994103809e-01 1.072577533395225897e-03
3.750000000000000000e+00 9.980898974974972138e-01 -3.893718496104023319e-04
3.770833333333333037e+00 1.003377975444980752e+00 1.161682194328771643e-03
3.791666666666666519e+00 1.003457646680308679e+00 1.310796876895137372e-03
3.812500000000000000e+00 1.002367700743034051e+00 5.359594544040375327e-04
3.833333333333333037e+00 9.949265149064643321e-01 -1.798666620257205603e-03
3.854166666666666519e+00 9.990053159101717206e-01 -8.649815456175510495e-04
3.875000000000000000e+00 1.002887218176098605e+00 -7.563838788851827422e-04
3.895833333333333037e+00 1.004507422381964332e+00 -7.029283706140423743e-05
3.916666666666666519e+00 1.013223717108213684e+00 -1.571368243717134868e-03
3.937500000000000000e+00 1.012535682315947261e+00 1.330278682570688398e-03
3.958333333333333037e+00 1.013313757390442937e+00 4.813236017640262765e-04
3.979166666666666519e+00 1.012823976960913086e+00 1.091230172080758822e-03
4.000000000000000000e+00 1.005121629157723628e+00 2.022116025385389121e-04
4.020833333333333037e+00 9.957753560678904714e-01 1.489981555764050046e-03
4.041666666666666075e+00 9.957683376197390412e-01 1.651341950746589059e-03
4.062500000000000000e+00 9.957939273197951024e-01 1.020541988989410792e-03
4.083333333333333037e+00 1.004869438246159374e+00 -7.929881593371711744e-04
4.104166666666666075e+00 1.001143835727828391e+00 2.570256260663212624e-04
4.125000000000000000e+00 1.009374230460345689e+00 -7.835692795405329930e-04
4.145833333333333037e+00 1.000722466632104624e+00 6.375403470567938104e-04
4.166666666666666075e+00 1.004879815871403181e+00 1.695576528431638795e-03
4.187500000000000000e+00 1.002473729002056890e+00 2.051552979427564982e-03
4.208333333333333037e+00 1.000839252920360689e+00 1.230005713289939427e-03
4.229166666666666075e+00 1.002852042467492266e+00 1.009739228066642777e-03
4.250000000000000000e+00 1.001001647436508213e+00 1.249781298619363117e-03
4.270833333333333037e+00 1.000452836223006292e+00 6.199775466023473318e-04
4.291666666666666075e+00 9.946663167624556490e-01 -1.812522843519799587e-03
4.312500000000000000e+00 9.904156098189076385e-01 1.249367805012794089e-04
4.333333333333333037e+00 9.837039338726901727e-01 1.273257861686724981e-04
4.354166666666666075e+00 9.824970733572215842e-01 -7.506707173374295222e-04
4.375000000000000000e+00 9.840843219601438374e-01 -1.703365690379613807e-03
4.395833333333333037e+00 9.870326623018784717e-01 -8.324556193972748553e-04
4.416666666666666075e+00 9.917458113111334850e-01 -1.107957443295281251e-03
4.437500000000000000e+00 9.922686937154650000e-01 -8.395734431320105032e-04
4.458333333333333037e+00 9.873238533650188220e-01 -6.510408119991956122e-04
4.479166666666666075e+00 9.798467230182827947e-01 -8.167775977891007214e-05
4.500000000000000000e+00 9.778268716787630321e-01 1.821351265081150089e-04
4.520833333333333037e+00 9.743246364356977773e-01 2.343118187344879076e-04
4.541666666666666075e+00 9.731336173738226458e-01 -6.275667977342612187e-04
4.562500000000000000e+00 9.760586654165935849e-01 -6.849981398347589285e-04
4.583333333333333037e+00 9.797439544240454934e-01 8.982520848312363195e-04
4.604166666666666075e+00 9.732172607034332845e-01 -6.592229117671087515e-04
4.625000000000000000e+00 9.689267442763268567e-01 3.132260034635919342e-04
4.645833333333333037e+00 9.662640394506919472e-01 -2.979348251026238577e-03
4.666666666666666075e+00 9.674668029349960952e-01 -1.083331829314532722e-03
4.687500000000000000e+00 9.721836274149426860e-01 -8.391897294144416665e-04
4.708333333333333037e+00 9.801911740512571081e-01 -4.526969315608474946e-04
4.729166666666666075e+00 9.768006230818907509e-01 1.324051047602086469e-03
4.750000000000000000e+00 9.873471753883360513e-01 -2.820725915702735806e-04
4.770833333333333037e+00 9.949123783892660500e-01 1.726740425206529971e-03
4.791666666666666075e+00 9.953174629532461903e-01 2.002132176601960269e-03
4.812500000000000000e+00 9.970155599660728285e-01 -1.853608625887582075e-03
4.833333333333333037e+00 1.000941795013432722e+00 2.118046376998326385e-03
4.854166666666666075e+00 1.003950178063236054e+00 -2.050780511611272050e-04
4.875000000000000000e+00 1.004300204893366022e+00 -1.255164346840505337e-03
4.895833333333333037e+00 1.014363286382392815e+00 1.391825343895456996e-03
4.916666666666666075e+00 1.012461520240885093e+00 3.249002197805870174e-03
4.937500000000000000e+00 1.006859350154649668e+00 -4.340973557009895922e-04
4.958333333333333037e+00 9.977395419360788331e-01 4.781219895677452092e-04
4.979166666666666075e+00 9.932068472076261978e-01 -1.596508302926145928e-03
5.000000000000000000e+00 1.001005252291941039e+00 -1.704605643189031428e-03
5.020833333333333037e+00 1.002597763969649280e+00 -1.327330300632154850e-03
5.041666666666666075e+00 1.003191654697774382e+00 8.491284142842923021e-04
5.062500000000000000e+00 1.006899374666015756e+00 -8.296909353706759943e-04
5.083333333333333037e+00 1.003627520572127896e+00 3.632902037821525562e-04
5.104166666666666075e+00 1.007301664233754446e+00 5.835380467881925515e-04
5.125000000000000000e+00 1.002868907849945534e+00 -8.247668091409373009e-04
5.145833333333333037e+00 9.961748140539445906e-01 5.113047359676317497e-04
5.166666666666666075e+00 9.932830665631063871e-01 -9.368862119225021719e-04
5.187500000000000000e+00 9.984460221854609685e-01 1.118841323307610017e-04
5.208333333333333037e+00 9.964042222538398441e-01 -9.728092380737185518e-04
5.229166666666666075e+00 9.982858055133243536e-01 -1.644039397611091538e-03
5.250000000000000000e+00 9.946334592769304761e-01 -1.228656064807666674e-03
5.270833333333333037e+00 9.936790259394912006e-01 -4.240666839048478623e-04
5.291666666666666075e+00 9.959962589122717258e-01 -3.074143951677687820e-04
5.312500000000000000e+00 9.999652420310123357e-01 -1.091159650673490531e-03
5.333333333333333037e+00 1.006292343963957059e+00 2.709391244222858312e-04
5.354166666666666075e+00 1.009570462609986841e+00 2.113349836679168266e-03
5.375000000000000000e+00 1.023650523947626789e+00 1.051645607216433634e-04
5.395833333333333037e+00 1.022264928389028604e+00 2.139615805914783352e-03
5.416666666666666075e+00 1.011148346497397155e+00 -8.024574749934274215e-04
5.437500000000000000e+00 1.010374402904437252e+00 -3.764591508644503219e-04
5.458333333333333037e+00 1.004190486016262263e+00 -8.459187709211660709e-04
5.479166666666666075e+00 1.002486138985173358e+00 -1.750172188768742967e-03
5.500000000000000000e+00 9.981701059361249850e-01 1.831039612567526614e-04
5.520833333333333037e+00 1.004761143793199585e+00 5.671922857171899247e-04
5.541666666666666075e+00 1.002449714273174530e+00 5.256009715564381474e-04
5.562500000000000000e+00 1.001503366507901838e+00 5.218638892773134769e-04
5.583333333333333037e+00 9.974345703063933755e-01 1.242260134691416137e-04
5.604166666666666075e+00 9.963066231360815372e-01 2.181129091433478811e-03
5.625000000000000000e+00 9.980984755222080951e-01 -6.528930704139389871e-04
5.645833333333333037e+00 1.000771437653940499e+00 9.473785034929824633e-04
5.666666666666666075e+00 1.005358971963096204e+00 -1.662991110693344630e-03
5.687500000000000000e+00 1.005584410612167634e+00 4.595915803556918736e-05
5.708333333333333037e+00 1.007606628059613429e+00 1.438424268340227638e-03
5.729166666666666075e+00 1.002732605531265309e+00 1.667633580987525196e-03
5.750000000000000000e+00 9.984682972742041640e-01 1.128960683649209406e-04
5.770833333333333037e+00 9.922746270112980937e-01 -1.032241464839436188e-03
5.791666666666666075e+00 9.973685695624862069e-01 3.026718156246669972e-04
5.812500000000000000e+00 1.003998064292219716e+00 1.173307056352662289e-03
5.833333333333333037e+00 1.008960464075953523e+00 -1.249744794991231815e-03
5.854166666666666075e+00 1.020021964654566293e+00 -2.336536436257272663e-03
5.875000000000000000e+00 1.012710937916303289e+00 -1.194604218902805973e-03
5.895833333333333037e+00 1.007399387630472321e+00 2.231954860201153332e-03
5.916666666666666075e+00 1.003890100349272840e+00 -7.375573161191674226e-04
5.937500000000000000e+00 1.009099502242516433e+00 1.588190209546389529e-03
5.958333333333333037e+00 1.006480193087248454e+00 -5.212900822503847712e-04
5.979166666666666075e+00 1.006511512319268942e+00 -1.336542217060339129e-03
6.000000000000000000e+00 1.004445340978530776e+00 -2.038410100405047606e-03
6.020833333333333037e+00 1.015665795610664945e+00 -1.179279316681843166e-03
6.041666666666666075e+00 1.010776086600610801e+00 1.617485264195858219e-03
6.062500000000000000e+00 9.952528137177694134e-01 1.240560802834962608e-04
6.083333333333333037e+00 1.000307733048327652e+00 -9.183558183308055019e-04
6.104166666666666075e+00 9.953757309469483117e-01 6.664910706878199222e-04
6.125000000000000000e+00 9.942657831053919315e-01 -5.037986726762743459e-04
6.145833333333333037e+00 1.000778586042461393e+00 -1.979588038635257761e-03
6.166666666666666075e+00 1.002028310012735179e+00 -4.416380201862559894e-04
6.187500000000000000e+00 1.001445035114682192e+00 -3.046845679115828959e-03
6.208333333333333037e+00 1.001283208078400433e+00 8.492219768103726526e-04
6.229166666666666075e+00 9.974348394138194962e-01 4.201352080492117306e-04
6.250000000000000000e+00 1.001542187233786185e+00 -3.242599338872818242e-04
6.270833333333333037e+00 1.001807518987261059e+00 -3.036775372743867911e-04
6.291666666666666075e+00 1.009602845980245078e+00 -4.443539603089067007e-04
6.312500000000000000e+00 1.019105365116853568e+00 -1.389964430419208564e-03
6.333333333333333037e+00 1.018021453139806187e+00 6.015796868653341218e-04
6.354166666666666075e+00 1.025540263482104031e+00 -1.130157531398625096e-03
6.375000000000000000e+00 1.011083181207662829e+00 -3.557101093267333431e-04
6.395833333333333037e+00 1.004219498322819870e+00 1.396592741472873220e-03
6.416666666666666075e+00 9.994124514501627754e-01 1.670314593021320201e-03
6.437500000000000000e+00 1.001352645776876882e+00 -1.089432058146284433e-03
6.458333333333333037e+00 9.992461006741740759e-01 9.495735580489227156e-04
6.479166666666666075e+00 1.001203855912022656e+00 1.765061150720496908e-03
6.500000000000000000e+00 9.994399370066653354e-01 -6.742843330549507354e-04
6.520833333333333037e+00 9.975185694067004727e-01 -1.077858344705630257e-03
6.541666666666666075e+00 1.001579719484785747e+00 8.118031126531380587e-04
6.562500000000000000e+00 1.003550434088794185e+00 1.377900919220302568e-03
6.583333333333333037e+00 1.002648833911697679e+00 -6.675530231879205339e-04
6.604166666666666075e+00 1.001408634435077882e+00 -3.906912655970430875e-04
6.625000000000000000e+00 1.007222506571828546e+00 -4.887559056107409171e-04
6.645833333333333037e+00 1.008814657825248373e+00 -1.779077376341423142e-04
6.666666666666666075e+00 1.002260138292451863e+00 1.075345983066004589e-03
6.687500000000000000e+00 9.966450408577617326e-01 1.678258438023892945e-03
6.708333333333333037e+00 9.910298043139547097e-01 -1.342444373925662552e-04
6.729166666666666075e+00 9.940506902119197186e-01 4.820564529987741330e-05
6.750000000000000000e+00 1.003663761457039172e+00 -7.617093947065416018e-04
6.770833333333333037e+00 1.007823235884184765e+00 5.317452501722022074e-04
6.791666666666666075e+00 1.011584355989482376e+00 -3.640814165898693575e-04
6.812500000000000000e+00 1.013151945565076817e+00 1.813409950852574179e-03
6.833333333333333037e+00 1.013946665883410203e+00 -3.307758142944854140e-05
6.854166666666666075e+00 1.009581870167657991e+00 -1.000946165386011697e-03
6.875000000000000000e+00 1.012291041491020449e+00 2.235860933713207550e-03
6.895833333333333037e+00 1.004956254002010496e+00 5.568589566987456425e-04
6.916666666666666075e+00 1.005499256611661840e+00 -3.403296004076366947e-04
6.937500000000000000e+00 1.007804329827927337e+00 -1.025021135456202336e-03
6.958333333333333037e+00 1.001333594232841628e+00 -5.175380306785156131e-04
6.979166666666666075e+00 1.004045024617018056e+00 -8.624904516638956737e-04
7.000000000000000000e+00 9.956811690920993607e-01 -2.022683594346287572e-04
7.020833333333333037e+00 9.878363515855712595e-01 -2.780898722528544337e-03
7.041666666666666075e+00 9.940837725036730799e-01 -1.295149780168258768e-03
7.062500000000000000e+00 9.994680937327211634e-01 7.953725115863301840e-04
7.083333333333333037e+00 1.000162800565261412e+00 2.886139916050526363e-04
7.104166666666666075e+00 1.003677359499118849e+00 -1.718203735405239053e-03
7.125000000000000000e+00 1.007117446132642868e+00 -1.845569187083698605e-03
7.145833333333333037e+00 1.005044142425245424e+00 8.159250832716702720e-04
7.166666666666666075e+00 1.006629591241050559e+00 -2.646292664307376644e-03
7.187500000000000000e+00 1.008101238405999744e+00 2.071775403973889155e-03
7.208333333333333037e+00 1.003985781140358302e+00 1.361932306591888756e-03
7.229166666666666075e+00 1.003199920893931063e+00 4.998720254235704220e-04
7.250000000000000000e+00 1.008133518923350680e+00 1.421482763998593076e-03
7.270833333333333037e+00 1.018833367041130034e+00 -5.331844335607344295e-04
7.291666666666666075e+00 1.016641609493584841e+00 2.069807538369821277e-03
7.312500000000000000e+00 1.003996729120101072e+00 1.693464615879738695e-03
7.333333333333333037e+00 9.950781099631010873e-01 -3.419919629595174495e-04
7.354166666666666075e+00 9.899495691430882927e-01 -1.205017912815834055e-03
7.375000000000000000e+00 9.884212402820570231e-01 1.075172094477425773e-03
7.395833333333333037e+00 9.932550282056564761e-01 9.544663383663834749e-04
7.416666666666666075e+00 9.929645704367275894e-01 -6.878502747068274310e-04
7.437500000000000000e+00 9.954341161185209508e-01 1.106797281071371928e-04
7.458333333333333037e+00 9.985525099483697486e-01 -2.363303491420046341e-03
7.479166666666666075e+00 1.001519107745018955e+00 2.446066466451196891e-04
7.500000000000000000e+00 9.936670914587178993e-01 -2.633590340668008015e-03
7.520833333333333037e+00 9.908601979596857179e-01 1.491516034509558861e-03
7.541666666666666075e+00 9.920960045718750786e-01 8.413426537073691834e-04
7.562500000000000000e+00 9.936060655372239703e-01 1.186526213428124163e-03
7.583333333333333037e+00 9.971352844891646638e-01 8.054802185086463095e-04
7.604166666666666075e+00 9.967965239033722558e-01 4.321384922500387873e-04
7.625000000000000000e+00 9.855494126528216992e-01 3.902480721611446216e-04
7.645833333333333037e+00 9.814168139952536007e-01 -1.049374470037871634e-04
7.666666666666666075e+00 9.855483145599177597e-01 2.848391170047248015e-03
7.687500000000000000e+00 9.850544736838017235e-01 -7.612478728795582907e-04
7.708333333333333037e+00 9.946030227854953942e-01 4.269762368668676721e-04
7.729166666666666075e+00 9.983571213044317716e-01 4.005292037107311721e-04
7.750000000000000000e+00 1.007263114249497882e+00 1.187224425179674850e-03
7.770833333333333037e+00 1.015532642093772919e+00 -4.799820729850759362e-04
7.791666666666666075e+00 1.015346349223640532e+00 -4.400186289167791432e-04
7.812500000000000000e+00 1.010525247844525243e+00 3.000621434956317465e-04
7.833333333333333037e+00 1.004083223263982472e+00 -2.494382099502517294e-04
7.854166666666666075e+00 1.001061274200058415e+00 1.231824567855445895e-03
7.875000000000000000e+00 1.002801041971433937e+00 -1.965460823130287926e-03
7.895833333333333037e+00 1.001915460067194674e+00 6.174227553493878131e-04
7.916666666666666075e+00 1.000398234834530387e+00 -6.325994258240651017e-04
7.937500000000000000e+00 9.966990533338320191e-01 1.783962317225612796e-03
7.958333333333333037e+00 9.906544661935673401e-01 -1.202706770392427803e-03
7.979166666666666075e+00 9.923372828536217716e-01 6.247021136636475959e-04
8.000000000000000000e+00 9.940837781755058611e-01 1.679238479658406958e-03
8.020833333333332149e+00 9.998711463064575700e-01 -4.761785880798494728e-04
8.041666666666666075e+00 1.001934496243242156e+00 1.252238770114493796e-03
8.062500000000000000e+00 1.009117486588618107e+00 -2.295164708748059193e-04
8.083333333333332149e+00 1.012616772357855854e+00 -9.346071711877841680e-04
8.104166666666666075e+00 1.009312279705970594e+00 -4.739460001358820744e-04
8.125000000000000000e+00 1.004948349036182798e+00 -2.467236225084742766e-03
8.145833333333332149e+00 1.000371182813756477e+00 1.236467956073280649e-03
8.166666666666666075e+00 9.978531357508545474e-01 -6.669482105541820523e-04
8.187500000000000000e+00 1.008989847670490381e+00 1.795741637544234206e-03
8.208333333333332149e+00 1.013352505072330434e+00 -8.116852845663252887e-04
8.229166666666666075e+00 1.010346779364613923e+00 1.587121925866037198e-03
8.250000000000000000e+00 1.014099355858409046e+00 6.955064803562507935e-04
8.270833333333332149e+00 1.007533424610064676e+00 3.303635270305717991e-03
8.291666666666666075e+00 1.001589200929665635e+00 -1.215951467345722722e-03
8.312500000000000000e+00 1.003110918245102567e+00 -8.961593989050974270e-04
8.333333333333332149e+00 1.003419571761638540e+00 -8.324435726804949162e-04
8.354166666666666075e+00 1.004175202909801223e+00 7.295759130344764681e-04
8.375000000000000000e+00 1.010636637734081411e+00 -2.805864847353871242e-04
8.395833333333332149e+00 1.008321343624280386e+00 -6.537906187841455727e-04
8.416666666666666075e+00 1.003797039826187953e+00 8.883462633389976708e-04
8.437500000000000000e+00 1.002385067432341570e+00 4.254893209868163689e-04
8.458333333333332149e+00 9.944931227966190557e-01 -6.761502877294331979e-04
8.479166666666666075e+00 9.992189939208654392e-01 -2.110556596994614311e-03
8.500000000000000000e+00 1.002527667251027044e+00 -1.763869440607619340e-03
8.520833333333332149e+00 1.000658444066112596e+00 5.155628576707435703e-04
8.541666666666666075e+00 1.005117866143010241e+00 2.180656712472561418e-03
8.562500000000000000e+00 1.003499366234686940e+00 -8.305092004931950711e-04
8.583333333333332149e+00 9.978634609151439960e-01 -1.836281301078834761e-03
8.604166666666666075e+00 1.001014044594974450e+00 -1.591181642399648339e-03
8.625000000000000000e+00 9.967090215879491621e-01 2.458174157018429545e-03
8.645833333333332149e+00 9.992374066363259866e-01 -4.676132738171134839e-04
8.666666666666666075e+00 1.009632918743980756e+00 1.445030294602584061e-04
8.687500000000000000e+00 1.018804719567045325e+00 -5.811472029248755363e-04
8.708333333333332149e+00 1.020134351867750144e+00 2.622061221422406635e-03
8.729166666666666075e+00 1.021141835967707578e+00 -1.735624286440594724e-04
8.750000000000000000e+00 1.017405472307818970e+00 -1.674955266879085995e-04
8.770833333333332149e+00 1.005007414844384828e+00 -6.298892319452487195e-04
8.791666666666666075e+00 1.002213335262335914e+00 1.795365321986060149e-03
8.812500000000000000e+00 1.000876153946950620e+00 -2.841746040163484329e-04
8.833333333333332149e+00 1.006816422552680335e+00 -2.376242486268315742e-03
8.854166666666666075e+00 1.002420300434098577e+00 3.493407280471190783e-04
8.875000000000000000e+00 9.977165510277142824e-01 1.468119089669476639e-03
8.895833333333332149e+00 9.997876944149648448e-01 1.637775702677035650e-03
8.916666666666666075e+00 9.974700590632692432e-01 -7.068397591653563516e-04
8.937500000000000000e+00 9.965355295345165176e-01 -1.024263161799910142e-04
8.958333333333332149e+00 1.000910447540068082e+00 -4.790481737166705904e-04
8.979166666666666075e+00 1.005477261278500567e+00 -5.943275463359968050e-04
9.000000000000000000e+00 1.008024700922439232e+00 1.105419641975412346e-03
9.020833333333332149e+00 1.013618499963767627e+00 3.707926391908983408e-04
9.041666666666666075e+00 1.013617192922249277e+00 -5.939177293542683995e-04
9.062500000000000000e+00 1.004252312021560734e+00 2.510816730812516322e-03
9.083333333333332149e+00 9.972738224703660004e-01 -7.914256031817901117e-04
9.104166666666666075e+00 9.930557707188611971e-01 6.879891860684477205e-04
9.125000000000000000e+00 9.984880324094623782e-01 -5.419717247727443487e-04
9.145833333333332149e+00 1.003988569616664828e+00 -1.979272686546898995e-03
9.166666666666666075e+00 1.006450248472097853e+00 -2.515887352881188480e-05
9.187500000000000000e+00 1.008025223112659630e+00 -9.369459946829925565e-04
9.208333333333332149e+00 1.013063150609063934e+00 1.430528477066988482e-03
9.229166666666666075e+00 1.013485653008420195e+00 -7.489512512517382519e-04
9.250000000000000000e+00 1.008827954990495268e+00 4.866389743331609444e-05
9.270833333333332149e+00 1.005432237919362759e+00 1.872261342053298944e-03
9.291666666666666075e+00 1.004761996012898173e+00 2.347620568312463411e-03
9.312500000000000000e+00 1.011594270272216711e+00 -1.094171280113143303e-03
9.333333333333332149e+00 1.010511289511048183e+00 -2.021919159452851590e-03
9.354166666666666075e+00 1.008290589389360337e+00 -7.451173248470260163e-04
9.375000000000000000e+00 9.967770456083816510e-01 4.855035438244794570e-04
9.395833333333332149e+00 9.954441721866338355e-01 -5.930450412537807307e-05
9.416666666666666075e+00 9.935353416685401839e-01 3.991401417228729700e-05
9.437500000000000000e+00 9.997784495709811647e-01 1.633181136903590720e-03
9.458333333333332149e+00 1.001283080271572645e+00 -3.646797622611368294e-04
9.479166666666666075e+00 1.005735636656302390e+00 -5.584530130301677527e-04
9.500000000000000000e+00 1.005393796367676895e+00 -7.227533984292139075e-04
9.520833333333332149e+00 1.008485470881210766e+00 3.575162581658516492e-04
9.541666666666666075e+00 1.014016087952854805e+00 1.557522772063009214e-03
9.562500000000000000e+00 1.003165270844053714e+00 -6.924047710644548864e-04
9.583333333333332149e+00 9.984800832737406040e-01 1.420570571783259534e-03
9.604166666666666075e+00 1.003716691997944110e+00 -2.636348726641988497e-03
9.625000000000000000e+00 1.014705704214516890e+00 1.829425842740131614e-04
9.645833333333332149e+00 1.017687152239986625e+00 4.615738756315657977e-04
9.666666666666666075e+00 1.021218793069681663e+00 -7.544872013814101115e-04
9.687500000000000000e+00 1.014929062205447652e+00 1.874815199086191488e-03
9.708333333333332149e+00 1.008629138505311884e+00 -1.447347819541171395e-04
9.729166666666666075e+00 1.003560176677924298e+00 -4.583964330876874236e-04
9.750000000000000000e+00 1.001462197709431790e+00 -1.303046410212040963e-03
9.770833333333332149e+00 9.976199384789048441e-01 1.637290676858792985e-03
9.791666666666666075e+00 9.994139271502043842e-01 5.716326926806144506e-04
9.812500000000000000e+00 9.956767334809402126e-01 5.134649588784559546e-04
9.833333333333332149e+00 1.003627341880719337e+00 1.481148257354756703e-03
9.854166666666666075e+00 1.002653596199521768e+00 -7.203666007809630175e-04
9.875000000000000000e+00 9.992373123242448418e-01 1.072242639762840304e-03
9.895833333333332149e+00 9.996328093490539635e-01 4.196793979267378436e-04
9.916666666666666075e+00 9.995906822581677176e-01 1.799242494786857641e-04
9.937500000000000000e+00 1.011598506413869503e+00 -4.491355820656882662e-04
9.958333333333332149e+00 1.010190104103450004e+00 -8.693679683790137089e-04
9.979166666666666075e+00 1.013272378669110463e+00 2.572937248710300802e-04
1.000000000000000000e+01 1.008370961346791495e+00 5.062336434695757217e-04
1.002083333333333215e+01 9.977791378738350980e-01 1.083788442597049964e-03
1.004166666666666607e+01 9.949476977354863028e-01 -1.655198397047226563e-03
1.006250000000000000e+01 9.980106328479712019e-01 2.300376346541165799e-03
1.008333333333333215e+01 9.971688893793061448e-01 1.102854530590483776e-03
1.010416666666666607e+01 1.003023752519337508e+00 4.125308576248486159e-04
1.012500000000000000e+01 1.012565234908880063e+00 -1.210034992942938831e-03
1.014583333333333215e+01 1.016735384472579273e+00 -5.179851538657715727e-04
1.016666666666666607e+01 1.014659859764294181e+00 -1.415992265752746013e-03
1.018750000000000000e+01 1.013023990819992726e+00 -7.413873939274238109e-04
1.020833333333333215e+01 1.004452199874281249e+00 2.314899440245270668e-04
1.022916666666666607e+01 1.000954137889525253e+00 -6.186913976240919532e-04
1.025000000000000000e+01 1.006013285404878665e+00 9.567536537237761405e-04
1.027083333333333215e+01 1.001995137892943477e+00 4.888720545407879061e-04
1.029166666666666607e+01 1.003898289735026372e+00 -2.003614419726202495e-03
1.031250000000000000e+01 9.953776724320176905e-01 7.515685231178685600e-04
1.033333333333333215e+01 9.919398311559887160e-01 -7.343292436358628229e-04
1.035416666666666607e+01 9.873724279142361837e-01 1.802043338789108880e-03
1.037500000000000000e+01 9.909801168287217799e-01 1.278780456187390358e-03
1.039583333333333215e+01 9.893207637907408536e-01 1.255225333937937202e-03
1.041666666666666607e+01 9.975825416825433445e-01 -2.388693150329331775e-04
1.043750000000000000e+01 1.010320173540299793e+00 -4.897154124047192573e-04
1.045833333333333215e+01 1.018412519766930258e+00 8.443214380566291472e-04
1.047916666666666607e+01 1.009816050692817990e+00 5.959756305758917398e-04
1.050000000000000000e+01 1.004790749399065986e+00 -2.201442183767911547e-03
1.052083333333333215e+01 9.968935036062570587e-01 3.425405498483784271e-04
1.054166666666666607e+01 1.000945801124631274e+00 -1.212903131211082132e-03
1.056250000000000000e+01 1.005683685603614208e+00 -7.343983248742984001e-04
1.058333333333333215e+01 1.012110364611859215e+00 7.820257493908000599e-04
1.060416666666666607e+01 1.003443678725640664e+00 -7.260120442240712915e-04
1.062500000000000000e+01 1.006289527134675232e+00 4.937409173088293723e-04
1.064583333333333215e+01 1.003466836230689330e+00 1.038348176300931427e-04
1.066666666666666607e+01 9.957751737624231936e-01 -3.558711570009427048e-05
1.068750000000000000e+01 9.899560745509219384e-01 -2.071074805122080122e-03
1.070833333333333215e+01 9.756676260687702218e-01 -3.632299851977603558e-04
1.072916666666666607e+01 9.698887349819026449e-01 3.839245633957150692e-04
1.075000000000000000e+01 9.764971129099170311e-01 6.786673011645791547e-04
1.077083333333333215e+01 9.774726573597196655e-01 5.298766994331863430e-05
1.079166666666666607e+01 9.775034473413988234e-01 3.118277136676267554e-03
1.081250000000000000e+01 9.682575635696553107e-01 -1.779446325991333169e-03
1.083333333333333215e+01 9.647557505206955097e-01 5.921381317228765042e-04
1.085416666666666607e+01 9.633590392992799067e-01 -1.064838760863828998e-03
1.087500000000000000e+01 9.667743473008540978e-01 1.745399403310830821e-03
1.089583333333333215e+01 9.718370658835099318e-01 4.244099330084613597e-03
1.091666666666666607e+01 9.759538640532220422e-01 1.399606139239589547e-03
1.093750000000000000e+01 9.735901653876074535e-01 1.139377762227432875e-03
1.095833333333333215e+01 9.742025574351564909e-01 1.665776682758918464e-04
1.097916666666666607e+01 9.712897841068548477e-01 8.333413597939928058e-04
1.100000000000000000e+01 9.683558278557418131e-01 8.768609954246731671e-04
1.102083333333333215e+01 9.661984007182951029e-01 -4.922799753996077434e-04
1.104166666666666607e+01 9.768878599689185815e-01 -7.385219822679444041e-04
1.106250000000000000e+01 9.953604776968733026e-01 8.593847983963453846e-04
1.108333333333333215e+01 1.005169051705141925e+00 1.781783777482017460e-03
1.110416666666666607e+01 1.012349676964143130e+00 1.463270474711068870e-03
1.112500000000000000e+01 1.009156014664572831e+00 -1.368220606700261063e-03
1.114583333333333215e+01 1.002784207242799264e+00 -2.982673562509468614e-03
1.116666666666666607e+01 9.989402192111919154e-01 1.107695139386980323e-04
1.118750000000000000e+01 9.998982229064378169e-01 -8.270936527607038787e-04
1.120833333333333215e+01 1.003364286006084738e+00 -1.668249030833029826e-03
1.122916666666666607e+01 9.951508449330728201e-01 -2.504417700659798077e-03
1.125000000000000000e+01 9.922665637227660040e-01 6.931936668010667702e-04
1.127083333333333215e+01 9.900877546380957295e-01 -1.241283689469675289e-03
1.129166666666666607e+01 9.909422827881060325e-01 3.643945684670405112e-04
1.131250000000000000e+01 9.857475162319644379e-01 -5.061908948189864895e-04
1.133333333333333215e+01 9.871541611652798753e-01 -4.443690992338497213e-04
1.135416666666666607e+01 9.933076223788851467e-01 -7.698044727322078890e-04
1.137500000000000000e+01 1.005789159136691868e+00 9.129303356936968551e-04
1.139583333333333215e+01 1.010872057941865965e+00 5.128791287241883656e-04
1.141666666666666607e+01 1.013266401580494191e+00 -1.772333103250382108e-04
1.143750000000000000e+01 1.009774209427857228e+00 2.438343692999163820e-05
1.145833333333333215e+01 1.007778185913181357e+00 7.788374663331833290e-04
1.147916666666666607e+01 1.002958908742505040e+00 3.942481640444409378e-04
1.150000000000000000e+01 9.989794305998327406e-01 2.707228285439953900e-04
1.152083333333333215e+01 1.002274507569957063e+00 -6.730173478274519916e-05
1.154166666666666607e+01 1.004142174497037798e+00 -3.996979826284278634e-04
1.156250000000000000e+01 1.008962926832551510e+00 -5.894954959059963816e-04
1.158333333333333215e+01 1.009912183441438849e+00 -7.120679410144773163e-04
1.160416666666666607e+01 1.007238548703859982e+00 1.441927088953470857e-03
1.162500000000000000e+01 1.000144824011662603e+00 -1.322512337197598049e-04
1.164583333333333215e+01 9.992895985655851909e-01 2.500570909910098468e-04
1.166666666666666607e+01 1.002300916782092211e+00 4.653079710190430405e-04
1.168750000000000000e+01 1.007292677584834983e+00 7.126021442904364566e-05
1.170833333333333215e+01 1.004737515490402799e+00 1.450103222733585377e-03
1.172916666666666607e+01 1.006205507725683512e+00 1.053181039366258556e-03
1.175000000000000000e+01 1.001382383294326051e+00 3.456134691078420213e-03
1.177083333333333215e+01 9.922165698189761018e-01 -9.109832566894702187e-04
1.179166666666666607e+01 9.937053838512746040e-01 -6.559962865327950482e-04
1.181250000000000000e+01 9.974319978058856506e-01 -1.042168412345714648e-03
1.183333333333333215e+01 9.947095677955887227e-01 -9.982248560553978224e-04
1.185416666666666607e+01 9.990808480089052868e-01 1.163728373388260790e-03
1.187500000000000000e+01 1.011893405723765627e+00 -1.384685586951405530e-03
1.189583333333333215e+01 1.006708231800165665e+00 2.651763064954685417e-04
1.191666666666666607e+01 1.006304775907945981e+00 2.864392946699611609e-04
1.193750000000000000e+01 1.003598471467967768e+00 -8.646453408108323952e-04
1.195833333333333215e+01 9.996686949578826864e-01 9.489961723254437289e-05
1.197916666666666607e+01 1.003755021267803027e+00 -2.725717953469191735e-04
1.200000000000000000e+01 1.008654315702824933e+00 -4.596390008761231435e-04
1.202083333333333215e+01 1.016568527533482591e+00 2.256377746274509585e-03
1.204166666666666607e+01 1.017778330843644108e+00 2.291313693317615296e-04
1.206250000000000000e+01 1.015634025089761527e+00 6.605038866826570950e-05
1.208333333333333215e+01 1.015451268704647081e+00 6.951000553236351409e-04
1.210416666666666607e+01 1.009171974586722920e+00 1.357530684779026907e-03
1.212500000000000000e+01 1.001682316958229624e+00 -1.033872936480562067e-03
1.214583333333333215e+01 9.987347056072221063e-01 9.770287543255178585e-04
1.216666666666666607e+01 9.983660778968209693e-01 -1.719882649187514127e-03
1.218750000000000000e+01 1.000844084914910503e+00 -9.763386136576965866e-04
1.220833333333333215e+01 1.000829569204742198e+00 -1.010622543408276576e-03
1.222916666666666607e+01 9.998756541585894775e-01 1.672142924557240388e-03
1.225000000000000000e+01 9.941472569283917871e-01 4.822925964766138656e-04
1.227083333333333215e+01 9.922058726980983456e-01 -7.482488615049129495e-04
1.229166666666666607e+01 9.976806859161930774e-01 -2.000067801070045271e-03
1.231250000000000000e+01 1.009336586741597097e+00 -7.026345996120951596e-04
1.233333333333333215e+01 1.012905448345311932e+00 -6.736705823694030468e-04
1.235416666666666607e+01 1.016175201171152453e+00 -1.992053536988269962e-03
1.237500000000000000e+01 1.011365057717394933e+00 -2.234930331625385128e-03
1.239583333333333215e+01 1.012479224035086833e+00 -1.372799229592771078e-03
1.241666666666666607e+01 1.006610494498714647e+00 -1.430230470338801326e-03
1.243750000000000000e+01 9.972958194368632956e-01 1.708733812385059491e-04
1.245833333333333215e+01 9.956696216600776639e-01 6.442229613584691357e-04
1.247916666666666607e+01 1.000019836106204707e+00 1.981234636088976913e-04
1.452083333333333215e+01 1.001502517657490987e+00 2.412899577519898257e-03
1.454166666666666607e+01 9.991994652843968483e-01 1.179257155626311062e-03
1.456250000000000000e+01 1.001157475423786858e+00 -1.438305981653835008e-04
1.458333333333333215e+01 1.004033228380178500e+00 1.829222654327953071e-03
1.460416666666666607e+01 9.986273588458667305e-01 8.522781977581800989e-04
1.462500000000000000e+01 9.881989355299544142e-01 2.943058425312467669e-03
1.464583333333333215e+01 9.845916563277123945e-01 1.736467808434754038e-03
1.466666666666666607e+01 9.940411839614371470e-01 1.578082364263212875e-03
1.468750000000000000e+01 1.003534834478023718e+00 -2.092343466666501429e-03
1.470833333333333215e+01 1.009332980967030613e+00 -4.905342169325390333e-04
1.472916666666666607e+01 1.011656416728218932e+00 1.330495322050166815e-03
1.475000000000000000e+01 1.020347433729226871e+00 -7.694657807047352270e-04
1.477083333333333215e+01 1.021111884012684046e+00 -5.965927724988016444e-04
1.479166666666666607e+01 1.010793439491366685e+00 9.733970644415030011e-04
1.481250000000000000e+01 1.008644946498692629e+00 -1.924416282487153001e-03
1.483333333333333215e+01 1.003396082553152491e+00 -7.335619103245897762e-04
1.485416666666666607e+01 1.000307950818779101e+00 -7.336489370962835394e-04
1.487500000000000000e+01 1.010208131596610714e+00 -5.377960154229243298e-05
1.489583333333333215e+01 1.008263261784715592e+00 -2.890712794475083953e-03
1.491666666666666607e+01 1.006043206139496826e+00 -1.010810162063531872e-03
1.493750000000000000e+01 9.990785903736407736e-01 -4.781572657301108717e-04
1.495833333333333215e+01 1.001622921103320296e+00 -1.056201529776616991e-03
1.497916666666666607e+01 9.994070694679603184e-01 -4.499670039027532935e-04
1.500000000000000000e+01 1.006066612992244425e+00 -4.985677596554616894e-04
1.502083333333333215e+01 1.010820382609428192e+00 -1.217703715388285821e-03
1.504166666666666607e+01 1.006777958709538678e+00 -4.669862561764044889e-04
1.506250000000000000e+01 1.006708255632285942e+00 -7.130347712888937322e-04
1.508333333333333215e+01 1.006445201993608540e+00 1.363315415251114019e-03
1.510416666666666607e+01 9.972763242863874611e-01 -1.050986839313990768e-03
1.512500000000000000e+01 9.922033788646639207e-01 -2.736401482799061106e-04
1.514583333333333215e+01 9.916141496752783890e-01 -3.104526028710561953e-03
1.516666666666666607e+01 9.968010603551766824e-01 1.740434046864070905e-03
1.518750000000000000e+01 1.007416649237836692e+00 9.033156301172372716e-04
1.520833333333333215e+01 1.008392732850521778e+00 -3.052269302262889446e-03
1.522916666666666607e+01 1.016567472057460009e+00 -6.430681471820896529e-04
1.525000000000000000e+01 1.012309710138318497e+00 8.985653106577405668e-04
1.527083333333333215e+01 1.006802343459370253e+00 -7.730567457383227847e-05
1.529166666666666607e+01 1.012027550412373911e+00 -1.336937066805306794e-03
1.531250000000000000e+01 1.010781505500817357e+00 -1.212003089275373244e-03
1.533333333333333215e+01 1.014846876795521879e+00 -1.415223288872992217e-04
1.535416666666666607e+01 1.010990053883442430e+00 1.289139733804579944e-03
1.537500000000000000e+01 1.010901500104581796e+00 8.268203727045470497e-04
1.539583333333333215e+01 1.010968798845243377e+00 -1.592378994950547494e-03
1.541666666666666607e+01 1.005817191621353413e+00 -2.756219717736871637e-04
1.543750000000000000e+01 9.986726720895349185e-01 6.368268967997381532e-04
1.545833333333333215e+01 9.964862245769330329e-01 -6.001815138529667336e-05
1.547916666666666607e+01 9.983632350044120418e-01 -1.591803297026698734e-03
1.550000000000000000e+01 1.006765268831178561e+00 -3.467803606102913723e-03
1.552083333333333215e+01 1.004895088681116322e+00 -2.599965213614231427e-03
1.554166666666666607e+01 1.001612200607868042e+00 6.786282769834252587e-04
1.556250000000000000e+01 9.920902258039895338e-01 -1.298816670413710820e-03
1.558333333333333215e+01 9.955073948287269658e-01 5.554824645054790488e-04
1.560416666666666607e+01 9.954010252462828223e-01 3.524068096465843552e-04
1.562500000000000000e+01 9.999359790701883854e-01 1.492892601275844222e-03
1.564583333333333215e+01 1.009875881976360468e+00 -1.188364144232095148e-03
1.566666666666666607e+01 1.016121686272760893e+00 2.881431172328466220e-04
1.568750000000000000e+01 1.019215209773651765e+00 1.570034141579809391e-03
1.570833333333333215e+01 1.016711280340323542e+00 -1.399559494139021023e-03
1.572916666666666607e+01 1.015830440758743958e+00 1.997647206066475046e-03
1.575000000000000000e+01 1.005921199133929411e+00 1.056943314576700701e-03
1.577083333333333215e+01 9.939364813330935355e-01 -8.374612250831270604e-05
1.579166666666666607e+01 1.004933455385955909e+00 -5.580069135259958400e-04
1.581250000000000000e+01 1.004993376233710212e+00 8.371474309144002991e-04
1.583333333333333215e+01 1.003836352814025057e+00 1.968758581590108678e-04
1.585416666666666607e+01 1.003206014120751055e+00 9.997344771430177572e-04
1.587500000000000000e+01 1.001016031640871384e+00 -1.045066269256877088e-03
1.589583333333333215e+01 1.006031571576359251e+00 -1.079490048661959533e-04
1.591666666666666607e+01 1.006953415616747671e+00 1.039599470839957726e-03
1.593750000000000000e+01 1.002532533276271565e+00 3.208811431293868348e-04
1.595833333333333215e+01 1.006006917348178487e+00 3.288704246700336307e-03
1.597916666666666607e+01 1.009132355923262114e+00 1.465892540628726355e-03
1.600000000000000000e+01 1.007975349574074198e+00 -2.502118166296723252e-04
1.602083333333333215e+01 1.005719008439164952e+00 -3.181786491172069412e-04
1.604166666666666430e+01 1.000345308174456216e+00 2.056483493180786745e-04
1.606250000000000000e+01 9.925154943809360031e-01 9.212752727308292852e-04
1.608333333333333215e+01 9.884883517965927791e-01 2.476873340376769400e-03
1.610416666666666430e+01 9.945211490724767955e-01 1.587230540412871375e-03
1.612500000000000000e+01 1.004029161522629776e+00 -5.155206834170670757e-04
1.614583333333333215e+01 1.008500127356195986e+00 -1.263114506548892102e-03
1.616666666666666430e+01 1.013846209834482703e+00 -8.898547822699565298e-04
1.618750000000000000e+01 1.010687488284792268e+00 1.697654607516010689e-04
1.620833333333333215e+01 1.013088547675015105e+00 -9.040343165067693185e-04
1.622916666666666430e+01 1.017430529578912113e+00 -1.854631058279180124e-03
1.625000000000000000e+01 1.010481831656272478e+00 4.938244847985418266e-04
1.627083333333333215e+01 1.009535436920757423e+00 9.963003360183085133e-05
1.629166666666666430e+01 1.003898383431760966e+00 1.285059440825050362e-03
1.631250000000000000e+01 1.011614583742633799e+00 -7.730481963386699610e-04
1.633333333333333215e+01 1.007601058737214617e+00 1.486248821130720186e-03
1.635416666666666430e+01 1.007319623129660169e+00 4.716249129610579588e-04
1.637500000000000000e+01 9.921402680251411033e-01 4.960024437515830583e-04
1.639583333333333215e+01 9.916988173642121707e-01 1.403535676183123137e-04
1.641666666666666430e+01 9.977666360134522794e-01 -2.063295845874060395e-04
1.643750000000000000e+01 9.953321154975621754e-01 -5.499330763241704620e-04
1.645833333333333215e+01 1.000862940776321430e+00 1.809056276267707137e-03
1.647916666666666430e+01 1.001576413928821463e+00 9.527997452296563556e-04
1.650000000000000000e+01 9.953425269026541233e-01 -8.866017611331848984e-04
1.652083333333333215e+01 1.003151621217843292e+00 9.147809768018996942e-04
1.654166666666666430e+01 1.000688653852083165e+00 7.483462478725176441e-04
1.656250000000000000e+01 9.956453855448235135e-01 -9.598955138115600281e-04
1.658333333333333215e+01 1.006835494069875603e+00 -5.283477671935056389e-04
1.660416666666666430e+01 1.009092186890902187e+00 -4.565952042036252700e-04
1.662500000000000000e+01 1.011913191927104494e+00 1.595373234834463047e-03
1.664583333333333215e+01 1.015011792417484182e+00 -8.745687659119161846e-04
1.666666666666666430e+01 1.011241736780404743e+00 -3.495648070486262270e-05
1.668750000000000000e+01 1.005002034956783197e+00 -1.655959201025885858e-03
1.670833333333333215e+01 1.002992955058167102e+00 3.681563784755412483e-05
1.672916666666666430e+01 9.945285810126186510e-01 -2.979697839341025620e-04
1.675000000000000000e+01 9.986602520377180214e-01 -2.768829730265539657e-04
1.677083333333333215e+01 1.004595446090149835e+00 -4.538576653523466249e-04
1.679166666666666430e+01 1.002262821033440110e+00 1.496070966034658252e-03
1.681250000000000000e+01 1.006792273128360948e+00 -3.458253437710916340e-04
1.683333333333333215e+01 1.006386975584482979e+00 2.041201118114818844e-04
1.685416666666666430e+01 1.002979013783719342e+00 -1.721197089787035819e-04
1.687500000000000000e+01 1.001196522411405221e+00 5.376524724189859919e-04
1.689583333333333215e+01 9.950752492475702926e-01 -1.341577380848375236e-03
1.691666666666666430e+01 1.002771251413438591e+00 -1.143853505843672085e-03
1.693750000000000000e+01 1.003131261235674643e+00 1.260657529900549535e-03
1.695833333333333215e+01 9.997980236963451839e-01 -8.063200423389930071e-04
1.697916666666666430e+01 9.949112122702298278e-01 5.631240244580841287e-04
1.700000000000000000e+01 9.791990263045833309e-01 -8.700887158251442580e-04
1.702083333333333215e+01 9.663990062734475472e-01 -1.798468408446899085e-04
1.704166666666666430e+01 9.675058393533539913e-01 -2.090275051767111376e-03
1.706250000000000000e+01 9.737091226745602235e-01 -1.204207658442883223e-03
1.708333333333333215e+01 9.795881517694999818e-01 9.844504163627892934e-04
1.710416666666666430e+01 9.808036312186803052e-01 -5.127556709579466927e-04
1.712500000000000000e+01 9.868415232287686134e-01 -1.641046245248674838e-03
1.714583333333333215e+01 9.914249690475461785e-01 1.177508983976149328e-03
1.716666666666666430e+01 9.831948822683502787e-01 7.994439548830786909e-04
1.718750000000000000e+01 9.778284365599821948e-01 -2.804557435039241558e-04
1.720833333333333215e+01 9.726887120206745285e-01 1.691207914918102777e-03
1.722916666666666430e+01 9.718315706086583239e-01 8.044009891201153858e-04
1.725000000000000000e+01 9.785587769367496414e-01 2.403866988514941221e-05
1.727083333333333215e+01 9.780256682686804259e-01 -7.686057554579004509e-04
1.729166666666666430e+01 9.680998028293131830e-01 2.608641288239363452e-03
1.731250000000000000e+01 9.683154675057785710e-01 -1.847209005384262798e-04
1.733333333333333215e+01 9.677246311406709767e-01 2.860780870992713117e-03
1.735416666666666430e+01 9.691552947068508006e-01 -9.332420339266024741e-05
1.737500000000000000e+01 9.789199404289031792e-01 -7.760648421295956870e-04
1.739583333333333215e+01 9.878400886222283850e-01 6.488242177320598060e-04
1.741666666666666430e+01 1.000870637807931507e+00 9.976473106476679061e-04
1.743750000000000000e+01 1.006217316311843524e+00 -1.515524330148191852e-03
1.745833333333333215e+01 1.005996946951735360e+00 -7.978722873914011844e-04
1.747916666666666430e+01 9.973704996199920236e-01 9.330271086855407205e-04
1.750000000000000000e+01 9.960840990108474902e-01 -9.287722736739221921e-04
1.752083333333333215e+01 9.921842818384630780e-01 1.762873152275153078e-03
1.754166666666666430e+01 9.928869747832405057e-01 -2.027104824751101673e-03
1.756250000000000000e+01 1.002249460548109150e+00 -4.560788322430088488e-05
1.758333333333333215e+01 1.004160650909123431e+00 -1.077273821792609342e-03
1.760416666666666430e+01 1.009490506814942901e+00 -1.602863452227928226e-03
1.762500000000000000e+01 1.003434922489714110e+00 -2.111243102683777774e-03
1.764583333333333215e+01 1.002261439104407570e+00 6.482227543032670391e-04
1.766666666666666430e+01 9.973875652975896511e-01 2.511080481037806112e-04
1.768750000000000000e+01 1.004719730698319102e+00 -1.862901999818288414e-03
1.770833333333333215e+01 1.005554796525917283e+00 -1.318562177228478540e-04
1.772916666666666430e+01 1.006763330763110087e+00 -3.763132611355201359e-04
1.775000000000000000e+01 1.010364359332275974e+00 -1.215702800497813147e-03
1.777083333333333215e+01 1.006639779825255543e+00 -1.831091286705765651e-04
1.779166666666666430e+01 1.001234541587067595e+00 1.330368851623808541e-03
1.781250000000000000e+01 9.921214675231821989e-01 -1.420352494241405123e-03
1.783333333333333215e+01 9.943090204311597624e-01 9.788014866570478398e-04
1.785416666666666430e+01 1.001831790248702392e+00 -2.548938458095450620e-03
1.787500000000000000e+01 9.959967894532798516e-01 9.540154487548627030e-04
1.789583333333333215e+01 1.001279243690015752e+00 1.054845142685500786e-03
1.791666666666666430e+01 9.988189533173498225e-01 -2.149021980301026751e-04
1.793750000000000000e+01 9.971043206281058335e-01 -1.564155906531022194e-04
1.795833333333333215e+01 9.939223358263716834e-01 -1.687456684529364120e-03
1.797916666666666430e+01 9.997650319700891464e-01 -8.924949060064603628e-04
1.800000000000000000e+01 9.956180523855694409e-01 -7.806716057942308939e-04
1.802083333333333215e+01 1.000078832567302900e+00 -5.723677287033642012e-04
1.804166666666666430e+01 1.012868703604752119e+00 -2.707702512349508938e-03
1.806250000000000000e+01 1.016584074465217480e+00 1.980126192885722173e-03
1.808333333333333215e+01 1.021659765641679041e+00 1.126917123368194849e-03
1.810416666666666430e+01 1.019981059617178554e+00 9.024086399205777332e-04
1.812500000000000000e+01 1.013374748548327320e+00 7.007818889651718040e-04
1.814583333333333215e+01 1.006004917640832552e+00 2.229788332720720676e-03
1.816666666666666430e+01 1.002240147504899648e+00 -2.393342172958440068e-04
1.818750000000000000e+01 1.002709815869166965e+00 -4.058850747857379671e-04
1.820833333333333215e+01 1.004415664566270516e+00 -6.552443621285294504e-04
1.822916666666666430e+01 1.002101114250327552e+00 -9.662559245984161244e-04
1.825000000000000000e+01 9.955279803300899344e-01 1.744182631984507144e-04
1.827083333333333215e+01 9.976048422504510960e-01 -1.853165441685856118e-04
1.829166666666666430e+01 9.988830271555489970e-01 2.512760452302168542e-04
1.831250000000000000e+01 9.986171415388646055e-01 -8.937575745107850973e-04
1.833333333333333215e+01 1.005632338412123516e+00 -2.165880255642396810e-03
1.835416666666666430e+01 1.007297765196561112e+00 -5.546396441131101794e-04
1.837500000000000000e+01 1.015713861550399999e+00 -6.104884373639787604e-04
1.839583333333333215e+01 1.016148867511494469e+00 -5.697133573746592829e-04
1.841666666666666430e+01 1.010220920760890762e+00 3.631775882735741365e-05
1.843750000000000000e+01 1.003250096677813730e+00 4.016779908382733777e-04
1.845833333333333215e+01 9.900043892097455389e-01 -1.935612493620315379e-04
1.847916666666666430e+01 9.958519846087928729e-01 1.416775362047119824e-03
1.850000000000000000e+01 1.003736625504837443e+00 -4.065673815506184508e-04
1.852083333333333215e+01 1.003789974312532918e+00 -9.238483777628036858e-04
1.854166666666666430e+01 1.005226320134891216e+00 2.957920970619283465e-03
1.856250000000000000e+01 1.008599431925324641e+00 5.050555557875521795e-04
1.858333333333333215e+01 1.016617295009072164e+00 1.373733189715745312e-03
1.860416666666666430e+01 1.013272177449411338e+00 2.057173499584453048e-03
1.862500000000000000e+01 1.009495383733471474e+00 -4.901234450228158764e-04
1.864583333333333215e+01 1.010289651047001858e+00 -2.052918044822794820e-04
1.866666666666666430e+01 1.011011452769932539e+00 2.246573109226446870e-03
1.868750000000000000e+01 1.013325381644908152e+00 1.538141899444692151e-03
1.870833333333333215e+01 1.007446548273244868e+00 -6.404141380060380867e-04
1.872916666666666430e+01 9.984581773328775611e-01 -2.337097499152365927e-03
1.875000000000000000e+01 9.953234208011041417e-01 -1.488692117047566040e-04
1.877083333333333215e+01 9.910430829492580251e-01 6.947650810482175823e-04
1.879166666666666430e+01 9.960732225882062973e-01 -3.271523036912873830e-04
1.881250000000000000e+01 9.975876523529069173e-01 -3.186997577104534957e-04
1.883333333333333215e+01 1.002725997785550938e+00 -2.876110871400929469e-04
1.885416666666666430e+01 1.000259753048876377e+00 3.728913731645901891e-04
1.887500000000000000e+01 1.010055698716918249e+00 -3.774198398139696543e-04
1.889583333333333215e+01 1.004331240518526736e+00 1.670582225753902651e-03
1.891666666666666430e+01 9.999344036453128304e-01 -1.824020888986383078e-04
1.893750000000000000e+01 1.000308905130831594e+00 -9.871487933526344304e-04
1.895833333333333215e+01 1.004104371051491418e+00 7.837638947516201637e-04
1.897916666666666430e+01 1.008873111100853093e+00 1.110105181325529147e-03
1.900000000000000000e+01 1.014886763099595468e+00 3.409533734523105932e-05
1.902083333333333215e+01 1.017787774856294458e+00 6.197545225803648616e-04
1.904166666666666430e+01 1.010335939143344852e+00 1.745955700372496750e-03
1.906250000000000000e+01 1.010820542193061167e+00 4.639909083221844025e-04
1.908333333333333215e+01 1.006118734340131660e+00 -8.160412434749510181e-04
1.910416666666666430e+01 1.003445380555548549e+00 1.522439627885059914e-03
1.912500000000000000e+01 1.002858685464328214e+00 2.827874748389552258e-05
1.914583333333333215e+01 1.000689400494734871e+00 2.147606440318263876e-03
1.916666666666666430e+01 1.000496306483429354e+00 -1.683217012286272567e-03
1.918750000000000000e+01 1.006674542465802125e+00 -1.708036364795699306e-03
1.920833333333333215e+01 1.006008687534065915e+00 -1.602206515514923834e-03
1.922916666666666430e+01 1.004870491997220672e+00 -1.545733404000870174e-03
1.925000000000000000e+01 9.961659908039398603e-01 -1.787199494577339047e-04
1.927083333333333215e+01 9.976353010911694907e-01 8.185889464576016124e-04
1.929166666666666430e+01 1.004814184174156688e+00 7.364030399784075778e-04
1.931250000000000000e+01 1.009560347582016293e+00 -1.547396722493880406e-03
1.933333333333333215e+01 1.015368949314398916e+00 -6.204026163362168049e-04
1.935416666666666430e+01 1.002319757114230381e+00 -2.231250244760863213e-04
1.937500000000000000e+01 9.956920776220049563e-01 1.633683571798353815e-03
1.939583333333333215e+01 9.903002944937377983e-01 3.521103845957361598e-04
1.941666666666666430e+01 9.924762803491141705e-01 8.602481072902895889e-04
1.943750000000000000e+01 1.001221462983787891e+00 -3.693685940391598947e-04
1.945833333333333215e+01 1.002979450244441795e+00 -3.179138001098264464e-04
1.947916666666666430e+01 1.008894746483368188e+00 -5.386505883526288788e-04
1.950000000000000000e+01 1.010207848989252755e+00 -3.253278396205748187e-05
1.952083333333333215e+01 1.018174383312118847e+00 1.030605352515102154e-03
1.954166666666666430e+01 1.014525258972763799e+00 3.276058596569202661e-04
1.956250000000000000e+01 1.011813110985946285e+00 -2.544055383445614489e-04
1.958333333333333215e+01 1.010647647373072777e+00 7.454363876456116108e-04
1.960416666666666430e+01 1.005808969890628290e+00 -1.521290979967507328e-03
1.962500000000000000e+01 1.014895300921712096e+00 2.674792525924505390e-03
1.964583333333333215e+01 1.004052249685163156e+00 5.298702118548696870e-04
1.966666666666666430e+01 1.002007342090221131e+00 -2.149383641565066471e-04
1.968750000000000000e+01 9.939160596705388651e-01 -6.801218980925404422e-04
1.970833333333333215e+01 9.946796702266915702e-01 5.687295999757100871e-04
1.972916666666666430e+01 9.909129748829140771e-01 1.736461960835925271e-03
1.975000000000000000e+01 9.895964457238716205e-01 8.066072119844433833e-05
1.977083333333333215e+01 9.950929672381482183e-01 5.994894651301722584e-04
1.979166666666666430e+01 1.002152951374128742e+00 1.465911051305225339e-03
1.981250000000000000e+01 1.010995289769184069e+00 -7.952431742736184878e-04
1.983333333333333215e+01 1.013639260488533589e+00 -3.069743613050379769e-03
1.985416666666666430e+01 1.003898089529835502e+00 -3.611464559341499869e-04
1.987500000000000000e+01 9.986314160056731781e-01 -6.642929332470478123e-04
1.989583333333333215e+01 1.002344255079441915e+00 1.151243847834670453e-03
1.991666666666666430e+01 1.001838657748210348e+00 -1.255368553928889498e-03
1.993750000000000000e+01 1.006618177275161230e+00 1.670318208171672400e-04
1.995833333333333215e+01 1.004782433335658087e+00 6.329651902148471102e-04
1.997916666666666430e+01 1.001408637927179379e+00 -4.351671426335347874e-04
2.000000000000000000e+01 9.988742185881023250e-01 -4.192451232124727784e-04
2.002083333333333215e+01 9.976339480590638020e-01 1.881253941189097952e-04
2.004166666666666430e+01 9.949897867363266535e-01 9.290466702634136683e-04
2.006250000000000000e+01 9.924064402645733640e-01 2.072105340468182160e-03
2.008333333333333215e+01 9.925848017385128230e-01 -4.152285568507417491e-04
2.010416666666666430e+01 9.976754654629541585e-01 -6.990535324219081465e-04
2.012500000000000000e+01 1.000933717250300559e+00 -1.114798464987288136e-04
2.014583333333333215e+01 9.972736604491468926e-01 1.095923717526219081e-04
2.016666666666666430e+01 9.915546719616276095e-01 -8.855139319723177231e-05
2.018750000000000000e+01 9.880919803727907791e-01 -2.071323062045589067e-03
2.020833333333333215e+01 9.825975290299120424e-01 -1.534991095492759189e-03
2.022916666666666430e+01 9.896888008056790031e-01 3.270140575892883559e-04
2.025000000000000000e+01 9.932791679019287168e-01 8.525799232832672334e-04
2.027083333333333215e+01 9.993682095634155438e-01 -2.440569530215974930e-03
2.029166666666666430e+01 9.958532642723919581e-01 -1.374464060208778005e-03
2.031250000000000000e+01 9.940702949297485214e-01 2.175792653559184976e-04
2.033333333333333215e+01 9.879295272133449268e-01 1.922700333339005764e-03
2.035416666666666430e+01 9.861888373564176025e-01 1.666289965020313277e-03
2.037500000000000000e+01 9.829802903527390390e-01 2.187801408846736049e-03
2.039583333333333215e+01 9.897361376688429413e-01 3.659188969359940800e-04
2.041666666666666430e+01 1.003633650970797486e+00 3.998781393219919813e-04
2.043750000000000000e+01 1.007281635023169031e+00 -5.369448313147046027e-04
2.045833333333333215e+01 1.018003464203512287e+00 1.229770102874980708e-03
2.047916666666666430e+01 1.013233257138544285e+00 2.342422290775881817e-05
2.050000000000000000e+01 1.012856989027363097e+00 1.127480864808795715e-04
2.052083333333333215e+01 1.007788382023454332e+00 -8.920366264271421689e-04
2.054166666666666430e+01 1.004775079896422785e+00 2.556452127439860604e-03
2.056250000000000000e+01 1.005286115740385400e+00 -1.123556350780534124e-03
2.058333333333333215e+01 9.987114736806121940e-01 9.763881074293519170e-05
2.060416666666666430e+01 9.972007466100510920e-01 3.093801304427963171e-04
2.062500000000000000e+01 9.958844089303301450e-01 1.496653450063351737e-03
2.064583333333333215e+01 9.932652586662730210e-01 5.871426979651042481e-04
2.066666666666666430e+01 9.914669161131922648e-01 1.072264865997699188e-03
2.068750000000000000e+01 9.897158681458270157e-01 -2.707309785837966830e-04
2.070833333333333215e+01 9.900728318619845814e-01 2.560251025351230596e-03
2.072916666666666430e+01 1.006316174954048126e+00 1.571447676840277523e-03
2.075000000000000000e+01 1.014398328304972230e+00 -1.596226601816708949e-03
2.077083333333333215e+01 1.017071754458614752e+00 -1.867593117133675013e-03
2.079166666666666430e+01 1.007662479902188490e+00 -1.652020548015888449e-03
2.081250000000000000e+01 1.001900642344806469e+00 -2.475474375041724750e-03
2.083333333333333215e+01 1.001610464898051500e+00 1.070015947305500217e-03
2.085416666666666430e+01 9.980009317460459828e-01 -1.777133659534769865e-03
2.087500000000000000e+01 1.009187455243709675e+00 6.183315692171222891e-04
2.089583333333333215e+01 1.003841071175933575e+00 -1.240821943906019560e-03
2.091666666666666430e+01 1.004341220970095927e+00 3.727616467187518383e-04
2.093750000000000000e+01 1.006248257857512485e+00 -1.344126641213575033e-03
2.095833333333333215e+01 1.011623272310026023e+00 2.016499245686704644e-03
2.097916666666666430e+01 1.008215918834178604e+00 -4.154023904080049608e-04
2.100000000000000000e+01 1.006794524227013099e+00 -9.601702661394332901e-04
2.102083333333333215e+01 1.006066641975641884e+00 -7.383492807541203792e-04
2.104166666666666430e+01 1.008717987403495941e+00 -1.216257099140968757e-03
2.106250000000000000e+01 1.013837913032844762e+00 9.528130395677540752e-04
2.108333333333333215e+01 1.007665705190822214e+00 9.711221475048874177e-05
2.110416666666666430e+01 1.000837521541259489e+00 1.765603425838199476e-03
2.112500000000000000e+01 9.948347863574188432e-01 -7.151184697000394349e-04
2.114583333333333215e+01 9.913691167245338720e-01 -5.274588332197356838e-04
2.116666666666666430e+01 9.976504558603447315e-01 -1.322183428682096543e-03
2.118750000000000000e+01 9.960332828664196780e-01 4.748080808760838196e-06
2.120833333333333215e+01 9.925464006879562984e-01 4.244968832375145486e-04
2.122916666666666430e+01 1.004415713581012559e+00 -2.318629877885961844e-03
2.125000000000000000e+01 1.007964031585864229e+00 -4.827539342880429719e-04
2.127083333333333215e+01 1.006605558554698021e+00 1.475849325636888403e-05
2.129166666666666430e+01 1.003034350802419317e+00 -2.683009278719746156e-03
2.131250000000000000e+01 9.990335542415792469e-01 -1.367688240566209464e-03
2.133333333333333215e+01 1.004062852158815522e+00 -2.547134838886659517e-04
2.135416666666666430e+01 1.007645061312602452e+00 -1.982596405685761558e-03
2.137500000000000000e+01 1.013998712548499492e+00 -1.628056104590947786e-03
2.139583333333333215e+01 1.016310642793830876e+00 7.927404141616966942e-04
2.141666666666666430e+01 1.015484970302670931e+00 1.424984108694611271e-03
2.143750000000000000e+01 1.013492466104971790e+00 2.051554537317196083e-03
2.145833333333333215e+01 1.009490055483352799e+00 -9.824168834140253707e-04
2.147916666666666430e+01 1.003894011178579238e+00 -3.149170911964785987e-04
2.150000000000000000e+01 1.005886567537285226e+00 -1.804322922979011709e-03
2.152083333333333215e+01 9.985987199847126128e-01 -1.757911297838560640e-04
2.154166666666666430e+01 1.002637629150022747e+00 3.163052036337737037e-04
2.156250000000000000e+01 1.004045536938438676e+00 -1.357294085158105602e-03
2.158333333333333215e+01 1.002730624094148482e+00 -1.793464176789291362e-03
2.160416666666666430e+01 9.952404992692892582e-01 1.252832737749374667e-04
2.162500000000000000e+01 9.938281461849333143e-01 5.711036229443469279e-04
2.164583333333333215e+01 9.990311471734055759e-01 1.331683995366998415e-03
2.166666666666666430e+01 1.007861084862542889e+00 7.863647706584594738e-04
2.168750000000000000e+01 1.009037016263601760e+00 -9.842090596123713767e-05
2.170833333333333215e+01 1.016803139836312431e+00 1.742601667796260883e-05
2.172916666666666430e+01 1.012242991616425059e+00 1.897810770204984634e-04
2.175000000000000000e+01 1.011223820334214096e+00 -1.690322813863944515e-03
2.177083333333333215e+01 1.004103729330467765e+00 4.700783346602394833e-04
2.179166666666666430e+01 9.971718949224857020e-01 -8.241402517713629881e-04
2.181250000000000000e+01 1.001610870724475744e+00 1.945854629308612065e-03
2.183333333333333215e+01 1.001361966278733417e+00 -2.075215058474174767e-03
2.185416666666666430e+01 1.004452851220268172e+00 1.463389880746134280e-03
2.187500000000000000e+01 1.011031597971024265e+00 -1.756743458717154819e-03
2.189583333333333215e+01 1.016322910843577620e+00 4.958635987004754187e-05
2.191666666666666430e+01 1.011071713935719263e+00 7.045082439633119659e-04
2.193750000000000000e+01 1.009959590579800670e+00 -7.758690246375569630e-04
2.195833333333333215e+01 1.010506653225546447e+00 -4.869423258552025495e-04
2.197916666666666430e+01 1.013460662454313876e+00 1.968005669141059937e-03
2.200000000000000000e+01 1.014375286670157417e+00 1.506391817253480972e-03
2.202083333333333215e+01 1.007808001015532140e+00 2.411275451435413624e-04
2.204166666666666430e+01 1.007665420147014546e+00 -5.802535751271037942e-04
2.206250000000000000e+01 1.000944105952682905e+00 3.077204662769739423e-04
2.208333333333333215e+01 9.940952126131519240e-01 -1.601821432565876365e-03
2.210416666666666430e+01 9.919415227334666962e-01 -1.489539749149342614e-03
2.212500000000000000e+01 9.882253087583807716e-01 -3.453033975400900232e-04
2.214583333333333215e+01 9.919454264259828236e-01 5.828784699552625294e-04
2.216666666666666430e+01 9.994684794303391184e-01 -3.242899316439448905e-04
2.218750000000000000e+01 1.009343656540458323e+00 -3.626708620915672365e-04
2.220833333333333215e+01 1.012405274832565816e+00 -1.292837703470782300e-03
2.222916666666666430e+01 1.011023584995585090e+00 3.380636002373837144e-04
2.225000000000000000e+01 1.007651655726065520e+00 8.638648192859197002e-04
2.227083333333333215e+01 1.002469692495356446e+00 -6.101791209973841772e-04
2.229166666666666430e+01 1.006807621643527995e+00 2.090621390566196110e-03
2.231250000000000000e+01 1.010800855810982446e+00 6.514309189970475577e-04
2.233333333333333215e+01 1.013427082247583488e+00 6.736047416240579112e-04
2.235416666666666430e+01 1.016443510913070947e+00 1.199200870398463899e-03
2.237500000000000000e+01 1.006535165036879897e+00 1.251584268171891624e-03
2.239583333333333215e+01 1.011523187866638196e+00 6.813336003875483833e-04
2.241666666666666430e+01 1.003708190522770938e+00 -8.049693553744203178e-04
2.243750000000000000e+01 9.977249069317664087e-01 -4.128570570146550766e-05
2.245833333333333215e+01 9.980458297535692580e-01 -6.044181229654698503e-04
2.247916666666666430e+01 1.003469566351917308e+00 6.645164032350191381e-04
2.250000000000000000e+01 1.007622301132883313e+00 -1.428490787146227518e-04
2.252083333333333215e+01 1.005769620047458845e+00 -1.245006356215982816e-03
2.254166666666666430e+01 1.000323715472858366e+00 -3.456127540637747705e-04
2.256250000000000000e+01 9.927406647594436695e-01 -1.349371075230691285e-03
2.258333333333333215e+01 9.922937119964266861e-01 -1.020760756762106652e-03
2.260416666666666430e+01 9.987735061423358429e-01 -1.176824001639293661e-03
2.262500000000000000e+01 1.005332954710990601e+00 1.897615260169074284e-04
2.264583333333333215e+01 1.004766587008561363e+00 -2.030398553792418272e-03
2.266666666666666430e+01 1.008496378518298542e+00 7.591579998567844940e-04
2.268750000000000000e+01 1.006926799710833098e+00 -8.549203357865361704e-04
2.270833333333333215e+01 1.005444487932960484e+00 8.324941014536112746e-04
2.272916666666666430e+01 1.003315235748233558e+00 3.409401723517940710e-03
2.275000000000000000e+01 9.923811888908760093e-01 5.598096064668584828e-04
2.277083333333333215e+01 9.956882063143898121e-01 -1.218585110963969732e-04
2.279166666666666430e+01 9.997878019985650955e-01 9.573589805362224796e-04
2.281250000000000000e+01 1.010085509864751430e+00 -1.912321287646260139e-03
2.283333333333333215e+01 1.012172697419963407e+00 -1.431079950967755312e-03
2.285416666666666430e+01 1.010906658890241561e+00 2.150951635999438132e-04
2.287500000000000000e+01 1.007788504653984951e+00 8.922789079681894961e-04
2.289583333333333215e+01 1.010624504682109182e+00 -6.599850547181136977e-04
2.291666666666666430e+01 1.010960574173570103e+00 -4.890886846794784137e-04
2.293750000000000000e+01 1.008878465805120417e+00 -1.980117582239246821e-03
2.295833333333333215e+01 1.004384087991223140e+00 -1.241198788265306975e-03
2.297916666666666430e+01 1.001890891476423295e+00 -1.352283872449102893e-03
2.300000000000000000e+01 9.984249369498144899e-01 -7.772031209701869576e-04
2.302083333333333215e+01 9.962774509304936910e-01 7.646568051051304098e-04
2.304166666666666430e+01 9.846883160460392359e-01 6.353090606499460285e-04
2.306250000000000000e+01 9.811666985746548830e-01 1.960310139291910735e-03
2.308333333333333215e+01 9.887530194199382061e-01 1.153788573897141824e-03
2.310416666666666430e+01 9.952055815129068339e-01 7.419592756231380712e-04
2.312500000000000000e+01 1.005221945793714156e+00 -1.617807582115218194e-03
2.314583333333333215e+01 1.013572845554934432e+00 -6.943004820627387023e-04
2.316666666666666430e+01 1.007802561290438437e+00 1.814887195705537767e-03
2.318750000000000000e+01 1.002678801434870204e+00 -5.519961196365322535e-04
2.320833333333333215e+01 1.005007963641869839e+00 -1.017065669351049136e-03
2.322916666666666430e+01 1.004127449433725783e+00 3.491554155705150391e-04
2.325000000000000000e+01 1.002661452659539876e+00 3.063120049326737804e-04
2.327083333333333215e+01 1.000547446462112022e+00 7.791406926734321730e-04
2.329166666666666430e+01 1.001935449918555987e+00 -1.919653347165004107e-03
2.331250000000000000e+01 1.002379020979848212e+00 -8.689903756646947044e-04
2.333333333333333215e+01 9.928773877158367789e-01 4.083141451046103012e-04
2.335416666666666430e+01 9.801239718424499259e-01 -1.128623813901936555e-03
2.337500000000000000e+01 9.722586909335624306e-01 -1.346389385003754274e-03
2.339583333333333215e+01 9.737759203242655204e-01 1.858604055725848444e-03
2.341666666666666430e+01 9.714299600450058136e-01 -6.415307745738092456e-04
2.343750000000000000e+01 9.807687439656654904e-01 1.709375769541877877e-04
2.345833333333333215e+01 9.775185922910264447e-01 1.171309821035891987e-03
2.347916666666666430e+01 9.760034225045255418e-01 -8.959963635753694414e-05
2.350000000000000000e+01 9.724578032433902619e-01 -1.430602941224368412e-03
2.352083333333333215e+01 9.663156126838332582e-01 1.530357026135053308e-03
2.354166666666666430e+01 9.665458132730401219e-01 -1.922580205268717294e-03
2.356250000000000000e+01 9.600371449948689184e-01 4.189266450509219314e-04
2.358333333333333215e+01 9.657830994973792826e-01 2.277599658559014122e-03
2.360416666666666430e+01 9.704326427663699794e-01 1.366424765991721205e-03
2.362500000000000000e+01 9.777860167077406794e-01 -1.623186385318740226e-04
2.364583333333333215e+01 9.848710462328054138e-01 7.216819175867132674e-04
2.366666666666666430e+01 9.754069536557745668e-01 4.939503059438655639e-04
2.368750000000000000e+01 9.763183717747740964e-01 -1.418116554816007671e-03
2.370833333333333215e+01 9.814478732362678093e-01 -2.470261212411176393e-03
2.372916666666666430e+01 9.956152925558457989e-01 -4.651305186095097341e-04
2.375000000000000000e+01 1.007758216110367089e+00 8.037069317148787847e-05
2.377083333333333215e+01 1.013742722555798670e+00 8.127327528908992937e-04
2.379166666666666430e+01 1.009383941057081291e+00 -1.552801155901543115e-03
2.381250000000000000e+01 1.001758153611693292e+00 4.624661468602824258e-04
2.383333333333333215e+01 1.007735303768525714e+00 -1.212492652431503508e-04
2.385416666666666430e+01 1.004676708215563874e+00 -2.301657140376312438e-04
2.387500000000000000e+01 1.000601696604090041e+00 -1.558616716343388768e-03
2.389583333333333215e+01 1.000183828312768197e+00 -1.302456122355197385e-03
2.391666666666666430e+01 9.988669491789740063e-01 1.324561068278228048e-03
2.393750000000000000e+01 1.003147793533101240e+00 4.393348225817115594e-04
2.395833333333333215e+01 9.961857372241265107e-01 -1.008841465064613026e-03
2.397916666666666430e+01 9.898747291414906613e-01 -2.089831353134758742e-03
2.400000000000000000e+01 9.832466926598482093e-01 1.356420577628278650e-03
2.402083333333333215e+01 9.863920397471356294e-01 -3.214646184702781213e-04
2.404166666666666430e+01 9.960643824952112313e-01 -5.770705080077357611e-04
2.406250000000000000e+01 1.006627723868098956e+00 1.336099502793766138e-03
2.408333333333333215e+01 1.005617214279955762e+00 -1.519121926755958609e-04
2.410416666666666430e+01 1.015395348317629010e+00 -1.416596506764142369e-03
2.412500000000000000e+01 1.011996866322361743e+00 -1.394308944022325182e-04
2.414583333333333215e+01 1.006785743822281809e+00 2.149671099865755827e-04
2.416666666666666430e+01 1.006397929317773166e+00 -8.456474978734236300e-04
2.418750000000000000e+01 9.984512421605601373e-01 6.691642049530816113e-04
2.420833333333333215e+01 9.953195240023898771e-01 -2.082296283076702243e-03
2.422916666666666430e+01 1.002429629350454210e+00 -1.568644834342880110e-04
2.425000000000000000e+01 1.007181681124022399e+00 -1.535069507186052722e-03
2.427083333333333215e+01 1.008461103140499526e+00 1.598235221205683912e-03
2.429166666666666430e+01 1.001892779727706184e+00 5.437521812640440247e-04
2.431250000000000000e+01 9.991470767695617150e-01 -1.921336659348700580e-04
2.433333333333333215e+01 1.000011136539304735e+00 2.863457666719950324e-03
2.435416666666666430e+01 1.003660851022560863e+00 8.512604776668939452e-04
2.437500000000000000e+01 1.007141286075915465e+00 2.414139917502218773e-03
2.439583333333333215e+01 1.010145778607760336e+00 1.022980157948920592e-03
2.441666666666666430e+01 1.009913923322104168e+00 -1.616705816363873602e-03
2.443750000000000000e+01 1.003147462188206163e+00 1.201966865183548344e-03
2.445833333333333215e+01 9.970370585276444597e-01 1.558234950575950991e-03
2.447916666666666430e+01 9.912067626909888407e-01 2.421033211708526313e-04
2.450000000000000000e+01 9.892110168321344155e-01 -1.223642755120434977e-03
2.452083333333333215e+01 9.900026869654061645e-01 -1.432259452200043432e-03
2.454166666666666430e+01 9.966150453982289825e-01 -3.289241633202814223e-04
2.456250000000000000e+01 1.008245373131239520e+00 3.962288960925719185e-05
2.458333333333333215e+01 1.008772747782085366e+00 1.554829991364963838e-03
2.460416666666666430e+01 1.013120172389344820e+00 4.624343868389795887e-04
2.462500000000000000e+01 1.004855296742911852e+00 -4.247919144876324219e-04
2.464583333333333215e+01 1.003839831103782831e+00 1.130218390417435251e-03
2.466666666666666430e+01 1.008241524711775527e+00 7.768673365254151063e-05
2.468750000000000000e+01 1.015000415792290722e+00 -2.531488722628086091e-04
2.470833333333333215e+01 1.015061261243328072e+00 -9.528836037599670069e-04
2.472916666666666430e+01 1.014635609806068928e+00 -9.616675817689070897e-05
2.475000000000000000e+01 1.011185097763915630e+00 3.019780839208310061e-04
2.477083333333333215e+01 1.010922295070124433e+00 -5.771443620096016868e-04
2.479166666666666430e+01 1.006811027450315255e+00 -2.948757046383990057e-04
2.481250000000000000e+01 9.994124202988806660e-01 1.158954549902111277e-03
2.483333333333333215e+01 9.976701230727206271e-01 -7.424879451384555715e-04
2.485416666666666430e+01 1.002982291650954982e+00 5.368679589008532602e-04
2.487500000000000000e+01 1.004414893520725327e+00 2.135396046535755030e-04
2.489583333333333215e+01 1.004358645243422332e+00 1.875204984682481439e-04
2.491666666666666430e+01 9.997384321420829112e-01 1.586771807678222538e-03
2.493750000000000000e+01 9.985896883875907681e-01 1.627097017788693950e-05
2.495833333333333215e+01 9.964106604374302067e-01 1.785204602675749238e-03
2.497916666666666430e+01 9.985853082940797654e-01 -1.392701776128041488e-03
2.500000000000000000e+01 1.002017482194757614e+00 -1.359401570853786866e-03
2.502083333333333215e+01 1.005892193684751801e+00 1.640313151621618324e-04
2.504166666666666430e+01 1.008469893278708174e+00 1.356795357690428975e-03
2.506250000000000000e+01 1.016340522565304605e+00 -1.177650496577471988e-03
2.508333333333333215e+01 1.014800172792116983e+00 -2.842686747272926565e-04
2.510416666666666430e+01 1.007147791049907148e+00 -1.789440185771590166e-04
2.512500000000000000e+01 1.000487531343671854e+00 -1.078143000979007478e-04
2.514583333333333215e+01 9.975042937899516460e-01 9.602704300931762900e-04
2.516666666666666430e+01 1.004371732953564633e+00 1.909607940080981770e-04
2.518750000000000000e+01 1.008033618335978376e+00 -9.728005060188719966e-05
2.520833333333333215e+01 1.008589421814285680e+00 -1.423685840789723923e-04
2.522916666666666430e+01 1.006504243999171155e+00 1.066971421780409102e-03
2.525000000000000000e+01 1.009230429865013434e+00 -3.770713190934700532e-04
2.527083333333333215e+01 1.004831387971577339e+00 9.294271046423691280e-04
2.529166666666666430e+01 1.009368458477189590e+00 -4.309591717821764471e-04
2.531250000000000000e+01 1.007753701981749517e+00 6.826286587185048833e-05
2.533333333333333215e+01 1.003560175737446603e+00 -4.657073362589393586e-04
2.535416666666666430e+01 1.011585942428326224e+00 4.548487416412760675e-05
2.537500000000000000e+01 1.008687981214166252e+00 3.878328284282361762e-04
2.539583333333333215e+01 9.990125396819433679e-01 5.669076792491393145e-04
2.541666666666666430e+01 9.913093696148049805e-01 2.287517244654656647e-04
2.543750000000000000e+01 9.878683266049016476e-01 -4.108560721313508305e-04
2.545833333333333215e+01 9.872352898540095456e-01 -9.707187929865573580e-04
2.547916666666666430e+01 9.988122266799824844e-01 2.219043364132298937e-03
2.550000000000000000e+01 1.001706811912388195e+00 2.579277783360912207e-03
2.552083333333333215e+01 1.009467331713716387e+00 -2.129534031378747892e-03
2.554166666666666430e+01 1.010871544048750348e+00 2.530290307901516167e-04
2.556250000000000000e+01 1.011500812269472194e+00 3.535915073899087305e-04
2.558333333333333215e+01 1.010552087990000958e+00 8.955821652433638242e-04
2.560416666666666430e+01 1.014135518978322770e+00 -4.679771816670879572e-04
2.562500000000000000e+01 1.008150275852484956e+00 9.406830789016473607e-04
2.564583333333333215e+01 1.008118245142286318e+00 9.975719896831440787e-04
2.566666666666666430e+01 1.013354451042977722e+00 1.528741264657466209e-04
2.568750000000000000e+01 1.009817255303038674e+00 1.036075497073318504e-03
2.570833333333333215e+01 1.002857349885146965e+00 1.073737214868177676e-03
2.572916666666666430e+01 9.981002425000281564e-01 5.331741132155517083e-04
2.575000000000000000e+01 9.997903623629276204e-01 1.805497360083967292e-03
2.577083333333333215e+01 9.959511635047852973e-01 7.258122175340253482e-05
2.579166666666666430e+01 1.000355542066052372e+00 6.825749174068170997e-04
2.581250000000000000e+01 1.006970436789736967e+00 -1.736619470009152918e-03
2.583333333333333215e+01 1.003820453737747309e+00 9.639448960777738298e-04
2.585416666666666430e+01 1.007319293069101285e+00 6.031158504952669744e-04
2.587500000000000000e+01 1.002903969090284342e+00 -3.548449291518908366e-04
2.589583333333333215e+01 1.000469216320948984e+00 -1.329258723774265176e-03
2.591666666666666430e+01 9.974610609798787442e-01 5.336307060144718185e-04
2.593750000000000000e+01 9.938413605782832061e-01 1.442575018452834723e-03
2.595833333333333215e+01 9.987713744757862333e-01 -5.452408021474677022e-04
2.597916666666666430e+01 1.001346283963739703e+00 -4.951282691527456167e-04
