0.000000000000000000e+00 9.923097881373735829e-01 1.663796996257642727e-03
2.083333333333333218e-02 9.902326415301511142e-01 3.082570734430805964e-04
4.166666666666666435e-02 1.002858996158314531e+00 -2.625568486188419710e-04
6.250000000000000000e-02 1.016224343794998486e+00 6.826190968381340603e-04
8.333333333333332871e-02 1.016781465661146022e+00 -3.415773073911522722e-04
1.041666666666666574e-01 1.010003585304411811e+00 -1.311609977207393819e-03
1.250000000000000000e-01 9.888209049074166979e-01 -8.926285066701832591e-04
1.458333333333333148e-01 9.854183547935685406e-01 3.292522604978657215e-04
1.666666666666666574e-01 9.991315213074269952e-01 2.054428162182180516e-03
1.875000000000000000e-01 1.008617036394628963e+00 1.640406257851680615e-03
2.083333333333333148e-01 1.015499059640711854e+00 -1.745955709130774056e-03
2.291666666666666574e-01 1.013690649717671421e+00 9.896762508100082761e-04
2.500000000000000000e-01 9.923655386584784299e-01 1.018396085962278499e-03
2.708333333333333148e-01 9.843570144102520292e-01 -7.995935872523559284e-04
2.916666666666666297e-01 9.898219747631465948e-01 6.473708592907988658e-04
3.125000000000000000e-01 1.006213328357822956e+00 1.440051097630339061e-03
3.333333333333333148e-01 1.016673737113128917e+00 -6.319401077338138379e-04
3.541666666666666297e-01 1.020578514336593745e+00 -1.068937340947273941e-03
3.750000000000000000e-01 1.012660315920879572e+00 -6.969061764918087556e-04
3.958333333333333148e-01 1.002688272916272494e+00 -1.484078447430855444e-04
4.166666666666666297e-01 9.923320816427954050e-01 -7.244037113398910533e-04
4.375000000000000000e-01 9.848335217854854440e-01 -9.699217601329458444e-04
4.583333333333333148e-01 9.766285022062217713e-01 -1.481567263955300365e-03
4.791666666666666297e-01 9.950866060904786092e-01 1.153924755551131390e-03
5.000000000000000000e-01 1.021401846799898649e+00 9.577098501781570973e-04
5.208333333333332593e-01 1.036947548271803354e+00 4.143351213492970351e-04
5.416666666666666297e-01 1.024929510082515538e+00 -8.357719267284420507e-04
5.625000000000000000e-01 9.983337999537894580e-01 -4.422716789854823621e-04
5.833333333333332593e-01 9.861125865553761471e-01 -1.675511047541898557e-03
6.041666666666666297e-01 9.866206183824903775e-01 1.236733854587497202e-05
6.250000000000000000e-01 9.918844959404874428e-01 -2.622912109059405850e-03
6.458333333333332593e-01 9.969915085060014892e-01 6.712132851237776008e-04
6.666666666666666297e-01 1.013095934536137221e+00 -1.417420622232528271e-03
6.875000000000000000e-01 1.014572390626060416e+00 -1.117728565338581845e-03
7.083333333333332593e-01 1.008686548042810216e+00 1.325424470139096016e-03
7.291666666666666297e-01 9.977535794979524031e-01 -3.305349102236277022e-04
7.500000000000000000e-01 9.943130179636813226e-01 7.033723759619227951e-04
7.708333333333332593e-01 9.964256807653705250e-01 1.576353972136912375e-04
7.916666666666666297e-01 1.002514299781835483e+00 -1.373384108047339368e-03
8.125000000000000000e-01 1.000903066588698431e+00 -1.090217370034838153e-03
8.333333333333332593e-01 1.006410824879439003e+00 1.877297786978438573e-03
8.541666666666666297e-01 1.004801135586636196e+00 -1.974815470267968275e-04
8.750000000000000000e-01 9.983314514750322166e-01 1.471648062020118088e-03
8.958333333333332593e-01 9.935850702142293711e-01 6.142745749005524506e-04
9.166666666666666297e-01 9.882570617173287442e-01 2.925110212204463066e-03
9.375000000000000000e-01 1.004218162016078386e+00 -2.850640185349919212e-04
9.583333333333332593e-01 1.025990697076365255e+00 5.297745730320606045e-04
9.791666666666666297e-01 1.022510850488112855e+00 -5.788400580633969259e-04
1.000000000000000000e+00 1.001405191009581364e+00 4.866167105170502425e-04
1.020833333333333259e+00 9.861950962363593698e-01 -1.363322019333834375e-03
1.041666666666666519e+00 9.795102492039792219e-01 -2.042281451766426743e-03
1.062500000000000000e+00 9.889361547552194542e-01 2.876302787891786821e-03
1.083333333333333259e+00 9.969485265308682953e-01 7.232729921271082883e-04
1.104166666666666519e+00 1.007906058240503278e+00 -1.804592532008551190e-03
1.125000000000000000e+00 1.019313067768995662e+00 1.369221283756932124e-03
1.145833333333333259e+00 1.023192428842431667e+00 -2.509519156306328543e-04
1.166666666666666519e+00 1.012123133640686401e+00 -1.350747433101784920e-03
1.187500000000000000e+00 9.867958923141978422e-01 -2.841592927115207403e-04
1.208333333333333259e+00 9.803974282678957763e-01 -1.427406505565131630e-03
1.229166666666666519e+00 9.875176125070317390e-01 -6.686507948072999618e-04
1.250000000000000000e+00 9.992900008119156574e-01 -2.393416681508692514e-04
1.270833333333333259e+00 1.014006683028311206e+00 -1.602154771980809195e-04
1.291666666666666519e+00 1.024620937254712372e+00 -2.147505640699857825e-03
1.312500000000000000e+00 1.012519086200641460e+00 -7.127921368220506123e-04
1.333333333333333259e+00 1.006268271324600949e+00 -6.524337572597782185e-05
1.354166666666666519e+00 9.908368142196641859e-01 -1.602807688543383697e-03
1.375000000000000000e+00 9.914315003644321722e-01 1.351556897015768590e-03
1.395833333333333259e+00 1.001253316323063913e+00 -7.153847009772683167e-04
1.416666666666666519e+00 1.007408206888879665e+00 -5.796893177889929144e-04
1.437500000000000000e+00 1.005912055944546246e+00 1.019539396310271354e-03
1.458333333333333259e+00 9.999322707193899484e-01 -6.301723897224307831e-04
1.479166666666666519e+00 9.960134074922080138e-01 -5.332868764140959216e-04
1.500000000000000000e+00 1.004826228181216363e+00 -2.195938441386312192e-03
1.520833333333333259e+00 1.011110209571942642e+00 -5.632309015884883960e-04
1.541666666666666519e+00 1.015549859097444330e+00 -1.951582122559559172e-03
1.562500000000000000e+00 1.004917357030602920e+00 1.052892659967248536e-03
1.583333333333333259e+00 1.002800973317117039e+00 -2.301160625146350333e-04
1.604166666666666519e+00 9.997215730132303912e-01 3.575557576106284897e-05
1.625000000000000000e+00 9.855094804793120833e-01 5.813923565613442722e-04
1.645833333333333259e+00 9.833026746981660127e-01 -1.852646733920089092e-04
1.666666666666666519e+00 9.951598961151995049e-01 -6.358261281847889896e-04
1.687500000000000000e+00 1.019056034266693667e+00 1.093561166234926921e-03
1.708333333333333259e+00 1.020828019782310747e+00 2.718448743194599223e-03
1.729166666666666519e+00 1.013642149774203860e+00 -9.499719084785996151e-05
1.750000000000000000e+00 9.989099189829107051e-01 -1.510390147040184192e-03
1.770833333333333259e+00 9.917427383877612801e-01 -8.257873385800087833e-04
1.791666666666666519e+00 9.872387302516647534e-01 7.047536725641487081e-04
1.812500000000000000e+00 9.885931854568935639e-01 1.822507266333989271e-03
1.833333333333333259e+00 9.989101513214757588e-01 7.169495216476604342e-04
1.854166666666666519e+00 1.009591137144331130e+00 4.502306976280152288e-04
1.875000000000000000e+00 1.020282266974067209e+00 -1.138540037992730874e-03
1.895833333333333259e+00 1.009483880816758328e+00 4.089365133418208093e-04
1.916666666666666519e+00 9.966001349419912891e-01 -3.888439412698627162e-04
1.937500000000000000e+00 9.933822791164174104e-01 -9.188242332898823635e-04
1.958333333333333259e+00 1.001170337882439920e+00 -1.054821010304468707e-03
1.979166666666666519e+00 1.003923080397160605e+00 -2.425016420119950004e-03
2.000000000000000000e+00 9.984772494178086877e-01 -4.545504807795810401e-04
2.020833333333333037e+00 9.986913989189586394e-01 1.611409212858996983e-03
2.041666666666666519e+00 1.002186746915349813e+00 2.470426950496778032e-03
2.062500000000000000e+00 1.002773211383248819e+00 -2.854870095397277988e-03
2.083333333333333037e+00 9.943713461678177490e-01 1.693210538013044386e-03
2.104166666666666519e+00 1.003659528137284429e+00 -2.424530784681222604e-03
2.125000000000000000e+00 1.006436605394069872e+00 2.418402487628334031e-03
2.145833333333333037e+00 1.011157116236246933e+00 1.538723403052507960e-04
2.166666666666666519e+00 1.005434111032173172e+00 1.465426238411031727e-03
2.187500000000000000e+00 9.974181025362687247e-01 -2.516950534624346966e-03
2.208333333333333037e+00 9.938571058909633216e-01 -4.788171816303393290e-04
2.229166666666666519e+00 9.987813466591000111e-01 -3.673784209478812260e-04
2.250000000000000000e+00 9.959295311960930652e-01 -2.477494269078953787e-03
2.270833333333333037e+00 9.974872220934550837e-01 -7.402525943018164719e-04
2.291666666666666519e+00 9.956811777460368162e-01 4.675361435551982775e-04
2.312500000000000000e+00 1.008507175167353775e+00 2.006226777696264868e-03
2.333333333333333037e+00 1.013272293399791524e+00 4.688967383338855309e-05
2.354166666666666519e+00 1.008271789599912260e+00 -1.403923097157452286e-03
2.375000000000000000e+00 1.003684965285131847e+00 -2.482270216481060579e-04
2.395833333333333037e+00 9.981748141545347952e-01 -5.958509832118294262e-04
2.416666666666666519e+00 9.969237794212257864e-01 -1.273521905976379969e-03
2.437500000000000000e+00 9.987440164112507679e-01 3.617312931068502701e-04
2.458333333333333037e+00 9.923966501974169629e-01 -2.657425390579995148e-03
2.479166666666666519e+00 9.946140371784290002e-01 1.519638919841275219e-03
2.500000000000000000e+00 1.008716927439477606e+00 -7.207162754100745637e-04
2.520833333333333037e+00 1.015513622214605727e+00 -1.972026375238611492e-04
2.541666666666666519e+00 1.015521457752839529e+00 -2.260922228499389827e-03
2.562500000000000000e+00 1.005239093590539756e+00 5.660180801519664991e-04
2.583333333333333037e+00 9.963595801052238521e-01 -2.121276772515757157e-03
2.604166666666666519e+00 9.969759835158242822e-01 -1.957038792250055315e-05
2.625000000000000000e+00 9.897377277035508403e-01 -9.772342054991387580e-05
2.645833333333333037e+00 9.911812780410785839e-01 -8.685844599252978693e-04
2.666666666666666519e+00 1.000032535402376688e+00 1.123702518226906994e-03
2.687500000000000000e+00 1.009570023279987572e+00 -1.684287246867777546e-03
2.708333333333333037e+00 1.006325418145693318e+00 2.791391111828158550e-05
2.729166666666666519e+00 1.003694343187246485e+00 2.010305865910823938e-04
2.750000000000000000e+00 1.007122170083343038e+00 -4.005181296777612487e-04
2.770833333333333037e+00 1.002200669800620725e+00 -1.971313162132998145e-03
2.791666666666666519e+00 9.956303012911832395e-01 2.204226511250240595e-03
2.812500000000000000e+00 9.906397302737824928e-01 -1.146143834831181256e-03
2.833333333333333037e+00 9.915683410787353713e-01 7.702278443838830825e-04
2.854166666666666519e+00 1.003320921073648009e+00 2.572892565270644763e-03
2.875000000000000000e+00 1.018259877039979999e+00 8.775775368195466502e-04
2.895833333333333037e+00 1.007197815665139551e+00 4.221871837778992317e-04
2.916666666666666519e+00 9.973585762233567742e-01 -3.086964603699180907e-04
2.937500000000000000e+00 9.987306798480843906e-01 -1.920207717831762945e-03
2.958333333333333037e+00 1.002882603231703307e+00 5.848717857490295805e-04
2.979166666666666519e+00 1.015649339984815214e+00 -1.734838918692867488e-03
3.000000000000000000e+00 1.008857750563431299e+00 -2.379391132470070138e-04
3.020833333333333037e+00 9.974723611418033764e-01 1.201534555160372079e-03
3.041666666666666519e+00 1.001160951876593819e+00 3.116784299409486943e-04
3.062500000000000000e+00 9.978502493298350151e-01 -6.809849110707099067e-04
3.083333333333333037e+00 1.000727299382495383e+00 -5.184510786338219612e-04
3.104166666666666519e+00 9.891671149741213531e-01 -1.557173640366303624e-03
3.125000000000000000e+00 9.898505097135374964e-01 -1.453607369592583524e-03
3.145833333333333037e+00 1.006223448958304179e+00 -5.542484166462670987e-04
3.166666666666666519e+00 1.017815038564078511e+00 -1.527943787269705513e-03
3.187500000000000000e+00 1.018159086558119819e+00 -2.456167620724553774e-03
3.208333333333333037e+00 1.009516232450931694e+00 -3.979600252644198335e-04
3.229166666666666519e+00 9.998389063209800476e-01 2.489462590933065513e-03
3.250000000000000000e+00 9.871784724009687872e-01 -8.476753810574791815e-04
3.270833333333333037e+00 9.846720504976810284e-01 -1.453754101628378049e-03
3.291666666666666519e+00 9.916135771967800050e-01 -4.382349591589834855e-04
3.312500000000000000e+00 1.008817648676949119e+00 2.575300011222418813e-03
3.333333333333333037e+00 1.016185513848837152e+00 5.105602151173579181e-04
3.354166666666666519e+00 1.007154984639378803e+00 9.199420683606504556e-04
3.375000000000000000e+00 9.944481914786593713e-01 5.539975467448559205e-05
3.395833333333333037e+00 9.971688211326101836e-01 5.590918735481927157e-04
3.416666666666666519e+00 1.012094264433854862e+00 2.420928390854496480e-03
3.437500000000000000e+00 1.008360308701851338e+00 -1.563018370012760451e-03
3.458333333333333037e+00 9.978084722033309095e-01 3.235670641929785430e-04
3.479166666666666519e+00 9.919229113555060318e-01 -1.123630021796957713e-03
3.500000000000000000e+00 9.987180762248228927e-01 -6.033732430403849481e-04
3.520833333333333037e+00 9.968333447627495403e-01 1.121542212751038469e-03
3.541666666666666519e+00 9.908446027461440542e-01 9.245792361443660231e-04
3.562500000000000000e+00 1.003587206251115749e+00 1.740738235402117587e-04
3.583333333333333037e+00 1.011405534325953814e+00 5.393677979459734172e-04
3.604166666666666519e+00 1.028682283205067050e+00 1.167447769148654549e-03
3.625000000000000000e+00 1.019546968373181484e+00 -1.504166882354245581e-03
3.645833333333333037e+00 9.988947712615544594e-01 -1.470458872886772853e-03
3.666666666666666519e+00 9.799941587585613290e-01 -5.309189476518351653e-04
3.687500000000000000e+00 9.723210269550895957e-01 1.190721478808167647e-03
3.708333333333333037e+00 9.910427978270551774e-01 -9.212976812998949303e-04
3.729166666666666519e+00 1.009785250170819992e+00 -9.499878116582954890e-04
3.750000000000000000e+00 1.023451967802523788e+00 8.914013313195798434e-04
3.770833333333333037e+00 1.026528850388999770e+00 -5.092059740354195826e-04
3.791666666666666519e+00 1.010700764469845359e+00 1.653607977830034471e-03
3.812500000000000000e+00 9.972717591592555886e-01 5.973288848775947521e-04
3.833333333333333037e+00 9.849847249091381318e-01 -1.695389032458627203e-03
3.854166666666666519e+00 9.870553102144610236e-01 -9.934611626763040215e-04
3.875000000000000000e+00 1.004565890721762056e+00 2.741383983847039659e-04
3.895833333333333037e+00 1.009543213295505559e+00 2.168156494347810159e-03
3.916666666666666519e+00 1.009728316694992856e+00 1.138798864970592874e-03
3.937500000000000000e+00 1.003815774386322079e+00 1.253135164152999789e-04
3.958333333333333037e+00 1.001289484548371966e+00 -2.128768971924564497e-04
3.979166666666666519e+00 9.949944593889741284e-01 7.833790070301037758e-04
4.000000000000000000e+00 9.908056478672573331e-01 -1.765575617197107138e-03
4.020833333333333037e+00 9.954994036643598498e-01 -8.984534128610747669e-04
4.041666666666666075e+00 1.013633082320509748e+00 -1.240068202818134886e-03
4.062500000000000000e+00 1.018221356598949967e+00 1.988450397403561452e-04
4.083333333333333037e+00 1.008413095337284737e+00 -5.892359453008992089e-04
4.104166666666666075e+00 9.956166815498718181e-01 1.005550115067731188e-03
4.125000000000000000e+00 9.821209959492471775e-01 7.906143692179695964e-04
4.145833333333333037e+00 9.930504013872806235e-01 1.271538888031459790e-03
4.166666666666666075e+00 1.010503480679810995e+00 8.535077518607996246e-04
4.187500000000000000e+00 1.012675344262688792e+00 -7.478589058298789954e-04
4.208333333333333037e+00 1.010196864828100116e+00 -1.445013626011863207e-03
4.229166666666666075e+00 1.014343865554007573e+00 8.367125685663114173e-04
4.250000000000000000e+00 1.002338353085824307e+00 -3.246717465581050585e-04
4.270833333333333037e+00 9.983387649902067951e-01 -2.804223725872261605e-04
4.291666666666666075e+00 9.913561576777237816e-01 8.931157118433601799e-04
4.312500000000000000e+00 9.992575545864607056e-01 4.443222116375621089e-04
4.333333333333333037e+00 1.004578428956542258e+00 -1.315174747746179762e-03
4.354166666666666075e+00 1.010297733239654772e+00 -1.475151220523945091e-03
4.375000000000000000e+00 1.006490992238110449e+00 1.191689610608508100e-03
4.395833333333333037e+00 1.000646743422166196e+00 -2.440939315180308111e-03
4.416666666666666075e+00 9.950497620444203051e-01 -1.560800235528774860e-03
4.437500000000000000e+00 9.946512261736637495e-01 8.114027901283591380e-04
4.458333333333333037e+00 9.961778583367151274e-01 1.308707892416737504e-04
4.479166666666666075e+00 1.002770782403431316e+00 1.378180940906773401e-03
4.500000000000000000e+00 1.021785638312996847e+00 -1.889776085875279022e-03
4.520833333333333037e+00 1.016734067823477528e+00 -1.142512846174321625e-03
4.541666666666666075e+00 1.007473104815750142e+00 -3.267374275936621507e-04
4.562500000000000000e+00 9.797318894860839178e-01 1.953519084961509097e-03
4.583333333333333037e+00 9.819217222520431054e-01 -2.385588615523971320e-03
4.604166666666666075e+00 9.915088239126895742e-01 -2.767035511309602559e-04
4.625000000000000000e+00 1.003323679657590617e+00 1.848907848731415988e-03
4.645833333333333037e+00 1.013791709935607521e+00 6.899393307627893187e-04
4.666666666666666075e+00 1.022412300265763685e+00 6.240136816315425272e-04
4.687500000000000000e+00 1.020873423984526518e+00 1.082129253655956733e-03
4.708333333333333037e+00 1.004761692878963553e+00 5.965435900881482095e-04
4.729166666666666075e+00 9.881689391136120326e-01 -9.448624430375005467e-04
4.750000000000000000e+00 9.785435513312790157e-01 4.655793830771210590e-04
4.770833333333333037e+00 9.850425247715813848e-01 -1.677270806558054739e-03
4.791666666666666075e+00 1.007934662024496220e+00 9.716148077714520338e-04
4.812500000000000000e+00 1.019886104018285167e+00 -6.576838183557019409e-04
4.833333333333333037e+00 1.009444059553202599e+00 1.292838601363133699e-03
4.854166666666666075e+00 1.007393243297639129e+00 -6.276989088068055198e-04
4.875000000000000000e+00 9.971684960690425648e-01 -2.374915864834807079e-03
4.895833333333333037e+00 9.939727673744432890e-01 1.672087903016285064e-03
4.916666666666666075e+00 9.928730870039195189e-01 1.660109418303704391e-04
4.937500000000000000e+00 9.990155470234702850e-01 7.707066914018832456e-04
4.958333333333333037e+00 1.011003603255275385e+00 2.657020389617798591e-04
4.979166666666666075e+00 1.015966028686177802e+00 2.442613282898505023e-04
5.000000000000000000e+00 1.000868829592212350e+00 -5.860110989130091824e-04
5.020833333333333037e+00 9.832460653927826977e-01 1.858037334135829999e-03
5.041666666666666075e+00 9.832188854219298113e-01 -3.025447957924409727e-04
5.062500000000000000e+00 9.976115981706704661e-01 2.723364695822458933e-04
5.083333333333333037e+00 1.013198359420113492e+00 2.285187642465395168e-04
5.104166666666666075e+00 1.023391523092578081e+00 1.104932169413143329e-03
5.125000000000000000e+00 1.016993841433382562e+00 -1.307817862042941551e-03
5.145833333333333037e+00 1.009837169683469149e+00 7.334048902646002127e-04
5.166666666666666075e+00 9.905819693428759010e-01 2.158676933392875141e-03
5.187500000000000000e+00 9.798770567148121780e-01 1.981493479667587358e-04
5.208333333333333037e+00 9.847054737819311843e-01 2.231728652471974984e-03
5.229166666666666075e+00 1.004403615834621011e+00 1.622612420884740961e-03
5.250000000000000000e+00 1.016729301387576445e+00 -1.352998024232965682e-03
5.270833333333333037e+00 1.014545097378301453e+00 3.746192377930165863e-04
5.291666666666666075e+00 1.000772679832999890e+00 1.031372602712129138e-03
5.312500000000000000e+00 9.956309907930611658e-01 1.025786866001059377e-03
5.333333333333333037e+00 9.966522013392598023e-01 1.118831436224416434e-03
5.354166666666666075e+00 1.003574957569120407e+00 -1.379210256145762875e-03
5.375000000000000000e+00 1.004998469343871825e+00 -7.721392047671769572e-05
5.395833333333333037e+00 1.014550252299083022e+00 -4.915188289118393745e-04
5.416666666666666075e+00 1.012661125957129649e+00 1.819737648455816261e-03
5.437500000000000000e+00 1.007775209433400709e+00 -4.306809930306517028e-04
5.458333333333333037e+00 9.835439912763883630e-01 -1.565306471303586685e-03
5.479166666666666075e+00 9.654630598831995814e-01 1.289662989208296235e-03
5.500000000000000000e+00 9.841812267882594778e-01 -1.801863145244407549e-03
5.520833333333333037e+00 1.017196327849850812e+00 1.084237938910037006e-03
5.541666666666666075e+00 1.032588523449516016e+00 -1.673134775610938055e-03
5.562500000000000000e+00 1.027106092907635881e+00 1.194175647363521523e-03
5.583333333333333037e+00 1.012483065163847451e+00 -5.082955860956989624e-04
5.604166666666666075e+00 9.966389633689188843e-01 1.320233536331390678e-04
5.625000000000000000e+00 9.788326467232849604e-01 -2.936725552667341526e-04
5.645833333333333037e+00 9.716790530773882217e-01 7.633854759294062334e-04
5.666666666666666075e+00 9.870062412364154492e-01 -1.408428143199338652e-03
5.687500000000000000e+00 9.957371843598004091e-01 -2.075698592428215812e-03
5.708333333333333037e+00 1.020223596659291188e+00 -4.728297062039795947e-04
5.729166666666666075e+00 1.024316664643848851e+00 1.324926724366085160e-04
5.750000000000000000e+00 1.023615172981426458e+00 3.854564141974530867e-04
5.770833333333333037e+00 1.009610416330017690e+00 1.613875043732456750e-03
5.791666666666666075e+00 1.001924168827728501e+00 -1.215311439930811350e-03
5.812500000000000000e+00 9.901083632264018330e-01 -1.953929647024680444e-03
5.833333333333333037e+00 9.835281047396929877e-01 -3.190370669446446943e-04
5.854166666666666075e+00 9.896252153733126056e-01 -1.456571732655646476e-03
5.875000000000000000e+00 1.000483308073874866e+00 3.792451194940820607e-04
5.895833333333333037e+00 1.012145363318908808e+00 -8.444472762010636624e-04
5.916666666666666075e+00 1.000396540918080390e+00 2.796883727089349999e-05
5.937500000000000000e+00 1.008088054176911275e+00 -1.680653972709165436e-03
5.958333333333333037e+00 1.017739535093248548e+00 3.766172347633480193e-04
5.979166666666666075e+00 1.015932451989895569e+00 -1.396816448594874298e-03
6.000000000000000000e+00 1.008474231427527457e+00 -1.443840149556558164e-03
6.020833333333333037e+00 9.844932525896860076e-01 1.554320007515377303e-03
6.041666666666666075e+00 9.878646763255973795e-01 1.458847158684405771e-03
6.062500000000000000e+00 9.888031487364205008e-01 -3.885885063552269947e-04
6.083333333333333037e+00 9.973926595287089247e-01 9.611872068951726094e-04
6.104166666666666075e+00 9.997275425100202728e-01 -1.747198757771723345e-03
6.125000000000000000e+00 1.004305017502941322e+00 -8.066875392408327013e-04
6.145833333333333037e+00 1.011758089568776553e+00 1.821217157855910393e-03
6.166666666666666075e+00 1.022207431505315789e+00 -2.327909958391626878e-03
6.187500000000000000e+00 1.018242026424179159e+00 2.788338671905898989e-03
6.208333333333333037e+00 1.002033424069274981e+00 -4.039800022506281419e-04
6.229166666666666075e+00 9.876207567285415490e-01 3.837269368796624781e-04
6.250000000000000000e+00 9.807600833363342430e-01 1.115768119272778991e-03
6.270833333333333037e+00 9.883455927130754270e-01 -1.749481387424843288e-03
6.291666666666666075e+00 9.973345543297702509e-01 -7.590139237537503643e-04
6.312500000000000000e+00 1.006249674841932062e+00 2.379097008690029755e-03
6.333333333333333037e+00 1.019268754460848303e+00 5.479482043078570154e-04
6.354166666666666075e+00 1.014158057584444661e+00 -1.564133915365710200e-03
6.375000000000000000e+00 9.987316981800575810e-01 2.584030479546821704e-03
6.395833333333333037e+00 9.985091158332116690e-01 2.193031545458158909e-03
6.416666666666666075e+00 1.005200248245569306e+00 6.958699670732727545e-05
6.437500000000000000e+00 1.002580492459326234e+00 -1.560421427801158634e-03
6.458333333333333037e+00 1.000754569349694423e+00 8.394844649572317206e-04
6.479166666666666075e+00 9.931834763694925572e-01 -1.362775882753348164e-03
6.500000000000000000e+00 1.000907279420633289e+00 -6.466645820951622469e-04
6.520833333333333037e+00 1.001095556681556253e+00 -1.494426366184122392e-03
6.541666666666666075e+00 9.996361545341498900e-01 -9.392071465366190561e-04
6.562500000000000000e+00 9.984230379458612914e-01 2.946063158354573878e-03
6.583333333333333037e+00 1.002074167385981873e+00 -2.742572675241081344e-03
6.604166666666666075e+00 1.024455095840646868e+00 -1.106101112102177516e-05
6.625000000000000000e+00 1.018596930294304981e+00 1.928934536273944618e-04
6.645833333333333037e+00 1.005419871362661866e+00 -7.590030249108943756e-04
6.666666666666666075e+00 9.837648896171967694e-01 -4.470321135771888714e-04
6.687500000000000000e+00 9.769421977724461748e-01 -4.266034429976322921e-03
6.708333333333333037e+00 9.886328532297555816e-01 -2.269217981109392806e-04
6.729166666666666075e+00 9.966009638789494751e-01 -1.142734851031965452e-03
6.750000000000000000e+00 1.012566666203492893e+00 2.169332370281318138e-04
6.770833333333333037e+00 1.012608682136715732e+00 8.561748153837303891e-04
6.791666666666666075e+00 1.018492118944842373e+00 1.011828806202228663e-03
6.812500000000000000e+00 1.008040128844789995e+00 -1.628081252881544453e-03
6.833333333333333037e+00 1.004599385670998712e+00 3.898664316058606948e-04
6.854166666666666075e+00 9.975141053968161753e-01 9.361311843970376639e-04
6.875000000000000000e+00 9.957551632948616893e-01 7.524711646981034618e-04
6.895833333333333037e+00 9.916903084634715038e-01 9.598164620553645103e-04
6.916666666666666075e+00 9.936621768736223492e-01 -2.088714418582105371e-03
6.937500000000000000e+00 9.965705993148701314e-01 1.499510708589922104e-03
6.958333333333333037e+00 1.006610590568452368e+00 -1.390774380540771857e-03
6.979166666666666075e+00 1.014758407880531177e+00 1.662051991599432016e-03
7.000000000000000000e+00 1.010737452198529951e+00 1.048526411565815265e-04
7.020833333333333037e+00 1.011472289037424588e+00 -2.398804925877380013e-04
7.041666666666666075e+00 1.005061221832820983e+00 2.971586552520409435e-04
7.062500000000000000e+00 1.004447864301412974e+00 -7.347761037374758578e-05
7.083333333333333037e+00 9.944322996890522237e-01 -1.724523042318916542e-03
7.104166666666666075e+00 9.872041043544864669e-01 -2.332215107881042970e-03
7.125000000000000000e+00 9.874248711850637239e-01 -2.832792402660958605e-03
7.145833333333333037e+00 1.008589341811706896e+00 -3.762861541539396816e-03
7.166666666666666075e+00 1.019875527813469462e+00 4.434857837265113417e-04
7.187500000000000000e+00 1.012893007654771527e+00 -2.352090119775290800e-04
7.208333333333333037e+00 9.973897293650136886e-01 2.621406606211115764e-03
7.229166666666666075e+00 9.921813866332406251e-01 -6.843918222242088715e-04
7.250000000000000000e+00 1.001129302597052240e+00 -1.407141242252890265e-03
7.270833333333333037e+00 1.007491096484383508e+00 2.342273443141211411e-03
7.291666666666666075e+00 1.007312680169589081e+00 -1.376133175792349297e-03
7.312500000000000000e+00 9.991396459056300916e-01 -2.113451716676022912e-03
7.333333333333333037e+00 1.000416633581173498e+00 1.620438928309650916e-04
7.354166666666666075e+00 9.967596256776747321e-01 -9.044712351936293367e-04
7.375000000000000000e+00 9.949296712662301090e-01 1.880047872564110463e-04
7.395833333333333037e+00 9.896911429808082916e-01 -6.975355831314034027e-04
7.416666666666666075e+00 1.002131068567596817e+00 6.342062888560723137e-04
7.437500000000000000e+00 1.012749141257926144e+00 -1.818538225101657118e-03
7.458333333333333037e+00 1.013984441851012663e+00 -8.135000224492062179e-04
7.479166666666666075e+00 1.006856188147006170e+00 -6.500704672468767301e-05
7.500000000000000000e+00 9.940066338367191667e-01 4.292791551027691369e-04
7.520833333333333037e+00 9.937616016263008945e-01 1.591277157829156744e-03
7.541666666666666075e+00 9.892501131649615864e-01 1.045264837499267378e-03
7.562500000000000000e+00 9.904852218624810023e-01 -7.280525077605947275e-06
7.583333333333333037e+00 9.980906370513963344e-01 9.616293294561154698e-04
7.604166666666666075e+00 1.009637316259816009e+00 5.373381322828062884e-04
7.625000000000000000e+00 1.013079502552739042e+00 1.155889095408988224e-03
7.645833333333333037e+00 1.007510962328220128e+00 5.624274198810958624e-05
7.666666666666666075e+00 9.963876866198790871e-01 6.670602895285540450e-04
7.687500000000000000e+00 1.001596476678312309e+00 -2.330490825108290655e-06
7.708333333333333037e+00 1.002078262938796094e+00 -9.844646052884205127e-04
7.729166666666666075e+00 1.001063431599841458e+00 -4.391250854478865673e-04
7.750000000000000000e+00 9.907412034889420127e-01 -1.266083595795701932e-03
7.770833333333333037e+00 9.908059755577560690e-01 -1.650823451257998464e-03
7.791666666666666075e+00 9.924427744890618186e-01 1.142174372839762893e-03
7.812500000000000000e+00 9.998068855365211949e-01 1.812989170578513647e-03
7.833333333333333037e+00 1.006983862975140642e+00 7.776287503676553156e-05
7.854166666666666075e+00 1.010636526121935663e+00 -3.062049585734461757e-04
7.875000000000000000e+00 1.018781510698093307e+00 -9.715827280453228363e-04
7.895833333333333037e+00 1.014587360525163184e+00 -5.491722324408791593e-04
7.916666666666666075e+00 9.958381638648148293e-01 3.905533910321675015e-04
7.937500000000000000e+00 9.831473182851410142e-01 -6.603899053065339709e-05
7.958333333333333037e+00 9.842157241007313262e-01 -6.600912023707743463e-04
7.979166666666666075e+00 9.990697412457089088e-01 -2.170214616511191553e-04
8.000000000000000000e+00 1.007191025900524339e+00 -1.125355302642131383e-03
8.020833333333332149e+00 1.013005141099709849e+00 6.210532130249289597e-04
8.041666666666666075e+00 1.013558339250062224e+00 2.040836772474666347e-04
8.062500000000000000e+00 1.009389873124125092e+00 3.875842397573894056e-05
8.083333333333332149e+00 1.007896472999886939e+00 -1.660177879213045127e-03
8.104166666666666075e+00 9.969759388819577905e-01 -2.954816341614324585e-04
8.125000000000000000e+00 9.905861444677661609e-01 1.300710618984808565e-03
8.145833333333332149e+00 9.917736672214275684e-01 -8.565268338956170870e-04
8.166666666666666075e+00 9.993566482317952637e-01 -2.576398580133444031e-03
8.187500000000000000e+00 1.012413642621350363e+00 -1.166444000079585631e-03
8.208333333333332149e+00 1.009489257294910347e+00 3.772052059601759748e-04
8.229166666666666075e+00 1.006945170243410237e+00 -1.433723823734847722e-03
8.250000000000000000e+00 1.002730020456321425e+00 -1.341949067253579925e-03
8.270833333333332149e+00 9.929825339805941065e-01 -5.712904740947972478e-05
8.291666666666666075e+00 9.881038401225644696e-01 2.058405622363410938e-03
8.312500000000000000e+00 9.995516298183647619e-01 -1.461076592045335671e-03
8.333333333333332149e+00 1.009001239770753511e+00 -1.977940287400337550e-03
8.354166666666666075e+00 1.021082894751621062e+00 1.320912825562511623e-03
8.375000000000000000e+00 1.010179461482283658e+00 -7.649413050544365386e-05
8.395833333333332149e+00 9.965052389993782622e-01 1.587705014814555634e-03
8.416666666666666075e+00 9.923150653186725290e-01 8.432939076378970829e-04
8.437500000000000000e+00 9.963175030403100818e-01 -1.631217422873717994e-04
8.458333333333332149e+00 9.909633826461650141e-01 -7.116098112830494034e-04
8.479166666666666075e+00 9.927357534949781126e-01 -1.642761887246964878e-03
8.500000000000000000e+00 1.010112580720574860e+00 -2.350074432343998015e-03
8.520833333333332149e+00 1.020745318120039435e+00 4.995443164020572100e-04
8.541666666666666075e+00 1.021114299553663951e+00 2.440188618472279434e-05
8.562500000000000000e+00 9.941468548636074321e-01 3.601152776734133868e-03
8.583333333333332149e+00 9.816555234768338245e-01 3.813877209677484734e-05
8.604166666666666075e+00 9.868469053300751304e-01 1.449738440187980362e-03
8.625000000000000000e+00 1.009747219123759310e+00 -4.538116117922155030e-04
8.645833333333332149e+00 1.007926641024406544e+00 -2.071890531203983421e-03
8.666666666666666075e+00 1.008627846911857695e+00 1.878596362749041914e-03
8.687500000000000000e+00 9.974848481001559186e-01 -1.803696687882444614e-03
8.708333333333332149e+00 9.950961500842390173e-01 7.070140835394392049e-05
8.729166666666666075e+00 9.974512477509794861e-01 1.588820047986096986e-03
8.750000000000000000e+00 1.003533159326962076e+00 9.927990658628585083e-04
8.770833333333332149e+00 1.012117078794579905e+00 -4.879753246975547889e-04
8.791666666666666075e+00 1.020088339606110228e+00 -4.980729391851311527e-04
8.812500000000000000e+00 1.010000314083977946e+00 -1.561317635165906633e-03
8.833333333333332149e+00 9.970926388199600199e-01 -4.974298968704934237e-04
8.854166666666666075e+00 9.840583000262782543e-01 -1.942849791265172760e-04
8.875000000000000000e+00 9.826689283853397017e-01 3.554621840791486452e-04
8.895833333333332149e+00 9.886632965514926541e-01 1.384362927995209035e-04
8.916666666666666075e+00 1.001325877587124324e+00 -2.064937264314347081e-03
8.937500000000000000e+00 1.018203931365187165e+00 -4.867279334529745339e-05
8.958333333333332149e+00 1.025328563615508504e+00 2.674886740792838981e-03
8.979166666666666075e+00 1.020758464756544415e+00 1.875452002354803310e-03
9.000000000000000000e+00 9.996781854262837275e-01 8.743007980344401266e-04
9.020833333333332149e+00 9.784213268564252441e-01 6.859800586749726379e-04
9.041666666666666075e+00 9.771157465540116771e-01 1.097602050164672152e-03
9.062500000000000000e+00 1.001283328667517569e+00 -2.118120759438462015e-03
9.083333333333332149e+00 1.018049212478353782e+00 -7.837203061781903429e-04
9.104166666666666075e+00 1.013694074393800548e+00 6.948963261252899364e-04
9.125000000000000000e+00 1.000452169497986210e+00 1.762098653309659979e-03
9.145833333333332149e+00 9.919479111262303750e-01 2.939239004024855602e-04
9.166666666666666075e+00 1.006560330980539320e+00 1.021631879473608147e-03
9.187500000000000000e+00 1.004594516140707494e+00 -1.400644162509842973e-03
9.208333333333332149e+00 1.008691847462834135e+00 1.419281132864130390e-03
9.229166666666666075e+00 1.008727800321746138e+00 6.092115141086500932e-04
9.250000000000000000e+00 1.003386535378589128e+00 6.732545560321842463e-04
9.270833333333332149e+00 9.995162805545053653e-01 1.925865989779720769e-03
9.291666666666666075e+00 9.825901185919410086e-01 2.085887406933892210e-03
9.312500000000000000e+00 9.854071003661700745e-01 -5.148310152136087925e-04
9.333333333333332149e+00 9.948192218614613225e-01 -5.752944373013167516e-04
9.354166666666666075e+00 1.007798649627782650e+00 -6.457171221910086925e-04
9.375000000000000000e+00 1.026916853129294926e+00 -9.246038086811330953e-04
9.395833333333332149e+00 1.024359400071574999e+00 -7.348417075541204034e-04
9.416666666666666075e+00 1.012872200968573777e+00 -6.826829049134229424e-04
9.437500000000000000e+00 9.952187317158719404e-01 1.234747799326058699e-03
9.458333333333332149e+00 9.787471146019243173e-01 -1.261347931994167941e-03
9.479166666666666075e+00 9.795364829063167855e-01 1.524498656906237630e-04
9.500000000000000000e+00 9.927497015235959843e-01 -1.585873464138706865e-03
9.520833333333332149e+00 1.010589238579405746e+00 -6.208295330771535338e-04
9.541666666666666075e+00 1.020451253477704823e+00 -1.806527741069433729e-03
9.562500000000000000e+00 1.016842470062323533e+00 5.349236132677439616e-04
9.583333333333332149e+00 1.002175818505927740e+00 -3.361365159207492731e-04
9.604166666666666075e+00 1.005133759785793224e+00 -1.949585717517519944e-04
9.625000000000000000e+00 9.994948154074635438e-01 -1.275307663247430764e-04
9.645833333333332149e+00 9.968178969181378246e-01 1.064958967046827996e-04
9.666666666666666075e+00 9.938898134841418486e-01 1.011422479723486298e-04
9.687500000000000000e+00 9.999219326314298106e-01 -7.220699548689192733e-04
9.708333333333332149e+00 1.005142087755312996e+00 -8.543605704274016832e-04
9.729166666666666075e+00 1.004295029398883710e+00 -2.385969572031063188e-04
9.750000000000000000e+00 1.001315088087887384e+00 3.568079451859033739e-03
9.770833333333332149e+00 9.957315474909036457e-01 -8.379388315793781516e-05
9.791666666666666075e+00 1.000624352283120633e+00 8.382615894641856635e-04
9.812500000000000000e+00 1.006962023098570524e+00 4.408784296877903022e-04
9.833333333333332149e+00 1.012197863542507958e+00 1.941823772713582863e-03
9.854166666666666075e+00 1.008803414816522803e+00 8.219368395984658375e-04
9.875000000000000000e+00 1.003480999504054560e+00 -1.365492523421991348e-04
9.895833333333332149e+00 9.964208999636111619e-01 -1.259563859793356088e-03
9.916666666666666075e+00 9.940908039196917345e-01 7.793285860129202944e-04
9.937500000000000000e+00 9.852136607300591153e-01 -4.591054821344737460e-04
9.958333333333332149e+00 9.942783944007553831e-01 1.104584252359033661e-03
9.979166666666666075e+00 1.013030420730336223e+00 3.682315077820053593e-04
1.000000000000000000e+01 1.014550125610501397e+00 -1.080170817993301871e-03
1.002083333333333215e+01 1.010971844282673615e+00 -1.400687658872328293e-03
1.004166666666666607e+01 1.009088731994632893e+00 -6.095426361900227810e-04
1.006250000000000000e+01 1.005332842686317951e+00 -1.164225679380121673e-03
1.008333333333333215e+01 9.978704307180815691e-01 -1.184324892161841636e-03
1.010416666666666607e+01 9.930071636565631632e-01 -9.956850800173729955e-04
1.012500000000000000e+01 9.884938741257734973e-01 -9.091609926348770757e-04
1.014583333333333215e+01 1.002469977334335072e+00 -1.208875626147655361e-04
1.016666666666666607e+01 1.010152758265946860e+00 9.604690023173064308e-04
1.018750000000000000e+01 1.005709220577619467e+00 -1.138244058724036654e-04
1.020833333333333215e+01 9.997187191236691639e-01 -7.688048821106038746e-05
1.022916666666666607e+01 1.001269656288195309e+00 1.437147320918584080e-04
1.025000000000000000e+01 1.013018504297678923e+00 -1.086506186073576789e-03
1.027083333333333215e+01 1.011545291759500476e+00 -2.385302314145985002e-03
1.029166666666666607e+01 1.008240698684551129e+00 -2.335182187757497637e-04
1.031250000000000000e+01 9.947887245473251427e-01 -2.229368824859423188e-03
1.033333333333333215e+01 9.856673038351716487e-01 -2.762670338720316175e-03
1.035416666666666607e+01 9.880248587941516947e-01 -1.914548191152507797e-04
1.037500000000000000e+01 9.853725396800112613e-01 -2.235967154724908396e-03
1.039583333333333215e+01 1.007558257737305896e+00 -1.894500929035760348e-03
1.041666666666666607e+01 1.018754843334288340e+00 3.911533019766049932e-03
1.043750000000000000e+01 1.031708675988662893e+00 -2.128418366505681249e-03
1.045833333333333215e+01 1.017813042522216049e+00 -2.568914935822034064e-04
1.047916666666666607e+01 9.928880296911476444e-01 -9.625999580874916844e-04
1.050000000000000000e+01 9.740272946993221437e-01 2.213250726881890989e-03
1.052083333333333215e+01 9.760595124574564796e-01 -9.663242185744581880e-04
1.054166666666666607e+01 9.913957995007005586e-01 3.290292123301779051e-04
1.056250000000000000e+01 1.011099987952175372e+00 -1.744318409609470425e-05
1.058333333333333215e+01 1.016788638368497866e+00 -3.978497058636594388e-04
1.060416666666666607e+01 1.021625556274675883e+00 -1.483698635008119746e-03
1.062500000000000000e+01 1.013584398969994860e+00 -2.062254134027306091e-03
1.064583333333333215e+01 9.927947948183315496e-01 2.594932371896500455e-03
1.066666666666666607e+01 9.827263701225776860e-01 -2.080777679414719597e-03
1.068750000000000000e+01 9.848765687082188247e-01 -2.155355910568275749e-04
1.070833333333333215e+01 1.002925887441876274e+00 -1.185462149728644604e-04
1.072916666666666607e+01 1.012271210414802391e+00 4.281486465970677120e-04
1.075000000000000000e+01 1.016501429159313297e+00 3.716459479221788311e-04
1.077083333333333215e+01 1.003278332256286598e+00 -2.009731179864996547e-04
1.079166666666666607e+01 1.003893480768547786e+00 2.114797012157385199e-03
1.081250000000000000e+01 9.956952830849801206e-01 -2.010021495034679663e-04
1.083333333333333215e+01 9.949796266514956411e-01 1.729784262286297985e-03
1.085416666666666607e+01 9.993285904246286266e-01 1.823599872336009167e-03
1.087500000000000000e+01 1.006374547341533754e+00 -1.507161523445619883e-03
1.089583333333333215e+01 1.009758206412762371e+00 2.560920633894382247e-03
1.091666666666666607e+01 1.005321568229884832e+00 -1.125710234011626084e-03
1.093750000000000000e+01 9.925299415818000792e-01 1.625742858248626606e-06
1.095833333333333215e+01 9.978877084341207793e-01 -1.387528045573708070e-03
1.097916666666666607e+01 1.006190186666545916e+00 -1.260722004498562691e-03
1.100000000000000000e+01 1.015961497217970244e+00 6.423376388726009670e-04
1.102083333333333215e+01 1.002189369581512945e+00 -4.599309935481464746e-04
1.104166666666666607e+01 9.929657642287270658e-01 1.140374296937796605e-03
1.106250000000000000e+01 9.940899892189196674e-01 2.080537312858198311e-04
1.108333333333333215e+01 1.001320577366363596e+00 1.405592639511504946e-03
1.110416666666666607e+01 1.006867580034303433e+00 2.660620568314594754e-04
1.112500000000000000e+01 1.001537330464753683e+00 3.423970536305450681e-05
1.114583333333333215e+01 1.008676913771715755e+00 -9.140721390142254096e-04
1.116666666666666607e+01 1.012038861233732989e+00 -7.993470771835436842e-04
1.118750000000000000e+01 1.003636554659805613e+00 9.227459652474129118e-04
1.120833333333333215e+01 1.000642180767686185e+00 -2.038125342171381838e-04
1.122916666666666607e+01 9.838504352874497538e-01 -2.274851171693430783e-03
1.125000000000000000e+01 9.933128750739432800e-01 -1.052345504387118763e-03
1.127083333333333215e+01 1.001140148950891540e+00 -1.002455843901118226e-04
1.129166666666666607e+01 1.014390281378840131e+00 7.046739523474657065e-04
1.131250000000000000e+01 1.015466503251308605e+00 -4.009345580508483502e-04
1.133333333333333215e+01 1.012515518182547813e+00 -1.741134306762009542e-03
1.135416666666666607e+01 1.001491813674137532e+00 -7.879842956026986058e-04
1.137500000000000000e+01 9.906620322902960352e-01 -1.781582401345072064e-03
1.139583333333333215e+01 9.864838504075293946e-01 6.862064367899180055e-04
1.141666666666666607e+01 9.947294207658190501e-01 -5.599701136539973669e-04
1.143750000000000000e+01 1.004707360447192999e+00 1.556588323175591782e-03
1.145833333333333215e+01 1.004257576932377161e+00 -5.968205606212230235e-04
1.147916666666666607e+01 1.002228157209498649e+00 -1.946402641796270605e-04
1.150000000000000000e+01 1.007846876535726244e+00 3.263139770485520949e-04
1.152083333333333215e+01 1.005684893690763637e+00 1.314909285978558932e-03
1.154166666666666607e+01 1.005478919234802149e+00 5.536360878692782967e-05
1.156250000000000000e+01 9.968360607002714202e-01 -5.972445640631592750e-04
1.158333333333333215e+01 9.943379099411365774e-01 -1.128481156434871756e-03
1.160416666666666607e+01 9.986902879161598801e-01 5.116007686786834974e-04
1.162500000000000000e+01 1.014570307730836340e+00 -1.173341384081437282e-03
1.164583333333333215e+01 1.016387877367862291e+00 -1.372069823514768597e-03
1.166666666666666607e+01 1.006010470761058651e+00 -2.437469321899868573e-03
1.168750000000000000e+01 9.888977875267659368e-01 3.015383931211581430e-04
1.170833333333333215e+01 9.929726100060706218e-01 -8.453799162566542598e-04
1.172916666666666607e+01 9.935637234638063919e-01 6.021451805724755942e-04
1.175000000000000000e+01 1.006663992749211367e+00 -2.876539395910728659e-05
1.177083333333333215e+01 1.010466284430951767e+00 -2.945171133089435531e-04
1.179166666666666607e+01 1.010776167125282177e+00 -4.844002240112728667e-04
1.181250000000000000e+01 1.005369016997628817e+00 7.957712891513459008e-04
1.183333333333333215e+01 1.006135569227140758e+00 1.546236654040014299e-03
1.185416666666666607e+01 9.891973840425839493e-01 7.558275533829630823e-04
1.187500000000000000e+01 9.943841449206012317e-01 2.142811197744381307e-03
1.189583333333333215e+01 9.928286621497055542e-01 -8.796535121345229837e-05
1.191666666666666607e+01 1.002429323410977791e+00 -2.871303140416901160e-03
1.193750000000000000e+01 1.009715931503985864e+00 -9.782873764885688297e-04
1.195833333333333215e+01 1.008586891093053328e+00 -9.640025176947886664e-04
1.197916666666666607e+01 1.008708770418386136e+00 -1.048370779131909238e-03
1.200000000000000000e+01 1.006081873577031827e+00 1.848108401295629538e-03
1.202083333333333215e+01 9.921599560894207581e-01 -3.937047171137547544e-04
1.204166666666666607e+01 9.962531554931582933e-01 -2.586519004655883657e-04
1.206250000000000000e+01 1.011848401889733351e+00 -9.639459060634430381e-04
1.208333333333333215e+01 1.016439894521514953e+00 8.450377995025311079e-04
1.210416666666666607e+01 1.002882314034425848e+00 -1.784394829824513485e-03
1.212500000000000000e+01 9.846405917205309777e-01 -7.570206925992800781e-04
1.214583333333333215e+01 9.841678402255784608e-01 -4.390096848765080695e-04
1.216666666666666607e+01 9.966064733540352938e-01 -5.087847449605206523e-04
1.218750000000000000e+01 1.020734924672097144e+00 -5.437573610979558222e-05
1.220833333333333215e+01 1.024186136082356091e+00 -6.216057659439854378e-04
1.222916666666666607e+01 1.010586426981199271e+00 -4.054898684334882412e-05
1.225000000000000000e+01 1.004234942167064881e+00 3.658734782308713110e-04
1.227083333333333215e+01 9.944820123914235310e-01 -7.726108215600054280e-04
1.229166666666666607e+01 9.857068752981764659e-01 -8.342702939873490250e-04
1.231250000000000000e+01 9.887666180751722989e-01 1.410851313847081212e-04
1.233333333333333215e+01 9.994183861712369055e-01 -7.365336111096243204e-04
1.235416666666666607e+01 1.014376330421063788e+00 2.645127383470388953e-04
1.237500000000000000e+01 1.025567702908791734e+00 2.701558881203428432e-04
1.239583333333333215e+01 1.008914121247914020e+00 4.259448019731022252e-04
1.241666666666666607e+01 1.002951490833053239e+00 -2.260874508895688133e-03
1.243750000000000000e+01 9.940626391187761257e-01 1.401367365364943095e-03
1.245833333333333215e+01 9.926328332483723704e-01 -9.682175343178936987e-04
1.247916666666666607e+01 9.965068547542854649e-01 8.329857360224775112e-04
1.452083333333333215e+01 1.017665973549050085e+00 7.336326371990624070e-04
1.454166666666666607e+01 1.023770592358406617e+00 2.116585667637078689e-03
1.456250000000000000e+01 1.014537494910554116e+00 -1.270027323462754752e-04
1.458333333333333215e+01 9.906357024543667178e-01 -8.450576945099337990e-04
1.460416666666666607e+01 9.814276478198066256e-01 -2.903175293162107897e-03
1.462500000000000000e+01 9.928540301000717827e-01 2.533606961670326150e-03
1.464583333333333215e+01 1.005151112991962359e+00 4.182549509440790800e-04
1.466666666666666607e+01 1.005788722607721342e+00 -2.451026660389856544e-04
1.468750000000000000e+01 1.003433262169758589e+00 7.089456611266075302e-05
1.470833333333333215e+01 1.008837135690379583e+00 -7.744178571236590581e-04
1.472916666666666607e+01 9.980777927632022983e-01 -1.078362953652732764e-03
1.475000000000000000e+01 9.953002575524122486e-01 1.183374521180991434e-03
1.477083333333333215e+01 9.924849668981198247e-01 6.878911885401956536e-04
1.479166666666666607e+01 9.958986443089354879e-01 2.880163271338528289e-03
1.481250000000000000e+01 1.011828053269950622e+00 1.719096759995912592e-03
1.483333333333333215e+01 1.017472915949283463e+00 1.473876799010020522e-03
1.485416666666666607e+01 1.010736477121745747e+00 -2.128098644022222413e-03
1.487500000000000000e+01 9.995120085555947442e-01 -1.911490424793568874e-03
1.489583333333333215e+01 9.862156204470959864e-01 6.772221911244204369e-04
1.491666666666666607e+01 9.815395263863383457e-01 3.693727022777973574e-04
1.493750000000000000e+01 9.958238553478635513e-01 -1.503636363831940955e-03
1.495833333333333215e+01 1.009727698790077621e+00 -8.040512803964354168e-04
1.497916666666666607e+01 1.021693120778830455e+00 2.378280728705695372e-04
1.500000000000000000e+01 1.019562123827206790e+00 7.950173010384076026e-04
1.502083333333333215e+01 1.004837153291233465e+00 4.512121112837337903e-04
1.504166666666666607e+01 9.894019027615851281e-01 8.979541937413531086e-04
1.506250000000000000e+01 9.870974647957163617e-01 -1.530849716130175538e-04
1.508333333333333215e+01 9.976448741304382306e-01 -1.550581967109341814e-04
1.510416666666666607e+01 9.979699789094259588e-01 -8.913835937116706065e-05
1.512500000000000000e+01 9.944279353095659690e-01 8.046535617012130033e-04
1.514583333333333215e+01 1.000545659399616927e+00 3.313641918473041528e-03
1.516666666666666607e+01 1.010152938009914347e+00 1.760499907176976393e-04
1.518750000000000000e+01 1.017693066673992508e+00 3.946704065726303946e-04
1.520833333333333215e+01 1.004715173049013810e+00 -8.581588160288118302e-04
1.522916666666666607e+01 9.982984930670725232e-01 1.262171655415714839e-03
1.525000000000000000e+01 1.000898144212768237e+00 -9.171267145323446293e-04
1.527083333333333215e+01 1.007419784500090731e+00 -2.528451927949312145e-03
1.529166666666666607e+01 1.005226216642620685e+00 2.817321963768475851e-03
1.531250000000000000e+01 9.894600278682548211e-01 -1.231864740436089877e-03
1.533333333333333215e+01 9.888385531336567613e-01 -2.080750483647229821e-04
1.535416666666666607e+01 9.946311445090196823e-01 2.427483649968069628e-03
1.537500000000000000e+01 1.012321389877074873e+00 -5.719524688972858284e-04
1.539583333333333215e+01 1.018276917804570525e+00 1.057964964042166838e-03
1.541666666666666607e+01 1.012011161679817306e+00 1.835929987811685021e-04
1.543750000000000000e+01 1.010132680134558036e+00 8.622269333360058205e-04
1.545833333333333215e+01 1.004369774541468585e+00 -1.552741574734395336e-03
1.547916666666666607e+01 9.965520774896993172e-01 4.148887829969501032e-05
1.550000000000000000e+01 9.852587931293671497e-01 -1.964793538457806389e-03
1.552083333333333215e+01 9.858004615321145359e-01 -1.407611148373116980e-03
1.554166666666666607e+01 9.954003741992921706e-01 -6.123895670563240645e-04
1.556250000000000000e+01 1.000454725161873837e+00 2.325372695168321808e-03
1.558333333333333215e+01 1.009085439654984651e+00 7.973642234813576105e-04
1.560416666666666607e+01 1.015834829068662959e+00 -2.021055760551607704e-03
1.562500000000000000e+01 1.017270598855022357e+00 -7.848724059711882422e-04
1.564583333333333215e+01 1.008146571375874379e+00 -9.331571361985338932e-04
1.566666666666666607e+01 9.907014591610734389e-01 -1.110317940295633445e-03
1.568750000000000000e+01 9.828447986680518556e-01 -1.363084973052623152e-03
1.570833333333333215e+01 9.914932274157091108e-01 -1.288673864708401399e-03
1.572916666666666607e+01 1.004332089957065133e+00 8.827909112361910461e-04
1.575000000000000000e+01 1.006203946233192870e+00 -1.644378053234665316e-03
1.577083333333333215e+01 9.997844745434042446e-01 -5.225523965520600901e-04
1.579166666666666607e+01 1.002681951592640841e+00 1.585573302783891553e-03
1.581250000000000000e+01 1.003641059348533426e+00 -2.267833618393659111e-03
1.583333333333333215e+01 1.002813033007562193e+00 -3.422691372643986581e-04
1.585416666666666607e+01 1.006243516176007047e+00 2.488905198269008616e-05
1.587500000000000000e+01 1.010208794779282382e+00 1.482658692281465368e-04
1.589583333333333215e+01 1.017220863081402582e+00 7.589850952969788567e-04
1.591666666666666607e+01 1.009022067701722092e+00 -5.413173413013057204e-04
1.593750000000000000e+01 9.899870868356419606e-01 -1.473892201853898264e-03
1.595833333333333215e+01 9.703260599820061616e-01 -5.785078323021929005e-04
1.597916666666666607e+01 9.743180715201069653e-01 -3.330431734597072424e-03
1.600000000000000000e+01 1.003368367868661570e+00 -1.337839411529563854e-03
1.602083333333333215e+01 1.027235607714736210e+00 -3.067905211978547131e-04
1.604166666666666430e+01 1.032714950893708128e+00 2.881809613848226957e-03
1.606250000000000000e+01 1.030839021821443380e+00 1.144690800480662731e-03
1.608333333333333215e+01 1.013226718904834067e+00 -1.146982627955149417e-03
1.610416666666666430e+01 9.783117290421418089e-01 -7.301850226329270567e-04
1.612500000000000000e+01 9.700561855805269751e-01 -1.605319633096583855e-03
1.614583333333333215e+01 9.713319476217279203e-01 -1.990373640694906993e-03
1.616666666666666430e+01 1.001224877443916750e+00 8.167467030296904828e-04
1.618750000000000000e+01 1.020948953947396598e+00 -1.236922755275284046e-03
1.620833333333333215e+01 1.028050053982182854e+00 1.281944881511890314e-03
1.622916666666666430e+01 1.016819631945262037e+00 6.807708081861545309e-04
1.625000000000000000e+01 9.934917615039113858e-01 1.868740401819506515e-03
1.627083333333333215e+01 9.949405926181081883e-01 -4.649308558985533750e-04
1.629166666666666430e+01 9.936538194229816989e-01 -1.116698616017735689e-03
1.631250000000000000e+01 9.989602287917359602e-01 1.169851153390272886e-03
1.633333333333333215e+01 1.012957178650459200e+00 1.280526932332791412e-03
1.635416666666666430e+01 1.010432062159479560e+00 6.353256478538196967e-05
1.637500000000000000e+01 1.002444410722106882e+00 -4.551176076183234402e-04
1.639583333333333215e+01 9.858228378092751543e-01 6.137280435255120957e-04
1.641666666666666430e+01 9.781376013408545900e-01 -4.402922179039990493e-04
1.643750000000000000e+01 9.937988881136776698e-01 -9.093928804851519887e-04
1.645833333333333215e+01 1.017950319861129493e+00 -6.047478258018230707e-04
1.647916666666666430e+01 1.032508381816690468e+00 7.704534175843845423e-04
1.650000000000000000e+01 1.020251367281229671e+00 -1.505353809507176425e-03
1.652083333333333215e+01 1.007285356212708205e+00 -7.437432243712476529e-04
1.654166666666666430e+01 9.908416088938293287e-01 -6.137675331735489110e-04
1.656250000000000000e+01 9.805078032989179571e-01 3.606139873606702996e-04
1.658333333333333215e+01 9.807413784402579937e-01 1.161169879588377701e-03
1.660416666666666430e+01 9.889083059406634790e-01 7.688852807085906713e-04
1.662500000000000000e+01 1.014368130153370018e+00 1.143457672015594064e-03
1.664583333333333215e+01 1.028427915693294059e+00 -1.896863675377599701e-03
1.666666666666666430e+01 1.023017520794047286e+00 1.483747769592344817e-03
1.668750000000000000e+01 1.004781643988202022e+00 -1.270275662267159045e-03
1.670833333333333215e+01 9.895389509692902319e-01 5.274343498666752823e-05
1.672916666666666430e+01 9.953628797501534731e-01 -5.867593403813051297e-04
1.675000000000000000e+01 1.001608606867197881e+00 1.806901587617546065e-03
1.677083333333333215e+01 1.000936569640411999e+00 1.280035601548881784e-03
1.679166666666666430e+01 9.939407139069003083e-01 -7.481974901649830713e-04
1.681250000000000000e+01 9.985367501995370265e-01 -2.219720953737115005e-03
1.683333333333333215e+01 9.949204728661131814e-01 6.654115058320431110e-04
1.685416666666666430e+01 1.002894947560761807e+00 -5.688046473855725696e-04
1.687500000000000000e+01 1.003986016815803461e+00 -3.096412424319250518e-04
1.689583333333333215e+01 1.016129127294358669e+00 3.651219881362679489e-04
1.691666666666666430e+01 1.017718563737078696e+00 1.548551869044065016e-03
1.693750000000000000e+01 1.010827375634918202e+00 -6.541771635931577190e-04
1.695833333333333215e+01 9.987761209540508833e-01 1.258464385019596003e-03
1.697916666666666430e+01 9.900010085881036925e-01 1.355695513097583378e-03
1.700000000000000000e+01 9.809161512075426081e-01 6.179326916585565653e-04
1.702083333333333215e+01 9.825210963982381474e-01 1.709696735306406607e-03
1.704166666666666430e+01 9.887940171317111115e-01 2.079021431169943189e-04
1.706250000000000000e+01 1.009013749003722094e+00 1.250539092786931948e-03
1.708333333333333215e+01 1.033790327026324452e+00 -1.106083891984697368e-03
1.710416666666666430e+01 1.036901184942543352e+00 7.503905683469026117e-04
1.712500000000000000e+01 1.016637959173771533e+00 1.457136810144645260e-04
1.714583333333333215e+01 9.892456185048112971e-01 -1.454838570621530243e-03
1.716666666666666430e+01 9.736985488867839766e-01 1.257235032958292772e-04
1.718750000000000000e+01 9.750459239698118230e-01 9.963101351313724888e-04
1.720833333333333215e+01 9.917365780521032459e-01 2.119681883786591215e-03
1.722916666666666430e+01 1.005036795039016662e+00 -4.932902210436732353e-04
1.725000000000000000e+01 1.010662703342186663e+00 -4.056033130708012568e-04
1.727083333333333215e+01 1.029620319342581247e+00 1.045840648731971708e-03
1.729166666666666430e+01 1.023523292800902817e+00 -2.672655239319027829e-04
1.731250000000000000e+01 1.001894176082686272e+00 -4.101439151914731897e-04
1.733333333333333215e+01 9.862690915889534837e-01 -1.048628471083190702e-03
1.735416666666666430e+01 9.850154714933972988e-01 6.354074088463400804e-04
1.737500000000000000e+01 9.974758972300805659e-01 5.572234956411866499e-04
1.739583333333333215e+01 1.013906972404335693e+00 -5.203074763761812499e-04
1.741666666666666430e+01 1.013775678001531011e+00 -7.129774853601802704e-04
1.743750000000000000e+01 1.005288754306153720e+00 6.421356109784472554e-04
1.745833333333333215e+01 9.911391145611785358e-01 1.449294336073462738e-03
1.747916666666666430e+01 9.901559367017236379e-01 -2.767000149663283106e-04
1.750000000000000000e+01 9.921988779175635598e-01 -3.060172047340254872e-03
1.752083333333333215e+01 1.009781071504443961e+00 -9.337466054144896461e-04
1.754166666666666430e+01 1.030297938679813230e+00 -8.753830657372387632e-04
1.756250000000000000e+01 1.021752289218684551e+00 -9.525897066982442997e-04
1.758333333333333215e+01 1.003591839838337885e+00 -1.252741119388205409e-03
1.760416666666666430e+01 9.805602393533134897e-01 8.425937279995185120e-04
1.762500000000000000e+01 9.769966411313534271e-01 1.150846769296418959e-03
1.764583333333333215e+01 9.939843332221556249e-01 -1.463866667712404655e-04
1.766666666666666430e+01 9.995834856295869875e-01 1.265841471772707894e-03
1.768750000000000000e+01 1.013549832742089984e+00 8.096860032826875978e-04
1.770833333333333215e+01 1.019962067023621799e+00 -8.158961878623569464e-04
1.772916666666666430e+01 1.027377737398672775e+00 6.453364646150242315e-04
1.775000000000000000e+01 1.004803120768587021e+00 6.279110025143323694e-04
1.777083333333333215e+01 9.850511046574099705e-01 1.236326705181617141e-03
1.779166666666666430e+01 9.752369191971044238e-01 -2.437007272450978593e-03
1.781250000000000000e+01 9.956910895755936020e-01 5.127064985460179792e-04
1.783333333333333215e+01 1.015454822770821330e+00 -1.974665169332150204e-04
1.785416666666666430e+01 1.019253646551584458e+00 2.314541420597167056e-06
1.787500000000000000e+01 1.000813441998914755e+00 -2.020388792218186583e-03
1.789583333333333215e+01 1.000145716512224947e+00 2.007628727560875062e-04
1.791666666666666430e+01 9.966596627312538370e-01 -1.062055385203322265e-03
1.793750000000000000e+01 1.002442579724869276e+00 9.560227201843433161e-04
1.795833333333333215e+01 1.010983419908413117e+00 5.917528477842694040e-04
1.797916666666666430e+01 1.014404005940737097e+00 -1.035684126105537294e-03
1.800000000000000000e+01 1.009838402604862795e+00 3.817085209398014671e-04
1.802083333333333215e+01 1.001912364076553486e+00 -1.295584680005446444e-04
1.804166666666666430e+01 9.898263620952418851e-01 2.630995597297275022e-04
1.806250000000000000e+01 9.882297395450823085e-01 1.554087504222820672e-04
1.808333333333333215e+01 9.971035490351900510e-01 -7.959160224616715481e-04
1.810416666666666430e+01 1.006193875632950041e+00 -3.470378143266544661e-04
1.812500000000000000e+01 1.008909425767820611e+00 4.874135207675791420e-04
1.814583333333333215e+01 1.006822858881538663e+00 -1.746252299927918768e-04
1.816666666666666430e+01 1.007791999539228156e+00 -1.138735662255232735e-03
1.818750000000000000e+01 9.997459146953306952e-01 -8.314330438040319279e-04
1.820833333333333215e+01 9.926945163800070526e-01 7.995711227455363970e-04
1.822916666666666430e+01 9.888154071830009828e-01 1.192980190858701191e-03
1.825000000000000000e+01 9.969745289275900868e-01 -1.061934150623425029e-03
1.827083333333333215e+01 1.004601680544004116e+00 1.681346693269732432e-03
1.829166666666666430e+01 1.015102120357136650e+00 9.150646730778905615e-04
1.831250000000000000e+01 1.005880181136837859e+00 -1.586334972309929843e-03
1.833333333333333215e+01 9.909528001694544175e-01 2.351996060163015218e-04
1.835416666666666430e+01 9.948545411567472074e-01 5.432639489802677324e-04
1.837500000000000000e+01 9.991312506269515170e-01 -3.438540033047740889e-04
1.839583333333333215e+01 1.007327929319821180e+00 9.457483925165979181e-05
1.841666666666666430e+01 1.002056269577196401e+00 -5.727952010094031400e-05
1.843750000000000000e+01 1.006039547646343513e+00 1.387711598899742430e-04
1.845833333333333215e+01 1.015206662632394563e+00 -1.558367305990473583e-03
1.847916666666666430e+01 1.011611130349102217e+00 1.505582063808095627e-03
1.850000000000000000e+01 9.979032165292649470e-01 9.004502988284001893e-04
1.852083333333333215e+01 9.901102904092178303e-01 -7.637913631649769245e-04
1.854166666666666430e+01 9.874232242596002740e-01 3.311846013492069675e-04
1.856250000000000000e+01 9.922565537408503111e-01 7.833593742804505645e-04
1.858333333333333215e+01 9.997641280850864121e-01 1.577963011128395232e-03
1.860416666666666430e+01 1.015599063544677882e+00 1.179154362977648772e-03
1.862500000000000000e+01 1.021520917412912066e+00 4.506697810398743276e-04
1.864583333333333215e+01 1.016545182502015310e+00 -2.757011916650144862e-03
1.866666666666666430e+01 1.008977323871057541e+00 5.803555959969854431e-04
1.868750000000000000e+01 9.818535111581019326e-01 2.683759591804230266e-04
1.870833333333333215e+01 9.750578703261905122e-01 5.716653316267535740e-04
1.872916666666666430e+01 9.855173305644077120e-01 4.547134298134300001e-04
1.875000000000000000e+01 9.983555822457408357e-01 2.296981279195572500e-03
1.877083333333333215e+01 1.010668031912941967e+00 -1.326053982213912198e-03
1.879166666666666430e+01 1.020558025483559339e+00 7.705413100938232531e-04
1.881250000000000000e+01 1.018587049976910297e+00 -4.540864689870834103e-04
1.883333333333333215e+01 1.011020710524523469e+00 -9.235277067962248962e-04
1.885416666666666430e+01 9.980426095531069741e-01 1.835429698166506508e-04
1.887500000000000000e+01 9.853889978911571923e-01 -2.328373026807646282e-03
1.889583333333333215e+01 9.894206789866168972e-01 -3.420136503498808888e-04
1.891666666666666430e+01 9.951789206169394664e-01 1.419116907337418304e-03
1.893750000000000000e+01 1.009033942110062032e+00 -1.519110507612571933e-03
1.895833333333333215e+01 1.005635743869936816e+00 6.828206671055245735e-04
1.897916666666666430e+01 1.002571986501119783e+00 2.995585067566494328e-03
1.900000000000000000e+01 1.007883579066324975e+00 -6.348745904418999150e-04
1.902083333333333215e+01 1.010770205375969732e+00 2.252990849312450083e-03
1.904166666666666430e+01 1.010267705094662682e+00 -2.715485257915194097e-03
1.906250000000000000e+01 1.000242170974497524e+00 -8.564784154487467289e-04
1.908333333333333215e+01 1.002381024553915978e+00 -8.596800733304387626e-04
1.910416666666666430e+01 9.982464673883485462e-01 6.120015705449110503e-04
1.912500000000000000e+01 9.894870415295562438e-01 7.423139666540313217e-04
1.914583333333333215e+01 9.889499405200168347e-01 -3.595728387221931027e-04
1.916666666666666430e+01 1.001763237260889339e+00 -8.561282288419050064e-04
1.918750000000000000e+01 1.018307551391734123e+00 9.220882066243321715e-04
1.920833333333333215e+01 1.014946960419321753e+00 -3.119225596926950895e-04
1.922916666666666430e+01 1.008876195877294046e+00 -3.033400790285575486e-04
1.925000000000000000e+01 9.987099818231441883e-01 1.347054414081543016e-03
1.927083333333333215e+01 9.908752076326901026e-01 -7.621118139327581016e-04
1.929166666666666430e+01 9.948848118599965540e-01 -1.623137290351449455e-03
1.931250000000000000e+01 9.975417555929381175e-01 4.961852699505696091e-04
1.933333333333333215e+01 1.006418433655350331e+00 -1.201243188884908641e-03
1.935416666666666430e+01 1.008407960937303338e+00 3.424642891271423187e-04
1.937500000000000000e+01 1.006849746789601596e+00 -2.333326227841574750e-03
1.939583333333333215e+01 1.003222959414104443e+00 -2.931210250580133098e-04
1.941666666666666430e+01 9.917490806199193987e-01 6.890187348453071176e-04
1.943750000000000000e+01 9.949177517385822123e-01 1.218099400859021806e-03
1.945833333333333215e+01 1.005423567709690325e+00 -1.972187281239462086e-03
1.947916666666666430e+01 1.009480697274030891e+00 2.817705172065453241e-03
1.950000000000000000e+01 1.006275314277364386e+00 1.430976360550390578e-03
1.952083333333333215e+01 1.001748582840362056e+00 8.185696389428044834e-04
1.954166666666666430e+01 1.002117877901942844e+00 -2.061577907470031178e-03
1.956250000000000000e+01 1.002399598671250835e+00 -1.340711808539592990e-03
1.958333333333333215e+01 9.938846132562463298e-01 1.295316925215113206e-03
1.960416666666666430e+01 9.876306733604720556e-01 -4.632234009714198786e-04
1.962500000000000000e+01 1.000603445658971857e+00 -1.444721037939199464e-03
1.964583333333333215e+01 1.005587601052284397e+00 -5.243426836671279167e-04
1.966666666666666430e+01 1.007135815444059945e+00 -1.039028288122072858e-03
1.968750000000000000e+01 1.010403923987230224e+00 1.999503636381220095e-04
1.970833333333333215e+01 1.006999394225178923e+00 3.165912896765196282e-03
1.972916666666666430e+01 1.010811845205304760e+00 3.156454273933377119e-04
1.975000000000000000e+01 1.011474884176842837e+00 4.237642614881679008e-04
1.977083333333333215e+01 1.002918188923664911e+00 -6.845353343201513200e-04
1.979166666666666430e+01 9.788616398640375138e-01 7.572569898218411239e-04
1.981250000000000000e+01 9.845399938172016974e-01 -9.090178334932388655e-04
1.983333333333333215e+01 1.003005622690619880e+00 -3.680406278298328066e-04
1.985416666666666430e+01 1.016388042171374684e+00 -8.760689461635944421e-04
1.987500000000000000e+01 1.026454591322843557e+00 7.296893715772823433e-04
1.989583333333333215e+01 1.021698008570313343e+00 -1.650922049846146288e-03
1.991666666666666430e+01 1.010751358807335354e+00 -6.015952705536615217e-04
1.993750000000000000e+01 9.860858164211013799e-01 4.860709525545613380e-04
1.995833333333333215e+01 9.815672305926771424e-01 2.035105465853164364e-03
1.997916666666666430e+01 9.855594084146385159e-01 5.343373913821570067e-04
2.000000000000000000e+01 1.004373696851223352e+00 -1.005286133979840877e-03
2.002083333333333215e+01 1.009589799291900292e+00 -4.925281507543558283e-04
2.004166666666666430e+01 1.013516802232194314e+00 2.366386773165520159e-03
2.006250000000000000e+01 1.010198442870792412e+00 -3.470877531670789350e-04
2.008333333333333215e+01 1.008585134575039399e+00 -4.299464341680514523e-04
2.010416666666666430e+01 1.004638510869279022e+00 -9.767841092173802208e-04
2.012500000000000000e+01 9.966464246652655401e-01 1.498168140989556644e-03
2.014583333333333215e+01 9.943742297109130490e-01 5.415768594367298926e-04
2.016666666666666430e+01 9.983166238706878692e-01 -7.105193027291489914e-04
2.018750000000000000e+01 1.006657283142027737e+00 -3.104243193857140429e-03
2.020833333333333215e+01 1.001560241190511791e+00 1.597116996802829068e-03
2.022916666666666430e+01 9.922267929084344074e-01 2.296379077443841735e-04
2.025000000000000000e+01 9.920615229111029443e-01 1.023032034215975186e-04
2.027083333333333215e+01 1.009178675452044205e+00 -2.010228768421136371e-03
2.029166666666666430e+01 1.023093853008688381e+00 6.098683784046655216e-04
2.031250000000000000e+01 1.025216775303714023e+00 -4.574841204347002165e-04
2.033333333333333215e+01 1.002500989235582063e+00 2.216297462360840634e-04
2.035416666666666430e+01 9.906531447244701916e-01 1.752116287188102469e-03
2.037500000000000000e+01 9.853474080019410941e-01 -1.584864622064308332e-03
2.039583333333333215e+01 9.912643335753003049e-01 -7.811861705957914110e-04
2.041666666666666430e+01 9.977040010616904375e-01 2.020732931047893206e-03
2.043750000000000000e+01 1.007593810177726867e+00 1.155687648892551747e-03
2.045833333333333215e+01 1.006240343742756504e+00 -1.348960046229079335e-03
2.047916666666666430e+01 1.009351119741844549e+00 -1.751186196098670350e-04
2.050000000000000000e+01 1.009290966699107006e+00 -1.297296719166796076e-03
2.052083333333333215e+01 1.006364844680420090e+00 -2.168152969822984032e-04
2.054166666666666430e+01 1.004453631344959241e+00 5.440210337852043445e-04
2.056250000000000000e+01 9.978026531205098637e-01 4.673159241762810156e-04
2.058333333333333215e+01 9.920494895890656917e-01 -1.602505195621858718e-03
2.060416666666666430e+01 9.989859839419237275e-01 -3.856724816584763309e-04
2.062500000000000000e+01 9.945944187873192455e-01 2.034072392794749901e-03
2.064583333333333215e+01 1.003183202370411253e+00 1.002783990993614789e-03
2.066666666666666430e+01 1.008384521086036045e+00 1.918452219458587332e-03
2.068750000000000000e+01 9.945203718333315290e-01 -6.098993911299134063e-04
2.070833333333333215e+01 1.005948100405511303e+00 5.454139303662465174e-04
2.072916666666666430e+01 1.010702999464307084e+00 2.023296244755842712e-03
2.075000000000000000e+01 1.012586746149736427e+00 -6.931111533006009988e-04
2.077083333333333215e+01 9.982518923453729265e-01 -1.936473340031357425e-03
2.079166666666666430e+01 9.845927717888028896e-01 -6.832751172561840440e-04
2.081250000000000000e+01 9.937886238719114695e-01 -2.401407481186393616e-03
2.083333333333333215e+01 1.000367284693371994e+00 -5.874285269054780982e-04
2.085416666666666430e+01 1.002516258218403955e+00 1.345368030978290894e-03
2.087500000000000000e+01 9.929417845052768143e-01 -2.113080282981570288e-03
2.089583333333333215e+01 1.000399358609613820e+00 1.701573920973505202e-03
2.091666666666666430e+01 1.009491068560112614e+00 6.398444636754399030e-05
2.093750000000000000e+01 1.014309036102578165e+00 -2.058877327813951521e-03
2.095833333333333215e+01 1.010381671377091450e+00 4.459308154832383178e-04
2.097916666666666430e+01 1.001169426619045177e+00 -6.178915241598184919e-04
2.100000000000000000e+01 9.923005415497549997e-01 -4.130696589166670094e-04
2.102083333333333215e+01 9.827084409076536353e-01 6.056374785620943736e-04
2.104166666666666430e+01 9.921728223068883024e-01 1.478610317067789769e-03
2.106250000000000000e+01 9.993265113827405344e-01 4.328318798944801970e-04
2.108333333333333215e+01 1.019520927353176232e+00 -3.612535696797327138e-04
2.110416666666666430e+01 1.024607294987781803e+00 1.325145746269060449e-03
2.112500000000000000e+01 1.013740942002508305e+00 1.235309683179378060e-03
2.114583333333333215e+01 9.981225324619573680e-01 -1.556647497813320275e-03
2.116666666666666430e+01 9.879531391702899290e-01 1.755464405636199526e-03
2.118750000000000000e+01 9.889845166102583240e-01 1.848660341320810391e-03
2.120833333333333215e+01 9.969670114308458730e-01 4.566637235194614128e-04
2.122916666666666430e+01 9.978140033200493253e-01 -3.548689757743489536e-04
2.125000000000000000e+01 1.005954872332317729e+00 3.155900551436816026e-03
2.127083333333333215e+01 1.011884674222639280e+00 2.140811153592176146e-03
2.129166666666666430e+01 1.010887888921005118e+00 1.612734169778019333e-03
2.131250000000000000e+01 9.983932434848836746e-01 2.594192740968225951e-03
2.133333333333333215e+01 9.944212953836351065e-01 -1.043719471357007055e-03
2.135416666666666430e+01 9.965975618134875758e-01 -9.632022970376559988e-04
2.137500000000000000e+01 1.012719286517401507e+00 -8.266500849058382823e-04
2.139583333333333215e+01 1.017582221635097151e+00 -6.813812836459356244e-04
2.141666666666666430e+01 9.939479290377680742e-01 -1.721314495434887065e-04
2.143750000000000000e+01 9.831967214356277518e-01 1.303744238219614084e-03
2.145833333333333215e+01 9.875086263145486098e-01 -1.394354428325600241e-03
2.147916666666666430e+01 1.000102646557522013e+00 -1.627136882901139515e-03
2.150000000000000000e+01 1.015666757546716870e+00 -3.568162503963342893e-04
2.152083333333333215e+01 1.015948204840014801e+00 -2.807279450123834237e-03
2.154166666666666430e+01 1.017950601322122894e+00 2.383315414627451730e-03
2.156250000000000000e+01 1.001739784000359235e+00 -1.209442883049510276e-03
2.158333333333333215e+01 9.921230777556461211e-01 7.072037860847769138e-04
2.160416666666666430e+01 9.789963077891454812e-01 -2.832732498119579678e-04
2.162500000000000000e+01 9.865040077130826646e-01 -1.816593108419154541e-03
2.164583333333333215e+01 1.002054604605741028e+00 2.374585333975668539e-03
2.166666666666666430e+01 1.017968897259338590e+00 9.360304651212726819e-04
2.168750000000000000e+01 1.019107961584269972e+00 2.106866294333889500e-04
2.170833333333333215e+01 1.006914529476362397e+00 1.087937979398457221e-04
2.172916666666666430e+01 9.997941888379624498e-01 -9.082514975740289646e-04
2.175000000000000000e+01 9.946667483023351464e-01 5.217433732886853038e-04
2.177083333333333215e+01 9.888308059804788996e-01 1.393214803880407377e-03
2.179166666666666430e+01 9.964349497394813238e-01 -1.948517255419921195e-03
2.181250000000000000e+01 1.001893014059680453e+00 4.735241956581864452e-04
2.183333333333333215e+01 1.006607228794508258e+00 -5.713239756198261292e-04
2.185416666666666430e+01 1.002092887886424588e+00 -9.736386832407961656e-04
2.187500000000000000e+01 9.978438443539178193e-01 7.322212902590251706e-04
2.189583333333333215e+01 9.944412256096162306e-01 1.621850680726732562e-03
2.191666666666666430e+01 1.002952991955461393e+00 -2.180764667386729614e-03
2.193750000000000000e+01 1.010566742668998819e+00 -5.614437668946705004e-04
2.195833333333333215e+01 1.009837570861966904e+00 -1.488977644699517131e-03
2.197916666666666430e+01 9.983177725270274694e-01 -9.118857537550471761e-04
2.200000000000000000e+01 1.000542900911800093e+00 -1.430837953972680489e-03
2.202083333333333215e+01 1.004910944500825964e+00 3.045537347969235527e-03
2.204166666666666430e+01 9.990633579298682232e-01 2.573522523132852537e-04
2.206250000000000000e+01 9.978399321497700702e-01 -1.037191383610622675e-03
2.208333333333333215e+01 1.001724959616938193e+00 -1.489816567489977300e-04
2.210416666666666430e+01 1.008810587684442428e+00 7.589724145085827416e-04
2.212500000000000000e+01 1.011661126689042511e+00 1.385612395392787834e-04
2.214583333333333215e+01 1.002187457239511081e+00 -1.396535988041112649e-03
2.216666666666666430e+01 1.001544437754559036e+00 2.713583568403135095e-04
2.218750000000000000e+01 1.003307716485165146e+00 7.142500552762593867e-05
2.220833333333333215e+01 1.008348974666495979e+00 1.788049999745230717e-03
2.222916666666666430e+01 9.991971478577602594e-01 1.357563787158105623e-03
2.225000000000000000e+01 9.870668462214690075e-01 2.258081542978999327e-03
2.227083333333333215e+01 9.873643578530264531e-01 -9.469657820019838088e-04
2.229166666666666430e+01 1.001251651172335722e+00 -2.303450830904188137e-04
2.231250000000000000e+01 1.011487614331799678e+00 3.913243154289235311e-03
2.233333333333333215e+01 1.011980831557423466e+00 1.010327373000415160e-03
2.235416666666666430e+01 1.010596490053386365e+00 1.666465511889707709e-03
2.237500000000000000e+01 1.004367981893650619e+00 -1.696277594756342045e-04
2.239583333333333215e+01 9.961143028890960816e-01 6.064548433743350815e-04
2.241666666666666430e+01 9.932744435298602736e-01 1.960496632237107659e-04
2.243750000000000000e+01 9.871583629541632599e-01 3.393140580926376449e-04
2.245833333333333215e+01 1.003059613603696443e+00 -3.562860920337383610e-04
2.247916666666666430e+01 1.006141167622878418e+00 -1.047297472317279673e-03
2.250000000000000000e+01 1.007415402869769272e+00 2.409198927732903285e-04
2.252083333333333215e+01 1.000260152063153996e+00 5.299730521950924214e-04
2.254166666666666430e+01 1.002859970616650775e+00 -5.022920830037298605e-04
2.256250000000000000e+01 1.005436963125726946e+00 -3.479511789383750659e-04
2.258333333333333215e+01 1.001328719437458048e+00 1.261987355464583554e-03
2.260416666666666430e+01 9.980245178629908454e-01 3.124775905258162585e-04
2.262500000000000000e+01 9.972766271743463973e-01 -3.246058680983922155e-04
2.264583333333333215e+01 1.006264550314826423e+00 -2.055721903028842666e-04
2.266666666666666430e+01 1.002449115593840423e+00 8.067335615927487746e-04
2.268750000000000000e+01 9.933197557582136294e-01 1.566450200962184224e-03
2.270833333333333215e+01 9.925281382523178930e-01 2.052075163084201952e-03
2.272916666666666430e+01 1.007548445502943091e+00 -6.761140047557177499e-04
2.275000000000000000e+01 1.018967771135094624e+00 -9.529846070997962520e-04
2.277083333333333215e+01 1.014423407853131565e+00 1.642533322992894857e-03
2.279166666666666430e+01 9.948857168610794055e-01 -2.023859979221845785e-03
2.281250000000000000e+01 9.820797494285354867e-01 1.073090077043465209e-03
2.283333333333333215e+01 9.884720932609525335e-01 -1.262930074543863485e-03
2.285416666666666430e+01 1.000739366758767179e+00 5.908412581564165354e-04
2.287500000000000000e+01 1.008514229893642034e+00 5.371125536661378833e-05
2.289583333333333215e+01 1.004855252476793748e+00 -2.189646817040628141e-04
2.291666666666666430e+01 1.010415564695600121e+00 1.459882803880950541e-03
2.293750000000000000e+01 1.007762538007669129e+00 8.285480383453052529e-04
2.295833333333333215e+01 9.995464590860481113e-01 -6.757172606236432674e-04
2.297916666666666430e+01 9.904659642350114312e-01 -1.938438264329852721e-04
2.300000000000000000e+01 9.959922248493638941e-01 1.814633785841674243e-03
2.302083333333333215e+01 1.001599568635242798e+00 -1.288451244191335474e-03
2.304166666666666430e+01 1.003744633928853602e+00 1.583145230322893348e-03
2.306250000000000000e+01 1.005498562999400658e+00 -8.645427519865958674e-04
2.308333333333333215e+01 1.009399118249428406e+00 5.570172111344017744e-04
2.310416666666666430e+01 1.006317729473461320e+00 2.103718161092689182e-04
2.312500000000000000e+01 1.001189536240358890e+00 7.901039391588212486e-04
2.314583333333333215e+01 9.924543794400432217e-01 1.436802692731301402e-04
2.316666666666666430e+01 9.948734539414225697e-01 7.533846565379168688e-04
2.318750000000000000e+01 1.006456039178140749e+00 2.936027685779222379e-03
2.320833333333333215e+01 1.003453059218244681e+00 6.536413879831414354e-04
2.322916666666666430e+01 9.975166804589367109e-01 2.074979820408017416e-04
2.325000000000000000e+01 9.971113563986245820e-01 -1.163348242791540591e-03
2.327083333333333215e+01 1.009443614833779534e+00 -1.399472836968155068e-03
2.329166666666666430e+01 1.016635235067608001e+00 9.135019268290767505e-04
2.331250000000000000e+01 1.005680417747792044e+00 1.809871266139666517e-03
2.333333333333333215e+01 9.895161400139259600e-01 -1.740630561340422830e-04
2.335416666666666430e+01 9.804613127999600719e-01 -4.450801039470751643e-04
2.337500000000000000e+01 9.880863643501101024e-01 3.991951165917349939e-04
2.339583333333333215e+01 1.007731006083056435e+00 -1.615489657236414823e-04
2.341666666666666430e+01 1.016214820894165927e+00 1.203517969682010771e-03
2.343750000000000000e+01 1.013288101096056382e+00 -9.836091603997044585e-04
2.345833333333333215e+01 1.006483396683440779e+00 2.934531651905907500e-04
2.347916666666666430e+01 9.938063924826366913e-01 2.772902088825227930e-04
2.350000000000000000e+01 9.893294336408138268e-01 1.005946200446677452e-03
2.352083333333333215e+01 9.850190657380405446e-01 5.637234702567199812e-04
2.354166666666666430e+01 9.956058832142503645e-01 7.555516154593953926e-04
2.356250000000000000e+01 1.013471212417758505e+00 4.628635424957275833e-04
2.358333333333333215e+01 1.012164579373899365e+00 -1.497306543736505154e-03
2.360416666666666430e+01 1.011351165063854918e+00 3.140006484615541363e-04
2.362500000000000000e+01 1.001000801333911339e+00 3.004113426026162469e-04
2.364583333333333215e+01 9.965588218433144574e-01 -7.336957591404269811e-04
2.366666666666666430e+01 9.977206456681664282e-01 -2.500836032986586323e-03
2.368750000000000000e+01 1.002629129873497504e+00 2.458643568206419355e-03
2.370833333333333215e+01 1.006478851151517473e+00 5.748144789297257281e-04
2.372916666666666430e+01 1.009601002224822741e+00 7.222688086319389465e-04
2.375000000000000000e+01 1.009246136110295788e+00 8.626464611189076049e-04
2.377083333333333215e+01 9.930584549765686386e-01 9.034682121944356782e-04
2.379166666666666430e+01 9.800018590895511750e-01 2.143945328980453088e-03
2.381250000000000000e+01 9.949013201963888831e-01 2.566294898092833388e-03
2.383333333333333215e+01 1.017567839526008600e+00 -1.565402339424781060e-03
2.385416666666666430e+01 1.023621208568136876e+00 8.505903037162851127e-05
2.387500000000000000e+01 1.007962543630237962e+00 -6.618467193220242597e-04
2.389583333333333215e+01 9.952368850759186758e-01 -4.698357406215433589e-04
2.391666666666666430e+01 9.921394142085302459e-01 1.163305884039113726e-03
2.393750000000000000e+01 9.921743923736875415e-01 -9.407737583590009217e-04
2.395833333333333215e+01 9.998283649493302505e-01 -2.308995401523710432e-03
2.397916666666666430e+01 1.000488506962810220e+00 -1.177460377201468809e-03
2.400000000000000000e+01 1.010047036769665674e+00 -2.486065321805423431e-03
2.402083333333333215e+01 1.014038784421297246e+00 6.718760898020874946e-04
2.404166666666666430e+01 1.003313493564680803e+00 -1.833442417387639656e-03
2.406250000000000000e+01 9.934811670890962843e-01 1.868334311904505402e-03
2.408333333333333215e+01 9.987225861708886043e-01 2.745211276712950952e-04
2.410416666666666430e+01 9.985652120687281696e-01 2.152636842712242742e-03
2.412500000000000000e+01 1.010403064851840060e+00 1.724634065064091330e-03
2.414583333333333215e+01 1.012600290601241015e+00 1.716543211594397664e-03
2.416666666666666430e+01 1.009471221047311351e+00 -1.054101743349311572e-03
2.418750000000000000e+01 1.003458835359579471e+00 -1.606024804331941495e-03
2.420833333333333215e+01 9.968442105777944873e-01 4.249930842110146551e-04
2.422916666666666430e+01 9.904770560146795022e-01 8.194662257970744285e-04
2.425000000000000000e+01 9.915431334293191012e-01 -1.706319696740289139e-03
2.427083333333333215e+01 1.009419263610908502e+00 2.882105354468095107e-04
2.429166666666666430e+01 1.015683503797999210e+00 -1.268343436739385497e-04
2.431250000000000000e+01 1.008581127541916977e+00 -2.900305174801113737e-04
2.433333333333333215e+01 1.002426124621712100e+00 2.012465652782322728e-03
2.435416666666666430e+01 9.918138647469028069e-01 2.434496400467516485e-04
2.437500000000000000e+01 1.000242297193207675e+00 7.183302475449436248e-04
2.439583333333333215e+01 1.002857049774056764e+00 1.451824842978168602e-03
2.441666666666666430e+01 1.000600623666590527e+00 3.535300817731853486e-04
2.443750000000000000e+01 9.954149966797259941e-01 8.830060812629762562e-04
2.445833333333333215e+01 1.001056307008708179e+00 6.090025334226948847e-04
2.447916666666666430e+01 1.009931120075255429e+00 -8.800805438066403334e-04
2.450000000000000000e+01 1.006312191815070145e+00 -1.164817206609804418e-03
2.452083333333333215e+01 1.002389546778487572e+00 -4.295548997278535413e-04
2.454166666666666430e+01 1.001626347562079244e+00 -2.112367850405255957e-04
2.456250000000000000e+01 1.001172263020980280e+00 1.356006049926436995e-04
2.458333333333333215e+01 1.002570236711578966e+00 1.177995310337307325e-03
2.460416666666666430e+01 9.973583754166298609e-01 -7.550909980489138411e-04
2.462500000000000000e+01 9.945190490470565692e-01 2.358323615742714471e-05
2.464583333333333215e+01 1.002801794793323653e+00 9.842109657428993984e-04
2.466666666666666430e+01 1.002090072038935631e+00 -1.179734695063341943e-03
2.468750000000000000e+01 9.942137837352574836e-01 -6.171096318895349627e-04
2.470833333333333215e+01 9.933684122991799370e-01 -2.517206469571222315e-03
2.472916666666666430e+01 1.000649619568244386e+00 -1.006354528182005830e-03
2.475000000000000000e+01 1.021090349751473614e+00 2.733892880401444917e-04
2.477083333333333215e+01 1.025316033189670240e+00 -4.270623856872741357e-04
2.479166666666666430e+01 1.013848694915991278e+00 1.070685474475881367e-03
2.481250000000000000e+01 1.000632309575100409e+00 -5.190842825409663778e-04
2.483333333333333215e+01 9.840117191141699582e-01 1.644389949525021117e-03
2.485416666666666430e+01 9.836828150724917785e-01 5.673074008709941361e-04
2.487500000000000000e+01 9.868919393371388127e-01 -5.546401630147318289e-04
2.489583333333333215e+01 1.005493060836507579e+00 -6.522285924911758355e-04
2.491666666666666430e+01 1.026735392434706240e+00 9.237871574168559415e-04
2.493750000000000000e+01 1.035759485346658515e+00 -1.278359731809670984e-03
2.495833333333333215e+01 1.019394546101452637e+00 -4.748992037794677818e-04
2.497916666666666430e+01 9.902996981986608160e-01 -1.912472820329541541e-05
2.500000000000000000e+01 9.729711544450498906e-01 2.183401319972827926e-03
2.502083333333333215e+01 9.751002821154035605e-01 2.216975266421037077e-03
2.504166666666666430e+01 9.874268249491200411e-01 -1.043802932385166611e-03
2.506250000000000000e+01 1.004823115529074995e+00 -1.692798160145233795e-03
2.508333333333333215e+01 1.021505991617144504e+00 9.189730858741099184e-04
2.510416666666666430e+01 1.027272420395954899e+00 2.428588182920869611e-05
2.512500000000000000e+01 1.013495682296201572e+00 -3.003045899601611171e-04
2.514583333333333215e+01 9.953154871996058306e-01 1.094426602333075467e-03
2.516666666666666430e+01 9.873592116688256759e-01 8.794355255454442116e-04
2.518750000000000000e+01 9.950817801717828370e-01 -1.077942576107469375e-03
2.520833333333333215e+01 1.002622541506192899e+00 -1.225778387028695834e-03
2.522916666666666430e+01 1.003429539997498177e+00 -2.219032497857072964e-03
2.525000000000000000e+01 9.958907584312647332e-01 3.183071790401202378e-03
2.527083333333333215e+01 9.916944441822238554e-01 1.684322777465909176e-03
2.529166666666666430e+01 1.003059746784023876e+00 1.725030788453659142e-03
2.531250000000000000e+01 1.012856713025755306e+00 7.105158286766454206e-05
2.533333333333333215e+01 1.014255754693105471e+00 -2.910189050238347211e-04
2.535416666666666430e+01 1.014648550950849382e+00 3.532050653447935855e-04
2.537500000000000000e+01 1.008994426153103419e+00 6.510238283484945376e-04
2.539583333333333215e+01 9.964868630882481870e-01 8.640400263274994807e-04
2.541666666666666430e+01 9.872967290900538373e-01 -4.670498230044952087e-04
2.543750000000000000e+01 9.771537311958302663e-01 -2.041675550454330294e-03
2.545833333333333215e+01 9.905031089645308651e-01 3.245842162463164751e-04
2.547916666666666430e+01 1.007464414874510439e+00 -3.977382569391967179e-04
2.550000000000000000e+01 1.018898336965118778e+00 6.960699257618990039e-04
2.552083333333333215e+01 1.020932992337137302e+00 -7.671897736701675796e-04
2.554166666666666430e+01 1.012537988930551691e+00 -8.080253951124021091e-05
2.556250000000000000e+01 9.997410273199417441e-01 -2.957297060412656005e-03
2.558333333333333215e+01 9.886902939673546387e-01 -1.988115959667275268e-03
2.560416666666666430e+01 9.871969413853841635e-01 -1.130735041416600084e-03
2.562500000000000000e+01 9.979431196333001797e-01 2.288655063164207921e-03
2.564583333333333215e+01 1.010714534713363921e+00 -5.503896158014621011e-04
2.566666666666666430e+01 1.013018484426562393e+00 1.837953403628231125e-03
2.568750000000000000e+01 1.008156488809611284e+00 -7.988354832218101317e-04
2.570833333333333215e+01 9.924870331928339340e-01 2.733136772528501832e-03
2.572916666666666430e+01 9.957567282449552026e-01 1.187653087201383370e-03
2.575000000000000000e+01 1.008321716644837052e+00 7.432355208855344342e-04
2.577083333333333215e+01 1.013231513423085151e+00 -1.455830002698782954e-04
2.579166666666666430e+01 1.006816640356114956e+00 7.521329329986723268e-04
2.581250000000000000e+01 9.990748890636521606e-01 6.444241304886719462e-04
2.583333333333333215e+01 1.003599828931761362e+00 9.016766999415053814e-04
2.585416666666666430e+01 1.004904304126858383e+00 9.411013407933481456e-04
2.587500000000000000e+01 9.976264550888532812e-01 3.059755703839660106e-03
2.589583333333333215e+01 9.901193667209458038e-01 7.687019011686858959e-04
2.591666666666666430e+01 9.919560530531199571e-01 -4.860146988973727648e-03
2.593750000000000000e+01 1.002143699234569363e+00 -5.955437737232087934e-04
2.595833333333333215e+01 1.018655117006482147e+00 3.632384320782001985e-04
2.597916666666666430e+01 1.017399815220094483e+00 2.378712529760153988e-03
