0.000000000000000000e+00 1.011425295261477952e+00 -5.932373338492600168e-04
2.083333333333333218e-02 9.934330022382961145e-01 8.512236591425642249e-04
4.166666666666666435e-02 9.878402610543692841e-01 2.203261126770809757e-03
6.250000000000000000e-02 9.920602060014391821e-01 -4.468927675237662801e-04
8.333333333333332871e-02 1.005188882973670150e+00 6.533189676226526391e-04
1.041666666666666574e-01 1.002285456418297027e+00 -4.442668631151769506e-04
1.250000000000000000e-01 1.014547643039399816e+00 1.236778075406203263e-04
1.458333333333333148e-01 1.005286055313189264e+00 1.409689181187786773e-03
1.666666666666666574e-01 9.973471669447485644e-01 6.286654878381072982e-05
1.875000000000000000e-01 9.856075941451813982e-01 -1.019434189005932702e-03
2.083333333333333148e-01 9.920878274187432400e-01 -9.124082653595492988e-04
2.291666666666666574e-01 9.960227094196647535e-01 -7.709330313264582592e-04
2.500000000000000000e-01 1.008164636562044914e+00 -1.663027663437118380e-05
2.708333333333333148e-01 1.003466828435870539e+00 1.072514315113851351e-03
2.916666666666666297e-01 9.999609761632064497e-01 -1.698496051377411950e-03
3.125000000000000000e-01 9.946530264863452375e-01 -1.296611461693730804e-03
3.333333333333333148e-01 1.002196196046842402e+00 -1.155676514470059665e-03
3.541666666666666297e-01 1.002785564157335330e+00 -2.186756777161527610e-03
3.750000000000000000e-01 1.003157255477665766e+00 1.657403354360602278e-03
3.958333333333333148e-01 1.000900509158029195e+00 -4.547330470511823657e-05
4.166666666666666297e-01 9.922438236768049702e-01 2.375974149654781938e-03
4.375000000000000000e-01 9.947939196152638663e-01 -1.780417093976251978e-03
4.583333333333333148e-01 9.978216852799188796e-01 1.617727891573967876e-03
4.791666666666666297e-01 1.006882119991223457e+00 -8.770606652049545236e-04
5.000000000000000000e-01 1.013941105356884087e+00 -5.092121064679803631e-04
5.208333333333332593e-01 1.003506279036275872e+00 -1.236205571364421907e-03
5.416666666666666297e-01 9.920270275320944853e-01 -1.187329824359573864e-03
5.625000000000000000e-01 9.848394983910017109e-01 -1.654681764035692646e-03
5.833333333333332593e-01 9.940093451715397155e-01 2.704161970255925581e-04
6.041666666666666297e-01 1.007796679118196259e+00 -1.642751290658527649e-03
6.250000000000000000e-01 1.010516220621487271e+00 -3.022523316535910163e-04
6.458333333333332593e-01 1.007962926204006848e+00 -1.150193030424961443e-05
6.666666666666666297e-01 9.981232688485389692e-01 8.332633567576380740e-04
6.875000000000000000e-01 9.886851984153235406e-01 1.254896529994345043e-04
7.083333333333332593e-01 9.865458521427653560e-01 4.016572918282344091e-04
7.291666666666666297e-01 9.947282536648325291e-01 6.430144507079027690e-04
7.500000000000000000e-01 1.002288090854991598e+00 -2.156358157464651734e-05
7.708333333333332593e-01 1.010292356032019834e+00 4.541848982178313312e-04
7.916666666666666297e-01 1.009215910440268704e+00 -1.224650239306224447e-03
8.125000000000000000e-01 9.991631510267281469e-01 -9.693380433799027871e-04
8.333333333333332593e-01 9.941290482985823962e-01 2.371888508924187896e-03
8.541666666666666297e-01 9.958559263098434311e-01 -1.466776797069708615e-05
8.750000000000000000e-01 1.000283851977419536e+00 -8.881258433336937028e-04
8.958333333333332593e-01 1.006523534746859072e+00 1.724849876338683348e-03
9.166666666666666297e-01 9.997678108645174921e-01 -1.960532631434605956e-04
9.375000000000000000e-01 9.966534830369275788e-01 -8.081137834799924239e-04
9.583333333333332593e-01 1.000266417492007065e+00 -1.811239435652556426e-03
9.791666666666666297e-01 1.007509774769694388e+00 9.743648325652644760e-04
1.000000000000000000e+00 1.003159754510894786e+00 -1.357876134013614707e-03
1.020833333333333259e+00 1.002242925459456035e+00 -6.737907250250463592e-04
1.041666666666666519e+00 9.976841129892817239e-01 8.051249849286691660e-04
1.062500000000000000e+00 9.931687875417758438e-01 2.295419678226507602e-04
1.083333333333333259e+00 9.922440020129155158e-01 -1.080335923022600819e-04
1.104166666666666519e+00 1.000158682965089696e+00 -2.674847269519104137e-04
1.125000000000000000e+00 1.007140408846905588e+00 1.432409192667902188e-03
1.145833333333333259e+00 1.009762325588650977e+00 2.787842684752098784e-03
1.166666666666666519e+00 1.003835879616869153e+00 -6.859510364404816738e-04
1.187500000000000000e+00 9.973370956820782895e-01 7.111301131283949200e-04
1.208333333333333259e+00 9.955829616379009428e-01 2.411000381692646622e-03
1.229166666666666519e+00 1.001511322182812691e+00 1.348821318688412079e-03
1.250000000000000000e+00 9.996576388474638364e-01 -8.585395322229864542e-04
1.270833333333333259e+00 1.003169131625800459e+00 -5.383507838424363189e-04
1.291666666666666519e+00 1.000002333500851659e+00 -7.474606781252979152e-04
1.312500000000000000e+00 9.985208656537943872e-01 -1.141804262068466490e-03
1.333333333333333259e+00 1.000859395579576150e+00 -7.798814408358277581e-04
1.354166666666666519e+00 9.996282125732588453e-01 3.273443486754253127e-04
1.375000000000000000e+00 1.004676885675152898e+00 -7.337862564435048297e-04
1.395833333333333259e+00 1.007661667693726004e+00 1.095249828312947491e-03
1.416666666666666519e+00 1.007129207230287538e+00 1.540693294659911694e-04
1.437500000000000000e+00 9.938886405711163663e-01 -4.964071035701774241e-04
1.458333333333333259e+00 9.944941605414487906e-01 1.107612400258739353e-03
1.479166666666666519e+00 1.002348907380591347e+00 3.987147821505755262e-04
1.500000000000000000e+00 1.004932524631682034e+00 3.310845322322134238e-04
1.520833333333333259e+00 9.992811238918389849e-01 1.300048068168100117e-03
1.541666666666666519e+00 9.912753252452357611e-01 7.165818106562997806e-04
1.562500000000000000e+00 9.884137307745151091e-01 -1.361230835475533269e-04
1.583333333333333259e+00 1.001086003393189205e+00 1.171943553584682812e-03
1.604166666666666519e+00 1.008722479354626556e+00 3.866472527558268476e-04
1.625000000000000000e+00 1.007367694370213229e+00 3.646635953591385176e-03
1.645833333333333259e+00 1.007257985983227577e+00 1.373360626308899827e-03
1.666666666666666519e+00 1.000524352148677298e+00 1.441515776718402904e-03
1.687500000000000000e+00 9.933720858697334677e-01 1.613741714535611152e-03
1.708333333333333259e+00 9.921735131482697367e-01 9.979951407035792151e-05
1.729166666666666519e+00 1.000895819695712063e+00 1.641119264412160264e-03
1.750000000000000000e+00 1.009141896501750679e+00 2.919628446207195974e-05
1.770833333333333259e+00 1.005361876010973488e+00 -1.038966753981753442e-03
1.791666666666666519e+00 9.916644020909580748e-01 -7.049830730126958878e-04
1.812500000000000000e+00 9.903967407557204838e-01 6.599381929156740998e-04
1.833333333333333259e+00 9.977150217571915114e-01 -1.951399863323358694e-03
1.854166666666666519e+00 1.008606516247242402e+00 2.604411518178146494e-04
1.875000000000000000e+00 1.010283136967874862e+00 -9.104376068092154490e-04
1.895833333333333259e+00 1.006556232058563705e+00 8.977704782023167122e-04
1.916666666666666519e+00 1.003422053183173457e+00 -9.327171383216839758e-04
1.937500000000000000e+00 9.965250400207613657e-01 2.340379077844157839e-03
1.958333333333333259e+00 9.915798087217312373e-01 9.597726612385784443e-04
1.979166666666666519e+00 9.926370515770640557e-01 -1.586073698967249658e-03
2.000000000000000000e+00 1.002626064882472301e+00 2.198449187604792701e-03
2.020833333333333037e+00 1.008334664313603524e+00 -2.840656367004308885e-04
2.041666666666666519e+00 9.982994112809108200e-01 -9.093451371497512882e-04
2.062500000000000000e+00 9.937941523141360367e-01 -1.279749145407748289e-03
2.083333333333333037e+00 9.958561249471004073e-01 7.097059245695661262e-04
2.104166666666666519e+00 1.009269909835933454e+00 1.880652333330839511e-03
2.125000000000000000e+00 1.007539376412902143e+00 -7.230337156645567920e-04
2.145833333333333037e+00 1.002466042435035565e+00 -1.247026052297565838e-03
2.166666666666666519e+00 9.965799285874411551e-01 -1.424625110040979694e-03
2.187500000000000000e+00 9.999780433693153947e-01 1.870506639200267664e-03
2.208333333333333037e+00 9.977066770272200458e-01 2.088411527138655729e-03
2.229166666666666519e+00 9.919767624822308782e-01 -4.355889251491223404e-04
2.250000000000000000e+00 1.001778982911052385e+00 6.721313593011090130e-04
2.270833333333333037e+00 1.010464883775739509e+00 -3.631812844426773852e-06
2.291666666666666519e+00 1.000635438507773145e+00 -7.578787784905302290e-05
2.312500000000000000e+00 9.912136119228192044e-01 1.205028290271772896e-03
2.333333333333333037e+00 9.910803612481916547e-01 5.511950008505544195e-04
2.354166666666666519e+00 9.988498705230441921e-01 4.118624584518465080e-04
2.375000000000000000e+00 1.009874661135496066e+00 -3.657236691998852658e-04
2.395833333333333037e+00 1.002530562922326229e+00 1.019500449638597412e-03
2.416666666666666519e+00 1.001940886484255833e+00 -3.525073780137007499e-04
2.437500000000000000e+00 9.985108593960830836e-01 6.240311008482053723e-05
2.458333333333333037e+00 1.001797439827152969e+00 2.743468672192953635e-04
2.479166666666666519e+00 9.919887826354997218e-01 -1.501444569066812335e-03
2.500000000000000000e+00 9.916099801941022918e-01 -3.738687084514302978e-04
2.520833333333333037e+00 1.001715931323582387e+00 -3.907537670813396140e-04
2.541666666666666519e+00 1.013538426381175306e+00 1.265038581228993225e-04
2.562500000000000000e+00 1.007843222582030629e+00 -1.389772613469401636e-03
2.583333333333333037e+00 9.905619067574863434e-01 -1.483189626181260698e-03
2.604166666666666519e+00 1.002027826337347660e+00 2.029327629116358007e-03
2.625000000000000000e+00 1.007904389917573251e+00 1.445554507992058511e-03
2.645833333333333037e+00 9.992835177672383384e-01 1.111299195877628191e-03
2.666666666666666519e+00 9.894024769198799252e-01 2.281023483237483961e-03
2.687500000000000000e+00 1.000785049161167839e+00 5.244940469369495763e-04
2.708333333333333037e+00 1.008217584475405770e+00 -1.138484186589745924e-04
2.729166666666666519e+00 1.005803882419689321e+00 6.027196855418248461e-04
2.750000000000000000e+00 9.960651284142297834e-01 -2.349108739312710369e-03
2.770833333333333037e+00 9.995307213744838437e-01 -1.372603931776289173e-03
2.791666666666666519e+00 1.003370609775150468e+00 9.482963287768105204e-04
2.812500000000000000e+00 9.953067397329754540e-01 4.076935394584558939e-05
2.833333333333333037e+00 9.911675092575464863e-01 -1.597045418851543571e-03
2.854166666666666519e+00 9.925403367266222299e-01 8.231710894497443068e-04
2.875000000000000000e+00 1.010893436410909008e+00 1.248627061241600967e-03
2.895833333333333037e+00 1.010961013937843989e+00 8.348494517054189752e-04
2.916666666666666519e+00 9.994461065570202640e-01 -3.787097429851500298e-05
2.937500000000000000e+00 9.945716724763993266e-01 -1.045061850065480804e-03
2.958333333333333037e+00 1.003653982501438779e+00 1.344936727106437965e-04
2.979166666666666519e+00 1.006499086170532298e+00 5.336554110321052287e-04
3.000000000000000000e+00 9.989155909562196234e-01 -4.482359970816308090e-04
3.020833333333333037e+00 9.943744850325926254e-01 7.537948876583735764e-04
3.041666666666666519e+00 1.001175977805936146e+00 3.930399171905886446e-04
3.062500000000000000e+00 1.006898946441361575e+00 4.163931880893737025e-04
3.083333333333333037e+00 9.997632989822869964e-01 -2.540674736026984296e-03
3.104166666666666519e+00 9.966882854892687993e-01 1.351366241276365319e-03
3.125000000000000000e+00 1.000638075540807970e+00 2.155489649939858893e-03
3.145833333333333037e+00 9.996583913612863137e-01 -5.030845307120204420e-04
3.166666666666666519e+00 1.000481806790519457e+00 -1.846123726481851100e-03
3.187500000000000000e+00 9.969829809419586963e-01 7.986616492747606808e-04
3.208333333333333037e+00 1.001933191179057880e+00 -5.820746655422913331e-04
3.229166666666666519e+00 1.013414870561771153e+00 -1.208765463760262280e-03
3.250000000000000000e+00 1.010258189361846082e+00 1.522145319844191201e-03
3.270833333333333037e+00 9.964574648611685959e-01 -1.729224190607704876e-03
3.291666666666666519e+00 9.908809113062507778e-01 8.967857775463216946e-04
3.312500000000000000e+00 9.912032660249384675e-01 -1.559667651132275526e-03
3.333333333333333037e+00 9.932875802650822372e-01 1.827834978469342411e-03
3.354166666666666519e+00 9.919326934556313979e-01 6.456905825529639636e-04
3.375000000000000000e+00 1.004401154780981020e+00 -3.217437456335374294e-04
3.395833333333333037e+00 1.014543772777163122e+00 1.867124476436091488e-04
3.416666666666666519e+00 1.012380897145050751e+00 7.276092343541780373e-04
3.437500000000000000e+00 9.944864023888777549e-01 1.037367971788889570e-03
3.458333333333333037e+00 9.915942391850890436e-01 1.034739285365289573e-03
3.479166666666666519e+00 9.997388424144966201e-01 6.834128323955325967e-04
3.500000000000000000e+00 1.011911964128641817e+00 -5.967270777908263192e-04
3.520833333333333037e+00 9.962917391568245629e-01 8.300994344092163307e-04
3.541666666666666519e+00 9.942929518497537478e-01 -1.639155477511866632e-03
3.562500000000000000e+00 1.002021859456428743e+00 1.255116380751863762e-03
3.583333333333333037e+00 1.008464190358066226e+00 1.091257296644414102e-03
3.604166666666666519e+00 9.959719900600835230e-01 1.742601303125537564e-03
3.625000000000000000e+00 9.950128111948240983e-01 -7.359745089606506679e-04
3.645833333333333037e+00 1.003331387796944529e+00 2.327646230870045684e-04
3.666666666666666519e+00 1.013054842088872753e+00 1.072857501102759742e-03
3.687500000000000000e+00 1.001154847214440702e+00 3.973223488778200000e-04
3.708333333333333037e+00 9.950764746041151909e-01 -5.333341050480660574e-04
3.729166666666666519e+00 9.976815352604193610e-01 3.841638338088226878e-04
3.750000000000000000e+00 1.004173851317883281e+00 8.504004333551554065e-05
3.770833333333333037e+00 1.004600019156501434e+00 1.244629926763130782e-03
3.791666666666666519e+00 9.949745825726394877e-01 -7.855781909434883352e-04
3.812500000000000000e+00 9.964550569278294301e-01 4.243597569612343290e-04
3.833333333333333037e+00 1.000025101020795226e+00 3.661639071007139032e-04
3.854166666666666519e+00 9.998619560663217776e-01 9.466601553713286429e-04
3.875000000000000000e+00 9.993471540718721347e-01 -9.111530651484499711e-05
3.895833333333333037e+00 1.002266859502700003e+00 1.591432944651106245e-04
3.916666666666666519e+00 1.009907300815195308e+00 -8.868709362607309424e-05
3.937500000000000000e+00 1.005957848497572860e+00 4.258232819231474846e-05
3.958333333333333037e+00 9.973971733136726137e-01 1.044895344685367891e-05
3.979166666666666519e+00 9.925230322262885707e-01 -4.084306892271965736e-04
4.000000000000000000e+00 1.005278044565749207e+00 3.534124742574562637e-03
4.020833333333333037e+00 1.008203092016760394e+00 -1.054889359922253720e-03
4.041666666666666075e+00 1.001525727617215589e+00 -1.466762382915117726e-03
4.062500000000000000e+00 9.922682973571275156e-01 -9.945332659864062133e-04
4.083333333333333037e+00 1.002859906099112353e+00 -8.875656862413156076e-04
4.104166666666666075e+00 1.004908957989875340e+00 1.429571394427034746e-05
4.125000000000000000e+00 9.995315723521379647e-01 1.788665997303296199e-03
4.145833333333333037e+00 9.963797145634382124e-01 2.110479728743757354e-03
4.166666666666666075e+00 9.997528898725296376e-01 2.966554549539920666e-04
4.187500000000000000e+00 1.009600503668318661e+00 -3.122765892824578161e-03
4.208333333333333037e+00 1.002045817143667028e+00 4.804491913433234901e-04
4.229166666666666075e+00 1.001461725184644047e+00 -1.638318207031742380e-03
4.250000000000000000e+00 9.946440197320097765e-01 -6.258769689843845206e-04
4.270833333333333037e+00 9.976271900184047192e-01 -1.437153485176427504e-03
4.291666666666666075e+00 9.949224807177213803e-01 5.320282245137964794e-04
4.312500000000000000e+00 9.926565644655288567e-01 -7.832593057463150014e-04
4.333333333333333037e+00 9.969310497735053289e-01 9.651495968008740175e-04
4.354166666666666075e+00 1.012171841218373336e+00 5.966279954898552271e-04
4.375000000000000000e+00 1.003477227419835138e+00 -3.000869584409885478e-04
4.395833333333333037e+00 9.908265795088292416e-01 1.007004632526101222e-04
4.416666666666666075e+00 9.946534820347243677e-01 1.146774708002800628e-03
4.437500000000000000e+00 9.976989710940000755e-01 -4.651648948451530619e-04
4.458333333333333037e+00 1.001038587756262421e+00 1.144523606866541766e-03
4.479166666666666075e+00 1.004919221454773304e+00 -2.414500835947516389e-05
4.500000000000000000e+00 1.004063444633671809e+00 3.367468160060766379e-04
4.520833333333333037e+00 1.003626897337909663e+00 9.990510889193999870e-04
4.541666666666666075e+00 1.004973996315596807e+00 1.664415654473660197e-03
4.562500000000000000e+00 9.935551933441870709e-01 6.510152485971732426e-04
4.583333333333333037e+00 9.957470767303584491e-01 7.296485495374592978e-05
4.604166666666666075e+00 1.001128896407307067e+00 9.008574184527113086e-04
4.625000000000000000e+00 1.009462549928152653e+00 -1.931809546774742063e-03
4.645833333333333037e+00 1.001544348540773566e+00 2.048702003942450434e-03
4.666666666666666075e+00 9.927281000662123711e-01 -1.656864082118732467e-03
4.687500000000000000e+00 1.004212774431981758e+00 1.129636791522445295e-03
4.708333333333333037e+00 1.001714060178811927e+00 -7.052049131817284423e-04
4.729166666666666075e+00 1.002171716825316361e+00 6.340644806742158635e-04
4.750000000000000000e+00 9.979819311579085639e-01 -1.457092800709320734e-04
4.770833333333333037e+00 9.997506554988513372e-01 3.794871988359709296e-04
4.791666666666666075e+00 1.001963703705329500e+00 -1.000983799458458629e-03
4.812500000000000000e+00 9.987987936175838355e-01 -2.700785005374584710e-03
4.833333333333333037e+00 9.971939499749947755e-01 5.083195616856727144e-04
4.854166666666666075e+00 1.003551701265774199e+00 -7.506304232803523522e-04
4.875000000000000000e+00 1.003523419486909374e+00 -8.107947095019711614e-04
4.895833333333333037e+00 9.978805564998053379e-01 -9.066539209775613525e-04
4.916666666666666075e+00 9.904920156612022630e-01 2.480514061106402126e-03
4.937500000000000000e+00 9.907020045906133054e-01 -7.277405476579160279e-04
4.958333333333333037e+00 9.957102356203104687e-01 4.085162238988189086e-04
4.979166666666666075e+00 1.009197653441912923e+00 -1.450553992336796327e-03
5.000000000000000000e+00 1.006819140907831978e+00 1.903870892409980763e-03
5.020833333333333037e+00 1.004353955279108090e+00 -6.953349607703340936e-04
5.041666666666666075e+00 1.000895359307255372e+00 -3.250802261391368304e-03
5.062500000000000000e+00 9.911578966016625358e-01 3.389937342368944378e-03
5.083333333333333037e+00 9.869104530672472286e-01 -1.372685790696523455e-03
5.104166666666666075e+00 9.922638944634961655e-01 1.636165417851876119e-03
5.125000000000000000e+00 1.000934843484157177e+00 9.163407006780576467e-04
5.145833333333333037e+00 1.005054569770564399e+00 8.152245447687854474e-04
5.166666666666666075e+00 1.008141744644616367e+00 -2.893560379635365561e-04
5.187500000000000000e+00 9.929757459996317870e-01 2.364984397813731814e-04
5.208333333333333037e+00 9.901739864278013004e-01 1.529920011146121720e-03
5.229166666666666075e+00 9.881953148537661047e-01 -3.761633952492493419e-04
5.250000000000000000e+00 9.799186667587167499e-01 3.141370401078468172e-04
5.270833333333333037e+00 9.909307991455821307e-01 1.160362768656333964e-03
5.291666666666666075e+00 9.893460738668911070e-01 1.042360465448866611e-04
5.312500000000000000e+00 9.896569970931622384e-01 -5.312289938730721832e-04
5.333333333333333037e+00 9.990947794976050567e-01 1.814598635397417789e-03
5.354166666666666075e+00 9.948688979442183999e-01 4.271107485911086114e-04
5.375000000000000000e+00 9.946433145575603874e-01 -1.564658307337857171e-04
5.395833333333333037e+00 9.939878377451505376e-01 -9.698685299648332264e-04
5.416666666666666075e+00 9.974552925340257614e-01 -1.256996527444967501e-03
5.437500000000000000e+00 9.950816025300796008e-01 1.117230131726301397e-03
5.458333333333333037e+00 1.003867299315688077e+00 1.186585107791726266e-03
5.479166666666666075e+00 1.004286962412327178e+00 -2.713388823846337675e-03
5.500000000000000000e+00 1.006137372424650067e+00 -7.693645492821937597e-04
5.520833333333333037e+00 1.005011918957967154e+00 1.206110171087032383e-03
5.541666666666666075e+00 9.972577884463710296e-01 3.030383274080643806e-03
5.562500000000000000e+00 9.945390963984130916e-01 2.687942259491118285e-03
5.583333333333333037e+00 9.960266061401723547e-01 1.177332719052656945e-03
5.604166666666666075e+00 9.963406662202841657e-01 1.716665568907638911e-03
5.625000000000000000e+00 1.001771964975464169e+00 -6.592743212087510615e-04
5.645833333333333037e+00 1.004234073798095483e+00 9.681681544112245201e-04
5.666666666666666075e+00 1.003849486810899361e+00 -1.546455876164223604e-03
5.687500000000000000e+00 1.005803617452396326e+00 -7.023454328360736760e-04
5.708333333333333037e+00 1.000651693975050494e+00 4.012138540859568883e-04
5.729166666666666075e+00 9.975574111227641927e-01 2.709921337562695362e-03
5.750000000000000000e+00 9.934014053768943642e-01 9.349541616722902406e-04
5.770833333333333037e+00 9.993556944444769163e-01 3.422838633332109942e-04
5.791666666666666075e+00 9.962577809913317761e-01 -2.126044533573105948e-04
5.812500000000000000e+00 1.002482830320915452e+00 -1.653053714177812189e-03
5.833333333333333037e+00 1.001317439464060932e+00 7.535787528591803529e-04
5.854166666666666075e+00 1.005660685358000350e+00 -4.363671207290396718e-04
5.875000000000000000e+00 1.004094417431228514e+00 2.988058820380563863e-04
5.895833333333333037e+00 9.973734212442945113e-01 -1.111663642468144154e-03
5.916666666666666075e+00 9.895602116943954529e-01 1.515686921294729934e-04
5.937500000000000000e+00 9.941402951135309696e-01 -1.921286083674452480e-03
5.958333333333333037e+00 1.003055504896192662e+00 6.298827739871281977e-04
5.979166666666666075e+00 1.008616901283215128e+00 1.649657389964906623e-03
6.000000000000000000e+00 1.003813210630759567e+00 1.142438518598895341e-03
6.020833333333333037e+00 1.002381983059094761e+00 2.642279698899304731e-03
6.041666666666666075e+00 9.968048818823823654e-01 4.056918949113417702e-04
6.062500000000000000e+00 9.928499998648823155e-01 6.317043018906927506e-04
6.083333333333333037e+00 9.947869165582825524e-01 6.435810473198050330e-04
6.104166666666666075e+00 9.994041442861820723e-01 -1.099662252015280988e-03
6.125000000000000000e+00 1.007979232839381067e+00 2.691541836578690422e-03
6.145833333333333037e+00 1.004634656534614701e+00 1.235722605510748825e-03
6.166666666666666075e+00 9.968738622822335138e-01 -3.035330268427292475e-04
6.187500000000000000e+00 9.940095804500514998e-01 -1.128539678129727303e-03
6.208333333333333037e+00 9.952821424591210553e-01 7.268866040518198951e-04
6.229166666666666075e+00 1.004929200586162530e+00 1.071934441987993161e-03
6.250000000000000000e+00 1.008234464849718348e+00 1.723560848872844045e-04
6.270833333333333037e+00 9.973183089304406002e-01 2.325931463916918330e-04
6.291666666666666075e+00 9.993061166287983133e-01 -2.351460417887083593e-04
6.312500000000000000e+00 9.986247075878652568e-01 -3.434244659966769087e-06
6.333333333333333037e+00 9.972876279483354756e-01 1.668926659648289164e-03
6.354166666666666075e+00 1.002654459961826117e+00 1.750772357255862529e-03
6.375000000000000000e+00 1.003704333048232700e+00 -1.875221104368490028e-03
6.395833333333333037e+00 1.002276117091305485e+00 1.735985931702138077e-04
6.416666666666666075e+00 9.971457217239916293e-01 -1.505126687087128372e-03
6.437500000000000000e+00 9.880488833827983930e-01 -1.669619314623260178e-03
6.458333333333333037e+00 9.986578784819210020e-01 7.324409831493830861e-04
6.479166666666666075e+00 1.007369047635068071e+00 -1.051961672470611226e-03
6.500000000000000000e+00 1.011817018371399701e+00 -3.941696812738810889e-03
6.520833333333333037e+00 1.000848189682535860e+00 8.064408164107227280e-04
6.541666666666666075e+00 1.007224059642016112e+00 1.602677287611650259e-03
6.562500000000000000e+00 1.002582344186545127e+00 2.548471424473200582e-03
6.583333333333333037e+00 1.000195816541688654e+00 -4.953666148033037666e-04
6.604166666666666075e+00 9.957606370681620911e-01 1.806806635016121061e-03
6.625000000000000000e+00 9.977715834593890998e-01 -3.276264544759998048e-03
6.645833333333333037e+00 1.002955310241458120e+00 -1.304249508629607779e-03
6.666666666666666075e+00 1.001224308130757690e+00 6.487117142604322158e-04
6.687500000000000000e+00 9.903403802971926240e-01 5.894178351091060655e-04
6.708333333333333037e+00 9.930331485115457824e-01 1.650522390914775130e-03
6.729166666666666075e+00 1.000912562412222595e+00 1.195861862040077878e-03
6.750000000000000000e+00 1.010664498634388453e+00 -1.019625245646246992e-04
6.770833333333333037e+00 1.006550873122998624e+00 1.911559829251793059e-03
6.791666666666666075e+00 9.976124590488847366e-01 8.581033001645571980e-04
6.812500000000000000e+00 1.004888021193986569e+00 2.146360916320404037e-03
6.833333333333333037e+00 1.002315867880483768e+00 -1.005346240904017282e-03
6.854166666666666075e+00 9.994753499952970799e-01 3.753170954002355204e-04
6.875000000000000000e+00 9.937571834604297383e-01 -5.369945923754065962e-04
6.895833333333333037e+00 1.000957821191564623e+00 1.007391634173237637e-03
6.916666666666666075e+00 1.000937520756520316e+00 -2.744402088677069655e-04
6.937500000000000000e+00 9.997951107155069739e-01 -3.148152465626041286e-04
6.958333333333333037e+00 1.000541355600263138e+00 -1.658112059720984882e-03
6.979166666666666075e+00 1.001370940974043888e+00 3.852551672954989434e-04
7.000000000000000000e+00 1.003314609418381131e+00 1.394361717618509966e-03
7.020833333333333037e+00 9.969778283308740052e-01 1.260244513637828008e-03
7.041666666666666075e+00 9.862160356071971723e-01 -3.770039981511623048e-03
7.062500000000000000e+00 9.907087524879467644e-01 -2.024557117275819877e-03
7.083333333333333037e+00 1.005926873149444845e+00 2.506425656933239637e-03
7.104166666666666075e+00 1.011050229413959833e+00 -2.345329363890326889e-04
7.125000000000000000e+00 9.973696407706426070e-01 -1.861765364305940646e-04
7.145833333333333037e+00 9.945353203726268188e-01 1.456669301424009296e-03
7.166666666666666075e+00 9.963962883841035456e-01 2.458066187086308213e-04
7.187500000000000000e+00 9.972409041637652072e-01 -7.907376779869621604e-04
7.208333333333333037e+00 9.950938192597180709e-01 -2.623086856586481818e-04
7.229166666666666075e+00 1.001518074871053043e+00 2.371450859232351275e-03
7.250000000000000000e+00 1.013967761419648506e+00 -1.726738941402337392e-03
7.270833333333333037e+00 1.008079719138993857e+00 1.626531047161451681e-03
7.291666666666666075e+00 9.985315907689609194e-01 -3.904901439892956489e-04
7.312500000000000000e+00 9.907454059800692159e-01 -3.390358939003267611e-04
7.333333333333333037e+00 9.969177732688514482e-01 2.328641362216839639e-03
7.354166666666666075e+00 1.008332977010461429e+00 -8.035919936495400200e-04
7.375000000000000000e+00 1.000332040056374217e+00 1.043822956701435326e-03
7.395833333333333037e+00 9.940093167270573904e-01 -4.538168134933649625e-04
7.416666666666666075e+00 9.986645952600790022e-01 -1.790083782686134693e-03
7.437500000000000000e+00 1.002895980305162027e+00 -2.075248371183303843e-04
7.458333333333333037e+00 9.998705514073815692e-01 1.461157967909839338e-03
7.479166666666666075e+00 9.968914974029059461e-01 -2.323652220278067052e-04
7.500000000000000000e+00 1.002465019085881259e+00 6.867772837252228554e-04
7.520833333333333037e+00 1.008673906158620959e+00 2.356916441002032984e-04
7.541666666666666075e+00 9.914724349272392434e-01 5.853919749680152229e-05
7.562500000000000000e+00 9.884540846544064285e-01 -5.218722784177054963e-04
7.583333333333333037e+00 9.962872312470575364e-01 1.647278756469043343e-04
7.604166666666666075e+00 1.015348879834993445e+00 -2.541116814999748192e-03
7.625000000000000000e+00 1.015247640913099492e+00 -5.604020695311926446e-04
7.645833333333333037e+00 9.917170866832785148e-01 -2.254929531644877996e-03
7.666666666666666075e+00 9.903390141391865686e-01 3.371235585122131398e-04
7.687500000000000000e+00 9.927894094154600113e-01 4.433256079948998704e-04
7.708333333333333037e+00 9.967114693047197660e-01 -9.950815618691610971e-04
7.729166666666666075e+00 9.979273181101583345e-01 1.001634510571790086e-03
7.750000000000000000e+00 1.008717169224765620e+00 4.947881889201848548e-04
7.770833333333333037e+00 1.013424932546226787e+00 3.669651090603210709e-04
7.791666666666666075e+00 1.012194701280093145e+00 -4.517548256689246275e-04
7.812500000000000000e+00 9.911653591260820573e-01 5.909912546059250139e-04
7.833333333333333037e+00 9.898207097308479030e-01 1.317758794544708926e-03
7.854166666666666075e+00 9.969524677062651108e-01 -8.255539884501922766e-04
7.875000000000000000e+00 1.007247902875554324e+00 -1.021055532325237806e-03
7.895833333333333037e+00 1.008821379067514457e+00 1.486263446322987720e-03
7.916666666666666075e+00 9.995601797864548388e-01 -2.898035597109257632e-03
7.937500000000000000e+00 9.977195292842507834e-01 -3.271612617984918578e-03
7.958333333333333037e+00 9.970868906059192627e-01 -2.268408859459078962e-03
7.979166666666666075e+00 9.961716472932641286e-01 2.271762872869128951e-04
8.000000000000000000e+00 9.959244595024798752e-01 1.904677591486305863e-04
8.020833333333332149e+00 1.000385141548870926e+00 6.206312979478486452e-04
8.041666666666666075e+00 1.006248072178540287e+00 9.497161302840246427e-05
8.062500000000000000e+00 1.000273145316456391e+00 1.921724759663746927e-03
8.083333333333332149e+00 9.920957852437232161e-01 1.969729307327704876e-03
8.104166666666666075e+00 1.000583165799120655e+00 1.448763298578695236e-03
8.125000000000000000e+00 1.009133581637696953e+00 -1.444750339359419109e-03
8.145833333333332149e+00 1.011748880778756021e+00 4.544723574880550902e-04
8.166666666666666075e+00 9.899255049493357328e-01 -1.082753350876177606e-03
8.187500000000000000e+00 9.873489159166597418e-01 -6.258879569919082375e-04
8.208333333333332149e+00 9.932603136505593344e-01 -1.279202751858559469e-03
8.229166666666666075e+00 1.005322009182633147e+00 1.339053328466461761e-05
8.250000000000000000e+00 9.979156325777145398e-01 6.801551044844414938e-04
8.270833333333332149e+00 1.005967621147170643e+00 9.836506230085762632e-05
8.291666666666666075e+00 1.007707791006659415e+00 -1.491710862953659310e-03
8.312500000000000000e+00 1.009092452166921561e+00 -1.907543984978253516e-03
8.333333333333332149e+00 9.898258525266779850e-01 -9.526060065564147467e-04
8.354166666666666075e+00 9.924059052806373238e-01 -9.720479467199333225e-04
8.375000000000000000e+00 1.004788219403397465e+00 9.803414588838556352e-04
8.395833333333332149e+00 1.012531349311677653e+00 -3.991010734353988339e-04
8.416666666666666075e+00 9.989917269851805726e-01 -2.358329236313981721e-04
8.437500000000000000e+00 9.917457348973247599e-01 -1.961688337285308304e-04
8.458333333333332149e+00 9.912954524557704428e-01 1.371060184820177075e-03
8.479166666666666075e+00 1.002148037168169470e+00 2.045143902699940973e-03
8.500000000000000000e+00 1.002208180325227183e+00 5.338231714677240270e-04
8.520833333333332149e+00 9.978283354690613560e-01 -3.103822914836542679e-04
8.541666666666666075e+00 9.978050626270613677e-01 1.753126907857050637e-03
8.562500000000000000e+00 1.010648998277824617e+00 5.478017412719160236e-04
8.583333333333332149e+00 1.009190033481084603e+00 -5.263711063322671887e-04
8.604166666666666075e+00 1.000851119377633047e+00 1.263217139121924557e-03
8.625000000000000000e+00 9.972661582620293563e-01 2.590374325143752739e-04
8.645833333333332149e+00 1.000465442235125568e+00 -1.792538411190105607e-03
8.666666666666666075e+00 9.937002993933441441e-01 7.836328824628702823e-04
8.687500000000000000e+00 9.879571162950221419e-01 3.747815022191131680e-04
8.708333333333332149e+00 9.914395626443323062e-01 -2.320801777780083335e-03
8.729166666666666075e+00 1.001943091036682221e+00 -2.688803944004947155e-03
8.750000000000000000e+00 1.012782306328471105e+00 1.703762567128404347e-04
8.770833333333332149e+00 1.008188036073345950e+00 8.541953182240864893e-04
8.791666666666666075e+00 9.945626632964640335e-01 7.607250626596202955e-04
8.812500000000000000e+00 9.947322235401714341e-01 -1.701224717380694874e-03
8.833333333333332149e+00 1.004936821083050269e+00 -4.337624363894818135e-04
8.854166666666666075e+00 1.000111499657071246e+00 8.332373987857356803e-04
8.875000000000000000e+00 1.001277713248982737e+00 -1.919690260989864207e-03
8.895833333333332149e+00 1.007493435652943470e+00 1.066037277239328268e-04
8.916666666666666075e+00 1.002308728638983570e+00 2.666615867470681009e-04
8.937500000000000000e+00 9.892786698620505970e-01 1.154694961329956341e-03
8.958333333333332149e+00 9.905487057086568292e-01 -3.067364912914084113e-03
8.979166666666666075e+00 1.003175316788046612e+00 1.812341587513828414e-04
9.000000000000000000e+00 1.014531388796778844e+00 2.522652315425454213e-03
9.020833333333332149e+00 1.008220654098540781e+00 -7.765091734888433968e-04
9.041666666666666075e+00 9.995672137815900804e-01 -3.952991595402753568e-04
9.062500000000000000e+00 9.931010605667229818e-01 1.192490287772935082e-03
9.083333333333332149e+00 9.994664910483438414e-01 -9.539282513533458435e-04
9.104166666666666075e+00 1.004720837242614184e+00 1.446193605747531476e-03
9.125000000000000000e+00 1.005084123478570346e+00 6.756664515557647905e-04
9.145833333333332149e+00 1.008865643963955616e+00 -1.967591781417166955e-03
9.166666666666666075e+00 1.003610778154148786e+00 1.257417720996571731e-04
9.187500000000000000e+00 9.899016042473326449e-01 -1.823727448733722519e-03
9.208333333333332149e+00 9.858814878739071697e-01 1.190684773039368642e-03
9.229166666666666075e+00 1.000350831518731720e+00 -2.100843090964139674e-03
9.250000000000000000e+00 1.009768904992133232e+00 -2.264692143398922951e-03
9.270833333333332149e+00 1.012738651556210012e+00 -1.421630514092640752e-03
9.291666666666666075e+00 9.970021082648303778e-01 -1.003840832691847099e-03
9.312500000000000000e+00 9.918604644106486790e-01 1.643675984397532713e-03
9.333333333333332149e+00 9.916903999774187017e-01 -2.282191896755876123e-05
9.354166666666666075e+00 1.005444678272240822e+00 3.637556779629889199e-04
9.375000000000000000e+00 1.005786624422405851e+00 1.343624685681379157e-03
9.395833333333332149e+00 1.010437432884091935e+00 -8.722623751584129663e-04
9.416666666666666075e+00 1.006022480233444094e+00 -7.229071462747316485e-04
9.437500000000000000e+00 9.943848235358504484e-01 -1.059315672312139897e-03
9.458333333333332149e+00 9.909827958221598676e-01 9.811308092342162918e-04
9.479166666666666075e+00 9.885255213105089700e-01 2.041595261973796604e-03
9.500000000000000000e+00 1.001753887566794399e+00 3.234281178903305890e-04
9.520833333333332149e+00 1.014545949048992757e+00 -7.790999921393959235e-04
9.541666666666666075e+00 1.005668631522721235e+00 -6.504512839208686104e-04
9.562500000000000000e+00 9.938275960852859248e-01 -1.390392862758010059e-03
9.583333333333332149e+00 9.902259517362796970e-01 9.139317119482040465e-04
9.604166666666666075e+00 9.937993830047534560e-01 -1.328660952965438720e-03
9.625000000000000000e+00 1.005149741501741412e+00 -3.182913318320027994e-04
9.645833333333332149e+00 1.006516373609744441e+00 -1.461201680999041309e-03
9.666666666666666075e+00 1.004613843057995171e+00 -2.374328874526813148e-03
9.687500000000000000e+00 1.002008614086129512e+00 -3.174944254132092830e-03
9.708333333333332149e+00 9.986544969333466248e-01 -1.112451887901296085e-03
9.729166666666666075e+00 9.991000236351521568e-01 2.725981222327114551e-04
9.750000000000000000e+00 9.996480787032462345e-01 -3.972694578934768319e-04
9.770833333333332149e+00 1.000548084817312056e+00 -2.794686093190253584e-04
9.791666666666666075e+00 1.002756888651939127e+00 -1.339224850483375969e-03
9.812500000000000000e+00 9.956570021767248146e-01 -1.164601952699545690e-03
9.833333333333332149e+00 9.952911935451830283e-01 -1.334627928617943514e-03
9.854166666666666075e+00 1.007596763050596866e+00 2.640420764500495013e-04
9.875000000000000000e+00 1.008599721406991501e+00 2.559568546429447609e-03
9.895833333333332149e+00 1.007068486851135480e+00 -1.704656371956235917e-04
9.916666666666666075e+00 9.954372277626681864e-01 -1.711600506516655629e-03
9.937500000000000000e+00 9.895112430348754762e-01 1.590779164118117598e-03
9.958333333333332149e+00 9.922904420770046752e-01 -1.248208018486506162e-03
9.979166666666666075e+00 9.931080037367112645e-01 6.969158017216511890e-04
1.000000000000000000e+01 1.002579506703088930e+00 -5.533192620876914262e-04
1.002083333333333215e+01 1.003271454659092621e+00 1.013540072474073919e-04
1.004166666666666607e+01 1.003299180401455937e+00 4.290829289744449264e-03
1.006250000000000000e+01 1.001193491722854212e+00 -9.344078357245006166e-04
1.008333333333333215e+01 9.986014183642194508e-01 -7.333505496218199705e-04
1.010416666666666607e+01 9.981627832209317708e-01 4.690443138782200228e-04
1.012500000000000000e+01 1.005745167841335164e+00 -2.743345478909057600e-05
1.014583333333333215e+01 1.010455005760138469e+00 -5.075886264943605189e-04
1.016666666666666607e+01 1.005891310501150215e+00 -8.605094289607408131e-04
1.018750000000000000e+01 9.954889322578973632e-01 7.381173327503817673e-04
1.020833333333333215e+01 9.956861252623812053e-01 1.346720709532976895e-03
1.022916666666666607e+01 1.000431623099069967e+00 -1.190105089561025375e-03
1.025000000000000000e+01 1.000491193485227415e+00 -1.420541376647119517e-03
1.027083333333333215e+01 1.000882032321300796e+00 2.287382797558946100e-03
1.029166666666666607e+01 9.915497967285777925e-01 -1.781445215327974842e-03
1.031250000000000000e+01 9.921765028607559822e-01 8.941668113809667041e-04
1.033333333333333215e+01 9.998860973985549405e-01 5.489092165235023467e-04
1.035416666666666607e+01 1.000342490452370114e+00 -1.378711936155464909e-03
1.037500000000000000e+01 1.008599866620286001e+00 9.493669912438676851e-04
1.039583333333333215e+01 1.010138492076628092e+00 -1.379020432841357707e-03
1.041666666666666607e+01 9.964723074877576137e-01 -1.361938873078802001e-03
1.043750000000000000e+01 9.884816599103675161e-01 -1.736937798088145080e-03
1.045833333333333215e+01 9.817290902585702472e-01 1.042854006564696880e-03
1.047916666666666607e+01 9.921732874792676959e-01 -5.616823094404914396e-04
1.050000000000000000e+01 1.007237090157522941e+00 1.356564150462429615e-03
1.052083333333333215e+01 1.014381396535262381e+00 -1.012675038304636146e-03
1.054166666666666607e+01 1.004973564795049956e+00 7.683282326566947791e-04
1.056250000000000000e+01 9.954225853739575580e-01 1.759263243322359933e-03
1.058333333333333215e+01 9.897935574122292968e-01 -1.075168913664218003e-04
1.060416666666666607e+01 9.968665830482981161e-01 -1.406815932812748330e-03
1.062500000000000000e+01 1.006493125189447113e+00 -4.282136778904735604e-04
1.064583333333333215e+01 1.007776100977661571e+00 1.570921838601665402e-03
1.066666666666666607e+01 1.007701302210448624e+00 9.238672953032792080e-04
1.068750000000000000e+01 9.974018332231090467e-01 -4.824851169109313476e-04
1.070833333333333215e+01 9.931997620980017594e-01 -2.180465468192365440e-03
1.072916666666666607e+01 9.892002245251848569e-01 8.944209813208979596e-04
1.075000000000000000e+01 9.989252720659989038e-01 2.038632817600468088e-03
1.077083333333333215e+01 1.010091038342159742e+00 2.060742596313855889e-03
1.079166666666666607e+01 1.004499359604498210e+00 5.409877495431731232e-04
1.081250000000000000e+01 9.966836964579985914e-01 -2.387864642495096852e-04
1.083333333333333215e+01 9.959040375905292564e-01 -9.826515878002095149e-04
1.085416666666666607e+01 9.990522186563471907e-01 -7.157522716382918844e-04
1.087500000000000000e+01 1.007888648891201333e+00 -2.062187880018340365e-03
1.089583333333333215e+01 1.012166878274906479e+00 2.668189448640830280e-03
1.091666666666666607e+01 1.006052525355256577e+00 -3.370548660378739172e-05
1.093750000000000000e+01 9.990721196286158623e-01 2.980506423084846191e-03
1.095833333333333215e+01 9.931514132190238930e-01 -9.312176921648393046e-05
1.097916666666666607e+01 9.870147399322130033e-01 -2.022897414512469551e-03
1.100000000000000000e+01 1.000939000037959214e+00 2.326956377846862122e-03
1.102083333333333215e+01 1.016795176247917931e+00 -1.074783779834381911e-03
1.104166666666666607e+01 1.017319984999650595e+00 -5.473852637693601454e-04
1.106250000000000000e+01 9.965418099112027805e-01 2.060688862494509596e-03
1.108333333333333215e+01 9.867124919053480436e-01 1.823466513457839763e-03
1.110416666666666607e+01 9.922073152760170212e-01 -2.532758019792324435e-03
1.112500000000000000e+01 1.000730900428028924e+00 1.318462427283539546e-06
1.114583333333333215e+01 1.004919016257295183e+00 -1.361918756376845861e-03
1.116666666666666607e+01 1.007155071896783216e+00 6.739227775882006190e-04
1.118750000000000000e+01 1.003689127830403205e+00 2.265221364493771091e-03
1.120833333333333215e+01 9.961681010512637435e-01 -6.468622780774687135e-04
1.122916666666666607e+01 9.943549308111824248e-01 1.866528500817567215e-03
1.125000000000000000e+01 9.914110288134191373e-01 -1.160805344224190598e-03
1.127083333333333215e+01 9.997309509914262815e-01 2.715338144776822341e-03
1.129166666666666607e+01 1.004148844693435239e+00 -1.032067363663165347e-03
1.131250000000000000e+01 1.003877389330147585e+00 -5.791724597954139592e-04
1.133333333333333215e+01 9.860486500514469288e-01 3.711967096966371392e-04
1.135416666666666607e+01 9.901025994110175255e-01 -1.750743058335813528e-03
1.137500000000000000e+01 1.004347940750068169e+00 1.937011066514078301e-03
1.139583333333333215e+01 1.010655210818679484e+00 -1.337521130161387897e-03
1.141666666666666607e+01 1.004173071224411684e+00 7.674394550997774931e-04
1.143750000000000000e+01 9.946734383176825123e-01 -1.611412549343650647e-03
1.145833333333333215e+01 9.998712665571404257e-01 1.372286826404389487e-04
1.147916666666666607e+01 9.965784366871056621e-01 -1.315771927626851143e-05
1.150000000000000000e+01 9.997108286113931541e-01 -4.853011337365081899e-04
1.152083333333333215e+01 9.955973275251981391e-01 6.115239921956155912e-04
1.154166666666666607e+01 1.004125337071082535e+00 -1.396040321545312596e-03
1.156250000000000000e+01 1.003510220893169880e+00 1.902332208334371307e-03
1.158333333333333215e+01 9.902311300839973240e-01 2.530591961424736051e-04
1.160416666666666607e+01 9.947752637639746265e-01 -3.489305047402290697e-03
1.162500000000000000e+01 1.002851776000017958e+00 2.506951969859976502e-03
1.164583333333333215e+01 1.014621845880847806e+00 5.658920277954540036e-04
1.166666666666666607e+01 1.007934345417668354e+00 1.941956526952633546e-03
1.168750000000000000e+01 9.944684824003600099e-01 -2.211706965317148993e-04
1.170833333333333215e+01 9.986121497790982904e-01 -2.828269157932004722e-03
1.172916666666666607e+01 1.001788339567023511e+00 -5.246473373910480898e-04
1.175000000000000000e+01 9.957164858749423253e-01 -1.532587451549645517e-03
1.177083333333333215e+01 1.007802915070326044e+00 -4.810307785597452590e-05
1.179166666666666607e+01 1.003155281162186885e+00 -6.034085779569357214e-04
1.181250000000000000e+01 1.003260396146921751e+00 2.612653500875452704e-04
1.183333333333333215e+01 9.918815740368843725e-01 -2.205510100788397095e-03
1.185416666666666607e+01 9.906992945815614737e-01 6.722800553384990902e-05
1.187500000000000000e+01 9.993079081129691010e-01 -5.744772914654600526e-04
1.189583333333333215e+01 1.014866891235243651e+00 7.918860884732416457e-04
1.191666666666666607e+01 1.010500221290115075e+00 -2.115378186062981652e-03
1.193750000000000000e+01 9.996281320056930042e-01 -5.313387196944829513e-04
1.195833333333333215e+01 9.914937969690421626e-01 2.072999174759907783e-03
1.197916666666666607e+01 1.001819483917309128e+00 -1.476328622172246724e-03
1.200000000000000000e+01 1.006639277756311568e+00 9.225671066991289210e-04
1.202083333333333215e+01 1.000043166004194850e+00 1.663132643993571035e-03
1.204166666666666607e+01 9.957194270572423678e-01 -1.261221044566015949e-05
1.206250000000000000e+01 1.000179557026013910e+00 1.235638302773925130e-03
1.208333333333333215e+01 9.978612405839013544e-01 1.301799542971428638e-03
1.210416666666666607e+01 9.913253672308803832e-01 1.962194387390242285e-03
1.212500000000000000e+01 9.980124795354659017e-01 -4.597902517073584753e-04
1.214583333333333215e+01 1.015993113821388683e+00 -1.403738542341748303e-04
1.216666666666666607e+01 1.019926192395125719e+00 1.005153563775591698e-03
1.218750000000000000e+01 9.975350514734663276e-01 -9.320550620877925824e-04
1.220833333333333215e+01 9.860290990913717080e-01 6.006338333307982812e-05
1.222916666666666607e+01 9.858360627418754074e-01 -8.732133275623177272e-04
1.225000000000000000e+01 1.003660814207198992e+00 -2.911301403033756795e-03
1.227083333333333215e+01 1.002040311654490035e+00 4.186439297088241510e-04
1.229166666666666607e+01 1.003097799295676662e+00 2.128037558634927537e-03
1.231250000000000000e+01 1.001922537067918340e+00 -4.650808512624498387e-04
1.233333333333333215e+01 1.001175080401835782e+00 1.053717386378634567e-04
1.235416666666666607e+01 9.960423644819237365e-01 -5.663811892224169479e-04
1.237500000000000000e+01 9.897050264827030874e-01 -9.262041782579484659e-04
1.239583333333333215e+01 1.006290113130625663e+00 1.701305798568424456e-04
1.241666666666666607e+01 1.017331249123463399e+00 1.341163872495992155e-03
1.243750000000000000e+01 1.011783345197510231e+00 2.769804169809898190e-03
1.245833333333333215e+01 9.913772381312043747e-01 1.033095696335543630e-03
1.247916666666666607e+01 9.928691842225496611e-01 -1.201704753201817810e-03
1.452083333333333215e+01 9.978976118183491284e-01 -1.783769535889533639e-03
1.454166666666666607e+01 1.004594142448831384e+00 1.633538232209310074e-03
1.456250000000000000e+01 1.001800720226548647e+00 3.958937394233425682e-04
1.458333333333333215e+01 1.001667541132272854e+00 -7.630790543030219891e-04
1.460416666666666607e+01 9.958060264985457710e-01 -1.320215170507260671e-03
1.462500000000000000e+01 9.944305011257034144e-01 -1.009652958368829814e-03
1.464583333333333215e+01 9.960769751290060592e-01 1.541781136624078685e-03
1.466666666666666607e+01 9.981002107538681223e-01 -2.794921502856069503e-05
1.468750000000000000e+01 9.981311512883629389e-01 -1.750587471405500419e-03
1.470833333333333215e+01 1.006009539134808284e+00 1.090723737164656613e-03
1.472916666666666607e+01 1.002940540871167130e+00 3.876282451646254675e-04
1.475000000000000000e+01 1.005462076746556521e+00 -3.639152134929228045e-04
1.477083333333333215e+01 1.005772992434372126e+00 7.596440605903616869e-04
1.479166666666666607e+01 1.000109832050587233e+00 -1.034604946591253681e-03
1.481250000000000000e+01 9.920387205018421639e-01 1.204880746802448411e-03
1.483333333333333215e+01 9.912695674370296528e-01 -1.781076127067958079e-03
1.485416666666666607e+01 9.986780110044775061e-01 -1.129303407949369936e-03
1.487500000000000000e+01 9.988602988734684995e-01 -1.721103801257339644e-03
1.489583333333333215e+01 1.007660323009072378e+00 -5.206988248423765784e-04
1.491666666666666607e+01 1.002992512620229260e+00 -9.468137917539486614e-04
1.493750000000000000e+01 1.000791143086672053e+00 -4.533073984592807227e-04
1.495833333333333215e+01 9.907824176762822788e-01 5.959789720390577132e-06
1.497916666666666607e+01 9.969023455586198956e-01 6.928156748859514314e-04
1.500000000000000000e+01 9.971119344094158121e-01 1.831650909563421476e-04
1.502083333333333215e+01 1.006481369382749458e+00 3.148246290668792148e-04
1.504166666666666607e+01 1.010566424675341413e+00 2.005404928895426417e-03
1.506250000000000000e+01 1.010155003899144255e+00 -3.331132011326141517e-04
1.508333333333333215e+01 9.984181809794216989e-01 -1.822919924204955506e-03
1.510416666666666607e+01 9.924031212920506606e-01 1.189227265599932404e-03
1.512500000000000000e+01 9.874526503147814660e-01 2.294836931924910690e-03
1.514583333333333215e+01 9.949284364837374106e-01 2.341108676745708573e-04
1.516666666666666607e+01 1.003521295061547303e+00 1.049417778482768021e-03
1.518750000000000000e+01 1.001588597991806662e+00 -8.195208589329327142e-04
1.520833333333333215e+01 1.001109312025326270e+00 2.320941921986063318e-04
1.522916666666666607e+01 1.002464596064458036e+00 7.962816484935729975e-04
1.525000000000000000e+01 1.004110846172676874e+00 4.732194709947857994e-04
1.527083333333333215e+01 1.000245051051545486e+00 -6.746220660164814996e-04
1.529166666666666607e+01 1.003127495136534542e+00 2.038287240173795520e-03
1.531250000000000000e+01 9.988365016540968755e-01 2.160201051295735123e-04
1.533333333333333215e+01 9.948224302909958183e-01 1.162747756925483229e-03
1.535416666666666607e+01 9.926863257544005226e-01 5.072237332856870595e-04
1.537500000000000000e+01 9.959571610041663137e-01 1.092092778333756406e-03
1.539583333333333215e+01 1.001250503400489267e+00 1.166566620732496611e-03
1.541666666666666607e+01 1.012015446678320663e+00 -2.701939367494141553e-04
1.543750000000000000e+01 1.001868317066439529e+00 1.042098516078156754e-03
1.545833333333333215e+01 9.976797866290745276e-01 2.700569658574096185e-03
1.547916666666666607e+01 9.890004466775065284e-01 2.498740017371385742e-03
1.550000000000000000e+01 9.941213101021758591e-01 9.550517750601385204e-04
1.552083333333333215e+01 9.990144611357493210e-01 2.109069028944002451e-03
1.554166666666666607e+01 1.003851730554935484e+00 -1.634964179579608814e-03
1.556250000000000000e+01 1.011996999504090944e+00 1.840495383410710667e-03
1.558333333333333215e+01 1.008086379272742583e+00 9.359512236083385487e-05
1.560416666666666607e+01 9.982416301134616754e-01 -2.233669254724727181e-03
1.562500000000000000e+01 9.885930740081564361e-01 2.065132331615675742e-04
1.564583333333333215e+01 9.899458794694104835e-01 1.220370372601584487e-03
1.566666666666666607e+01 1.002096877937144415e+00 -8.700345891201940324e-04
1.568750000000000000e+01 1.010130153402642561e+00 2.421414475780388383e-03
1.570833333333333215e+01 1.003982468789844429e+00 1.686534597828388089e-03
1.572916666666666607e+01 1.001502290063232437e+00 -1.593892330837703986e-03
1.575000000000000000e+01 9.995926639045245032e-01 1.261362828340187921e-03
1.577083333333333215e+01 9.997253483419118458e-01 1.399658593706602241e-04
1.579166666666666607e+01 9.873877673315323289e-01 -6.896003047637642037e-04
1.581250000000000000e+01 9.939409910250489588e-01 -3.957895532318250038e-04
1.583333333333333215e+01 9.988173199916063894e-01 -5.562437533948955083e-04
1.585416666666666607e+01 1.003828332660551048e+00 -1.520338778227673911e-03
1.587500000000000000e+01 9.948787221547703563e-01 -5.604038834032278558e-04
1.589583333333333215e+01 9.926776563990712399e-01 8.658611395431427705e-04
1.591666666666666607e+01 1.001277894701008586e+00 1.782427534371938465e-03
1.593750000000000000e+01 9.952743911747146122e-01 1.822922920940615909e-03
1.595833333333333215e+01 9.895010850607717234e-01 -7.167009115714100638e-04
1.597916666666666607e+01 9.776656471529378001e-01 -1.465595964119486812e-04
1.600000000000000000e+01 9.873750568260231120e-01 -1.074214146147344862e-03
1.602083333333333215e+01 9.942798151067471224e-01 1.287503110708388375e-03
1.604166666666666430e+01 9.934905656983787914e-01 -2.060191148259503911e-03
1.606250000000000000e+01 9.865950934244179793e-01 -1.704095696306421031e-03
1.608333333333333215e+01 9.952804532107434321e-01 -7.948083732296364707e-04
1.610416666666666430e+01 1.001546088994230699e+00 3.143418055890022898e-04
1.612500000000000000e+01 9.977919942839084122e-01 -4.014349750666180430e-04
1.614583333333333215e+01 9.928040914617421997e-01 4.132988216182536292e-05
1.616666666666666430e+01 9.976583827046708874e-01 5.941827770637576433e-05
1.618750000000000000e+01 1.005374522720889230e+00 2.915996588200523028e-04
1.620833333333333215e+01 1.000448723217945757e+00 -1.293078726499935754e-03
1.622916666666666430e+01 9.933636331268205222e-01 -4.241997132265895457e-04
1.625000000000000000e+01 1.004351433054596621e+00 7.220154197146408685e-04
1.627083333333333215e+01 1.010050047023243414e+00 3.502864446445837937e-04
1.629166666666666430e+01 1.000053980368839524e+00 1.366633291271663166e-03
1.631250000000000000e+01 9.954506263217636208e-01 -9.327803442666113363e-04
1.633333333333333215e+01 9.949721729191774999e-01 1.132826766773255105e-03
1.635416666666666430e+01 1.004508353140502130e+00 1.833280925340892951e-03
1.637500000000000000e+01 1.006871597127994233e+00 -1.782378647870569411e-04
1.639583333333333215e+01 9.975444085419603590e-01 3.324126804603145884e-04
1.641666666666666430e+01 9.950185050043637291e-01 2.814867928745636472e-04
1.643750000000000000e+01 9.979163359891803919e-01 6.695882367122736297e-04
1.645833333333333215e+01 1.000358371435435378e+00 4.849013936253973437e-04
1.647916666666666430e+01 9.934700717198244879e-01 1.836859634757995012e-03
1.650000000000000000e+01 9.941271676923763012e-01 6.417061695164761855e-04
1.652083333333333215e+01 1.008445506895901733e+00 1.080627129403201716e-03
1.654166666666666430e+01 1.015300851730636111e+00 4.144084131258848544e-04
1.656250000000000000e+01 9.995655986729785614e-01 -1.302212852526610579e-03
1.658333333333333215e+01 9.899577031252404513e-01 5.417004401306116379e-04
1.660416666666666430e+01 9.919908442703979645e-01 -2.874450283073597080e-04
1.662500000000000000e+01 1.006061872302097759e+00 -7.938592739339957703e-04
1.664583333333333215e+01 1.002751582783729445e+00 -1.117963304761115462e-03
1.666666666666666430e+01 1.001317889064639477e+00 -8.799635071834687708e-05
1.668750000000000000e+01 9.979920905114745278e-01 -7.593301274159523643e-04
1.670833333333333215e+01 1.002607453219295008e+00 2.549590332133280964e-03
1.672916666666666430e+01 9.936935909762991681e-01 1.995964872527065167e-03
1.675000000000000000e+01 9.938177360722967313e-01 -3.336628695621803769e-04
1.677083333333333215e+01 9.967948633463545871e-01 8.864464648413139221e-04
1.679166666666666430e+01 1.007609110525621743e+00 1.446203121322788910e-03
1.681250000000000000e+01 1.009933116553361820e+00 -2.160492148693413453e-04
1.683333333333333215e+01 9.929475689873629163e-01 2.310291709959876819e-03
1.685416666666666430e+01 9.928763838568308575e-01 1.152637960175701510e-03
1.687500000000000000e+01 9.992555381575841666e-01 -1.271363922014356863e-04
1.689583333333333215e+01 1.002091962537143388e+00 -2.249123911939232903e-03
1.691666666666666430e+01 9.987730503276365246e-01 -1.207444010290613639e-03
1.693750000000000000e+01 9.928426284811057156e-01 3.983656784755812983e-04
1.695833333333333215e+01 1.003811049410809897e+00 -5.478299362760395566e-04
1.697916666666666430e+01 1.006383533752081005e+00 -2.594157699802944174e-05
1.700000000000000000e+01 9.987610947093880087e-01 -9.841419274603901805e-04
1.702083333333333215e+01 9.916695639425413544e-01 3.086534139234461786e-04
1.704166666666666430e+01 1.007760444026885693e+00 -5.728775475059433167e-04
1.706250000000000000e+01 1.008390283240451435e+00 -1.940882343464688875e-03
1.708333333333333215e+01 9.995300102122911534e-01 -4.270540641233872177e-04
1.710416666666666430e+01 9.865343635147604262e-01 -7.150323590163679523e-04
1.712500000000000000e+01 9.957720272253717253e-01 -1.939572048989772609e-03
1.714583333333333215e+01 1.005241110000490545e+00 1.778971482907209080e-03
1.716666666666666430e+01 1.003451275467660775e+00 -9.506370769378730094e-05
1.718750000000000000e+01 9.960902599155764259e-01 -4.085825983944317151e-04
1.720833333333333215e+01 1.000791633432983163e+00 9.379685143656212379e-04
1.722916666666666430e+01 1.005931333113866399e+00 -1.032440487020945248e-04
1.725000000000000000e+01 1.001554759869547562e+00 9.591170331092711832e-04
1.727083333333333215e+01 1.001524216910647080e+00 -1.850818274100333961e-03
1.729166666666666430e+01 9.973476524463308346e-01 -1.295819834452253527e-03
1.731250000000000000e+01 1.009840560656971364e+00 6.815344887310561921e-04
1.733333333333333215e+01 1.007799058033327810e+00 1.864871701119071804e-03
1.735416666666666430e+01 9.993150474599584721e-01 3.751440771459467065e-05
1.737500000000000000e+01 9.910006905874766403e-01 2.705428304365833491e-04
1.739583333333333215e+01 9.907607059737829625e-01 -1.029304880241698741e-03
1.741666666666666430e+01 9.953328028806871508e-01 -3.741984604406231807e-05
1.743750000000000000e+01 9.929261257591971424e-01 -8.861708920507198935e-04
1.745833333333333215e+01 9.976995640211919758e-01 -2.002976447371113253e-04
1.747916666666666430e+01 1.004182249938971427e+00 9.028501545433950800e-04
1.750000000000000000e+01 1.012101408386320012e+00 -2.498454930216668229e-03
1.752083333333333215e+01 1.003384149493136812e+00 2.662821579935702220e-04
1.754166666666666430e+01 9.919964377707191083e-01 -1.005676981691802988e-03
1.756250000000000000e+01 9.971948758718486294e-01 -8.082277692267321283e-04
1.758333333333333215e+01 1.000231008760119833e+00 1.422715961601346904e-03
1.760416666666666430e+01 9.982362672833592354e-01 3.692995808232991950e-04
1.762500000000000000e+01 9.946291324513415466e-01 1.167037035261107294e-03
1.764583333333333215e+01 1.008581749190700316e+00 -2.204718394689113032e-03
1.766666666666666430e+01 1.010111483775731234e+00 -5.127710240895825156e-04
1.768750000000000000e+01 1.004488972628084342e+00 -5.670839059037496030e-04
1.770833333333333215e+01 9.890530744587675560e-01 -7.367870890638842296e-04
1.772916666666666430e+01 9.947367997337314138e-01 5.502931304752799787e-04
1.775000000000000000e+01 1.002265371568289432e+00 1.119901851463691840e-03
1.777083333333333215e+01 1.002916870253151238e+00 -1.383473587351817221e-03
1.779166666666666430e+01 9.972707302794232564e-01 -1.203328205474993176e-03
1.781250000000000000e+01 9.991113322638502936e-01 -1.564946790509158569e-03
1.783333333333333215e+01 1.004499279217030194e+00 1.434508343258464541e-03
1.785416666666666430e+01 1.007764490029623206e+00 -6.434186525854015005e-04
1.787500000000000000e+01 9.939061414913515913e-01 -1.267259765008943906e-04
1.789583333333333215e+01 9.936305609932430949e-01 -4.152633492630241805e-04
1.791666666666666430e+01 1.006506674523325318e+00 -1.204570731126297168e-03
1.793750000000000000e+01 1.002904231091934273e+00 4.665762170630560193e-04
1.795833333333333215e+01 9.890850815445278998e-01 4.787835871965072246e-04
1.797916666666666430e+01 9.957979021819270971e-01 1.176656980686923695e-03
1.800000000000000000e+01 1.006737772301484535e+00 -2.817751029475977715e-04
1.802083333333333215e+01 1.006297401684266957e+00 -3.713592765298591577e-04
1.804166666666666430e+01 1.001671008848509015e+00 -7.319021834721412207e-04
1.806250000000000000e+01 9.924022306120712233e-01 1.860176958466345197e-03
1.808333333333333215e+01 9.953785507716144121e-01 1.259458731747657451e-03
1.810416666666666430e+01 1.001921873500642102e+00 -5.048150985451972141e-05
1.812500000000000000e+01 1.001677435270076799e+00 8.112170075250627489e-04
1.814583333333333215e+01 1.005806118932496718e+00 -7.323046842170185741e-04
1.816666666666666430e+01 1.008057136454541647e+00 2.568093452481635085e-03
1.818750000000000000e+01 1.005688169110205754e+00 -7.394578128334078999e-04
1.820833333333333215e+01 9.935316021991356106e-01 -4.746111943128085734e-04
1.822916666666666430e+01 9.869769406462204353e-01 -4.637893973685090158e-04
1.825000000000000000e+01 9.860937647645057202e-01 2.126543706678845486e-03
1.827083333333333215e+01 1.006090703773557138e+00 1.845030449835091376e-04
1.829166666666666430e+01 1.006170893301347791e+00 1.355523204291099850e-03
1.831250000000000000e+01 1.003013850731859558e+00 -1.376211978983270820e-04
1.833333333333333215e+01 1.002334150380550071e+00 -1.516218713970794761e-03
1.835416666666666430e+01 1.005567284297660846e+00 9.693502173400251080e-04
1.837500000000000000e+01 9.958673800519246555e-01 -7.830706829125620803e-04
1.839583333333333215e+01 9.942595608760296244e-01 -1.648153139255684532e-03
1.841666666666666430e+01 9.974984290802109133e-01 -5.200944302002285472e-04
1.843750000000000000e+01 1.001170167143667245e+00 7.895713762385929944e-04
1.845833333333333215e+01 1.004266747531574744e+00 2.205356323515698068e-03
1.847916666666666430e+01 9.905216415884052772e-01 -1.734347418118668393e-03
1.850000000000000000e+01 9.956716998005045172e-01 -2.748822488710999344e-03
1.852083333333333215e+01 1.002914618405931879e+00 1.162696246739624781e-03
1.854166666666666430e+01 1.006113137981635708e+00 3.750640736866724177e-04
1.856250000000000000e+01 1.004308975341532850e+00 -7.043411382168585696e-04
1.858333333333333215e+01 9.942474537341140506e-01 5.229523957919981645e-04
1.860416666666666430e+01 1.003169693610261870e+00 9.118038422262332923e-04
1.862500000000000000e+01 1.002874019031518404e+00 2.390085933171370164e-03
1.864583333333333215e+01 1.004672383547333014e+00 -1.629274153525076983e-04
1.866666666666666430e+01 9.980970177056480708e-01 1.599750214538302748e-03
1.868750000000000000e+01 1.000655945798240021e+00 -5.646949269938603870e-04
1.870833333333333215e+01 1.001003677881549425e+00 -6.370859257671839578e-04
1.872916666666666430e+01 9.924758633849161127e-01 5.297167877431309879e-04
1.875000000000000000e+01 9.941226507984107785e-01 -1.393709380244377571e-03
1.877083333333333215e+01 9.992397306907371268e-01 -1.627448782519953872e-03
1.879166666666666430e+01 1.005291000192277906e+00 1.203991371425527446e-03
1.881250000000000000e+01 1.003688732222998814e+00 -2.453843834935749268e-03
1.883333333333333215e+01 1.005374799127792373e+00 1.416853189666134939e-04
1.885416666666666430e+01 1.000144927554066143e+00 -4.059278300512096150e-04
1.887500000000000000e+01 1.006326550588491964e+00 -4.662752403938203458e-04
1.889583333333333215e+01 1.000817653449341371e+00 -1.665381616895535372e-03
1.891666666666666430e+01 9.950806436623302886e-01 -2.544878043758737503e-03
1.893750000000000000e+01 9.954727783103307637e-01 -8.261355950750915019e-04
1.895833333333333215e+01 9.959158599125349509e-01 -1.456522502537545673e-03
1.897916666666666430e+01 1.006140620535815877e+00 -5.317737810062010424e-04
1.900000000000000000e+01 1.001365563875489473e+00 1.100451201560999213e-04
1.902083333333333215e+01 1.003988398832400541e+00 -9.272002893781740784e-04
1.904166666666666430e+01 1.001609633307310787e+00 -1.340656627488697687e-03
1.906250000000000000e+01 1.000627194046443957e+00 3.625517054443806102e-04
1.908333333333333215e+01 9.989460843217125019e-01 -9.522933632230602425e-04
1.910416666666666430e+01 1.000236740844371308e+00 -1.199414778618669098e-03
1.912500000000000000e+01 1.005698979189399989e+00 -3.739415885760619964e-04
1.914583333333333215e+01 1.005533351005892140e+00 3.568642952022789937e-04
1.916666666666666430e+01 9.995266107726498150e-01 2.635935537498283136e-03
1.918750000000000000e+01 9.908972687253315703e-01 2.016951938865358188e-03
1.920833333333333215e+01 9.907845065934443030e-01 -1.579226176333059246e-03
1.922916666666666430e+01 9.974757953669732835e-01 -1.655311521475397825e-03
1.925000000000000000e+01 1.005012323599203006e+00 8.089671523444073073e-05
1.927083333333333215e+01 1.008162998505648167e+00 6.962486752156235451e-04
1.929166666666666430e+01 1.005056160279461430e+00 -1.646319532178638705e-04
1.931250000000000000e+01 1.000867855129844219e+00 2.715415995319281958e-03
1.933333333333333215e+01 9.957496258916280762e-01 1.471337775275304970e-03
1.935416666666666430e+01 9.928354405405431793e-01 2.050071709561339904e-03
1.937500000000000000e+01 9.984197027710716155e-01 -5.223382722273824672e-04
1.939583333333333215e+01 1.005468085784547494e+00 -1.121099483020147284e-03
1.941666666666666430e+01 1.010984380961664542e+00 -1.337860364495099862e-03
1.943750000000000000e+01 1.002264636777087325e+00 -1.422269553921865772e-04
1.945833333333333215e+01 9.951734089328515553e-01 -1.572937396603729405e-03
1.947916666666666430e+01 9.922326436584509857e-01 -7.922400671208576365e-04
1.950000000000000000e+01 9.978084689572781496e-01 -5.384621742403355614e-04
1.952083333333333215e+01 1.007093060671142126e+00 1.180355911499111335e-03
1.954166666666666430e+01 1.007586162633856253e+00 -5.910944487869408941e-04
1.956250000000000000e+01 1.004120945390380770e+00 -1.758830138121902659e-03
1.958333333333333215e+01 9.948600483380141135e-01 -5.593415909120458404e-04
1.960416666666666430e+01 9.991815496755795944e-01 2.357286404721330554e-04
1.962500000000000000e+01 1.005362187890840975e+00 7.011475730166833115e-04
1.964583333333333215e+01 1.000147709707179589e+00 -1.152073818142242958e-03
1.966666666666666430e+01 1.000969031469991055e+00 8.092188948142577413e-04
1.968750000000000000e+01 1.000976412672741622e+00 1.733531992426305159e-03
1.970833333333333215e+01 9.988426045192707603e-01 6.118957726772339314e-04
1.972916666666666430e+01 9.943128724060774637e-01 2.984948219036882345e-04
1.975000000000000000e+01 9.961358467021557139e-01 -5.601397576168943215e-04
1.977083333333333215e+01 1.006162832904155646e+00 -7.634937535605160327e-04
1.979166666666666430e+01 1.011830054067973439e+00 -2.537431336481610518e-03
1.981250000000000000e+01 1.003492117216757240e+00 7.599332326114188046e-04
1.983333333333333215e+01 9.983855529012189978e-01 -4.426361044496125285e-04
1.985416666666666430e+01 9.934290535144321144e-01 1.907268626518692119e-04
1.987500000000000000e+01 9.982429226217798268e-01 6.265935613010489846e-04
1.989583333333333215e+01 1.006123545760569060e+00 -9.830034633692031221e-04
1.991666666666666430e+01 1.007850720539320788e+00 1.271244607090712053e-03
1.993750000000000000e+01 1.006537627479552999e+00 1.413882273425360139e-04
1.995833333333333215e+01 1.003820469810033478e+00 1.871244059576591479e-03
1.997916666666666430e+01 9.944637403152515320e-01 2.111720848203399914e-04
2.000000000000000000e+01 9.840039182964496201e-01 3.982808691500030421e-04
2.002083333333333215e+01 9.917607260962184590e-01 -3.417214229945239189e-04
2.004166666666666430e+01 1.002446994149502224e+00 1.845517491055870089e-03
2.006250000000000000e+01 1.007072473039035021e+00 -2.629365977252283697e-03
2.008333333333333215e+01 1.001340441035107887e+00 -6.660399514006914079e-04
2.010416666666666430e+01 1.001091816845268045e+00 -3.813174924350563768e-04
2.012500000000000000e+01 1.003203198027493803e+00 -1.913025918881603457e-03
2.014583333333333215e+01 1.006039777414471592e+00 -9.933783146986341784e-04
2.016666666666666430e+01 9.944572827563691320e-01 -2.715153388081267740e-03
2.018750000000000000e+01 1.000264107511884770e+00 2.379840465932953064e-04
2.020833333333333215e+01 1.002320688831657813e+00 -1.756534430095337083e-03
2.022916666666666430e+01 1.000749874783543047e+00 4.623255921504500145e-04
2.025000000000000000e+01 1.000513534874046373e+00 -3.272271199516437541e-04
2.027083333333333215e+01 1.000894375593587959e+00 -1.040891890980983822e-03
2.029166666666666430e+01 1.001554775118564056e+00 -1.942228262496439135e-03
2.031250000000000000e+01 1.002934318655517743e+00 -8.535598055646743650e-04
2.033333333333333215e+01 9.963920965043878697e-01 3.882797752693380937e-04
2.035416666666666430e+01 9.918637874388328557e-01 -1.568089923332143052e-04
2.037500000000000000e+01 1.002934225401902912e+00 8.328047491076210175e-04
2.039583333333333215e+01 1.011406727312080811e+00 -9.854128356531100408e-04
2.041666666666666430e+01 1.010146372276258475e+00 2.007491901956847888e-03
2.043750000000000000e+01 9.986880412332853618e-01 -2.974417704556602221e-04
2.045833333333333215e+01 9.948251868701385447e-01 -1.056494286330302403e-03
2.047916666666666430e+01 9.949414377612179061e-01 1.637699039239326254e-03
2.050000000000000000e+01 9.989727252322211370e-01 1.696958097453705842e-03
2.052083333333333215e+01 9.942536775393470139e-01 -1.127116463617906003e-04
2.054166666666666430e+01 9.967949655984047475e-01 -6.053776458331422156e-04
2.056250000000000000e+01 1.007211382482899209e+00 1.137593298669543852e-03
2.058333333333333215e+01 1.003608266217975054e+00 -1.117671210204242019e-03
2.060416666666666430e+01 9.897963503786154638e-01 1.168989427241002394e-03
2.062500000000000000e+01 1.000741847970707754e+00 -1.733975649950986490e-03
2.064583333333333215e+01 1.004247724439019329e+00 -1.042415911292180104e-04
2.066666666666666430e+01 1.008656958284032790e+00 1.469438399152178704e-05
2.068750000000000000e+01 9.923798496740414699e-01 1.510124326425685802e-03
2.070833333333333215e+01 9.841904235219078867e-01 -2.286524542187370803e-03
2.072916666666666430e+01 9.962812589858288659e-01 2.930459024598458095e-04
2.075000000000000000e+01 1.000676057631307847e+00 -1.508880834700164443e-04
2.077083333333333215e+01 1.004016766099287805e+00 3.635358947610528439e-06
2.079166666666666430e+01 1.003018038850572058e+00 -1.105131932252243366e-03
2.081250000000000000e+01 1.003646933886550130e+00 -1.627368538113257426e-03
2.083333333333333215e+01 1.000293784481708581e+00 -5.789213271883400427e-04
2.085416666666666430e+01 9.907426095986709980e-01 -3.020797308378279380e-04
2.087500000000000000e+01 9.902563987725084838e-01 1.843979347886030027e-03
2.089583333333333215e+01 1.012178478017228933e+00 1.392270544143131572e-04
2.091666666666666430e+01 1.016055019085042588e+00 -5.345318338455238403e-06
2.093750000000000000e+01 1.011854332151483904e+00 8.729328657679902683e-04
2.095833333333333215e+01 9.882921816489018685e-01 -2.014818301134738057e-03
2.097916666666666430e+01 9.888423081616656285e-01 9.032080589387842624e-04
2.100000000000000000e+01 9.988287767209033108e-01 1.144220176634344133e-03
2.102083333333333215e+01 1.000772066143073458e+00 1.133929834443272175e-03
2.104166666666666430e+01 1.004491926320825845e+00 -4.162425778499723975e-04
2.106250000000000000e+01 1.006553659839878767e+00 -1.544062494912938665e-03
2.108333333333333215e+01 1.006781674644262159e+00 -1.231160631993251592e-03
2.110416666666666430e+01 9.970409523098031634e-01 3.093173361833979939e-04
2.112500000000000000e+01 9.906696680325995930e-01 6.709560565466266523e-04
2.114583333333333215e+01 9.954888094871586768e-01 1.595687219392621621e-03
2.116666666666666430e+01 1.007730138655105412e+00 1.901792556268123166e-03
2.118750000000000000e+01 1.013398542278566294e+00 1.089060351111600065e-03
2.120833333333333215e+01 9.943539454587747572e-01 4.241099798925337337e-05
2.122916666666666430e+01 9.908098027678806652e-01 3.311499458877516797e-04
2.125000000000000000e+01 9.977099694518564155e-01 -2.941404621934772565e-04
2.127083333333333215e+01 1.004222996657770484e+00 1.318585565214361582e-03
2.129166666666666430e+01 1.004463190094509351e+00 7.428394366701728067e-04
2.131250000000000000e+01 9.989816945756665456e-01 2.698245904507578369e-04
2.133333333333333215e+01 9.977894126287482068e-01 -1.569500672549834766e-03
2.135416666666666430e+01 1.000370248672843410e+00 1.308326731197249730e-03
2.137500000000000000e+01 9.921258716263151589e-01 -1.908607957029641615e-03
2.139583333333333215e+01 9.983809390074825929e-01 1.539727734225677935e-03
2.141666666666666430e+01 1.009127038338201166e+00 1.230786879970918388e-03
2.143750000000000000e+01 1.011866336426913815e+00 -1.983836025107779243e-03
2.145833333333333215e+01 1.002429570162313377e+00 -6.058042005358779176e-05
2.147916666666666430e+01 9.871896299441772493e-01 -1.551742824910882492e-03
2.150000000000000000e+01 9.868357860835864637e-01 -1.807741498409608206e-04
2.152083333333333215e+01 1.006863886192064905e+00 6.939624668988722198e-04
2.154166666666666430e+01 1.010408178145540070e+00 -1.707976246334727511e-04
2.156250000000000000e+01 1.002687957738690017e+00 -1.704835030775544470e-03
2.158333333333333215e+01 9.955768354737276615e-01 3.260340964865884698e-04
2.160416666666666430e+01 1.001609662573102355e+00 3.243596332080267322e-04
2.162500000000000000e+01 9.964369316201040494e-01 -3.404351320061923430e-05
2.164583333333333215e+01 9.959484738947432803e-01 -1.306423718491012912e-03
2.166666666666666430e+01 1.005208523026955847e+00 -4.372270775391201916e-04
2.168750000000000000e+01 1.012730466963909892e+00 3.356589605229682552e-04
2.170833333333333215e+01 1.006605477458354603e+00 -1.938122766270793909e-04
2.172916666666666430e+01 9.943966877419680994e-01 2.640777649132920561e-03
2.175000000000000000e+01 9.908474069340850177e-01 3.200992968149556019e-04
2.177083333333333215e+01 1.001908018838682635e+00 -2.584516675729622783e-04
2.179166666666666430e+01 1.002659816276326721e+00 6.032474394051969132e-04
2.181250000000000000e+01 9.982080809816149536e-01 -1.381790441534660975e-03
2.183333333333333215e+01 9.932246152034943654e-01 5.259439998163451284e-04
2.185416666666666430e+01 9.997766361064254204e-01 2.020992784404289887e-03
2.187500000000000000e+01 1.008067758577276374e+00 -1.104714148216678427e-03
2.189583333333333215e+01 1.000592197541401829e+00 3.735437738355453906e-04
2.191666666666666430e+01 9.977887024133178517e-01 9.588913705560268537e-04
2.193750000000000000e+01 1.004915987400819333e+00 -2.116685885090130621e-03
2.195833333333333215e+01 1.005307573392102638e+00 2.048611163398581653e-03
2.197916666666666430e+01 9.976416267802384885e-01 -1.306247736335267029e-03
2.200000000000000000e+01 9.942521766169858388e-01 -4.188175720457097228e-04
2.202083333333333215e+01 1.001207633662049901e+00 4.758402220476457846e-04
2.204166666666666430e+01 1.012957095504932292e+00 -2.907536051012459509e-04
2.206250000000000000e+01 1.004036940395234945e+00 1.003670833895577066e-03
2.208333333333333215e+01 9.854275341937390742e-01 1.886567712191970021e-04
2.210416666666666430e+01 9.830253860432318636e-01 7.121891137558365725e-04
2.212500000000000000e+01 9.987982509341994941e-01 9.371677962920798893e-05
2.214583333333333215e+01 1.007181289084605913e+00 1.840002018209826963e-03
2.216666666666666430e+01 1.005514940674494540e+00 -2.519372511241491173e-03
2.218750000000000000e+01 1.007193147732067251e+00 4.551178082671727553e-04
2.220833333333333215e+01 1.004249175940869820e+00 -3.757689097509278142e-04
2.222916666666666430e+01 9.990907417687145964e-01 -1.198790771225893620e-03
2.225000000000000000e+01 9.880838749190518078e-01 -1.014512513216050352e-03
2.227083333333333215e+01 9.883167208709663365e-01 -7.149749727243195517e-04
2.229166666666666430e+01 9.984158149678165062e-01 7.230131709160027027e-04
2.231250000000000000e+01 1.012343031027945761e+00 -1.120163045308105116e-03
2.233333333333333215e+01 9.985051545539154194e-01 -2.039794704517719872e-04
2.235416666666666430e+01 9.835762466025245176e-01 3.440610876447391204e-04
2.237500000000000000e+01 9.978328472803885685e-01 -1.444739563874111688e-03
2.239583333333333215e+01 1.011073963970673617e+00 1.390435815733301848e-03
2.241666666666666430e+01 1.007738136732764467e+00 3.026986629922038315e-03
2.243750000000000000e+01 1.001066757289319931e+00 -8.425216340081006236e-04
2.245833333333333215e+01 9.937554416332636809e-01 1.149308980522770326e-03
2.247916666666666430e+01 9.964170489934943697e-01 -3.870993505246445900e-04
2.250000000000000000e+01 9.938307644912528493e-01 6.667093205336967286e-04
2.252083333333333215e+01 9.963929685978418771e-01 -2.271314943578516834e-04
2.254166666666666430e+01 1.007668605723635702e+00 2.760827037476386130e-03
2.256250000000000000e+01 1.014054696169871761e+00 -4.054147695210430697e-04
2.258333333333333215e+01 1.002887525237998068e+00 9.924130114285171361e-04
2.260416666666666430e+01 9.819756555899099570e-01 7.592076907721158558e-04
2.262500000000000000e+01 9.837177916383528231e-01 -1.354950171105808506e-03
2.264583333333333215e+01 1.003212063621076400e+00 -2.700336766311626363e-03
2.266666666666666430e+01 1.014864802130854615e+00 7.238590196875446543e-04
2.268750000000000000e+01 1.013010972084239958e+00 1.055648049471102955e-03
2.270833333333333215e+01 1.005206898154599404e+00 -6.708817727590889396e-04
2.272916666666666430e+01 1.000098397316211418e+00 -7.917183344220684454e-04
2.275000000000000000e+01 9.903626394928741750e-01 1.221004069452670754e-03
2.277083333333333215e+01 9.823419234254195942e-01 1.066041781140999317e-03
2.279166666666666430e+01 9.964786610451595861e-01 1.194845809205600032e-03
2.281250000000000000e+01 1.011140753478882104e+00 3.267525444252744799e-04
2.283333333333333215e+01 1.011075241047018514e+00 -9.853455764028667269e-04
2.285416666666666430e+01 9.982794622706391285e-01 -1.522466724618249398e-03
2.287500000000000000e+01 9.841191690469589526e-01 -2.491420682165344010e-03
2.289583333333333215e+01 9.981783590920632054e-01 -7.210219738042210108e-05
2.291666666666666430e+01 1.005597321021629575e+00 2.398960948491914678e-03
2.293750000000000000e+01 1.001177139168061503e+00 5.973681950479184941e-04
2.295833333333333215e+01 9.955160240626111934e-01 -9.967530442473969952e-05
2.297916666666666430e+01 9.937826048651452471e-01 -1.900932770791129199e-03
2.300000000000000000e+01 1.000345479050520181e+00 -8.349125832136350921e-04
2.302083333333333215e+01 1.001645832607384934e+00 6.173469529433008493e-06
2.304166666666666430e+01 1.005728697442108466e+00 -2.777743445975068342e-04
2.306250000000000000e+01 1.007726820042058824e+00 1.135424612711562154e-03
2.308333333333333215e+01 1.002086967869788792e+00 -1.982584623670592835e-04
2.310416666666666430e+01 9.917027042147678051e-01 8.691324940491940241e-04
2.312500000000000000e+01 9.892920847190971312e-01 -1.427728251642200962e-04
2.314583333333333215e+01 9.963041198074551463e-01 -2.372089580546459615e-04
2.316666666666666430e+01 1.006448323896344643e+00 1.573916911999700442e-03
2.318750000000000000e+01 1.014249890916217200e+00 -9.399717927636764853e-04
2.320833333333333215e+01 1.001801888876894475e+00 -3.538160849018192060e-04
2.322916666666666430e+01 9.921504501298197276e-01 -1.615921753280633814e-03
2.325000000000000000e+01 9.923372532063000628e-01 1.209241932459208078e-04
2.327083333333333215e+01 9.959567843858581071e-01 1.336876251292237316e-03
2.329166666666666430e+01 9.970638533947314697e-01 8.517523876670074360e-04
2.331250000000000000e+01 1.001058099333545393e+00 9.175147623986343749e-04
2.333333333333333215e+01 1.003691800316422800e+00 1.316302970028342253e-03
2.335416666666666430e+01 1.003995179230233736e+00 7.815227337091359711e-04
2.337500000000000000e+01 9.988909453310547137e-01 9.478242901865001520e-04
2.339583333333333215e+01 9.938857215806892187e-01 5.046550963470196761e-04
2.341666666666666430e+01 1.005533386926397821e+00 -1.219235681713928083e-03
2.343750000000000000e+01 1.004011247224342762e+00 6.576188745840358396e-04
2.345833333333333215e+01 1.000940822347868853e+00 1.182357968530130211e-03
2.347916666666666430e+01 9.979310602501264560e-01 -1.114887069023385918e-03
2.350000000000000000e+01 9.976605857849075720e-01 2.949874762902472323e-04
2.352083333333333215e+01 1.007428955035213347e+00 1.353516339463892680e-03
2.354166666666666430e+01 1.004589271828585151e+00 -4.668455692357240073e-04
2.356250000000000000e+01 1.005129607068926401e+00 -1.651383217069836472e-03
2.358333333333333215e+01 9.967351355657249057e-01 7.691746482869893766e-05
2.360416666666666430e+01 9.993014077291482167e-01 1.992106949402107710e-03
2.362500000000000000e+01 9.915116735537009562e-01 -1.141181774096451012e-03
2.364583333333333215e+01 9.967160691666802075e-01 -1.317375880069790613e-04
2.366666666666666430e+01 1.005967349856188742e+00 -9.387886839729338165e-04
2.368750000000000000e+01 1.005171066982736283e+00 -4.487091175713091231e-04
2.370833333333333215e+01 1.007478385295647261e+00 2.934641013136341935e-04
2.372916666666666430e+01 9.973187224018917885e-01 1.846017010782730105e-03
2.375000000000000000e+01 9.925834421590463696e-01 -8.958050324604483437e-04
2.377083333333333215e+01 9.945642159215237754e-01 -8.858187427854099160e-04
2.379166666666666430e+01 1.002576110866677528e+00 -1.090628050485119510e-03
2.381250000000000000e+01 1.008509028867879076e+00 -1.367238056859777307e-03
2.383333333333333215e+01 1.002877241163468769e+00 -1.918375075265148222e-03
2.385416666666666430e+01 9.962374705001596498e-01 -1.064077748763160277e-03
2.387500000000000000e+01 9.882655382976818226e-01 -1.322665868457640378e-04
2.389583333333333215e+01 9.934125220366833986e-01 5.108173316050598702e-05
2.391666666666666430e+01 1.004147329623118923e+00 1.465561484400929298e-03
2.393750000000000000e+01 1.005453918062106933e+00 -1.027000605715993773e-03
2.395833333333333215e+01 1.006477819720292377e+00 -9.749226549903025835e-04
2.397916666666666430e+01 1.001602145878936811e+00 -9.460465506535717601e-04
2.400000000000000000e+01 9.970814182888841914e-01 2.446823988185058618e-04
2.402083333333333215e+01 9.956025953907609027e-01 -1.980905208250133211e-04
2.404166666666666430e+01 1.006826873459193417e+00 9.715109938890263913e-04
2.406250000000000000e+01 1.008259641729814193e+00 -9.864260085200842604e-04
2.408333333333333215e+01 1.003114109079676908e+00 1.141573565742535611e-03
2.410416666666666430e+01 9.931001882069097064e-01 1.178141428767424080e-03
2.412500000000000000e+01 9.905297937662054242e-01 -3.280846275853437988e-04
2.414583333333333215e+01 9.958466579464519963e-01 -7.781718170112816814e-04
2.416666666666666430e+01 1.006176830425865809e+00 2.264613618485252227e-04
2.418750000000000000e+01 1.009102437332463964e+00 -9.894172068494789824e-04
2.420833333333333215e+01 1.006867200649528060e+00 2.490255919596823415e-03
2.422916666666666430e+01 9.977449899073722595e-01 1.761091288889645281e-04
2.425000000000000000e+01 9.884229703193755379e-01 9.905509607046436397e-04
2.427083333333333215e+01 9.931010209819751688e-01 -1.583884125627753022e-03
2.429166666666666430e+01 9.996515328956073754e-01 -2.188446980987700501e-03
2.431250000000000000e+01 1.004565593591565609e+00 8.590827564795680592e-04
2.433333333333333215e+01 1.009715474307519401e+00 6.448583986948957809e-04
2.435416666666666430e+01 1.001061521791403175e+00 -9.507559461415285816e-04
2.437500000000000000e+01 9.926657957384917852e-01 -7.084695622533164787e-04
2.439583333333333215e+01 9.930540726585952438e-01 -8.499297509705665754e-04
2.441666666666666430e+01 1.000100142016859595e+00 2.847836435757667220e-04
2.443750000000000000e+01 1.015394631980382822e+00 1.154815160006872560e-03
2.445833333333333215e+01 1.014025847384653956e+00 -1.931075262425970907e-03
2.447916666666666430e+01 9.979194364109591486e-01 5.984314139586827249e-04
2.450000000000000000e+01 9.975636983729179175e-01 -1.092709651089301915e-03
2.452083333333333215e+01 9.936314837848684300e-01 -6.636649553777662722e-04
2.454166666666666430e+01 9.941574527980213682e-01 -2.005440100950340579e-04
2.456250000000000000e+01 1.001342273767743762e+00 -1.701817550185444729e-03
2.458333333333333215e+01 1.007688808916663348e+00 3.554923212174122653e-03
2.460416666666666430e+01 1.010483377882760214e+00 3.031221843166800010e-03
2.462500000000000000e+01 9.969761353903099366e-01 9.403373237801027377e-04
2.464583333333333215e+01 9.930609937154610822e-01 8.200189767731684738e-04
2.466666666666666430e+01 9.989656308468940482e-01 -1.304512740732454833e-03
2.468750000000000000e+01 1.005886342450708737e+00 2.971686094854603631e-03
2.470833333333333215e+01 9.982862488897759068e-01 2.289658108925689132e-05
2.472916666666666430e+01 9.996119384502368810e-01 -1.542443874987081654e-04
2.475000000000000000e+01 9.964806790561380190e-01 1.504991973853700166e-03
2.477083333333333215e+01 1.002964894901874127e+00 3.260000819822658747e-04
2.479166666666666430e+01 1.005410832954185318e+00 -9.707545140106571676e-04
2.481250000000000000e+01 1.003894062984917346e+00 -2.736517881218862472e-04
2.483333333333333215e+01 1.002611507120892753e+00 -4.701072240661105452e-04
2.485416666666666430e+01 1.001079526461213343e+00 8.081961671208940940e-05
2.487500000000000000e+01 9.940680436732616254e-01 6.930719235930557325e-04
2.489583333333333215e+01 9.919963691520710114e-01 6.659486298035431672e-04
2.491666666666666430e+01 9.970937696105215409e-01 1.626502364732810950e-03
2.493750000000000000e+01 1.008543677251584114e+00 -5.128830269084272504e-06
2.495833333333333215e+01 1.016164612858819982e+00 1.197585647832575487e-03
2.497916666666666430e+01 9.981436182195566609e-01 2.133327301852676935e-03
2.500000000000000000e+01 9.906773120033035562e-01 -1.532528259747221577e-03
2.502083333333333215e+01 9.980067505693199781e-01 8.907132043631374235e-04
2.504166666666666430e+01 1.001304265028870821e+00 -1.340415137740628548e-03
2.506250000000000000e+01 9.964208689311421230e-01 -1.883844488385187079e-03
2.508333333333333215e+01 9.989257583865757129e-01 1.980827549484293244e-03
2.510416666666666430e+01 1.000894041449596150e+00 1.419354960995028838e-03
2.512500000000000000e+01 1.005998506681311522e+00 6.542161798910045437e-04
2.514583333333333215e+01 9.962395155623519072e-01 -5.961642470554413646e-04
2.516666666666666430e+01 9.979584920818275195e-01 1.879451530137870316e-03
2.518750000000000000e+01 1.001794389691599729e+00 -1.708959656298548839e-03
2.520833333333333215e+01 1.002975605480509902e+00 8.424114977361677609e-05
2.522916666666666430e+01 9.966894481944268414e-01 6.064719420781829618e-04
2.525000000000000000e+01 9.927363685837197194e-01 1.608908666503895517e-03
2.527083333333333215e+01 9.949631512997594296e-01 -1.908034624216954026e-03
2.529166666666666430e+01 1.014767217775300878e+00 -3.830176695131375878e-03
2.531250000000000000e+01 1.012232535527395116e+00 1.442128916078323862e-04
2.533333333333333215e+01 1.004430387683642012e+00 3.967839441804580465e-04
2.535416666666666430e+01 9.888863248223767055e-01 2.171003408463533034e-04
2.537500000000000000e+01 9.934398504360899551e-01 -1.096558576639515082e-03
2.539583333333333215e+01 9.863880517126867309e-01 -5.520099980021599237e-05
2.541666666666666430e+01 9.982683529307807557e-01 -1.925098839176848107e-03
2.543750000000000000e+01 1.006644175675502462e+00 5.257417396063912476e-04
2.545833333333333215e+01 1.013594268341352800e+00 1.115735494788063897e-03
2.547916666666666430e+01 1.007159683331820821e+00 -9.150398557564839910e-04
2.550000000000000000e+01 9.909161609023786621e-01 -2.504927209781370769e-03
2.552083333333333215e+01 9.891738294337385495e-01 -1.622271378189214807e-04
2.554166666666666430e+01 1.001110271775532246e+00 -2.481253992508745216e-04
2.556250000000000000e+01 1.006959225481479647e+00 -1.007587429078037424e-04
2.558333333333333215e+01 1.004984715357500447e+00 1.629469314322003030e-03
2.560416666666666430e+01 1.001169050063551280e+00 1.732443488981652655e-04
2.562500000000000000e+01 9.949152252924116091e-01 2.605153559613625647e-03
2.564583333333333215e+01 9.983240056999566070e-01 4.759293166373603640e-04
2.566666666666666430e+01 9.954718104241899734e-01 -1.359042088334075056e-03
2.568750000000000000e+01 9.983610280263564007e-01 1.417016822848073425e-03
2.570833333333333215e+01 1.005911240772333404e+00 -1.129304595141736648e-04
2.572916666666666430e+01 1.006877296820783529e+00 -6.109635716646321475e-04
2.575000000000000000e+01 9.996350774925261140e-01 3.492516890270827524e-04
2.577083333333333215e+01 9.882057776045162223e-01 1.434797642507916254e-04
2.579166666666666430e+01 1.000047378707370926e+00 -1.948242741021379227e-03
2.581250000000000000e+01 1.014948462760358217e+00 -1.061898470518512962e-03
2.583333333333333215e+01 1.008922202250816191e+00 1.440008212518313927e-03
2.585416666666666430e+01 9.901917678858573879e-01 2.199098655748041721e-04
2.587500000000000000e+01 9.877662826125844786e-01 7.987324421165119346e-04
2.589583333333333215e+01 9.906022195064855262e-01 1.275190805644189863e-03
2.591666666666666430e+01 9.984855520533802986e-01 2.240766339540633395e-03
2.593750000000000000e+01 9.997840601871250676e-01 -7.988706252459912933e-04
2.595833333333333215e+01 1.006675156884272448e+00 -8.792438231574842711e-04
2.597916666666666430e+01 1.010038448039845882e+00 -1.155636993185413068e-03
