0.000000000000000000e+00 6.432015953331061686e-01 -2.072722325942448311e-03
2.083333333333333218e-02 6.157292824254377850e-01 1.270865205027124764e-03
4.166666666666666435e-02 6.263549057701067735e-01 -4.944526944654303001e-04
6.250000000000000000e-02 6.794331546306924263e-01 3.799366608576013786e-04
8.333333333333332871e-02 7.562622628518479440e-01 -1.033893803587846794e-03
1.041666666666666574e-01 8.325830943106061754e-01 -6.458076255635779132e-04
1.250000000000000000e-01 9.084906730973667521e-01 6.904187483451956959e-05
1.458333333333333148e-01 9.598613375540639980e-01 -2.036121445314272114e-03
1.666666666666666574e-01 9.932369815558669268e-01 -2.826692690212709910e-03
1.875000000000000000e-01 1.001708811871449001e+00 1.034002986805177948e-03
2.083333333333333148e-01 9.974522250638965248e-01 -3.857429428415646167e-03
2.291666666666666574e-01 9.932068769630066907e-01 -1.204225023887362097e-03
2.500000000000000000e-01 9.970185476618724785e-01 9.024883818634374735e-04
2.708333333333333148e-01 1.000145522160598599e+00 1.786432412947797880e-04
2.916666666666666297e-01 1.000802510960399516e+00 1.340203252778458852e-03
3.125000000000000000e-01 1.007562082009733961e+00 9.651812182809701903e-04
3.333333333333333148e-01 1.006647766993532311e+00 -4.655682974917371079e-04
3.541666666666666297e-01 1.006420451827300333e+00 -1.816868402750431658e-03
3.750000000000000000e-01 1.004438635953960990e+00 3.414420315549772551e-03
3.958333333333333148e-01 1.003121652291164567e+00 4.575632249493084445e-04
4.166666666666666297e-01 9.998219959444190064e-01 1.344940555929971526e-03
4.375000000000000000e-01 9.984441602820692818e-01 -8.336011192792070932e-05
4.583333333333333148e-01 1.000935713573258612e+00 1.250268147866068474e-03
4.791666666666666297e-01 1.001769716810042121e+00 1.632593013827900305e-03
5.000000000000000000e-01 1.009775943569328094e+00 -7.620861163548016967e-04
5.208333333333332593e-01 1.011058567302973499e+00 -6.312451067726358766e-04
5.416666666666666297e-01 1.008551278197765022e+00 1.790200216649098222e-03
5.625000000000000000e-01 1.007451505434571626e+00 1.361403169791708921e-04
5.833333333333332593e-01 1.002712224014657316e+00 3.782486303903424938e-04
6.041666666666666297e-01 9.951597125150720702e-01 1.397348548133648955e-04
6.250000000000000000e-01 1.000201546968091826e+00 -4.023642477773032309e-04
6.458333333333332593e-01 9.962371967144011409e-01 7.955250090179574393e-04
6.666666666666666297e-01 1.001628405807190259e+00 1.369739620203057990e-03
6.875000000000000000e-01 1.005743139328976854e+00 2.170278451243187658e-03
7.083333333333332593e-01 1.007423567196471303e+00 2.711539852930831655e-03
7.291666666666666297e-01 1.013161541322719517e+00 -1.868174805156442935e-04
7.500000000000000000e-01 1.013224625723875727e+00 -3.228573217540619406e-05
7.708333333333332593e-01 1.001681023756478162e+00 -1.187211675115211213e-03
7.916666666666666297e-01 1.000274250988672842e+00 -9.663764559672668921e-04
8.125000000000000000e-01 9.973002735419883580e-01 1.488163972874766454e-03
8.333333333333332593e-01 1.002260216386938074e+00 3.566445139327392434e-05
8.541666666666666297e-01 9.999625514670108517e-01 -8.567932843910906543e-04
8.750000000000000000e-01 1.008906133350200518e+00 1.041050552012771175e-03
8.958333333333332593e-01 1.009802680553350873e+00 -7.938332082108050160e-04
9.166666666666666297e-01 1.012185562034983999e+00 1.443029670453687980e-03
9.375000000000000000e-01 1.011537925582295605e+00 1.269545088238776273e-03
9.583333333333332593e-01 1.006219658532552019e+00 6.586871021232569307e-04
9.791666666666666297e-01 9.946888329692631370e-01 -2.652803809098112421e-04
1.000000000000000000e+00 1.003081487208870248e+00 -9.666672461526711014e-04
1.020833333333333259e+00 1.000630911472618179e+00 1.489125686585780577e-04
1.041666666666666519e+00 1.002639042057447138e+00 -1.079611365773481017e-03
1.062500000000000000e+00 1.006889150621007367e+00 1.152593994731831778e-03
1.083333333333333259e+00 1.014804843816981217e+00 2.676189798422065266e-03
1.104166666666666519e+00 1.008095748686825832e+00 -1.652929887714694535e-03
1.125000000000000000e+00 1.010844622425790762e+00 -1.685277168479862927e-05
1.145833333333333259e+00 1.007153622234915336e+00 1.144112051735621943e-03
1.166666666666666519e+00 1.000063818890490897e+00 -2.322235659945668610e-03
1.187500000000000000e+00 9.987942635220683485e-01 5.863151001860516338e-04
1.208333333333333259e+00 9.957464500612046576e-01 2.482831350722283694e-03
1.229166666666666519e+00 9.996516757110001095e-01 2.632392031006836313e-03
1.250000000000000000e+00 1.005001961516857723e+00 1.002204120079615551e-03
1.270833333333333259e+00 1.007783660066549514e+00 1.576094043429096363e-03
1.291666666666666519e+00 1.008812012948019587e+00 1.360800021055367853e-04
1.312500000000000000e+00 1.003927021737186509e+00 2.819592632854819327e-04
1.333333333333333259e+00 1.000918461664493941e+00 2.841528954639864078e-04
1.354166666666666519e+00 9.991041159458138310e-01 -1.919818516562406133e-03
1.375000000000000000e+00 1.002134057552784174e+00 -1.618815069434385336e-03
1.395833333333333259e+00 9.950969804677799457e-01 -1.514750033129035143e-03
1.416666666666666519e+00 9.967090599520879168e-01 2.414097147757286906e-03
1.437500000000000000e+00 1.002117882201422283e+00 -1.858733913989702282e-03
1.458333333333333259e+00 9.992483545747902207e-01 -7.623672319076631176e-04
1.479166666666666519e+00 1.005843083104329905e+00 3.493912827833014437e-04
1.500000000000000000e+00 1.007464424022710192e+00 6.299417811776677643e-04
1.520833333333333259e+00 9.940167920311742122e-01 2.710587526790036051e-03
1.541666666666666519e+00 9.944501148751785369e-01 3.157564070253940976e-03
1.562500000000000000e+00 9.896276532293127870e-01 1.538724374393063421e-03
1.583333333333333259e+00 9.908211672246655111e-01 -1.100472672155064155e-03
1.604166666666666519e+00 9.922651237261128632e-01 1.699095690924750648e-04
1.625000000000000000e+00 9.930201081095558768e-01 -2.363318499082608243e-03
1.645833333333333259e+00 9.856682303377238830e-01 -1.385044019656766221e-03
1.666666666666666519e+00 9.339816080714127278e-01 -3.742183194281094739e-03
1.687500000000000000e+00 8.425981333006670182e-01 7.126238797007109415e-04
1.708333333333333259e+00 7.489229882086363421e-01 -4.382526623648439943e-04
1.729166666666666519e+00 6.890652712109404110e-01 4.606943026457519662e-06
1.750000000000000000e+00 6.744238221277015777e-01 4.733297732801103894e-04
1.770833333333333259e+00 7.098731249909703278e-01 -1.917210519466066871e-03
1.791666666666666519e+00 7.949785096406489782e-01 -2.222113483399921173e-03
1.812500000000000000e+00 8.941125566651952905e-01 1.760080510558227661e-03
1.833333333333333259e+00 9.619490556015677374e-01 -2.656402897442689806e-04
1.854166666666666519e+00 9.964997027102496796e-01 -2.597777476395456836e-03
1.875000000000000000e+00 1.000815378430402580e+00 1.520546923858102223e-03
1.895833333333333259e+00 9.971443395171210033e-01 -6.039776077049011658e-04
1.916666666666666519e+00 9.993106592739443572e-01 -1.433506466369949576e-03
1.937500000000000000e+00 9.943277928989781023e-01 9.115623198769583473e-04
1.958333333333333259e+00 9.918070947927228875e-01 -4.402457878575582431e-04
1.979166666666666519e+00 9.966196454625885215e-01 -5.541852086093484444e-04
2.000000000000000000e+00 1.002980994988596164e+00 -2.281586901540544419e-03
2.020833333333333037e+00 1.005771224443316569e+00 -8.291801044414872507e-04
2.041666666666666519e+00 1.003570319008679101e+00 -4.956855411861465100e-04
2.062500000000000000e+00 1.010243885404406239e+00 1.141855510216287185e-03
2.083333333333333037e+00 1.007170799479897738e+00 -1.270213752328442887e-03
2.104166666666666519e+00 1.002555361358553165e+00 6.796265906315070420e-04
2.125000000000000000e+00 1.002138052130165269e+00 7.511243722079126439e-04
2.145833333333333037e+00 9.989863659768444260e-01 1.648606416819752322e-04
2.166666666666666519e+00 9.996313806072232300e-01 -1.491851420759825457e-04
2.187500000000000000e+00 1.003383541830364267e+00 1.280414777560698021e-03
2.208333333333333037e+00 1.008377651541691788e+00 6.470262326293062076e-04
2.229166666666666519e+00 1.008132680315716012e+00 1.242383171013381957e-03
2.250000000000000000e+00 1.009018506395994441e+00 8.833539906620005910e-04
2.270833333333333037e+00 1.007923539157823400e+00 -6.542123107593712968e-04
2.291666666666666519e+00 1.003799622333766850e+00 -1.075592618898976580e-04
2.312500000000000000e+00 9.981693473606605416e-01 1.843565677101816590e-03
2.333333333333333037e+00 9.963686544368903775e-01 1.017931670385955646e-03
2.354166666666666519e+00 9.967834578380030397e-01 -2.100937834529082761e-03
2.375000000000000000e+00 1.003770412200903461e+00 -2.633382662059431450e-05
2.395833333333333037e+00 1.004982666214972786e+00 -9.707956242194064073e-04
2.416666666666666519e+00 1.003069159671226895e+00 -2.000891692582956998e-03
2.437500000000000000e+00 1.008455566740435350e+00 1.444810389792788689e-03
2.458333333333333037e+00 1.003626955614449923e+00 2.249840901610098559e-03
2.479166666666666519e+00 1.002780805822637289e+00 1.875860835899311602e-03
2.500000000000000000e+00 9.989641487387797003e-01 -1.649392767899216720e-04
2.520833333333333037e+00 9.992964949726500512e-01 -1.448758473916621308e-05
2.541666666666666519e+00 9.990925364304670264e-01 -1.245010678485170127e-03
2.562500000000000000e+00 1.000525955859600469e+00 -1.276782284830092849e-03
2.583333333333333037e+00 1.001670891021221754e+00 2.517083010344190819e-04
2.604166666666666519e+00 1.003121228835689216e+00 -2.589966709823312511e-03
2.625000000000000000e+00 1.005381156624612471e+00 1.882815825318420516e-03
2.645833333333333037e+00 1.001306624579485938e+00 -1.872168994497950580e-03
2.666666666666666519e+00 1.000240544609777071e+00 1.652968739022390261e-03
2.687500000000000000e+00 9.945115254927833215e-01 1.719599197841093809e-03
2.708333333333333037e+00 9.925751989708212486e-01 -2.254605556789084260e-03
2.729166666666666519e+00 9.998281132326540810e-01 -5.161548728673763650e-04
2.750000000000000000e+00 9.983669317156963485e-01 7.459028256998353297e-04
2.770833333333333037e+00 1.001343864701158326e+00 1.852770680353671082e-03
2.791666666666666519e+00 1.001644184017412398e+00 3.203381395998409998e-05
2.812500000000000000e+00 1.003011233389600632e+00 2.102467134571417602e-05
2.833333333333333037e+00 1.004323179897017138e+00 -1.522865290030089120e-03
2.854166666666666519e+00 9.980093570812453851e-01 -5.929259980882467274e-05
2.875000000000000000e+00 9.967003400749450126e-01 6.510022432533514613e-05
2.895833333333333037e+00 9.956783874675002588e-01 -9.083543522585378746e-04
2.916666666666666519e+00 9.985396802214112633e-01 -2.377637539180955625e-04
2.937500000000000000e+00 1.002810774118354731e+00 1.057306467950742002e-03
2.958333333333333037e+00 1.005150142029141103e+00 -6.369874395258178596e-04
2.979166666666666519e+00 9.995337683633199743e-01 -1.155643967535974767e-03
3.000000000000000000e+00 9.711077004902827214e-01 -3.549430509339355101e-03
3.020833333333333037e+00 9.178526139801830297e-01 5.182666583562575051e-04
3.041666666666666519e+00 8.419932536291390157e-01 -1.463444121973199712e-03
3.062500000000000000e+00 7.692553595952318357e-01 4.199601127641032689e-04
3.083333333333333037e+00 6.862692353251659272e-01 -2.524150995209140536e-03
3.104166666666666519e+00 6.337812084047301786e-01 -1.732061242295204967e-03
3.125000000000000000e+00 6.192894916404522165e-01 7.466379748306036911e-05
3.145833333333333037e+00 6.461407384781476804e-01 -3.947338747392189828e-05
3.166666666666666519e+00 7.145425562002079012e-01 3.826953528417346246e-04
3.187500000000000000e+00 7.876159671310249966e-01 1.042605632598029349e-03
3.208333333333333037e+00 8.602525470497838223e-01 1.114578017207326025e-03
3.229166666666666519e+00 9.237137178569813090e-01 -1.863857592068763063e-04
3.250000000000000000e+00 9.712227851785155686e-01 -9.561629499377004250e-04
3.270833333333333037e+00 9.940245546401262899e-01 -1.618078523772734502e-04
3.291666666666666519e+00 9.995835353219015840e-01 -1.257829603259828614e-03
3.312500000000000000e+00 1.002812024377849109e+00 2.711212498586416247e-03
3.333333333333333037e+00 1.002545912731702238e+00 -2.250958381710585401e-03
3.354166666666666519e+00 1.005142364115231057e+00 1.027791846138964219e-04
3.375000000000000000e+00 1.006811323936794622e+00 -6.193270097279999012e-04
3.395833333333333037e+00 1.005260882736841888e+00 3.589803587401329318e-04
3.416666666666666519e+00 1.001552553177612603e+00 -8.569253621333172829e-04
3.437500000000000000e+00 9.977646853974032615e-01 -1.198699798434447366e-03
3.458333333333333037e+00 1.001651442542588200e+00 1.655315630965030742e-03
3.479166666666666519e+00 9.964153796480222924e-01 -2.787949811889336104e-04
3.500000000000000000e+00 9.998627937100517116e-01 -7.883646326277775861e-04
3.520833333333333037e+00 9.979484799681994645e-01 -3.210444693692599688e-04
3.541666666666666519e+00 1.005024595608941640e+00 -5.991892449449896102e-04
3.562500000000000000e+00 1.011345716826515861e+00 -2.262257732802327222e-03
3.583333333333333037e+00 1.006352352893937541e+00 -6.036463913704705371e-04
3.604166666666666519e+00 1.007442548473492794e+00 -1.001620484901157390e-04
3.625000000000000000e+00 1.002739471944703809e+00 2.067426607192046563e-04
3.645833333333333037e+00 9.949953103482473971e-01 1.869538591839444439e-03
3.666666666666666519e+00 9.942198893931470938e-01 1.209296084415412489e-03
3.687500000000000000e+00 9.938733796990870673e-01 1.680226822903842232e-03
3.708333333333333037e+00 1.004607116765604102e+00 3.039669785330538498e-03
3.729166666666666519e+00 1.001589250253523966e+00 -8.944329644523890633e-04
3.750000000000000000e+00 1.007142910967637972e+00 -1.678064141555143203e-03
3.770833333333333037e+00 1.004770572833613373e+00 -1.134907305018617238e-03
3.791666666666666519e+00 1.002480334562893427e+00 2.450736686845075081e-04
3.812500000000000000e+00 1.002146650606128508e+00 9.657679034725094504e-04
3.833333333333333037e+00 9.973102978969654586e-01 1.449358834019923799e-04
3.854166666666666519e+00 1.001052597943152378e+00 -6.515546260626599827e-04
3.875000000000000000e+00 9.934187738759296948e-01 -2.067337730498267166e-03
3.895833333333333037e+00 1.006810250656467121e+00 1.100823969541253177e-03
3.916666666666666519e+00 1.004681781419094699e+00 -7.605578014000080200e-06
3.937500000000000000e+00 1.009786180356558427e+00 8.008163127729193108e-04
3.958333333333333037e+00 1.010142811432570342e+00 -6.972875967515888927e-04
3.979166666666666519e+00 1.006538117154770040e+00 7.150538393356130557e-04
4.000000000000000000e+00 1.003862998510930638e+00 -7.024906085306261219e-04
4.020833333333333037e+00 9.994264741025413734e-01 -1.764962829901893862e-03
4.041666666666666075e+00 1.000974596244000869e+00 5.580760388681772462e-04
4.062500000000000000e+00 1.003193996384849518e+00 -9.300235157470046563e-04
4.083333333333333037e+00 1.002768242394303844e+00 1.309763775458880081e-03
4.104166666666666075e+00 1.007076663118218640e+00 6.792785852332180714e-04
4.125000000000000000e+00 1.008982324327912572e+00 1.000983727253394436e-03
4.145833333333333037e+00 1.007690258733427324e+00 -7.478955907511938882e-04
4.166666666666666075e+00 1.010340588985429333e+00 -7.817799923042799480e-05
4.187500000000000000e+00 1.003102616321314589e+00 1.085079952549608523e-04
4.208333333333333037e+00 1.003923934054375744e+00 2.156577126718770259e-03
4.229166666666666075e+00 1.003505461319958991e+00 -4.872201711065348795e-04
4.250000000000000000e+00 1.002234895674009918e+00 -3.407999175351686828e-03
4.270833333333333037e+00 1.004340974054291014e+00 1.852308643660896276e-03
4.291666666666666075e+00 1.008173953381061860e+00 5.445189153673068213e-04
4.312500000000000000e+00 1.013155135212513658e+00 1.261094121545753156e-04
4.333333333333333037e+00 1.013481236159513577e+00 -4.574731268970400923e-04
4.354166666666666075e+00 1.012158216036291858e+00 -3.106384028752532268e-03
4.375000000000000000e+00 1.009222271051567033e+00 -9.026672249840421479e-04
4.395833333333333037e+00 1.006451807877170701e+00 1.175381551822852902e-03
4.416666666666666075e+00 9.962732203099692319e-01 1.991073902482605028e-03
4.437500000000000000e+00 9.993030853290719717e-01 -2.523619675971834880e-03
4.458333333333333037e+00 1.003148102428776944e+00 -1.121372531292027527e-04
4.479166666666666075e+00 1.004931953486574159e+00 -6.335351582953511768e-04
4.500000000000000000e+00 1.011911095369688152e+00 -4.219481753822590690e-04
4.520833333333333037e+00 1.007797113115452836e+00 -2.283726386779857574e-04
4.541666666666666075e+00 1.006206464596572481e+00 1.343322785029586785e-03
4.562500000000000000e+00 1.000474533826130497e+00 8.642471375151014731e-04
4.583333333333333037e+00 9.968815326204338856e-01 8.869718982386139844e-04
4.604166666666666075e+00 9.955612363280303967e-01 -8.435845324340749980e-04
4.625000000000000000e+00 9.945189192399656042e-01 1.271771611711854230e-03
4.645833333333333037e+00 9.959436558330393430e-01 7.058101902821781095e-04
4.666666666666666075e+00 9.980643696242603724e-01 -8.506432245065557009e-04
4.687500000000000000e+00 9.968631464798600739e-01 -4.927350723823359152e-04
4.708333333333333037e+00 1.001469473774978081e+00 1.129665745208927085e-03
4.729166666666666075e+00 9.965039106010985526e-01 3.463541891418955247e-03
4.750000000000000000e+00 9.693411181465394488e-01 -1.729986568147476365e-04
4.770833333333333037e+00 8.942974615065060195e-01 -1.376324155168618790e-03
4.791666666666666075e+00 8.087553186161073882e-01 1.327097800719925433e-03
4.812500000000000000e+00 7.194682049155163295e-01 4.800842962764377162e-04
4.833333333333333037e+00 6.713779895336492443e-01 7.236696906452183423e-04
4.854166666666666075e+00 6.763955327389920003e-01 -6.860725315514677996e-04
4.875000000000000000e+00 7.356924134442799357e-01 1.327872536732732167e-03
4.895833333333333037e+00 8.285385422952933343e-01 2.472121636828679934e-03
4.916666666666666075e+00 9.146509084736892392e-01 1.020083320227305581e-03
4.937500000000000000e+00 9.743030751162204961e-01 -9.524430250801331488e-04
4.958333333333333037e+00 9.914639039262027609e-01 -9.324746940287301873e-04
4.979166666666666075e+00 9.849154242113370428e-01 1.018620291514892414e-04
5.000000000000000000e+00 9.855826001517767887e-01 -2.838947084054765078e-04
5.020833333333333037e+00 9.911123761142396349e-01 -1.772501253645233400e-03
5.041666666666666075e+00 9.935345389768730495e-01 1.880296512601733463e-03
5.062500000000000000e+00 9.978069122696076043e-01 2.924944362361958650e-03
5.083333333333333037e+00 9.991424688981153102e-01 2.970301780126830384e-04
5.104166666666666075e+00 1.004552470277223941e+00 3.297408849005758536e-04
5.125000000000000000e+00 1.002637042547293689e+00 -1.195947945020678620e-03
5.145833333333333037e+00 9.973979757878124186e-01 -3.238035492596815228e-04
5.166666666666666075e+00 9.971312901488518232e-01 3.581578177843990161e-04
5.187500000000000000e+00 9.971249643267234841e-01 -9.283659802022553337e-06
5.208333333333333037e+00 9.995524755544689111e-01 5.374029551817708934e-04
5.229166666666666075e+00 1.007268129286067682e+00 9.782387904469181869e-04
5.250000000000000000e+00 1.008952329023764527e+00 6.377353148162975480e-04
5.270833333333333037e+00 1.003983743975162213e+00 2.481860975841584851e-04
5.291666666666666075e+00 1.009209566813254133e+00 9.280833878823326012e-04
5.312500000000000000e+00 1.006960388969443621e+00 -1.006383950694228436e-03
5.333333333333333037e+00 1.006193572598533148e+00 1.772787460543233059e-04
5.354166666666666075e+00 1.003201358676474975e+00 5.380989516192886696e-04
5.375000000000000000e+00 1.003928147195041642e+00 -1.623133792356115093e-03
5.395833333333333037e+00 1.000070174633168607e+00 9.939372457268686161e-04
5.416666666666666075e+00 1.005793557905627189e+00 1.505765069549081826e-03
5.437500000000000000e+00 1.010247502362894068e+00 8.279273528774992513e-04
5.458333333333333037e+00 1.009628549245956242e+00 3.620775288285075512e-04
5.479166666666666075e+00 1.015301549220793520e+00 1.317464080381840685e-03
5.500000000000000000e+00 1.006728485075961244e+00 1.817135087129803693e-03
5.520833333333333037e+00 1.003495865854842517e+00 3.213628081774831647e-04
5.541666666666666075e+00 1.002804555906808615e+00 1.910054095136660924e-03
5.562500000000000000e+00 1.000763433849119810e+00 7.130067226804688227e-04
5.583333333333333037e+00 1.002580610917325643e+00 2.732999795261537024e-03
5.604166666666666075e+00 1.003235277625366795e+00 6.038545728097108193e-04
5.625000000000000000e+00 1.007166291535794844e+00 -1.429912274966071376e-03
5.645833333333333037e+00 1.015645554385565363e+00 4.830262387769214730e-04
5.666666666666666075e+00 1.012417702472897973e+00 1.089188719311403025e-03
5.687500000000000000e+00 1.005394523385401806e+00 3.267497424386063901e-03
5.708333333333333037e+00 1.002102251208370376e+00 -1.276615091762654645e-04
5.729166666666666075e+00 9.944413016076114609e-01 -5.081021103196050898e-04
5.750000000000000000e+00 9.967525840846170881e-01 -4.523780538036309548e-04
5.770833333333333037e+00 9.986317265754167671e-01 -2.417197019157742936e-03
5.791666666666666075e+00 1.000870891768723903e+00 6.738063157136685256e-04
5.812500000000000000e+00 1.002485446234241628e+00 -1.301536585119683013e-03
5.833333333333333037e+00 1.003138594842500675e+00 -1.159831692892176851e-03
5.854166666666666075e+00 1.004033398287533574e+00 3.238272628176860294e-03
5.875000000000000000e+00 1.005627303232223824e+00 -6.212798370143392127e-04
5.895833333333333037e+00 9.985708288810930533e-01 -3.119575334035057401e-04
5.916666666666666075e+00 1.002077345866291935e+00 -2.403914868579327220e-04
5.937500000000000000e+00 9.921135194556178760e-01 -2.944279432627677990e-04
5.958333333333333037e+00 9.959909304435179411e-01 3.197043858688661949e-03
5.979166666666666075e+00 9.940891994365437245e-01 1.227725463736107714e-03
6.000000000000000000e+00 1.002251722336537920e+00 1.151491981587447972e-03
6.020833333333333037e+00 1.006058672766050988e+00 7.642217685790731472e-04
6.041666666666666075e+00 1.007921653739730417e+00 -1.514446982665654598e-03
6.062500000000000000e+00 1.005731075324765467e+00 -1.708355861203652009e-04
6.083333333333333037e+00 9.871219991838733332e-01 9.051175385298683646e-04
6.104166666666666075e+00 9.421668545800898631e-01 5.039494549285195068e-04
6.125000000000000000e+00 8.882299527942775219e-01 -1.066667685556944856e-03
6.145833333333333037e+00 8.110430355990103646e-01 2.600998817816157008e-03
6.166666666666666075e+00 7.361286598535130565e-01 -8.840211483160159613e-04
6.187500000000000000e+00 6.734021781394275985e-01 -1.687314759277956785e-03
6.208333333333333037e+00 6.304213907562862262e-01 2.292732721675098603e-03
6.229166666666666075e+00 6.247076940984414017e-01 8.214105489414687082e-05
6.250000000000000000e+00 6.647976968477534720e-01 6.172157127217180747e-04
6.270833333333333037e+00 7.256828994888556705e-01 -1.075815348726775903e-03
6.291666666666666075e+00 8.036875915518090219e-01 8.318094508187848408e-04
6.312500000000000000e+00 8.702774217133738555e-01 1.719823645284130698e-03
6.333333333333333037e+00 9.329947290126984205e-01 -3.439518391271815319e-04
6.354166666666666075e+00 9.740511250187832148e-01 -4.987979738739861625e-04
6.375000000000000000e+00 1.001653010193256810e+00 -5.202924440728538998e-04
6.395833333333333037e+00 1.003218659676116342e+00 -2.499205451082107867e-04
6.416666666666666075e+00 1.007906283391379887e+00 2.534569059582092703e-03
6.437500000000000000e+00 1.004135696724789195e+00 4.965440407892168610e-04
6.458333333333333037e+00 1.002060272235041127e+00 8.862564274534212713e-04
6.479166666666666075e+00 9.946474624759767957e-01 -1.127278810811463113e-03
6.500000000000000000e+00 9.950749997197139152e-01 7.550957134101868350e-04
6.520833333333333037e+00 9.983833066198413153e-01 -1.617227862058085125e-05
6.541666666666666075e+00 1.000586237817661983e+00 -3.508969100622250244e-04
6.562500000000000000e+00 9.974672852968535786e-01 -1.574623956537301878e-03
6.583333333333333037e+00 1.007188740383645476e+00 4.206490909144394328e-04
6.604166666666666075e+00 1.008966055927701388e+00 2.330167150047397426e-03
6.625000000000000000e+00 1.006295852163329840e+00 -9.694582489768212297e-04
6.645833333333333037e+00 1.007166702993574692e+00 9.826075753959840394e-04
6.666666666666666075e+00 1.003762866182629665e+00 4.637601031874916103e-04
6.687500000000000000e+00 9.920248647692153643e-01 1.012459123907302012e-03
6.708333333333333037e+00 9.990866724577113223e-01 -9.778125133860511142e-04
6.729166666666666075e+00 1.000561460782393830e+00 -1.630934491469010570e-03
6.750000000000000000e+00 1.005739212308321084e+00 -3.088464229501941723e-03
6.770833333333333037e+00 1.009727303749752725e+00 5.841791769976312785e-04
6.791666666666666075e+00 1.009332262686734039e+00 -2.521927688530449865e-03
6.812500000000000000e+00 1.009324912924769668e+00 -1.153616849563810518e-04
6.833333333333333037e+00 1.010622079003548945e+00 9.801618320406818054e-04
6.854166666666666075e+00 1.003079180029896822e+00 4.764871202612299501e-04
6.875000000000000000e+00 9.990211089979370573e-01 3.346032704931661090e-04
6.895833333333333037e+00 1.000425166790453124e+00 5.028102275973979785e-04
6.916666666666666075e+00 9.998906177030603137e-01 2.520843012674606253e-05
6.937500000000000000e+00 1.008446594601253077e+00 1.022050353768831979e-03
6.958333333333333037e+00 1.011089869804010055e+00 1.090801829804437587e-03
6.979166666666666075e+00 1.011233876792007713e+00 8.446301564138178472e-04
7.000000000000000000e+00 1.008118411107178369e+00 -2.070237020754425901e-03
7.020833333333333037e+00 1.008184743563836250e+00 1.208859396232571772e-03
7.041666666666666075e+00 1.004870374746805073e+00 -6.865917793124044982e-04
7.062500000000000000e+00 1.005566826278756931e+00 1.066070435011716227e-03
7.083333333333333037e+00 1.002690499020237658e+00 -1.684275819363555409e-04
7.104166666666666075e+00 1.003979147997401844e+00 -4.861169428045016027e-04
7.125000000000000000e+00 1.001378035800616573e+00 4.225051408979588760e-04
7.145833333333333037e+00 1.007720541356473376e+00 3.243682966843988887e-03
7.166666666666666075e+00 1.013178629448986623e+00 2.263314880785534562e-04
7.187500000000000000e+00 1.007343832630510416e+00 -2.411968132895296214e-07
7.208333333333333037e+00 1.005856086452306508e+00 -1.367334660714693891e-03
7.229166666666666075e+00 9.992377952106364924e-01 2.202082992163538185e-04
7.250000000000000000e+00 1.000566474201012745e+00 1.140056877901335581e-03
7.270833333333333037e+00 1.000998679297528282e+00 1.355617844332661012e-03
7.291666666666666075e+00 1.001736439913813337e+00 -2.112502740965038501e-03
7.312500000000000000e+00 1.002189636202624579e+00 -5.876859410866476377e-04
7.333333333333333037e+00 1.004188149984184042e+00 -7.421191932855124469e-04
7.354166666666666075e+00 1.008668540263954583e+00 1.191673508768256121e-03
7.375000000000000000e+00 1.009291286265747045e+00 8.455421803361955375e-04
7.395833333333333037e+00 1.009137804167142161e+00 -1.553097786802970460e-03
7.416666666666666075e+00 1.002428375865693333e+00 1.210758738258717760e-03
7.437500000000000000e+00 1.002735086126689268e+00 -3.305909167552576085e-04
7.458333333333333037e+00 9.976607973595428280e-01 1.065794876142970573e-03
7.479166666666666075e+00 9.972671573931159994e-01 -1.720223638259335682e-03
7.500000000000000000e+00 1.000101310665828303e+00 -2.228638000248363196e-03
7.520833333333333037e+00 1.002130362384894724e+00 1.976230987256581706e-04
7.541666666666666075e+00 1.004350296920585306e+00 -9.950164141020697347e-04
7.562500000000000000e+00 1.006520656309763284e+00 6.739837664876269100e-04
7.583333333333333037e+00 1.002956588530208304e+00 8.110237503432389484e-04
7.604166666666666075e+00 1.001809124098786308e+00 -1.595734619823156036e-03
7.625000000000000000e+00 9.959052939055133002e-01 3.344854813331171696e-04
7.645833333333333037e+00 9.962982746421393809e-01 -1.920014624152979786e-03
7.666666666666666075e+00 9.943932970633366786e-01 1.523724882521328974e-03
7.687500000000000000e+00 9.946046233069167908e-01 2.699106563132092768e-03
7.708333333333333037e+00 1.005257364539445586e+00 -6.019867246905159222e-04
7.729166666666666075e+00 1.000740428048034536e+00 -6.611617979953446703e-04
7.750000000000000000e+00 1.000437992926389352e+00 1.058935728173049850e-03
7.770833333333333037e+00 9.992593544001149297e-01 -5.089866112686244849e-04
7.791666666666666075e+00 9.973658424620909235e-01 6.149657083171429809e-04
7.812500000000000000e+00 9.937142891413909274e-01 1.272564252731414689e-03
7.833333333333333037e+00 9.867328663558418977e-01 -4.341371320915832303e-05
7.854166666666666075e+00 9.451774507916393953e-01 -4.347087757386575136e-04
7.875000000000000000e+00 8.701960672752787618e-01 4.340765441451451033e-04
7.895833333333333037e+00 7.904182686469872765e-01 -1.344231944015881509e-03
7.916666666666666075e+00 7.100822847984731290e-01 9.552462597330419131e-04
7.937500000000000000e+00 6.838371573172501439e-01 -1.029250731494440975e-03
7.958333333333333037e+00 6.916432970430118621e-01 1.560912631862233996e-03
7.979166666666666075e+00 7.635176854504999167e-01 -3.689665179101154872e-04
8.000000000000000000e+00 8.522470233173191634e-01 -6.560810618606006082e-04
8.020833333333332149e+00 9.279510292609205457e-01 1.107697835073866328e-03
8.041666666666666075e+00 9.801133638405246096e-01 3.590608431734394019e-04
8.062500000000000000e+00 9.964792837417508764e-01 -4.657305608745370014e-04
8.083333333333332149e+00 9.965640996345449532e-01 2.572616223088352271e-03
8.104166666666666075e+00 1.000089480008865994e+00 4.313900400064578377e-05
8.125000000000000000e+00 1.002307274407940429e+00 -1.724742071915809924e-03
8.145833333333332149e+00 1.003194858645711340e+00 -5.692380977151686528e-04
8.166666666666666075e+00 9.990245067142986546e-01 2.447659952219672502e-03
8.187500000000000000e+00 9.951487545291167747e-01 5.977307808267720395e-04
8.208333333333332149e+00 9.968674975736856458e-01 1.362769100002930419e-03
8.229166666666666075e+00 9.950802044936872814e-01 2.455867541432311344e-03
8.250000000000000000e+00 9.978334557801056270e-01 5.830598186282277351e-04
8.270833333333332149e+00 1.000145242404823387e+00 -1.060415479093391143e-03
8.291666666666666075e+00 1.008317354838262458e+00 -8.573896878176531615e-04
8.312500000000000000e+00 1.011130045296028124e+00 -3.429458184564777119e-04
8.333333333333332149e+00 1.013671387357567566e+00 -2.233917680015617361e-04
8.354166666666666075e+00 1.002564521623186655e+00 -6.848652908281970518e-05
8.375000000000000000e+00 1.002195381671795671e+00 -9.791103559788326156e-04
8.395833333333332149e+00 1.002673828894176111e+00 1.249548853978129162e-03
8.416666666666666075e+00 9.963027200168393938e-01 -2.172740563261385305e-06
8.437500000000000000e+00 1.003340439053952426e+00 -1.411576313624435990e-04
8.458333333333332149e+00 1.007061801079346619e+00 1.049949444579269340e-03
8.479166666666666075e+00 1.006300152311410123e+00 -5.648388751873243199e-04
8.500000000000000000e+00 1.007704735443545108e+00 1.847696483950962058e-04
8.520833333333332149e+00 1.008023842005042914e+00 9.205177675010469112e-04
8.541666666666666075e+00 1.004841456510234154e+00 -1.074724213736354128e-03
8.562500000000000000e+00 1.000937260912302396e+00 2.953954437582572996e-04
8.583333333333332149e+00 1.000322484063268069e+00 1.999669284828247122e-04
8.604166666666666075e+00 9.984002264444711283e-01 -1.069424480414277829e-03
8.625000000000000000e+00 9.973606455285424222e-01 -1.062444982296980797e-03
8.645833333333332149e+00 1.005091185982993185e+00 3.981133584527923007e-03
8.666666666666666075e+00 1.006177554798317608e+00 2.379219951090706805e-04
8.687500000000000000e+00 1.003259920046306597e+00 -9.779966575888747568e-05
8.708333333333332149e+00 1.009044126181466661e+00 1.510266194000751136e-03
8.729166666666666075e+00 1.004624112360762878e+00 5.226297369914823139e-04
8.750000000000000000e+00 1.003471293649976337e+00 -1.881791180833781822e-03
8.770833333333332149e+00 9.970125661822577534e-01 3.868589651098814589e-04
8.791666666666666075e+00 9.973746013622251105e-01 1.440496834261099316e-03
8.812500000000000000e+00 9.950680182009928876e-01 1.897231296957045633e-03
8.833333333333332149e+00 9.986604912389381861e-01 1.187129656585977737e-03
8.854166666666666075e+00 9.999393674918405361e-01 -2.324918761773035151e-04
8.875000000000000000e+00 1.001806370516728162e+00 -9.134668688011786082e-04
8.895833333333332149e+00 1.006668070604684662e+00 -2.238085182944031352e-03
8.916666666666666075e+00 1.003011326419570137e+00 1.201899016581203621e-03
8.937500000000000000e+00 9.980272614201148862e-01 5.563631631000364461e-04
8.958333333333332149e+00 9.936406635926298136e-01 -1.843783211023104470e-03
8.979166666666666075e+00 9.925383011280576318e-01 8.214102372134538877e-05
9.000000000000000000e+00 9.957692194788480000e-01 -9.425131405684292587e-04
9.020833333333332149e+00 1.000248397268472145e+00 1.155998762481724555e-03
9.041666666666666075e+00 1.001553406802738300e+00 1.761402110040658246e-03
9.062500000000000000e+00 1.008180606415302494e+00 1.510444705760764826e-03
9.083333333333332149e+00 1.008111919997872974e+00 1.284494046193824547e-03
9.104166666666666075e+00 9.999992766852239257e-01 1.465859245032136420e-03
9.125000000000000000e+00 1.002619087836785550e+00 1.182069128654872348e-03
9.145833333333332149e+00 9.939569088484419002e-01 -1.299296294167092997e-04
9.166666666666666075e+00 9.978615219658731883e-01 -5.586262251377521922e-04
9.187500000000000000e+00 9.775387655017453437e-01 -7.518798650200863784e-04
9.208333333333332149e+00 9.317332548429682060e-01 8.114248236375408083e-04
9.229166666666666075e+00 8.734918704717529181e-01 -2.595642457814550811e-04
9.250000000000000000e+00 7.999546834669950535e-01 -5.943900900183304425e-04
9.270833333333332149e+00 7.278103915267037927e-01 7.619380523129361911e-04
9.291666666666666075e+00 6.594449176272951796e-01 1.694143332599679086e-03
9.312500000000000000e+00 6.198177628329243349e-01 -2.267958309691057561e-03
9.333333333333332149e+00 6.265723401218945554e-01 2.409292934247399872e-03
9.354166666666666075e+00 6.730980962944500545e-01 -3.764098380243815611e-03
9.375000000000000000e+00 7.499210660459525446e-01 -9.542332175420876117e-04
9.395833333333332149e+00 8.277141330107266048e-01 -2.364709042894922635e-04
9.416666666666666075e+00 9.054331282454000096e-01 -5.861202531581822216e-04
9.437500000000000000e+00 9.614025332793993961e-01 3.120402539968570275e-03
9.458333333333332149e+00 9.970651672414562183e-01 -2.033809423139988030e-03
9.479166666666666075e+00 1.005536869661429078e+00 4.569188525073469473e-04
9.500000000000000000e+00 1.003601788077681078e+00 2.070803156258535158e-03
9.520833333333332149e+00 1.001179683773018914e+00 -6.449670266729115803e-04
9.541666666666666075e+00 1.004523077347347471e+00 -8.622722064535840196e-04
9.562500000000000000e+00 9.972757097939453086e-01 1.452179912321665102e-03
9.583333333333332149e+00 1.002559680875585446e+00 2.224682257393784958e-04
9.604166666666666075e+00 9.983418496167870693e-01 -3.934893238631126242e-05
9.625000000000000000e+00 1.005997779368444034e+00 -9.912301774402509230e-04
9.645833333333332149e+00 1.008833785406088035e+00 5.270705501833169082e-04
9.666666666666666075e+00 1.008392016863038920e+00 -1.031167321079674284e-03
9.687500000000000000e+00 1.003467525168707741e+00 -2.902418556068942553e-04
9.708333333333332149e+00 9.989765129847375524e-01 2.959399379873312638e-03
9.729166666666666075e+00 9.952159596683277654e-01 -2.716988628205063531e-05
9.750000000000000000e+00 9.990388785815720318e-01 1.694187272709562174e-03
9.770833333333332149e+00 1.001919088730075957e+00 3.963528583424084776e-04
9.791666666666666075e+00 1.003521646748189111e+00 -3.428238351797228186e-04
9.812500000000000000e+00 1.006123198106549266e+00 -1.982577032824383038e-04
9.833333333333332149e+00 1.008039702186503517e+00 5.511961357715395183e-04
9.854166666666666075e+00 1.008475561187832215e+00 -1.109069480521077860e-03
9.875000000000000000e+00 1.002630928285856760e+00 8.084645337506737894e-05
9.895833333333332149e+00 1.001338838932871678e+00 2.010916826628983758e-03
9.916666666666666075e+00 1.002070485800800270e+00 7.465238409535913987e-04
9.937500000000000000e+00 9.956949627920388401e-01 1.680570625050303987e-03
9.958333333333332149e+00 9.994201348972727716e-01 -4.125342592842447411e-05
9.979166666666666075e+00 1.003015125825933662e+00 2.064688305206108937e-03
1.000000000000000000e+01 1.008777382694680869e+00 1.821465454896191005e-03
1.002083333333333215e+01 1.006634110529472270e+00 -2.313965844639939880e-03
1.004166666666666607e+01 1.007773778375052665e+00 -1.497396727969404985e-04
1.006250000000000000e+01 1.003011592165989230e+00 -3.619512151936545128e-04
1.008333333333333215e+01 9.994274272030594375e-01 9.578489782607618340e-05
1.010416666666666607e+01 9.960796033363582547e-01 2.819660756723337187e-04
1.012500000000000000e+01 9.966970432651357514e-01 5.197987589355867110e-04
1.014583333333333215e+01 1.003250130546218699e+00 2.028377603187562876e-03
1.016666666666666607e+01 1.004735048064838931e+00 -7.863066637180447880e-04
1.018750000000000000e+01 1.011414620702771217e+00 -1.053100668931615568e-03
1.020833333333333215e+01 1.011436456176667775e+00 9.697222387227632742e-05
1.022916666666666607e+01 1.010033884678528393e+00 7.273312983998668610e-05
1.025000000000000000e+01 1.005897117485041736e+00 -7.342613758412989966e-04
1.027083333333333215e+01 1.001850091273571275e+00 -2.536973458625732753e-04
1.029166666666666607e+01 1.001837753415744547e+00 -1.246622180116464893e-03
1.031250000000000000e+01 9.977866528911761845e-01 2.898282432928493257e-03
1.033333333333333215e+01 1.000078471856418405e+00 7.197071572710238806e-04
1.035416666666666607e+01 1.000961577635214095e+00 -5.347195329439882175e-04
1.037500000000000000e+01 1.009092356652238953e+00 6.258465172915153932e-04
1.039583333333333215e+01 1.011480753634631524e+00 -1.134334829866932631e-03
1.041666666666666607e+01 1.011503335581866558e+00 2.458340308682282257e-04
1.043750000000000000e+01 1.008844173225719398e+00 5.186116312733766564e-04
1.045833333333333215e+01 1.007801739177463629e+00 -1.125705888734615480e-03
1.047916666666666607e+01 1.003883050441581659e+00 6.635396044790778944e-04
1.050000000000000000e+01 1.002560339225549324e+00 -3.897202417379821461e-04
1.052083333333333215e+01 1.002696327551733768e+00 1.231920956050821039e-03
1.054166666666666607e+01 1.001687440105601512e+00 -1.069371237924957951e-04
1.056250000000000000e+01 1.015202540649763785e+00 -3.375930569529691605e-04
1.058333333333333215e+01 1.007186738250599678e+00 1.982547070518135307e-04
1.060416666666666607e+01 1.006582677435502893e+00 -2.097209389119355713e-03
1.062500000000000000e+01 1.010246301779293310e+00 -1.332634518984831314e-03
1.064583333333333215e+01 1.008572415049564297e+00 -1.452909285352628520e-03
1.066666666666666607e+01 1.002659876734943944e+00 4.747324576762870676e-04
1.068750000000000000e+01 9.952971084701993654e-01 -2.970462172192653901e-04
1.070833333333333215e+01 1.003642671021874655e+00 2.421536583328493322e-04
1.072916666666666607e+01 9.992288372501174631e-01 7.416622444808053122e-04
1.075000000000000000e+01 9.999013650232816408e-01 -8.446499993928079271e-04
1.077083333333333215e+01 1.006943271078849733e+00 2.265281515006474164e-03
1.079166666666666607e+01 1.007246554518446136e+00 -2.753822727614078209e-04
1.081250000000000000e+01 1.004509636722395127e+00 -2.422784721945030542e-03
1.083333333333333215e+01 9.980303681072453248e-01 2.721282619538530935e-04
1.085416666666666607e+01 9.940156507078798942e-01 -9.852741859959902697e-04
1.087500000000000000e+01 9.920914456871143816e-01 8.288049232101366362e-04
1.089583333333333215e+01 9.903255844727898438e-01 -2.318598428861572830e-03
1.091666666666666607e+01 9.948697858495326729e-01 1.048976956614878315e-03
1.093750000000000000e+01 9.920596531062256807e-01 3.134340709827320836e-04
1.095833333333333215e+01 9.371516912627436691e-01 -2.443252561303101470e-04
1.097916666666666607e+01 8.567591112704998624e-01 -8.607038525461802340e-04
1.100000000000000000e+01 7.611159189431759842e-01 3.912981800954504815e-04
1.102083333333333215e+01 6.910551497950851996e-01 5.536689677032175785e-04
1.104166666666666607e+01 6.730234220237261145e-01 9.496476597838537145e-04
1.106250000000000000e+01 6.973156420826296387e-01 2.584398523468339651e-04
1.108333333333333215e+01 7.752334389694747196e-01 -6.094158664179720681e-04
1.110416666666666607e+01 8.746888282496241285e-01 2.485389297898739163e-04
1.112500000000000000e+01 9.496239607508598635e-01 -3.401638366270073123e-05
1.114583333333333215e+01 9.930533578806480799e-01 1.187700762599746022e-03
1.116666666666666607e+01 9.923019372600218047e-01 1.470567567320348133e-03
1.118750000000000000e+01 9.944359595520653183e-01 -1.059102934022591608e-03
1.120833333333333215e+01 9.933898749105946058e-01 2.713180957241861121e-04
1.122916666666666607e+01 9.910530146535961871e-01 -7.378801371257045930e-05
1.125000000000000000e+01 9.918669898713623478e-01 -1.058136140169296194e-03
1.127083333333333215e+01 9.885282919367618382e-01 -8.820072634041269339e-04
1.129166666666666607e+01 9.922510095161569676e-01 -1.363776582945574979e-03
1.131250000000000000e+01 9.954786689064530902e-01 1.119953083804497984e-03
1.133333333333333215e+01 1.001789972012834928e+00 4.703643481846951445e-06
1.135416666666666607e+01 1.005730063903907512e+00 -1.469192819591226941e-03
1.137500000000000000e+01 1.006113608330844622e+00 -1.117086538327768556e-04
1.139583333333333215e+01 1.001937368844526555e+00 1.444198176725118316e-03
1.141666666666666607e+01 9.938220605850442979e-01 -1.916461556913180014e-03
1.143750000000000000e+01 9.989923541395931972e-01 1.382523881020741635e-04
1.145833333333333215e+01 9.979927155496493008e-01 -1.120586344485416776e-03
1.147916666666666607e+01 1.005783843122946442e+00 1.009234699990942076e-03
1.150000000000000000e+01 1.002942449684242510e+00 1.572306342732350190e-03
1.152083333333333215e+01 1.008902208119606847e+00 -2.685388703571382936e-03
1.154166666666666607e+01 1.006045585027618650e+00 -1.368455720447040759e-03
1.156250000000000000e+01 1.008468605556483544e+00 4.216072035460003710e-04
1.158333333333333215e+01 1.006536874497386158e+00 -1.069091383061786379e-03
1.160416666666666607e+01 1.007890242514908996e+00 6.269465787458685822e-04
1.162500000000000000e+01 1.002365717188745897e+00 2.338906216349712856e-03
1.164583333333333215e+01 9.979722104883050893e-01 8.559231650589873631e-05
1.166666666666666607e+01 1.002503759819155071e+00 -8.110595693753780509e-04
1.168750000000000000e+01 1.010924639470762276e+00 1.290047195467318225e-03
1.170833333333333215e+01 1.010140958708475090e+00 1.342657198772625234e-03
1.172916666666666607e+01 1.012427584304941730e+00 1.711123634584334240e-03
1.175000000000000000e+01 1.010660347042626972e+00 -1.463983185302103170e-03
1.177083333333333215e+01 1.006456445921929843e+00 1.328596949853337941e-03
1.179166666666666607e+01 1.006666901736016140e+00 5.666289553841089661e-04
1.181250000000000000e+01 9.987593980890269174e-01 4.018312890296710281e-04
1.183333333333333215e+01 1.001645557602768744e+00 6.119347177191446002e-04
1.185416666666666607e+01 1.003233646689346337e+00 -4.789163342930775067e-05
1.187500000000000000e+01 1.003015620177195588e+00 1.190915702414311684e-03
1.189583333333333215e+01 1.007827614468867594e+00 1.458471504367487258e-04
1.191666666666666607e+01 1.009215434625532870e+00 -4.019594957232852477e-04
1.193750000000000000e+01 1.005551404732361043e+00 1.584385691821259354e-03
1.195833333333333215e+01 9.982144100773756579e-01 -1.865598975585521814e-04
1.197916666666666607e+01 1.004220525080517179e+00 9.295540667262123082e-04
1.200000000000000000e+01 9.945638223622913499e-01 2.531765124421135778e-03
1.202083333333333215e+01 9.966961748430744894e-01 4.093788769696056137e-04
1.204166666666666607e+01 9.968246254417771901e-01 1.251426336804674572e-03
1.206250000000000000e+01 1.001024923619620921e+00 1.889085223215323378e-03
1.208333333333333215e+01 1.006735104876498532e+00 1.573981577475231465e-05
1.210416666666666607e+01 1.006025029604253884e+00 6.035449111057125974e-04
1.212500000000000000e+01 1.005654396096504755e+00 -5.731813796458493440e-04
1.214583333333333215e+01 1.003082314231417582e+00 -2.268242459601732715e-03
1.216666666666666607e+01 9.980085625719641307e-01 -1.529833219252575705e-03
1.218750000000000000e+01 9.957547652455891463e-01 2.463906141575111200e-04
1.220833333333333215e+01 9.911858651722658120e-01 -1.613560061160672658e-03
1.222916666666666607e+01 9.932280408487098589e-01 1.580497783714280690e-03
1.225000000000000000e+01 1.005825555840911267e+00 -6.095938686263086876e-05
1.227083333333333215e+01 9.964543304554016601e-01 -4.000691459973085566e-04
1.229166666666666607e+01 9.707044545015468540e-01 -1.845214085462711963e-03
1.231250000000000000e+01 9.198285309455805914e-01 -9.144408030015991132e-04
1.233333333333333215e+01 8.514388702389591446e-01 -1.598225149125155359e-03
1.235416666666666607e+01 7.745220107225547768e-01 -2.032705081341516958e-03
1.237500000000000000e+01 6.931188958239675735e-01 -2.818017525209348586e-03
1.239583333333333215e+01 6.356195832040016924e-01 -9.131393108335223189e-04
1.241666666666666607e+01 6.110348490081294326e-01 -4.187654365290394034e-04
1.243750000000000000e+01 6.377140521885306113e-01 -1.076708925693263368e-03
1.245833333333333215e+01 6.981474708107640037e-01 1.216214827301363667e-03
1.247916666666666607e+01 7.749559190169791334e-01 3.716903086733659343e-04
1.452083333333333215e+01 1.003637399257919061e+00 -6.346040066091061501e-04
1.454166666666666607e+01 1.006983257619289196e+00 5.274451528771772557e-04
1.456250000000000000e+01 1.007821080106400924e+00 8.217319640925512588e-04
1.458333333333333215e+01 1.012382638762254761e+00 -4.848077016156709116e-04
1.460416666666666607e+01 1.010626723763694557e+00 1.547488615082416607e-04
1.462500000000000000e+01 1.005403468473273776e+00 -2.489577343961198262e-03
1.464583333333333215e+01 1.004173117873221388e+00 -3.040982419869441965e-04
1.466666666666666607e+01 9.985320382971741848e-01 6.308080278155965689e-04
1.468750000000000000e+01 1.001654719400173255e+00 -1.403397987294000048e-03
1.470833333333333215e+01 9.995968204726255468e-01 -2.210134003636444328e-03
1.472916666666666607e+01 1.002635567264192229e+00 1.425592970106013798e-03
1.475000000000000000e+01 1.009915741668770739e+00 6.802423828310560916e-04
1.477083333333333215e+01 1.010250107930970920e+00 3.590843493311792920e-04
1.479166666666666607e+01 1.006013858825464569e+00 1.914548176790375165e-03
1.481250000000000000e+01 1.001457357081024568e+00 -3.549150558169168160e-04
1.483333333333333215e+01 1.001136905028314095e+00 1.215078051879488414e-03
1.485416666666666607e+01 9.948893868287673747e-01 1.201094342301896670e-03
1.487500000000000000e+01 9.974841590296562588e-01 2.224115608623708322e-03
1.489583333333333215e+01 1.001476975235338296e+00 -2.940839556747464208e-04
1.491666666666666607e+01 9.973606863548687418e-01 1.644019169229643572e-03
1.493750000000000000e+01 1.004844961173656737e+00 -2.087525774056478867e-03
1.495833333333333215e+01 1.003799139785157335e+00 -6.310964735510967089e-04
1.497916666666666607e+01 1.001305495082330577e+00 9.715180360758679783e-04
1.500000000000000000e+01 1.002036581026081397e+00 -7.355380807710825211e-04
1.502083333333333215e+01 9.959386028695768056e-01 4.116334505908015489e-04
1.504166666666666607e+01 9.986219786312117153e-01 3.236417094619074624e-05
1.506250000000000000e+01 9.944500804915801240e-01 5.716129649737988804e-04
1.508333333333333215e+01 9.991874007666788904e-01 -2.549096185054334964e-04
1.510416666666666607e+01 9.976793534580209455e-01 -1.656408682978168000e-03
1.512500000000000000e+01 1.004742043491900549e+00 1.630999184748384940e-03
1.514583333333333215e+01 1.004938039311113140e+00 -1.439574330371460112e-03
1.516666666666666607e+01 1.003180633719296111e+00 -3.969384731151925851e-04
1.518750000000000000e+01 1.003481226120079395e+00 -2.050553050833354605e-04
1.520833333333333215e+01 9.972672258813900514e-01 -1.259422232771339860e-04
1.522916666666666607e+01 9.947767725330552979e-01 1.568185646614905435e-03
1.525000000000000000e+01 9.939497508390432445e-01 -1.370800069748300649e-04
1.527083333333333215e+01 9.936877266549430932e-01 1.684729492598542730e-03
1.529166666666666607e+01 9.988390192293703507e-01 6.187392554406426909e-04
1.531250000000000000e+01 9.959227506062378055e-01 -1.040750530777516131e-03
1.533333333333333215e+01 1.007553074018988193e+00 -1.521625771026786879e-03
1.535416666666666607e+01 1.003732664609005454e+00 3.570627116233796532e-05
1.537500000000000000e+01 9.946264878603384707e-01 -1.429794430279858800e-04
1.539583333333333215e+01 9.542350932540833996e-01 -1.105327037003450566e-04
1.541666666666666607e+01 8.900033702428309379e-01 -3.572151739095182164e-04
1.543750000000000000e+01 8.256235666162634601e-01 -1.829371946941177373e-03
1.545833333333333215e+01 7.489393991857631327e-01 3.264114976930609468e-04
1.547916666666666607e+01 6.761071559178878365e-01 1.378440166859377317e-03
1.550000000000000000e+01 6.336030215992159986e-01 -1.238564672705708787e-03
1.552083333333333215e+01 6.271921549138421703e-01 1.743624634567366577e-03
1.554166666666666607e+01 6.611945351308391450e-01 1.356730308606467856e-03
1.556250000000000000e+01 7.271289049598000931e-01 -2.858865213359720121e-04
1.558333333333333215e+01 8.023652294866955303e-01 -1.071478465273889352e-03
1.560416666666666607e+01 8.648526073979153628e-01 -3.016993411337236516e-05
1.562500000000000000e+01 9.282383337318061978e-01 6.855354998793340270e-05
1.564583333333333215e+01 9.743003743810347839e-01 -1.207502199198296584e-03
1.566666666666666607e+01 1.001070877610616972e+00 -7.974977248703446139e-04
1.568750000000000000e+01 1.001918827497072062e+00 1.379315032622843978e-03
1.570833333333333215e+01 1.003824182758589201e+00 -4.965649729854704165e-05
1.572916666666666607e+01 1.002153140960440503e+00 4.006028445085262177e-05
1.575000000000000000e+01 1.002583697393199857e+00 1.877187209171101009e-03
1.577083333333333215e+01 1.004072834936505787e+00 -3.367514419047309493e-04
1.579166666666666607e+01 9.969690805766394659e-01 -3.972210729456844428e-04
1.581250000000000000e+01 9.996001243749739196e-01 -5.144229200325259148e-04
1.583333333333333215e+01 9.963213887344367636e-01 1.357391064342329100e-04
1.585416666666666607e+01 1.001999647036356800e+00 1.990203541788400127e-04
1.587500000000000000e+01 1.004504731909135140e+00 -6.171102849731127400e-04
1.589583333333333215e+01 1.007464841638724184e+00 9.028859316148850345e-04
1.591666666666666607e+01 1.006648770878622035e+00 1.225964287260908868e-04
1.593750000000000000e+01 1.004580978393716517e+00 1.407039752682413478e-03
1.595833333333333215e+01 1.001291992458885449e+00 7.579380644524588793e-04
1.597916666666666607e+01 1.000940609896305178e+00 -2.466629818997708866e-04
1.600000000000000000e+01 1.001345705654341556e+00 -1.243788986516179956e-03
1.602083333333333215e+01 9.946244021508351407e-01 2.931031314195199695e-05
1.604166666666666430e+01 1.000406396422834687e+00 2.192085451554256093e-03
1.606250000000000000e+01 9.972593587662128556e-01 7.378089913197497657e-04
1.608333333333333215e+01 1.008662034652625605e+00 -1.068212150504478913e-03
1.610416666666666430e+01 1.003589768530068094e+00 6.780592361150496660e-04
1.612500000000000000e+01 1.002684206257635546e+00 -9.602501673528961385e-04
1.614583333333333215e+01 1.004218586530273960e+00 1.833564060184152838e-04
1.616666666666666430e+01 9.978190486580847951e-01 -1.329319823343433175e-03
1.618750000000000000e+01 9.968265003353474762e-01 3.129696393890790272e-04
1.620833333333333215e+01 9.972788620832453432e-01 5.258653311537724072e-04
1.622916666666666430e+01 9.963178176781337658e-01 2.292283371901653564e-03
1.625000000000000000e+01 1.002785781092570438e+00 1.860008877285974135e-03
1.627083333333333215e+01 1.006652623668651492e+00 1.345787110287495447e-05
1.629166666666666430e+01 1.006648185149081609e+00 1.884328050864351686e-05
1.631250000000000000e+01 1.005165211831113403e+00 -7.165617370080052968e-04
1.633333333333333215e+01 1.001638483569957216e+00 -1.262107085804948592e-03
1.635416666666666430e+01 1.001456291393277853e+00 -1.480687074649888546e-03
1.637500000000000000e+01 9.948127588562502011e-01 4.832593263368058201e-04
1.639583333333333215e+01 1.003125649876432490e+00 -1.092516693090865272e-03
1.641666666666666430e+01 1.000802948964876871e+00 -3.680219735742443405e-04
1.643750000000000000e+01 1.004050249150309604e+00 -1.943734344549365297e-03
1.645833333333333215e+01 1.012469265346686242e+00 8.232359973781550695e-04
1.647916666666666430e+01 1.006257362272914735e+00 -2.356631123316744019e-05
1.650000000000000000e+01 1.009989677074277559e+00 -9.808519208794029293e-04
1.652083333333333215e+01 1.004986952799947764e+00 -6.832652021580045950e-04
1.654166666666666430e+01 1.005823602655806726e+00 -8.145262676163902982e-04
1.656250000000000000e+01 1.001082057478391629e+00 5.611101346920453585e-04
1.658333333333333215e+01 1.001761725399832104e+00 3.386861471036664768e-04
1.660416666666666430e+01 1.003039032065683012e+00 2.001710044027181501e-03
1.662500000000000000e+01 1.005865264475852783e+00 -3.870615395760691139e-04
1.664583333333333215e+01 1.009486102911787864e+00 -1.470713148760164355e-03
1.666666666666666430e+01 1.008988124599227154e+00 -4.964186719297697349e-04
1.668750000000000000e+01 1.015814198524028988e+00 -3.873926862774392486e-04
1.670833333333333215e+01 1.008060973674882455e+00 -5.590121937281992883e-04
1.672916666666666430e+01 1.008912333647199899e+00 3.272912489275210191e-04
1.675000000000000000e+01 1.007267054449747734e+00 -1.381365523576472717e-04
1.677083333333333215e+01 1.000775490668425638e+00 -1.518392345493225310e-03
1.679166666666666430e+01 1.000399667313188967e+00 4.682256692546387516e-04
1.681250000000000000e+01 1.003391678332623327e+00 6.882593828401722003e-04
1.683333333333333215e+01 1.012319951027379039e+00 -4.080098863411895602e-05
1.685416666666666430e+01 1.010834396944133351e+00 -1.005021989108246302e-03
1.687500000000000000e+01 1.011211302062693385e+00 -9.604853294464422032e-04
1.689583333333333215e+01 1.009786367707617094e+00 -4.634613201385379393e-04
1.691666666666666430e+01 1.001362800784838747e+00 -3.078185326016954527e-03
1.693750000000000000e+01 9.962865521653712086e-01 -3.378192649831077208e-04
1.695833333333333215e+01 9.978201951341385545e-01 -4.095413410760506776e-04
1.697916666666666430e+01 1.001040786638059732e+00 9.771172363016325611e-04
1.700000000000000000e+01 1.000827813479444606e+00 3.622423607988929650e-03
1.702083333333333215e+01 1.006355261799781520e+00 2.181716807165992242e-03
1.704166666666666430e+01 1.002742230997786699e+00 -1.991724852477026308e-03
1.706250000000000000e+01 1.002632415596096616e+00 -1.141875955445496036e-03
1.708333333333333215e+01 1.000655358410849516e+00 1.774870842827982597e-04
1.710416666666666430e+01 9.947552368877570217e-01 8.442448427501720188e-04
1.712500000000000000e+01 9.885847088983769071e-01 -3.851368596140958950e-04
1.714583333333333215e+01 9.497774177860360822e-01 2.259450866155865759e-04
1.716666666666666430e+01 8.771964467334206761e-01 -1.763482354458954186e-03
1.718750000000000000e+01 7.946705052227021060e-01 -3.193796134680936455e-05
1.720833333333333215e+01 7.144112590343615343e-01 -4.670506184657846572e-04
1.722916666666666430e+01 6.806114233447746464e-01 1.778044928437514478e-03
1.725000000000000000e+01 6.881874725807747284e-01 8.179906044152796462e-04
1.727083333333333215e+01 7.576636107309969725e-01 1.656027199987487907e-04
1.729166666666666430e+01 8.408682779934185669e-01 6.741511980436144975e-04
1.731250000000000000e+01 9.223467097458469821e-01 2.007411775323038154e-03
1.733333333333333215e+01 9.762360006511725530e-01 -2.607747131818210205e-04
1.735416666666666430e+01 9.867385717316464744e-01 7.082757879757284672e-04
1.737500000000000000e+01 9.893670861877922329e-01 1.894324632520414482e-03
1.739583333333333215e+01 9.972672738106101997e-01 -1.104364127056517908e-03
1.741666666666666430e+01 1.000687916439860325e+00 -9.080001998960064930e-04
1.743750000000000000e+01 9.997080722972635503e-01 9.566303588376109729e-04
1.745833333333333215e+01 9.978043110755473455e-01 -3.184909301953231606e-04
1.747916666666666430e+01 9.930750945793938023e-01 2.164720333716628302e-03
1.750000000000000000e+01 9.915243296146276641e-01 -4.076892560318935276e-04
1.752083333333333215e+01 9.893267809932636547e-01 -1.368522188286498209e-03
1.754166666666666430e+01 9.944175728654159885e-01 2.363859641350836806e-04
1.756250000000000000e+01 9.958704286594464161e-01 1.154669233132916712e-03
1.758333333333333215e+01 1.000809559221264244e+00 -2.016268295499280740e-03
1.760416666666666430e+01 1.011670750455686552e+00 -3.497380650530154070e-03
1.762500000000000000e+01 1.006478516933031697e+00 7.325645522593892626e-05
1.764583333333333215e+01 1.006753746148362216e+00 5.339500228353764345e-04
1.766666666666666430e+01 1.002107627981778881e+00 2.415876459184532210e-04
1.768750000000000000e+01 1.000934612079943165e+00 7.799584229992340308e-04
1.770833333333333215e+01 1.003446992965106421e+00 2.162445386876111694e-03
1.772916666666666430e+01 9.983679139526084878e-01 -2.440368894777757147e-03
1.775000000000000000e+01 1.004303803632968561e+00 1.936919942076707713e-03
1.777083333333333215e+01 1.004344224860376444e+00 2.047830909114548448e-03
1.779166666666666430e+01 1.008277505348055270e+00 1.536500710329866430e-03
1.781250000000000000e+01 1.010783831728488513e+00 -1.457463049529727312e-03
1.783333333333333215e+01 1.007476785402291020e+00 1.408479551159625993e-03
1.785416666666666430e+01 1.006048179847915724e+00 2.149738491374762381e-04
1.787500000000000000e+01 1.005299805907106325e+00 2.771304360814602630e-03
1.789583333333333215e+01 9.981516104088883345e-01 5.512974963993545275e-04
1.791666666666666430e+01 9.984933451615254363e-01 2.040985894337785621e-03
1.793750000000000000e+01 1.004598942214353086e+00 -6.236535634455716128e-04
1.795833333333333215e+01 1.006584146754997411e+00 1.766332461964435904e-03
1.797916666666666430e+01 1.009692549440599496e+00 2.765747379834126323e-04
1.800000000000000000e+01 1.006968225488539259e+00 4.569734671317932117e-04
1.802083333333333215e+01 1.010061896551664784e+00 6.087467857687556879e-04
1.804166666666666430e+01 1.005839112538244873e+00 -1.176423702780690856e-03
1.806250000000000000e+01 1.000961002519750842e+00 7.252078052396696863e-05
1.808333333333333215e+01 9.939336639306166621e-01 -1.149142296234491063e-03
1.810416666666666430e+01 9.965288964164484842e-01 -1.720303169545339640e-03
1.812500000000000000e+01 1.002241457445624873e+00 -1.679274815831955075e-03
1.814583333333333215e+01 1.002171996334756399e+00 3.369846485736058706e-05
1.816666666666666430e+01 1.006538289264422126e+00 1.214560496539490676e-03
1.818750000000000000e+01 1.004526062433047429e+00 -5.278449846439138993e-04
1.820833333333333215e+01 1.007096470282227374e+00 1.854856818384243398e-03
1.822916666666666430e+01 9.994967414978253029e-01 1.818735838838141466e-06
1.825000000000000000e+01 9.947587676785131228e-01 -1.504985824159726492e-04
1.827083333333333215e+01 9.995651015916550142e-01 -5.294488383229183168e-06
1.829166666666666430e+01 9.970043447117262758e-01 -1.433003552121290929e-03
1.831250000000000000e+01 1.000494058990732738e+00 4.641468095643457611e-04
1.833333333333333215e+01 1.000674361884742236e+00 9.913323601832895945e-04
1.835416666666666430e+01 1.009135375938900570e+00 -1.351044161729279955e-03
1.837500000000000000e+01 1.008472779440946265e+00 -1.065237439077061296e-03
1.839583333333333215e+01 1.005835251590985413e+00 1.227424527718211974e-03
1.841666666666666430e+01 1.001674965634746783e+00 -1.395717820232487711e-03
1.843750000000000000e+01 9.996009668030707562e-01 1.457348476573403198e-05
1.845833333333333215e+01 9.913953421432128987e-01 -7.785624432358508040e-04
1.847916666666666430e+01 9.784595595758762698e-01 -1.081703266809510948e-03
1.850000000000000000e+01 9.381971805626543315e-01 9.221155793628648832e-05
1.852083333333333215e+01 8.776580358494321388e-01 5.067586973561407715e-04
1.854166666666666430e+01 8.053277341421162250e-01 -8.862417551629076439e-04
1.856250000000000000e+01 7.342888897336187215e-01 -5.757274225219118254e-04
1.858333333333333215e+01 6.648607692902935851e-01 -7.550621160039159207e-04
1.860416666666666430e+01 6.186722022035544555e-01 8.745730201563830901e-04
1.862500000000000000e+01 6.220775172373236295e-01 3.678819467769152462e-04
1.864583333333333215e+01 6.659677224206889123e-01 -1.502021095617290429e-04
1.866666666666666430e+01 7.391587918934401369e-01 -4.448586629687586828e-04
1.868750000000000000e+01 8.174529959932987921e-01 9.709335167899230254e-04
1.870833333333333215e+01 8.917460968440387159e-01 1.358123113508961216e-04
1.872916666666666430e+01 9.465793422391174383e-01 1.858350460698091153e-03
1.875000000000000000e+01 9.968035507244548121e-01 -1.110417592350240951e-03
1.877083333333333215e+01 1.006759560260094277e+00 -1.975149429056200119e-03
1.879166666666666430e+01 9.989552276383869556e-01 -8.256850474191964381e-04
1.881250000000000000e+01 9.989548805379776519e-01 -2.399636407671141766e-03
1.883333333333333215e+01 9.943746295372335453e-01 1.282470800834644440e-03
1.885416666666666430e+01 9.928588616661098154e-01 -6.761888769462140892e-04
1.887500000000000000e+01 9.945196665756592669e-01 -7.805325037226820695e-04
1.889583333333333215e+01 9.960765826999367079e-01 -6.861133153667078139e-04
1.891666666666666430e+01 1.000149023079680344e+00 -3.430661297929427762e-04
1.893750000000000000e+01 1.007290349949846675e+00 -2.175045259244366876e-03
1.895833333333333215e+01 1.008498148215382084e+00 2.373981068974506279e-04
1.897916666666666430e+01 1.001289975923852715e+00 1.355826698548760799e-04
1.900000000000000000e+01 1.001784665539784402e+00 4.747095638022104554e-04
1.902083333333333215e+01 9.984326817200270821e-01 3.518489633361470553e-04
1.904166666666666430e+01 9.973925331456061638e-01 -8.364620976884802996e-04
1.906250000000000000e+01 9.958954199395280149e-01 5.117047916079585238e-04
1.908333333333333215e+01 9.997826220311730738e-01 -2.148985590398678255e-03
1.910416666666666430e+01 1.006267546418044834e+00 2.180777165888078564e-05
1.912500000000000000e+01 1.005188340860536877e+00 1.053922625094995619e-03
1.914583333333333215e+01 1.011970381847404843e+00 3.293890412167320945e-04
1.916666666666666430e+01 1.006282371062729553e+00 -2.900390851150885875e-05
1.918750000000000000e+01 1.009247305233608838e+00 -2.393526647902924874e-03
1.920833333333333215e+01 1.001461478846776387e+00 5.607537892196267065e-04
1.922916666666666430e+01 1.001029056972855713e+00 1.387288631349888361e-03
1.925000000000000000e+01 9.973102713438618538e-01 3.075076217967186339e-03
1.927083333333333215e+01 1.000323742058207843e+00 -1.976460731272465087e-03
1.929166666666666430e+01 1.006877914478352842e+00 -1.208953836471120583e-04
1.931250000000000000e+01 1.004327415920265087e+00 -9.607258369314804463e-04
1.933333333333333215e+01 1.012389084046577015e+00 8.062690587743270680e-04
1.935416666666666430e+01 1.011074428356594224e+00 1.192054237056164746e-03
1.937500000000000000e+01 1.004339828788478606e+00 -1.225687836761370090e-03
1.939583333333333215e+01 1.005857832370402161e+00 3.732242620200035299e-04
1.941666666666666430e+01 1.000442445317919926e+00 -8.541638413110673759e-04
1.943750000000000000e+01 1.000592122338360035e+00 9.672880726933340582e-04
1.945833333333333215e+01 1.003827038013867856e+00 2.352794475531779384e-03
1.947916666666666430e+01 1.005801183236116891e+00 4.964884564283389250e-04
1.950000000000000000e+01 1.007419249321841015e+00 1.295816980703594920e-03
1.952083333333333215e+01 1.006861165398068581e+00 -9.241698298585775476e-04
1.954166666666666430e+01 1.011636290584065678e+00 5.025027904097430220e-04
1.956250000000000000e+01 1.006762608705102480e+00 -1.010881144284372576e-03
1.958333333333333215e+01 9.997978410442807107e-01 -2.876275268966399143e-04
1.960416666666666430e+01 1.006861362760884004e+00 -3.968185805244163066e-04
1.962500000000000000e+01 9.945118717351475457e-01 -2.945919893402657161e-04
1.964583333333333215e+01 1.003165949433332926e+00 -1.612453806911243951e-04
1.966666666666666430e+01 1.008691086333574738e+00 -1.646539892061039219e-04
1.968750000000000000e+01 1.007828102708490325e+00 -4.401987817740794892e-04
1.970833333333333215e+01 1.013770798008482688e+00 -4.179497782141073378e-04
1.972916666666666430e+01 1.008757684900810192e+00 1.770100055886350814e-03
1.975000000000000000e+01 1.007041669965869302e+00 4.473917759643503508e-05
1.977083333333333215e+01 1.005809092375246960e+00 3.509680020872862406e-04
1.979166666666666430e+01 1.000385067317350440e+00 -1.259354028187180093e-03
1.981250000000000000e+01 9.990539368389054209e-01 1.798228371088001713e-03
1.983333333333333215e+01 1.001646863830438106e+00 -6.158056197097653596e-04
1.985416666666666430e+01 1.002697178100410369e+00 1.725900323978938125e-03
1.987500000000000000e+01 1.009449424119883698e+00 5.273499883496700997e-04
1.989583333333333215e+01 1.008901873530150484e+00 1.341523787474564787e-03
1.991666666666666430e+01 1.004513794909457136e+00 -4.177416570777392349e-04
1.993750000000000000e+01 1.007183413088668766e+00 2.705454480172285112e-03
1.995833333333333215e+01 9.971352154496710973e-01 6.371505470312247444e-04
1.997916666666666430e+01 9.987864108099061555e-01 -4.244707862292034666e-04
2.000000000000000000e+01 9.953388248035317520e-01 5.923749500097461127e-04
2.002083333333333215e+01 9.976216972125027116e-01 2.053906126346089064e-04
2.004166666666666430e+01 9.972785068537289854e-01 1.025931904169808144e-03
2.006250000000000000e+01 1.003580841047186034e+00 1.064600422234886017e-04
2.008333333333333215e+01 9.989203399979708076e-01 -4.711949323334133012e-04
2.010416666666666430e+01 9.983872852702461165e-01 1.401484121651641601e-03
2.012500000000000000e+01 9.985191217408621034e-01 -6.010127411049469943e-04
2.014583333333333215e+01 9.964551121664897426e-01 -1.924235903611566699e-03
2.016666666666666430e+01 9.919594212371525277e-01 -1.807811964748221728e-03
2.018750000000000000e+01 9.937357481990093389e-01 5.702584792366574389e-04
2.020833333333333215e+01 9.941417795501980015e-01 1.855948946945875505e-03
2.022916666666666430e+01 9.877197009156005736e-01 8.164628045864666828e-04
2.025000000000000000e+01 9.373563154379876972e-01 -8.024360941979086009e-04
2.027083333333333215e+01 8.622452642196151151e-01 -2.554995164004841292e-04
2.029166666666666430e+01 7.715324961019164318e-01 7.788574475209114828e-04
2.031250000000000000e+01 6.959995410829498130e-01 8.233166630741378493e-04
2.033333333333333215e+01 6.727941967973971593e-01 4.453168373718181290e-05
2.035416666666666430e+01 6.997113331374233969e-01 5.335583659083251813e-04
2.037500000000000000e+01 7.675009221179486252e-01 -1.087628346167211394e-04
2.039583333333333215e+01 8.601242085985492114e-01 -1.440676855179875808e-03
2.041666666666666430e+01 9.474256103526933481e-01 2.694299989410367264e-04
2.043750000000000000e+01 9.912805497805609045e-01 8.986309446903180311e-04
2.045833333333333215e+01 1.000055032852541714e+00 -1.612966466315465211e-04
2.047916666666666430e+01 1.003414645907136027e+00 1.936631483153289585e-03
2.050000000000000000e+01 9.956740155977467088e-01 -1.898354701254997964e-03
2.052083333333333215e+01 9.938917102861705155e-01 -2.474468310663913389e-04
2.054166666666666430e+01 9.971583327611615033e-01 -9.752577780518969890e-04
2.056250000000000000e+01 9.938423756672783993e-01 6.156386355379321260e-04
2.058333333333333215e+01 9.962244994024338496e-01 1.211922054843079556e-03
2.060416666666666430e+01 1.001520214295230637e+00 7.145708049658120896e-04
2.062500000000000000e+01 1.007325937362584245e+00 2.096278721227767643e-04
2.064583333333333215e+01 1.007861488945483996e+00 1.439896099599719502e-03
2.066666666666666430e+01 1.009353039744638414e+00 -1.682155488616458340e-03
2.068750000000000000e+01 1.008096107397238761e+00 -1.251553947055047532e-03
2.070833333333333215e+01 1.005740415370650842e+00 2.545782552676460926e-04
2.072916666666666430e+01 1.005150882548038194e+00 3.772616464233330934e-04
2.075000000000000000e+01 1.003205157089763322e+00 1.197309369946584568e-03
2.077083333333333215e+01 1.005992841353765099e+00 8.191403039677211048e-04
2.079166666666666430e+01 1.004106809713954718e+00 1.045932516316062889e-03
2.081250000000000000e+01 1.009689530740199626e+00 -1.070483702317818380e-03
2.083333333333333215e+01 1.008626318536659738e+00 -1.054507177046432520e-03
2.085416666666666430e+01 1.010462913550022712e+00 -6.130946752059068198e-04
2.087500000000000000e+01 1.009809514037690592e+00 -2.226501225513742750e-03
2.089583333333333215e+01 1.004333377587120157e+00 2.122778092290591046e-03
2.091666666666666430e+01 1.003857160419425743e+00 7.082241171636579269e-04
2.093750000000000000e+01 9.981848419399752537e-01 1.177898814491476574e-03
2.095833333333333215e+01 1.000293664304867436e+00 2.074619665006295025e-03
2.097916666666666430e+01 9.984320712737719816e-01 1.222257472245030004e-03
2.100000000000000000e+01 1.004819192753390045e+00 -1.944312515663442625e-04
2.102083333333333215e+01 1.008085882035162362e+00 -6.669167541883798075e-05
2.104166666666666430e+01 1.006319938138993342e+00 4.287392697841462246e-04
2.106250000000000000e+01 1.009389027527223259e+00 9.222368081525912859e-04
2.108333333333333215e+01 1.000168290536796789e+00 3.393711966872862366e-04
2.110416666666666430e+01 9.965080535657180327e-01 1.563662714724345197e-03
2.112500000000000000e+01 9.963559646350167442e-01 1.082084020795288562e-04
2.114583333333333215e+01 9.940737118831399766e-01 -8.276239297383403398e-04
2.116666666666666430e+01 9.998118229722969819e-01 -6.377656776555898084e-05
2.118750000000000000e+01 1.001233881298814410e+00 -1.295865973458221957e-04
2.120833333333333215e+01 1.004206491671988388e+00 -9.133267725920978311e-04
2.122916666666666430e+01 1.006099867921550706e+00 -1.436110339690909723e-03
2.125000000000000000e+01 1.002002640395070365e+00 5.318275185566828525e-04
2.127083333333333215e+01 1.001129278075259199e+00 -9.748906425993580146e-04
2.129166666666666430e+01 9.938685089343110013e-01 -9.076912187957876608e-04
2.131250000000000000e+01 9.924551019973171240e-01 -6.488436541018507758e-04
2.133333333333333215e+01 9.966071411717486450e-01 -4.596752149881359016e-04
2.135416666666666430e+01 9.973736215118962356e-01 1.594785761503773598e-04
2.137500000000000000e+01 1.000949065841400643e+00 5.193105787406458338e-04
2.139583333333333215e+01 1.005683267411676018e+00 -6.886211158088776166e-04
2.141666666666666430e+01 1.002397747676277984e+00 4.838790131421045717e-06
2.143750000000000000e+01 1.009006420826867201e+00 -5.229801745450307290e-05
2.145833333333333215e+01 1.002916444894433656e+00 -4.583517427559254120e-04
2.147916666666666430e+01 9.970427292646202311e-01 -3.518639315930121095e-03
2.150000000000000000e+01 9.928582263452595535e-01 2.297472556759471373e-04
2.152083333333333215e+01 9.928658090721401708e-01 -9.175076034410080145e-04
2.154166666666666430e+01 9.979248510318258214e-01 -1.933362582120401896e-04
2.156250000000000000e+01 9.982507051041445978e-01 7.777162032089473013e-04
2.158333333333333215e+01 9.701683106168687010e-01 1.052768553532022668e-03
2.160416666666666430e+01 9.272002793616801464e-01 -1.614790900676103640e-03
2.162500000000000000e+01 8.606048290582904992e-01 -2.851220067440078058e-03
2.164583333333333215e+01 7.855665326736628318e-01 -6.092521797894207784e-04
2.166666666666666430e+01 7.000465275641958307e-01 6.905122908090126181e-04
2.168750000000000000e+01 6.434227343873363258e-01 1.537338176512717059e-03
2.170833333333333215e+01 6.156608618218548656e-01 -1.016876264254784612e-03
2.172916666666666430e+01 6.325415478699890626e-01 3.759531913195805091e-04
2.175000000000000000e+01 6.942497321950436007e-01 -1.885005583674426426e-04
2.177083333333333215e+01 7.680037082214854482e-01 3.915301114182415088e-04
2.179166666666666430e+01 8.514765158230673814e-01 2.343078967422044991e-03
2.181250000000000000e+01 9.167173055883258703e-01 1.415525223511896759e-04
2.183333333333333215e+01 9.707575270550442559e-01 2.180469327631223350e-03
2.185416666666666430e+01 9.934908869133010079e-01 1.712273828287178695e-03
2.187500000000000000e+01 9.968561225205624376e-01 -7.461021071817980843e-05
2.189583333333333215e+01 9.959140151242275030e-01 -6.474063969487488289e-04
2.191666666666666430e+01 9.940088548792724854e-01 -1.441124525159649715e-04
2.193750000000000000e+01 1.000794646486336203e+00 -1.692736899643379131e-03
2.195833333333333215e+01 1.005960252107441555e+00 5.448917447247807969e-04
2.197916666666666430e+01 1.007232135659339223e+00 -7.146884024201412625e-04
2.200000000000000000e+01 1.010668350570505414e+00 -1.957885535862814112e-03
2.202083333333333215e+01 1.005035020485437913e+00 2.202950196518253453e-03
2.204166666666666430e+01 1.005375798877169657e+00 6.397225636833106521e-04
2.206250000000000000e+01 9.991572892476388024e-01 -1.918167649981284426e-03
2.208333333333333215e+01 9.950399655519154285e-01 -1.082620166929768089e-04
2.210416666666666430e+01 9.953590169895768502e-01 -6.424893479721737475e-04
2.212500000000000000e+01 1.000580188816641458e+00 5.458182066755247822e-04
2.214583333333333215e+01 1.004724083948241864e+00 -8.146335008030212771e-04
2.216666666666666430e+01 1.007262822816060055e+00 -1.428724253907391563e-03
2.218750000000000000e+01 1.013218855294359733e+00 -1.394601434095184365e-03
2.220833333333333215e+01 1.003982263928062224e+00 2.245869167132277799e-03
2.222916666666666430e+01 9.996789353657371535e-01 -5.871347998141817964e-04
2.225000000000000000e+01 1.002166883202193493e+00 7.203535517483548693e-04
2.227083333333333215e+01 9.970025236363062593e-01 -7.230717940989872397e-04
2.229166666666666430e+01 1.000155317684416456e+00 2.428316606909193282e-03
2.231250000000000000e+01 9.969096885852947176e-01 -7.636070562935461277e-04
2.233333333333333215e+01 1.005301408563949117e+00 -2.362244127313790042e-03
2.235416666666666430e+01 1.011082457485934727e+00 1.230903384227938300e-03
2.237500000000000000e+01 1.001936699819985455e+00 1.763920761544066724e-03
2.239583333333333215e+01 1.004313569593961120e+00 -1.984178938852090759e-03
2.241666666666666430e+01 1.001483312393973035e+00 2.289562558378682028e-03
2.243750000000000000e+01 9.958203678147191651e-01 -1.662346236075605121e-03
2.245833333333333215e+01 9.965023272855021430e-01 7.053027047409257634e-04
2.247916666666666430e+01 9.993895459054412678e-01 -4.126614594525950002e-05
2.250000000000000000e+01 9.993210203128191083e-01 6.216978577429292489e-04
2.252083333333333215e+01 1.007361789769612104e+00 2.390057384882930387e-04
2.254166666666666430e+01 1.007390667507835014e+00 6.735441942379191390e-04
2.256250000000000000e+01 1.005855746601986400e+00 -6.114047268397461215e-04
2.258333333333333215e+01 1.004799727984185154e+00 1.923222092882341614e-03
2.260416666666666430e+01 1.002296263074031302e+00 3.924074037184232741e-04
2.262500000000000000e+01 1.000999299310365576e+00 -2.355432268178843033e-03
2.264583333333333215e+01 1.001165857243977442e+00 5.856347478308700618e-04
2.266666666666666430e+01 1.001915634245117870e+00 -1.012516374851242691e-03
2.268750000000000000e+01 1.004960883404727223e+00 3.874255022256687113e-04
2.270833333333333215e+01 1.004251855535604365e+00 -7.220897120084844838e-04
2.272916666666666430e+01 1.013232861730992918e+00 -1.659007730875647650e-03
2.275000000000000000e+01 1.007448336229505692e+00 -4.623757363790871735e-05
2.277083333333333215e+01 1.010396232484436885e+00 2.336218509384381612e-03
2.279166666666666430e+01 1.004905026085861186e+00 5.796748871416506884e-04
2.281250000000000000e+01 1.001320608574595594e+00 -2.456311550643613148e-04
2.283333333333333215e+01 9.999187655758732252e-01 1.367586373835068649e-03
2.285416666666666430e+01 1.001225257066541863e+00 -2.397375868974960006e-04
2.287500000000000000e+01 1.005175916262068370e+00 -1.148818490478225110e-03
2.289583333333333215e+01 1.009504060113642465e+00 -1.198650960103023449e-03
2.291666666666666430e+01 1.010997420403862534e+00 -1.642207102260587713e-03
2.293750000000000000e+01 1.009348425603476596e+00 -9.248384188795033328e-04
2.295833333333333215e+01 1.014453168182658072e+00 -9.690851101281380093e-04
2.297916666666666430e+01 1.011358129134414474e+00 1.715480586184904132e-03
2.300000000000000000e+01 1.001272826855492903e+00 2.235100058689598384e-04
2.302083333333333215e+01 1.000630271731397070e+00 3.124644265394480036e-03
2.304166666666666430e+01 1.002933341714363769e+00 -1.158434575480313646e-03
2.306250000000000000e+01 1.002554093501355714e+00 -6.669506179215118399e-04
2.308333333333333215e+01 1.005962299656706804e+00 -1.522728863387012811e-03
2.310416666666666430e+01 1.007708155050184295e+00 -9.088544795883306737e-05
2.312500000000000000e+01 1.008497757254994465e+00 -6.985244713807305193e-04
2.314583333333333215e+01 1.004378305473157873e+00 1.370795523162956272e-03
2.316666666666666430e+01 1.009417660928266125e+00 1.645460339467511024e-03
2.318750000000000000e+01 9.985407747466246153e-01 -4.414113703514569733e-04
2.320833333333333215e+01 9.968807352829998081e-01 -8.579231940777722097e-04
2.322916666666666430e+01 9.932209539523877417e-01 1.610010428742896915e-03
2.325000000000000000e+01 9.906309273026004947e-01 -3.796115649815542926e-04
2.327083333333333215e+01 9.924654384006342811e-01 -8.146437708902567803e-04
2.329166666666666430e+01 9.998133232595863840e-01 1.681777723704291558e-03
2.331250000000000000e+01 1.001150467451340731e+00 3.481653637391902956e-04
2.333333333333333215e+01 9.841471686136635810e-01 1.247843340662177069e-03
2.335416666666666430e+01 9.199156033250692754e-01 4.941956132759208311e-04
2.337500000000000000e+01 8.254937023564846710e-01 -1.871118932481843650e-03
2.339583333333333215e+01 7.344454645334114185e-01 -5.110729881560781241e-04
2.341666666666666430e+01 6.737130581505392790e-01 1.451102976061747823e-03
2.343750000000000000e+01 6.752744777872576876e-01 1.945085296046170911e-03
2.345833333333333215e+01 7.153142018713822825e-01 1.627570430917018056e-03
2.347916666666666430e+01 8.077730192530756526e-01 -2.341098487637926356e-03
2.350000000000000000e+01 8.958733714552244987e-01 7.549315500753740575e-04
2.352083333333333215e+01 9.660622745010377654e-01 1.086796341404521957e-03
2.354166666666666430e+01 9.964775141473868336e-01 3.038697260383058248e-04
2.356250000000000000e+01 9.872424100509553657e-01 5.303350981257544264e-04
2.358333333333333215e+01 9.870474795901253984e-01 1.276102412216606431e-03
2.360416666666666430e+01 9.894339607180554497e-01 1.718406729160578067e-03
2.362500000000000000e+01 9.917181568298869543e-01 1.830203990410369467e-03
2.364583333333333215e+01 9.940434634814361292e-01 -1.575221841363145408e-04
2.366666666666666430e+01 9.985704028797460774e-01 -5.321205556692597044e-04
2.368750000000000000e+01 1.002315117188063098e+00 -2.329337971107097414e-04
2.370833333333333215e+01 1.001285224837338506e+00 -1.841203833588845543e-03
2.372916666666666430e+01 1.001187251353509389e+00 6.596062539460112190e-04
2.375000000000000000e+01 1.000272511647780194e+00 1.054171723837164050e-03
2.377083333333333215e+01 9.982797047521053679e-01 -1.591269252539444842e-03
2.379166666666666430e+01 9.925055856690081502e-01 -1.139062226143912121e-03
2.381250000000000000e+01 1.000977152889957589e+00 -2.015927564904714409e-03
2.383333333333333215e+01 1.001221240317871075e+00 3.801305498639954896e-04
2.385416666666666430e+01 1.005365943988394184e+00 2.911619061127004081e-05
2.387500000000000000e+01 1.009614987808437503e+00 2.554684693635733261e-03
2.389583333333333215e+01 1.008667179211707898e+00 9.718704854352454986e-04
2.391666666666666430e+01 1.001518639488051532e+00 -1.099560509240550196e-03
2.393750000000000000e+01 1.003035302212466950e+00 -1.219350860926679677e-03
2.395833333333333215e+01 9.988220514866205102e-01 -3.019262552966621156e-04
2.397916666666666430e+01 1.000932567737072176e+00 -6.008380180712629337e-04
2.400000000000000000e+01 1.000811845346982532e+00 -8.494122421891162468e-05
2.402083333333333215e+01 1.003696841486427571e+00 -8.589788773034259112e-04
2.404166666666666430e+01 1.007511176401830522e+00 -1.174831024619960680e-03
2.406250000000000000e+01 1.005869002358073416e+00 1.939044402263569687e-03
2.408333333333333215e+01 1.008803727448422505e+00 1.034757036703852278e-03
2.410416666666666430e+01 1.003359955706099704e+00 4.049307968474701838e-04
2.412500000000000000e+01 1.002642468950272869e+00 2.159594578236767853e-03
2.414583333333333215e+01 9.985629619353842967e-01 1.229536354785725795e-03
2.416666666666666430e+01 9.979644263468411269e-01 -2.681965181625584928e-04
2.418750000000000000e+01 9.972572943907858090e-01 -4.820764632834620596e-04
2.420833333333333215e+01 1.004987215448877480e+00 8.687270306898575213e-05
2.422916666666666430e+01 1.011378869591908591e+00 2.279203180081406537e-04
2.425000000000000000e+01 1.006268816859833937e+00 1.527446701772805244e-03
2.427083333333333215e+01 1.010977729337753095e+00 2.721867658588180729e-03
2.429166666666666430e+01 1.007436277219631693e+00 7.632291085586555886e-04
2.431250000000000000e+01 1.002919755282853487e+00 -1.535027977794694394e-03
2.433333333333333215e+01 1.001003725339602024e+00 -2.548663666366022857e-04
2.435416666666666430e+01 9.986827594713546530e-01 -1.213366498110840779e-03
2.437500000000000000e+01 9.996611114953987132e-01 2.024838699837743904e-03
2.439583333333333215e+01 1.001694434179972948e+00 4.237646048036861133e-04
2.441666666666666430e+01 1.002380399764321250e+00 -1.591265201271217051e-03
2.443750000000000000e+01 1.003085285094896584e+00 -1.063427432601249346e-03
2.445833333333333215e+01 1.007416436922281333e+00 6.273641869042072999e-05
2.447916666666666430e+01 1.006521657148498283e+00 1.560649997567386063e-04
2.450000000000000000e+01 1.000127772006613291e+00 -2.112404806094656266e-04
2.452083333333333215e+01 9.948971737678585781e-01 -1.422830458916881638e-03
2.454166666666666430e+01 9.935602116075423762e-01 7.881457682714036045e-04
2.456250000000000000e+01 9.944022844538105144e-01 -2.566269831335027006e-04
2.458333333333333215e+01 9.987230422395162455e-01 -2.604112319005632246e-03
2.460416666666666430e+01 9.988179162338898243e-01 8.095819295702860611e-04
2.462500000000000000e+01 1.002187656087683898e+00 2.029958264167148769e-03
2.464583333333333215e+01 1.004414695704030969e+00 1.521357809026773183e-03
2.466666666666666430e+01 9.939239806428112889e-01 -1.890454381756960682e-05
2.468750000000000000e+01 9.609383589843486506e-01 -3.863262567423761119e-05
2.470833333333333215e+01 9.020484022179996453e-01 2.436107595980937634e-03
2.472916666666666430e+01 8.298094395180001248e-01 -5.266842941813557359e-04
2.475000000000000000e+01 7.503939101800398692e-01 -1.865452815006497268e-03
2.477083333333333215e+01 6.792664992590028428e-01 -1.330278397398960153e-03
2.479166666666666430e+01 6.292008805512404601e-01 1.532665087293605182e-03
2.481250000000000000e+01 6.207352044359748522e-01 -4.822632098197048782e-04
2.483333333333333215e+01 6.564496577728352600e-01 -1.550553182042428962e-03
2.485416666666666430e+01 7.179305018417904138e-01 -1.554034297769839095e-03
2.487500000000000000e+01 7.940929912339016461e-01 1.373538453681760231e-03
2.489583333333333215e+01 8.579707003446249702e-01 -2.579021360737817573e-03
2.491666666666666430e+01 9.246315736659315165e-01 1.755078182154022745e-03
2.493750000000000000e+01 9.654571996308125570e-01 8.320046641192929910e-04
2.495833333333333215e+01 9.972737888324172406e-01 2.142194759445319608e-03
2.497916666666666430e+01 9.982403785792821616e-01 -1.197389362430617741e-05
2.500000000000000000e+01 1.001034017631597051e+00 2.485916735386206264e-03
2.502083333333333215e+01 1.005483737255484789e+00 -1.438918518640548445e-03
2.504166666666666430e+01 1.005144030346744488e+00 -9.829403802134875027e-04
2.506250000000000000e+01 9.995728475851233252e-01 1.736839786542912186e-03
2.508333333333333215e+01 9.952763107321238589e-01 -2.881407017681733573e-03
2.510416666666666430e+01 9.976598727583573245e-01 1.344657194402143225e-03
2.512500000000000000e+01 9.951961924927499314e-01 5.376293552454909815e-04
2.514583333333333215e+01 9.966993794896545911e-01 1.183983489993702945e-03
2.516666666666666430e+01 9.965126498459753179e-01 1.476000549159543459e-03
2.518750000000000000e+01 1.006304958801092608e+00 1.318119525005266883e-03
2.520833333333333215e+01 1.006584235023378016e+00 3.570293583925698800e-04
2.522916666666666430e+01 1.004724210907671500e+00 -5.221947881915535504e-05
2.525000000000000000e+01 1.006428148422660707e+00 -2.064980465719279228e-03
2.527083333333333215e+01 1.000609261282622731e+00 1.751918062157534857e-03
2.529166666666666430e+01 9.970435881485992802e-01 1.214918608586359826e-05
2.531250000000000000e+01 1.001565842009334295e+00 -2.483373229889193059e-04
2.533333333333333215e+01 9.987717872571676425e-01 -2.143503840574522963e-04
2.535416666666666430e+01 1.006160178211957357e+00 1.621817324608328071e-03
2.537500000000000000e+01 1.008334036899437569e+00 -7.863226083114206559e-04
2.539583333333333215e+01 1.005551305447652588e+00 -5.302033972662804516e-04
2.541666666666666430e+01 1.006119980704603512e+00 9.379861038321319396e-04
2.543750000000000000e+01 1.005736695712183160e+00 3.020433476811491244e-05
2.545833333333333215e+01 1.002040537147208532e+00 -2.203789769023027385e-03
2.547916666666666430e+01 9.956688251205950690e-01 2.992175223737961447e-03
2.550000000000000000e+01 9.993557955837306661e-01 1.255574543661084437e-03
2.552083333333333215e+01 1.001230231769708379e+00 1.622504272298481163e-03
2.554166666666666430e+01 1.003549313206701266e+00 -6.709151440337562857e-04
2.556250000000000000e+01 1.005602239695452926e+00 -1.616564188877095192e-03
2.558333333333333215e+01 1.011078971972583229e+00 -1.320031829351781634e-03
2.560416666666666430e+01 1.007437379629366969e+00 -1.738502614312554010e-03
2.562500000000000000e+01 1.007834087639444487e+00 4.996204918438427707e-04
2.564583333333333215e+01 1.006444947336000428e+00 -1.112943851342307984e-03
2.566666666666666430e+01 1.004436369017623898e+00 -9.971675537482961073e-04
2.568750000000000000e+01 1.001741096373541140e+00 -3.152006434758129619e-04
2.570833333333333215e+01 1.002844187495636641e+00 1.790616334445225286e-03
2.572916666666666430e+01 1.000098638289305120e+00 1.967762812549690796e-03
2.575000000000000000e+01 1.012871981511094033e+00 -7.389089182945152243e-04
2.577083333333333215e+01 1.009972693075679162e+00 -4.345451681804566972e-04
2.579166666666666430e+01 1.010614445766895075e+00 -9.091927411321329509e-04
2.581250000000000000e+01 1.010869708236820541e+00 -1.563229888813772546e-03
2.583333333333333215e+01 1.007031015979766186e+00 3.368317406809268576e-03
2.585416666666666430e+01 1.002665999917058182e+00 5.243553129928825917e-04
2.587500000000000000e+01 1.000585557451048491e+00 4.708449975450664004e-04
2.589583333333333215e+01 9.984938126764364430e-01 -3.227816377750623747e-05
2.591666666666666430e+01 1.005019733551987926e+00 1.081192157819155448e-03
2.593750000000000000e+01 1.002784147310140872e+00 1.604020325533399988e-03
2.595833333333333215e+01 1.007491052013012922e+00 1.200903811645401623e-03
2.597916666666666430e+01 1.010587311384475440e+00 1.493985154840707721e-03
