0.000000000000000000e+00 9.940345284045103424e-01 1.029613647967388563e-04
2.083333333333333218e-02 9.973564480503671614e-01 6.306413382215032490e-04
4.166666666666666435e-02 1.003859482403934855e+00 -9.073075822141760593e-04
6.250000000000000000e-02 1.000821452138294765e+00 -2.059668434783344486e-03
8.333333333333332871e-02 1.006291231448999568e+00 2.185334538519869037e-03
1.041666666666666574e-01 1.005252352840538155e+00 -4.477966800536658664e-04
1.250000000000000000e-01 1.001582099988041819e+00 -1.619177963547288254e-04
1.458333333333333148e-01 9.958183065598358308e-01 -1.370405226202106846e-03
1.666666666666666574e-01 9.942671268836058562e-01 2.690078224926230246e-03
1.875000000000000000e-01 9.999754281140880163e-01 -1.031761433816466003e-03
2.083333333333333148e-01 9.926809253782916675e-01 -7.935584255132007185e-04
2.291666666666666574e-01 9.943518807688354055e-01 -1.223679857534436992e-03
2.500000000000000000e-01 9.946809601950979962e-01 7.760920732067560146e-04
2.708333333333333148e-01 1.000797388400201049e+00 5.966434964677550358e-04
2.916666666666666297e-01 9.971274528573501605e-01 -4.255290428105666265e-04
3.125000000000000000e-01 9.967917020295350428e-01 1.338878022946209763e-03
3.333333333333333148e-01 9.926970149723662873e-01 -5.974558891175118386e-05
3.541666666666666297e-01 9.929668233435259284e-01 -2.491351940217956923e-04
3.750000000000000000e-01 9.954148801956009818e-01 -4.399615510316754190e-04
3.958333333333333148e-01 1.000081436310245264e+00 -8.409232863322206684e-04
4.166666666666666297e-01 1.005865867087570420e+00 3.323135168033573665e-04
4.375000000000000000e-01 1.008538518820581542e+00 4.531188373246377611e-04
4.583333333333333148e-01 1.010886735933615554e+00 -1.650822640271026299e-06
4.791666666666666297e-01 1.006050086951966405e+00 -1.062531994050438773e-03
5.000000000000000000e-01 1.006188519925053093e+00 9.036082378696040857e-04
5.208333333333332593e-01 1.001366843445409716e+00 5.415669964029576995e-04
5.416666666666666297e-01 9.981517496793983479e-01 -4.476472284636156661e-04
5.625000000000000000e-01 9.986366885736683852e-01 -1.670042584373086921e-04
5.833333333333332593e-01 9.968639609852933958e-01 1.095325066660314929e-03
6.041666666666666297e-01 1.000258234237361821e+00 1.221808564488832422e-03
6.250000000000000000e-01 1.000336742353459707e+00 -1.959230758379544232e-03
6.458333333333332593e-01 1.007282583662858944e+00 1.208881360431917360e-03
6.666666666666666297e-01 1.002559089199812403e+00 -1.945922400281138633e-04
6.875000000000000000e-01 9.998806695303399383e-01 -1.414427256355423653e-03
7.083333333333332593e-01 9.976394273887587705e-01 -9.620371334524772640e-04
7.291666666666666297e-01 9.933635448256785683e-01 -1.629409626140260582e-03
7.500000000000000000e-01 9.946305062516387352e-01 -2.877347412965461674e-04
7.708333333333332593e-01 9.961484232471159439e-01 -4.448286061186837578e-04
7.916666666666666297e-01 1.000556529839798925e+00 1.553394532294180563e-03
8.125000000000000000e-01 1.000784807382370412e+00 1.337126421089854451e-04
8.333333333333332593e-01 1.002716627498904556e+00 -5.359973532880562240e-04
8.541666666666666297e-01 9.994537343895550929e-01 -1.547591087051097738e-04
8.750000000000000000e-01 9.989536723365726179e-01 -5.985600403120947422e-04
8.958333333333332593e-01 1.000352711252902926e+00 6.080768855518995340e-04
9.166666666666666297e-01 1.001959385708862005e+00 8.065544194519411875e-04
9.375000000000000000e-01 1.003505327810607861e+00 -2.118741970154495253e-04
9.583333333333332593e-01 1.003883995497486303e+00 5.835000729522895344e-04
9.791666666666666297e-01 1.012024643289286319e+00 2.504165204264051023e-03
1.000000000000000000e+00 1.006058529534979318e+00 -8.338344966930116842e-04
1.020833333333333259e+00 1.005388614886073340e+00 -1.273549402762608922e-04
1.041666666666666519e+00 1.000159571826849891e+00 3.212996307077289242e-04
1.062500000000000000e+00 9.954260263428299504e-01 -3.453414117576711307e-04
1.083333333333333259e+00 9.946825875858219534e-01 2.626578051122324762e-03
1.104166666666666519e+00 9.948444784874342917e-01 -1.971208935164309606e-03
1.125000000000000000e+00 9.935613499418117778e-01 -2.404232726008085155e-04
1.145833333333333259e+00 9.954710666630803839e-01 -4.516180518897680747e-04
1.166666666666666519e+00 9.995015174922690093e-01 -7.162040984290506248e-04
1.187500000000000000e+00 1.001755880278883071e+00 1.990156707730916276e-03
1.208333333333333259e+00 1.003670262104456423e+00 1.327233966798218668e-03
1.229166666666666519e+00 9.988958971090262651e-01 -2.798450164667158450e-03
1.250000000000000000e+00 9.992495281435115340e-01 -5.692145192544652331e-04
1.270833333333333259e+00 9.987620747903763752e-01 1.904989542272371699e-03
1.291666666666666519e+00 1.004693455370323951e+00 1.184732836686966211e-03
1.312500000000000000e+00 1.005432053384810009e+00 7.756249922006343018e-04
1.333333333333333259e+00 1.013262445756272001e+00 -1.288995605803153546e-03
1.354166666666666519e+00 1.016156231402444599e+00 -1.022032201922398482e-03
1.375000000000000000e+00 1.013165062929386684e+00 -2.807902484544305861e-03
1.395833333333333259e+00 1.011545170215282674e+00 -1.131694570354597248e-03
1.416666666666666519e+00 1.001132838998331831e+00 5.161680104119253454e-04
1.437500000000000000e+00 1.003971104300156680e+00 7.574961641438150489e-04
1.458333333333333259e+00 1.002745210221280381e+00 6.476369446403589273e-04
1.479166666666666519e+00 1.000968250876485444e+00 -6.122175636715954800e-04
1.500000000000000000e+00 9.956700041430776027e-01 -1.255802849231845092e-03
1.520833333333333259e+00 1.006935990868374153e+00 -1.677184860179682874e-03
1.541666666666666519e+00 1.008026215371197409e+00 -1.315224073579272053e-03
1.562500000000000000e+00 1.011680415215563844e+00 -2.331487298282424348e-04
1.583333333333333259e+00 1.002968456877790571e+00 2.522819248802312016e-03
1.604166666666666519e+00 9.985830775015096528e-01 3.215576450105898454e-04
1.625000000000000000e+00 9.942988425106153993e-01 -4.520084001088018298e-04
1.645833333333333259e+00 9.975855992836489827e-01 1.000345234922034657e-03
1.666666666666666519e+00 1.003101894546719830e+00 2.028453868203264484e-04
1.687500000000000000e+00 1.006198394946677066e+00 -1.594808269159793922e-03
1.708333333333333259e+00 1.005892294153454936e+00 1.087888938909139635e-03
1.729166666666666519e+00 1.005844407430303677e+00 8.489565264323676360e-04
1.750000000000000000e+00 1.010868593457102449e+00 -2.328443853108957528e-03
1.770833333333333259e+00 1.014214598155890101e+00 3.912008791386903622e-04
1.791666666666666519e+00 1.004727483907814412e+00 -9.620180791726966416e-04
1.812500000000000000e+00 1.008637243588079047e+00 -1.904342668419022012e-03
1.833333333333333259e+00 1.010555765928766947e+00 -6.090869182332001985e-04
1.854166666666666519e+00 1.009754629726543174e+00 1.219893914216757091e-03
1.875000000000000000e+00 1.010704402826891890e+00 -9.775178298158833379e-04
1.895833333333333259e+00 1.012481238358843960e+00 1.980854347888464338e-03
1.916666666666666519e+00 1.010182988671214144e+00 -1.046347162875216124e-03
1.937500000000000000e+00 1.006563150105435067e+00 -7.090463780045595799e-04
1.958333333333333259e+00 9.994644684912946664e-01 -2.418134901459048310e-04
1.979166666666666519e+00 9.948691755402150338e-01 1.892058657619461555e-03
2.000000000000000000e+00 9.958366728424081771e-01 8.794443270076180916e-04
2.020833333333333037e+00 9.906719243174533229e-01 -7.935999393547135640e-04
2.041666666666666519e+00 1.001032404526391861e+00 -1.492937282500042193e-03
2.062500000000000000e+00 1.003086466580881408e+00 -1.969077540415177085e-03
2.083333333333333037e+00 1.004641571458028348e+00 1.178893583132573997e-03
2.104166666666666519e+00 1.002984780174365209e+00 -9.950070315265721610e-04
2.125000000000000000e+00 1.004445564520827894e+00 1.628520025729405640e-03
2.145833333333333037e+00 1.007154806284559667e+00 -1.802782473823858140e-03
2.166666666666666519e+00 1.003452304271456041e+00 9.776040619481525269e-04
2.187500000000000000e+00 1.006105932528105429e+00 2.777494836644138444e-04
2.208333333333333037e+00 1.003960544083091877e+00 5.210520324056406010e-04
2.229166666666666519e+00 1.008737977011280096e+00 -9.579575969267043042e-04
2.250000000000000000e+00 1.015972828922603766e+00 -1.217475134555929097e-03
2.270833333333333037e+00 1.013546118276835273e+00 -1.765656750165931594e-04
2.291666666666666519e+00 1.015361090206565953e+00 7.648851523337516032e-04
2.312500000000000000e+00 1.003241035279680338e+00 9.579518074147491723e-04
2.333333333333333037e+00 1.000380877979149652e+00 -4.525521762753803600e-04
2.354166666666666519e+00 9.991855928784060259e-01 4.419076550565652611e-04
2.375000000000000000e+00 9.987874586146405775e-01 -1.577602997956733063e-05
2.395833333333333037e+00 1.002640508599598412e+00 -8.134751330451843801e-04
2.416666666666666519e+00 1.000930782981922285e+00 1.931145834712476436e-04
2.437500000000000000e+00 1.001539568461297991e+00 -6.374625767029867872e-04
2.458333333333333037e+00 1.005448651527818926e+00 -2.588884748923203898e-03
2.479166666666666519e+00 9.950197992739440167e-01 1.828453046232171803e-03
2.500000000000000000e+00 9.928151765257866579e-01 2.321095469293006327e-04
2.520833333333333037e+00 9.964453563260978752e-01 -2.926280647548048456e-03
2.541666666666666519e+00 9.974086619523143682e-01 4.100259785130171467e-04
2.562500000000000000e+00 9.989327934428572364e-01 2.094903081372084374e-03
2.583333333333333037e+00 1.001456690701457264e+00 -1.365677793023447944e-03
2.604166666666666519e+00 9.990868763862689184e-01 1.308014169636761157e-03
2.625000000000000000e+00 1.005412987286472104e+00 -6.661576502945542200e-04
2.645833333333333037e+00 1.006034306357662000e+00 2.043129340000670441e-04
2.666666666666666519e+00 1.005733392928764180e+00 -1.559047994307211690e-04
2.687500000000000000e+00 1.000993771766740537e+00 -1.174999031592009963e-03
2.708333333333333037e+00 1.001595563475603301e+00 5.424547761192870503e-04
2.729166666666666519e+00 1.003011720533822926e+00 -1.779363996099163391e-03
2.750000000000000000e+00 1.003724226973778277e+00 6.861993266842118756e-04
2.770833333333333037e+00 1.002429523434021474e+00 1.237659344594621829e-03
2.791666666666666519e+00 1.003097505662228883e+00 5.390943098224197259e-04
2.812500000000000000e+00 1.003664980076335755e+00 4.402497029543174555e-04
2.833333333333333037e+00 9.997536801844001397e-01 -2.741975558029330871e-04
2.854166666666666519e+00 9.967074384655897346e-01 -7.407474600777291026e-04
2.875000000000000000e+00 9.881419355062386334e-01 -7.491849087433305465e-04
2.895833333333333037e+00 9.890277034471217643e-01 -6.174970874901934215e-04
2.916666666666666519e+00 9.882917498309272686e-01 2.790130329941353034e-04
2.937500000000000000e+00 9.923590758227264219e-01 -1.682261904592569903e-03
2.958333333333333037e+00 9.970792052460127897e-01 -5.025443045524885391e-04
2.979166666666666519e+00 9.997084331420635905e-01 -1.711505646939099181e-03
3.000000000000000000e+00 1.002828240414719074e+00 -3.055602852860302490e-03
3.020833333333333037e+00 1.006175466554348308e+00 1.267785011042229853e-03
3.041666666666666519e+00 1.007031574975851385e+00 -1.512027114361828807e-03
3.062500000000000000e+00 9.990054305589054495e-01 -4.991788160273008231e-04
3.083333333333333037e+00 1.000524115685443194e+00 8.964026778006818196e-05
3.104166666666666519e+00 1.002858302652640976e+00 2.757692086204566119e-04
3.125000000000000000e+00 1.003657394153660620e+00 -3.708919590988619453e-04
3.145833333333333037e+00 1.002933222011060055e+00 -9.789921076619350661e-04
3.166666666666666519e+00 9.984021099936223331e-01 -7.837620528427638239e-04
3.187500000000000000e+00 1.005399300036893928e+00 -1.084484910617121781e-03
3.208333333333333037e+00 9.977348269842750694e-01 6.881685591923866925e-04
3.229166666666666519e+00 9.966289144554558721e-01 3.543418296876641544e-04
3.250000000000000000e+00 9.914969747155799595e-01 2.368030399441516131e-04
3.270833333333333037e+00 9.910632273104258427e-01 -3.736005212919046495e-05
3.291666666666666519e+00 9.940737135193267182e-01 -1.118689651372043511e-03
3.312500000000000000e+00 9.938552037740849832e-01 -5.589816012898553158e-04
3.333333333333333037e+00 1.002158591690105016e+00 1.349945687814076492e-03
3.354166666666666519e+00 9.996596043577092860e-01 -1.723481045472401683e-03
3.375000000000000000e+00 1.001662521343120282e+00 1.144143422173593853e-03
3.395833333333333037e+00 9.970994074436758670e-01 1.218350032720909087e-03
3.416666666666666519e+00 9.948093578803011150e-01 7.338944920509757200e-04
3.437500000000000000e+00 9.904198274352631337e-01 -2.184392757238530242e-04
3.458333333333333037e+00 9.913963225150675962e-01 1.388120271106697595e-04
3.479166666666666519e+00 9.900252100122057808e-01 2.339055735468500053e-04
3.500000000000000000e+00 9.996457798517397464e-01 1.202488550239789506e-04
3.520833333333333037e+00 1.000549351673717169e+00 1.689434292575144958e-03
3.541666666666666519e+00 1.003400413871487151e+00 -1.358986361427925093e-03
3.562500000000000000e+00 9.949012517948873091e-01 -4.292641008966345821e-04
3.583333333333333037e+00 9.949341116822194575e-01 1.595743853438550677e-03
3.604166666666666519e+00 9.955616206622854847e-01 5.287578648025343048e-04
3.625000000000000000e+00 9.972214514834430998e-01 -5.514775149509666121e-04
3.645833333333333037e+00 9.936818922622342454e-01 -1.001347807158314666e-03
3.666666666666666519e+00 9.938993006790596274e-01 8.391681237673061363e-04
3.687500000000000000e+00 9.953148404831756446e-01 4.758410611385734926e-04
3.708333333333333037e+00 9.975510422662066112e-01 -2.932740286511545912e-03
3.729166666666666519e+00 9.974702429991759711e-01 -1.089105100765155485e-03
3.750000000000000000e+00 9.990525842441764226e-01 -1.398696888646624439e-03
3.770833333333333037e+00 9.948682631380386665e-01 1.577552255988160597e-04
3.791666666666666519e+00 9.888234298804844391e-01 8.068970980565235091e-04
3.812500000000000000e+00 9.927218211879093035e-01 -1.901334600212235132e-03
3.833333333333333037e+00 9.976109272918383120e-01 -1.176162291318380787e-03
3.854166666666666519e+00 9.968066654651694947e-01 1.351648937243081754e-03
3.875000000000000000e+00 9.993894002278977950e-01 -1.387930816640979776e-03
3.895833333333333037e+00 1.006468419452575702e+00 -3.494118139967332913e-04
3.916666666666666519e+00 1.004697206987362090e+00 1.870801724241261967e-04
3.937500000000000000e+00 1.006738520452935104e+00 -7.810109831371233116e-04
3.958333333333333037e+00 9.995443464661486477e-01 -6.551893958507374206e-04
3.979166666666666519e+00 9.989386548791904241e-01 1.229009312271223077e-03
4.000000000000000000e+00 9.971636413668031329e-01 4.252905516670948613e-04
4.020833333333333037e+00 9.997024302202008883e-01 1.584636204862932551e-03
4.041666666666666075e+00 9.993955706573267594e-01 6.196816473591873790e-04
4.062500000000000000e+00 1.003160526812102660e+00 5.094898828296619275e-04
4.083333333333333037e+00 1.005438294395206711e+00 -4.052034940066503413e-04
4.104166666666666075e+00 9.975492935315781740e-01 1.212957707580816389e-03
4.125000000000000000e+00 1.003939076993804358e+00 -9.423856709677345088e-04
4.145833333333333037e+00 9.982354227314306216e-01 -2.832674584971535924e-03
4.166666666666666075e+00 9.982089948630374909e-01 -4.384948759590322448e-04
4.187500000000000000e+00 1.001855120375252595e+00 -1.419317387914310934e-03
4.208333333333333037e+00 1.002970739494034591e+00 -2.339651852991327628e-03
4.229166666666666075e+00 1.004590804484258415e+00 1.546292726287098714e-03
4.250000000000000000e+00 1.003883577475544131e+00 5.788602658063436756e-04
4.270833333333333037e+00 1.006673865216894947e+00 -1.042363139684479838e-03
4.291666666666666075e+00 1.005418871735613173e+00 -1.699158776517953329e-03
4.312500000000000000e+00 9.989519821212583528e-01 1.089122988907498084e-03
4.333333333333333037e+00 1.001872871332153192e+00 -8.650052257445648221e-04
4.354166666666666075e+00 9.991051318986990948e-01 -8.582565135571512899e-04
4.375000000000000000e+00 9.955574210441529015e-01 3.073051667559007025e-03
4.395833333333333037e+00 9.957167725924043200e-01 1.447098592548292728e-03
4.416666666666666075e+00 9.965966619845088026e-01 -1.154063563239015499e-04
4.437500000000000000e+00 1.003639721808538443e+00 1.045695805975417180e-03
4.458333333333333037e+00 1.001290880240917280e+00 -2.183482815885918332e-03
4.479166666666666075e+00 1.006539915108351835e+00 -1.820660385455386129e-03
4.500000000000000000e+00 9.973064211097021348e-01 -2.690107699954996916e-03
4.520833333333333037e+00 1.001785622203658521e+00 -2.545643235079879602e-04
4.541666666666666075e+00 9.989529283070308630e-01 -1.738032941887587108e-04
4.562500000000000000e+00 1.002230948531792620e+00 -4.873581365843043778e-04
4.583333333333333037e+00 1.002752395092302073e+00 2.195406662997629894e-03
4.604166666666666075e+00 1.006867309842241598e+00 2.232502289921200686e-03
4.625000000000000000e+00 1.006940703873756560e+00 4.576164913504674652e-04
4.645833333333333037e+00 1.010870880622861012e+00 -1.764340449968947828e-03
4.666666666666666075e+00 1.005858782401009011e+00 -1.128819232932544003e-03
4.687500000000000000e+00 1.008154344726457152e+00 4.798460585014567982e-05
4.708333333333333037e+00 1.001101831958739918e+00 2.918305711788336441e-04
4.729166666666666075e+00 1.006858964205660900e+00 2.718878002261840982e-04
4.750000000000000000e+00 1.004484321617594267e+00 1.065335444764623288e-03
4.770833333333333037e+00 1.008056319884826024e+00 2.008841894317579552e-03
4.791666666666666075e+00 1.010056605829013909e+00 -1.292203995841058285e-03
4.812500000000000000e+00 1.008984121692048097e+00 -7.986193018434483261e-04
4.833333333333333037e+00 1.006000954918371271e+00 -1.101192523491911681e-03
4.854166666666666075e+00 1.005441268353540529e+00 -2.134196389001752619e-04
4.875000000000000000e+00 9.974859127949853299e-01 6.032324517017968301e-04
4.895833333333333037e+00 9.990966468743918139e-01 3.200857063073964765e-04
4.916666666666666075e+00 1.000006598216236720e+00 -2.510817042515415490e-03
4.937500000000000000e+00 9.977434319656846018e-01 -2.181755379853750950e-03
4.958333333333333037e+00 1.004643687458896428e+00 2.996382760305797138e-05
4.979166666666666075e+00 1.005248561841602717e+00 -8.430988491878083123e-04
5.000000000000000000e+00 1.010068115508140796e+00 1.670087999810912450e-03
5.020833333333333037e+00 1.011912762212206607e+00 2.659195546511583215e-04
5.041666666666666075e+00 1.007981013987032881e+00 3.088491766029159875e-03
5.062500000000000000e+00 1.008232266807465249e+00 2.745920876352060474e-04
5.083333333333333037e+00 1.012608653619663013e+00 1.269973999847504031e-03
5.104166666666666075e+00 1.007098397587512517e+00 7.700591627810169856e-04
5.125000000000000000e+00 1.011920461757563450e+00 -1.595644530479716590e-03
5.145833333333333037e+00 1.008763197593612881e+00 -2.373399433584657322e-03
5.166666666666666075e+00 1.013819211114191043e+00 7.573148801385139704e-04
5.187500000000000000e+00 1.009122096374840849e+00 1.177350526971592199e-03
5.208333333333333037e+00 1.005530949676534780e+00 -1.733816097278480196e-03
5.229166666666666075e+00 1.006622711724334041e+00 -1.562555344308180251e-03
5.250000000000000000e+00 1.000054486886021277e+00 8.277004147828382914e-05
5.270833333333333037e+00 9.949422812396483407e-01 8.972218441688146248e-04
5.291666666666666075e+00 9.960337860675054777e-01 -2.315873143411128490e-04
5.312500000000000000e+00 9.994523974084074114e-01 -1.337417352373426803e-04
5.333333333333333037e+00 1.005041111776600715e+00 3.107022641878856329e-05
5.354166666666666075e+00 1.003560912210622380e+00 2.764902788529109267e-03
5.375000000000000000e+00 1.005312713305036576e+00 2.064862444308568443e-03
5.395833333333333037e+00 1.000216711572692985e+00 -8.380752639209660022e-04
5.416666666666666075e+00 1.003365436891474394e+00 2.034790076074966718e-04
5.437500000000000000e+00 1.001581844836998636e+00 1.299416349680837740e-03
5.458333333333333037e+00 1.000041023838857512e+00 -6.974639395068671062e-04
5.479166666666666075e+00 1.002369845237050860e+00 7.623581730546542465e-04
5.500000000000000000e+00 1.005058198184548779e+00 2.605969376613172586e-03
5.520833333333333037e+00 1.009933989998058168e+00 -1.791915811191304277e-03
5.541666666666666075e+00 1.007500308778411124e+00 -1.251190267044783970e-03
5.562500000000000000e+00 1.008004284520071847e+00 1.514067942723425111e-04
5.583333333333333037e+00 1.007973220390709024e+00 -4.931549883555395430e-04
5.604166666666666075e+00 1.002420369629550834e+00 3.278526288810625728e-04
5.625000000000000000e+00 1.004835542512849234e+00 -1.352874429928661035e-03
5.645833333333333037e+00 1.001346431699136064e+00 3.327088311183200049e-03
5.666666666666666075e+00 1.003247286370030356e+00 5.610320572784759530e-04
5.687500000000000000e+00 1.006788243282495721e+00 1.869429343486975984e-03
5.708333333333333037e+00 1.009236730823291239e+00 -2.875847793163963714e-03
5.729166666666666075e+00 1.007713773839475468e+00 3.509330453101082003e-04
5.750000000000000000e+00 9.975027868205844639e-01 1.837675248801222232e-03
5.770833333333333037e+00 9.971694874308271173e-01 6.417218904763496035e-04
5.791666666666666075e+00 9.925997738576278762e-01 -1.348758563772136428e-03
5.812500000000000000e+00 9.922250525146452116e-01 -1.415157374208964383e-03
5.833333333333333037e+00 9.923916803558784361e-01 -7.668316139830671238e-04
5.854166666666666075e+00 9.966665118218950292e-01 1.367588521557129609e-03
5.875000000000000000e+00 1.003407457222335930e+00 2.153925699883592598e-03
5.895833333333333037e+00 1.005643637163398108e+00 -1.792031347704630632e-03
5.916666666666666075e+00 1.006135984123879501e+00 2.766151058676542037e-03
5.937500000000000000e+00 1.006336689676172957e+00 1.099306556517801008e-03
5.958333333333333037e+00 1.005082376720267234e+00 -1.094325862895799677e-03
5.979166666666666075e+00 1.000558804595798490e+00 3.455651733025764775e-03
6.000000000000000000e+00 1.006360018536157419e+00 7.524170755590250904e-04
6.020833333333333037e+00 1.000977114565880566e+00 1.197173105591393815e-05
6.041666666666666075e+00 1.005280987512258140e+00 5.206999106328806352e-04
6.062500000000000000e+00 1.002302555567726294e+00 -1.017542433352445911e-03
6.083333333333333037e+00 9.976331942983394097e-01 1.405081414813228499e-04
6.104166666666666075e+00 1.001047128624783511e+00 -3.448171449420806109e-04
6.125000000000000000e+00 9.959116273869993430e-01 -7.677606723190935536e-04
6.145833333333333037e+00 9.922418434766216988e-01 2.524505947022748220e-03
6.166666666666666075e+00 9.874304545011096668e-01 -1.693916300931926468e-03
6.187500000000000000e+00 9.885396606585529211e-01 -1.499349260615497580e-03
6.208333333333333037e+00 9.869842056031256083e-01 -3.307224944182564266e-04
6.229166666666666075e+00 9.981567619038039796e-01 2.243204078956014848e-03
6.250000000000000000e+00 9.946670433001616463e-01 6.074939601377902024e-04
6.270833333333333037e+00 9.985414008569606370e-01 8.156522172455296605e-04
6.291666666666666075e+00 1.002618406425629383e+00 -5.752933336056987798e-04
6.312500000000000000e+00 9.986068784415836896e-01 -8.716888426467941584e-04
6.333333333333333037e+00 1.000414473619869460e+00 -2.316186163589804598e-04
6.354166666666666075e+00 9.961963628186781827e-01 -1.970554135264280908e-03
6.375000000000000000e+00 1.000445860502229944e+00 7.001871517415875126e-04
6.395833333333333037e+00 1.006718513100582246e+00 -2.163208398300425425e-03
6.416666666666666075e+00 1.003069694450200222e+00 5.142100823108211073e-04
6.437500000000000000e+00 1.006249675680761069e+00 1.691766403845712009e-03
6.458333333333333037e+00 1.002131703447333599e+00 -4.023662786001188513e-03
6.479166666666666075e+00 1.001177339269854416e+00 2.411594517440243408e-03
6.500000000000000000e+00 1.000217714883754772e+00 -5.236807221246570550e-04
6.520833333333333037e+00 9.951748538592783966e-01 -2.167706090015134436e-04
6.541666666666666075e+00 9.969644602537663935e-01 -7.284411476788832558e-04
6.562500000000000000e+00 9.948642174022942486e-01 -2.233799879939916792e-03
6.583333333333333037e+00 9.984973755874195778e-01 9.989077273117937406e-04
6.604166666666666075e+00 9.981087059846317500e-01 -3.525599079519961716e-03
6.625000000000000000e+00 1.001323332775035713e+00 -1.800767595847396155e-03
6.645833333333333037e+00 9.962375867471516822e-01 -1.082024997825193572e-03
6.666666666666666075e+00 9.915551157511371949e-01 -1.979101691283582497e-03
6.687500000000000000e+00 9.964759851208532249e-01 -7.851213947490168470e-04
6.708333333333333037e+00 9.879064490796146680e-01 2.482560794811739511e-04
6.729166666666666075e+00 9.916157065340146515e-01 -1.036291447365392726e-03
6.750000000000000000e+00 9.931665371245342877e-01 2.331576303038995182e-04
6.770833333333333037e+00 9.976506111457322801e-01 1.412683194603088499e-03
6.791666666666666075e+00 1.003465814652498400e+00 9.408016139526966318e-04
6.812500000000000000e+00 1.005550474052634424e+00 1.113152456940376660e-03
6.833333333333333037e+00 1.003421442057630619e+00 1.282830483775079019e-03
6.854166666666666075e+00 1.000860903110621480e+00 -7.837634408813114227e-04
6.875000000000000000e+00 1.001704497705022678e+00 -2.385201427120208981e-03
6.895833333333333037e+00 9.961621343212725410e-01 -1.872804645123389219e-03
6.916666666666666075e+00 9.996763740932744779e-01 -8.471792664845079505e-04
6.937500000000000000e+00 9.990024191512797413e-01 -1.147604422143352161e-03
6.958333333333333037e+00 1.000772014633551255e+00 5.986254864450859083e-04
6.979166666666666075e+00 9.999403371090022086e-01 -1.949774800502015624e-04
7.000000000000000000e+00 9.973493118349238129e-01 5.519125736727533956e-04
7.020833333333333037e+00 9.864813273086778800e-01 1.804410980381001423e-03
7.041666666666666075e+00 9.924745599900302029e-01 1.437719862289320956e-03
7.062500000000000000e+00 9.921101779561370959e-01 -4.000813739151399574e-03
7.083333333333333037e+00 9.887617799974566246e-01 -2.706001605788373003e-04
7.104166666666666075e+00 9.909105963197414324e-01 8.746627971662038247e-04
7.125000000000000000e+00 9.973711994984837403e-01 -1.422999514966724415e-04
7.145833333333333037e+00 1.002631619245611283e+00 1.960356967310144106e-04
7.166666666666666075e+00 1.001257767237766716e+00 -2.870860497510228904e-04
7.187500000000000000e+00 1.004018467475682019e+00 1.793005462391361387e-04
7.208333333333333037e+00 1.001265929105888297e+00 -3.382361080167309818e-04
7.229166666666666075e+00 9.960976182420507863e-01 1.625987928436490844e-03
7.250000000000000000e+00 1.000978906730967566e+00 6.021023846479050829e-04
7.270833333333333037e+00 9.986693763818522696e-01 -9.341923665658140828e-04
7.291666666666666075e+00 1.000556172460414395e+00 -9.720739277647662182e-04
7.312500000000000000e+00 1.000878752055717413e+00 1.334045327299193673e-03
7.333333333333333037e+00 1.007292047737787799e+00 -2.376608557627321323e-04
7.354166666666666075e+00 1.006546445846257853e+00 9.200427148041721631e-04
7.375000000000000000e+00 1.004336461317292484e+00 4.894005928576838812e-05
7.395833333333333037e+00 1.002325456435063655e+00 -6.554861709928640114e-04
7.416666666666666075e+00 9.974074451479542081e-01 2.054622569765189003e-04
7.437500000000000000e+00 1.000839363348607236e+00 -1.553797053582372362e-04
7.458333333333333037e+00 9.974101282084495423e-01 -8.954307554283290056e-05
7.479166666666666075e+00 9.980375064870300461e-01 2.850134914770001329e-04
7.500000000000000000e+00 1.004113192991234804e+00 -2.291646585034029949e-03
7.520833333333333037e+00 1.005301731278939625e+00 -1.548543566382007365e-03
7.541666666666666075e+00 1.001219637104011628e+00 1.527264469965411387e-03
7.562500000000000000e+00 9.996240077330897922e-01 2.077361759879253929e-03
7.583333333333333037e+00 9.960769938372181498e-01 -1.800026280733087528e-03
7.604166666666666075e+00 9.980431018573793223e-01 -1.799133094386969446e-03
7.625000000000000000e+00 9.994821386387641171e-01 -1.734691795285532101e-03
7.645833333333333037e+00 9.957106045712087461e-01 -3.588163702607330722e-04
7.666666666666666075e+00 1.003636374615330284e+00 1.042229624500150362e-04
7.687500000000000000e+00 1.005614645622792791e+00 -4.919778198333902989e-04
7.708333333333333037e+00 1.001633870613235278e+00 -1.135988589678113081e-03
7.729166666666666075e+00 1.006180824576229371e+00 1.678279359743107017e-04
7.750000000000000000e+00 1.004936147947378622e+00 -9.625656365860244239e-04
7.770833333333333037e+00 1.002683436414102403e+00 3.035223762617861309e-04
7.791666666666666075e+00 9.946108621477756095e-01 2.668198813376309111e-03
7.812500000000000000e+00 9.991877882018442847e-01 -5.929843152206428413e-04
7.833333333333333037e+00 9.984152437786486534e-01 -4.103635083684167677e-04
7.854166666666666075e+00 9.974612418251256329e-01 2.341672665374275580e-03
7.875000000000000000e+00 9.954971724759459351e-01 -2.641552747958121356e-03
7.895833333333333037e+00 1.002058086016803573e+00 -4.936761468171582922e-05
7.916666666666666075e+00 1.000918311864769095e+00 -4.509317367710683860e-05
7.937500000000000000e+00 1.000797175674687844e+00 9.500955068411013997e-05
7.958333333333333037e+00 1.002667486788112239e+00 1.755181728214374407e-04
7.979166666666666075e+00 9.945247940475374637e-01 -1.892011379613090178e-03
8.000000000000000000e+00 1.000240968534686026e+00 -9.259154097663841549e-04
8.020833333333332149e+00 9.986524314911208178e-01 1.666737842312860686e-03
8.041666666666666075e+00 1.003947325381531863e+00 -1.911328584644843504e-03
8.062500000000000000e+00 1.004295422530678161e+00 -9.598375853264987014e-04
8.083333333333332149e+00 1.003714264606534901e+00 4.990713245325890815e-04
8.104166666666666075e+00 9.978391604307650375e-01 2.438503549372874517e-04
8.125000000000000000e+00 9.838049671984090416e-01 -7.437433152525397282e-04
8.145833333333332149e+00 9.822505845413058712e-01 -3.240638183313940528e-04
8.166666666666666075e+00 9.640664030009900021e-01 -1.113596860451300822e-03
8.187500000000000000e+00 9.513123307165295417e-01 -5.279325869635699249e-04
8.208333333333332149e+00 9.406203177563917661e-01 1.073721640945049776e-03
8.229166666666666075e+00 9.306692028512337789e-01 -3.141617838725960406e-03
8.250000000000000000e+00 9.143498149809732300e-01 1.738781973296504380e-03
8.270833333333332149e+00 9.032060739369497382e-01 1.629650479099616111e-04
8.291666666666666075e+00 8.936267787222721415e-01 -8.136629819346938644e-04
8.312500000000000000e+00 8.766321479546903550e-01 1.388428987236989785e-03
8.333333333333332149e+00 8.628175051387969585e-01 -1.866806739004376074e-03
8.354166666666666075e+00 8.407861960789742017e-01 -8.894142837635056866e-04
8.375000000000000000e+00 8.437310324811678752e-01 -1.562262400849972815e-03
8.395833333333332149e+00 8.304184644456428233e-01 -1.361843752389268677e-03
8.416666666666666075e+00 8.245106406637611185e-01 -1.252650407093103540e-04
8.437500000000000000e+00 8.230007876802311051e-01 9.980305925721144351e-04
8.458333333333332149e+00 8.209980652501888132e-01 2.761989923487181108e-03
8.479166666666666075e+00 8.186629103938427576e-01 -1.609771553452474463e-03
8.500000000000000000e+00 8.186303571946276225e-01 9.493374270200854916e-04
8.520833333333332149e+00 8.153926006303180429e-01 3.110500775110953704e-03
8.541666666666666075e+00 8.271513140915478512e-01 -1.496059951089003936e-04
8.562500000000000000e+00 8.357652031343336674e-01 -1.128639053619076023e-04
8.583333333333332149e+00 8.476823938747241050e-01 1.370076972518339588e-04
8.604166666666666075e+00 8.663400141283322808e-01 6.797788486184847510e-04
8.625000000000000000e+00 8.785095086041622148e-01 1.697742507288576945e-03
8.645833333333332149e+00 8.905921242425942630e-01 -3.326207275940302154e-04
8.666666666666666075e+00 9.039791283783874531e-01 -1.742615840842617143e-04
8.687500000000000000e+00 9.185085397503174320e-01 -1.044611885185238887e-03
8.708333333333332149e+00 9.273007104892009300e-01 3.131803831387506426e-03
8.729166666666666075e+00 9.376480011508642187e-01 7.154675477468661060e-04
8.750000000000000000e+00 9.559799306637983829e-01 -5.450932510479831496e-04
8.770833333333332149e+00 9.667366734406528384e-01 -8.142159880111417281e-04
8.791666666666666075e+00 9.810465400568928462e-01 2.639182062562380957e-03
8.812500000000000000e+00 9.884873422310920255e-01 -4.355580307064144683e-04
8.833333333333332149e+00 9.946464640939168822e-01 -1.654568778821079384e-03
8.854166666666666075e+00 1.000679224962405911e+00 -2.232321895662849173e-04
8.875000000000000000e+00 1.000618845316389560e+00 1.487477700255294142e-04
8.895833333333332149e+00 9.951484061503933498e-01 2.406202553228182096e-03
8.916666666666666075e+00 1.000566797882897152e+00 -9.272253615523914872e-04
8.937500000000000000e+00 1.007130187502792040e+00 -8.505567990803112851e-04
8.958333333333332149e+00 1.004676214817380675e+00 -6.301821693693339518e-04
8.979166666666666075e+00 1.002879134633916758e+00 -1.561727732376599420e-03
9.000000000000000000e+00 1.002939231697747013e+00 9.068463002895777066e-04
9.020833333333332149e+00 9.981681586074401258e-01 -2.592113839549509829e-03
9.041666666666666075e+00 9.954143234877682600e-01 -1.912186834453331701e-03
9.062500000000000000e+00 9.962322214274166310e-01 -9.941298086970221711e-04
9.083333333333332149e+00 9.891788623630006771e-01 2.223096830100476998e-03
9.104166666666666075e+00 9.896466787704841783e-01 2.018484105333708412e-03
9.125000000000000000e+00 9.989212275330946467e-01 -1.647843576158020346e-03
9.145833333333332149e+00 1.004131309752679835e+00 6.731576746138653866e-04
9.166666666666666075e+00 1.004121492879283872e+00 -5.996968757649907313e-04
9.187500000000000000e+00 1.009957532362568244e+00 -1.525668950579785231e-03
9.208333333333332149e+00 1.002463170723776331e+00 2.370062421304791004e-03
9.229166666666666075e+00 1.000289896466047823e+00 5.751923814958892186e-04
9.250000000000000000e+00 1.003631144962717103e+00 9.910557259130883378e-04
9.270833333333332149e+00 9.993994005573830774e-01 -1.290950326347269044e-05
9.291666666666666075e+00 1.001532558947702212e+00 -4.802558700560458885e-04
9.312500000000000000e+00 1.004002896934620193e+00 -2.738695849216852413e-04
9.333333333333332149e+00 1.003666915261022252e+00 7.027739118659395972e-05
9.354166666666666075e+00 1.008691255157400990e+00 1.756228122347082638e-03
9.375000000000000000e+00 9.992103141988898374e-01 7.819793203363585967e-04
9.395833333333332149e+00 9.966278768957854695e-01 7.721088339548977343e-04
9.416666666666666075e+00 9.914893025339786004e-01 3.876373164542191410e-04
9.437500000000000000e+00 9.926554137473757589e-01 1.882313023579854690e-03
9.458333333333332149e+00 9.948138545483743433e-01 -1.669684170121665508e-03
9.479166666666666075e+00 9.944852854381561746e-01 1.633131103918858233e-03
9.500000000000000000e+00 1.001237964929266200e+00 -4.251169543327226697e-04
9.520833333333332149e+00 1.004547471267023040e+00 4.413681036161405495e-04
9.541666666666666075e+00 1.001133055523775850e+00 7.443951083476878271e-05
9.562500000000000000e+00 1.005052206923603642e+00 9.856490920382744714e-04
9.583333333333332149e+00 1.000373170188617156e+00 -1.343921996250750607e-03
9.604166666666666075e+00 9.996981726769623711e-01 -7.468924992286016858e-04
9.625000000000000000e+00 9.958505645571199549e-01 1.603405441503195569e-03
9.645833333333332149e+00 9.946723927560152667e-01 3.931920742438112389e-04
9.666666666666666075e+00 1.004125076455968157e+00 -2.612632554717605332e-03
9.687500000000000000e+00 1.005919227388612391e+00 9.057765022023987625e-04
9.708333333333332149e+00 1.008546086687829968e+00 1.789885800442111421e-03
9.729166666666666075e+00 1.010145283413625972e+00 1.220471029464737173e-03
9.750000000000000000e+00 1.008845533945150308e+00 1.338373591809649587e-03
9.770833333333332149e+00 1.008248800269606171e+00 1.572913928384465443e-03
9.791666666666666075e+00 1.006425340849158578e+00 -1.806922086759268908e-04
9.812500000000000000e+00 1.000838982779007180e+00 -1.577428355454258118e-04
9.833333333333332149e+00 1.003294723568269653e+00 3.007253348930264011e-04
9.854166666666666075e+00 1.001839521482647433e+00 -1.303312848226887430e-03
9.875000000000000000e+00 1.001026787122353712e+00 5.281905197402681808e-05
9.895833333333332149e+00 1.006682205242703132e+00 7.977643119383713609e-04
9.916666666666666075e+00 9.969140464208763319e-01 1.760816522400803505e-03
9.937500000000000000e+00 9.979934635995202363e-01 -1.189709422521406049e-03
9.958333333333332149e+00 9.924017335036880993e-01 -6.614190634491932778e-04
9.979166666666666075e+00 9.973881794270340606e-01 -2.122018217865803344e-03
1.000000000000000000e+01 9.940583886123722790e-01 3.188380761521132601e-04
1.002083333333333215e+01 9.970145771474481222e-01 -1.749533617560819704e-03
1.004166666666666607e+01 1.000230761830382287e+00 2.496623907818130896e-03
1.006250000000000000e+01 1.008461184678638212e+00 1.035730630801981944e-03
1.008333333333333215e+01 1.006638758471105399e+00 -2.816393052795227760e-04
1.010416666666666607e+01 1.011720052179034379e+00 4.723412152278088109e-06
1.012500000000000000e+01 1.009366602383801714e+00 1.061446293275003418e-03
1.014583333333333215e+01 1.008655303864133490e+00 1.015977599968105301e-03
1.016666666666666607e+01 1.011767073248863280e+00 1.051067931254254223e-04
1.018750000000000000e+01 1.003535074852699660e+00 1.044008558894580921e-04
1.020833333333333215e+01 1.008784047248188154e+00 5.747227951784936390e-04
1.022916666666666607e+01 1.004610102324447363e+00 1.452375908411408486e-03
1.025000000000000000e+01 1.006792413105682682e+00 -1.447614890283018809e-03
1.027083333333333215e+01 1.008148334467514839e+00 1.484610368094742327e-03
1.029166666666666607e+01 1.003928417563855202e+00 -2.358308012102423813e-04
1.031250000000000000e+01 9.995593261734726509e-01 -6.167485872533716613e-04
1.033333333333333215e+01 9.921140649327478966e-01 6.706537548569770600e-04
1.035416666666666607e+01 9.918738383152396754e-01 -3.587417023168041458e-04
1.037500000000000000e+01 9.949674204361682595e-01 -2.107143003490239037e-03
1.039583333333333215e+01 9.980430008860776692e-01 -1.748807481713506116e-03
1.041666666666666607e+01 1.003665418867416337e+00 2.148493138126205369e-03
1.043750000000000000e+01 1.001514240871775208e+00 1.933881975268552907e-04
1.045833333333333215e+01 1.000830719226935006e+00 6.192882664609640356e-04
1.047916666666666607e+01 1.003025113571966331e+00 -1.876939026146396132e-04
1.050000000000000000e+01 9.990431619859228007e-01 -2.054608860127840348e-03
1.052083333333333215e+01 9.989179235428456982e-01 3.706661332435525489e-04
1.054166666666666607e+01 1.001626833491069180e+00 3.042233740488895226e-04
1.056250000000000000e+01 9.988974720573495780e-01 1.096285450799357490e-03
1.058333333333333215e+01 1.008006429238704982e+00 -3.147402297228632431e-03
1.060416666666666607e+01 1.010126213755009106e+00 -1.925009037912156853e-04
1.062500000000000000e+01 1.011525339551789582e+00 3.214474294115304094e-04
1.064583333333333215e+01 1.016753689081800749e+00 1.794550608499184642e-03
1.066666666666666607e+01 1.008239989602569997e+00 3.302915564193765834e-04
1.068750000000000000e+01 1.000034872435435318e+00 1.668616514030113983e-03
1.070833333333333215e+01 1.006350671450030765e+00 -2.066732045986773795e-03
1.072916666666666607e+01 9.964251818170682951e-01 -1.629586281868939789e-03
1.075000000000000000e+01 9.995204175275607117e-01 1.339870999948358224e-03
1.077083333333333215e+01 1.001039461756723981e+00 -7.635488831075425663e-04
1.079166666666666607e+01 9.992811175697490222e-01 5.522597015663912841e-04
1.081250000000000000e+01 9.997435138049439729e-01 5.395759687292016150e-07
1.083333333333333215e+01 9.940030452170036668e-01 8.381899979257892387e-04
1.085416666666666607e+01 9.955011860888474118e-01 6.793155879361372721e-05
1.087500000000000000e+01 9.925456384498526630e-01 7.811395313047676814e-04
1.089583333333333215e+01 9.943382448139813645e-01 -9.281380555604038353e-04
1.091666666666666607e+01 9.970663760998633718e-01 5.619909341894602906e-05
1.093750000000000000e+01 1.003590886904890400e+00 -7.918558268567062056e-04
1.095833333333333215e+01 1.002826427857759439e+00 -1.737173370440954162e-05
1.097916666666666607e+01 1.009837374886182637e+00 2.360903326874145343e-04
1.100000000000000000e+01 1.010253361858012511e+00 -9.889151073561032424e-05
1.102083333333333215e+01 1.007293039813239144e+00 1.201979597217631189e-03
1.104166666666666607e+01 1.005059925102887552e+00 -5.374459711690593444e-04
1.106250000000000000e+01 1.000157807699046053e+00 5.972915561058603738e-04
1.108333333333333215e+01 1.001419900969702681e+00 9.209208036510658189e-04
1.110416666666666607e+01 9.962739442811235913e-01 -1.519073226924946406e-03
1.112500000000000000e+01 1.000538409233444170e+00 -7.749245870225901197e-04
1.114583333333333215e+01 1.002943196169787221e+00 3.621822669263531007e-04
1.116666666666666607e+01 1.000147031791919661e+00 5.097829313675688624e-04
1.118750000000000000e+01 1.000645305858665512e+00 -1.031224655729897103e-03
1.120833333333333215e+01 9.934404770431811693e-01 -4.551269039257310116e-05
1.122916666666666607e+01 9.961222749510248997e-01 -9.612207833324472360e-04
1.125000000000000000e+01 9.945123645452973449e-01 1.099202440824967536e-03
1.127083333333333215e+01 9.921641987016841524e-01 8.324337376739981021e-04
1.129166666666666607e+01 9.913950688016337498e-01 1.391043286591837945e-03
1.131250000000000000e+01 9.955934556222115761e-01 -1.993626789348626038e-03
1.133333333333333215e+01 9.953503307104336617e-01 1.059353592386776642e-03
1.135416666666666607e+01 1.002744838151043538e+00 2.201515070122827438e-04
1.137500000000000000e+01 9.979683321000367702e-01 2.123993572807748951e-03
1.139583333333333215e+01 9.967787735809723326e-01 6.290899281278495257e-04
1.141666666666666607e+01 9.966984921980472922e-01 2.007723505514687884e-04
1.143750000000000000e+01 9.951580373059824014e-01 -1.257431281050728523e-03
1.145833333333333215e+01 1.000812582411450213e+00 -3.039822859055635513e-04
1.147916666666666607e+01 9.991881429838973538e-01 1.017695346025597816e-03
1.150000000000000000e+01 1.003556826160140414e+00 8.141798686739189824e-04
1.152083333333333215e+01 1.006907762434865017e+00 4.258670702354480121e-04
1.154166666666666607e+01 1.004858596350799216e+00 2.287635676137136833e-03
1.156250000000000000e+01 1.003445395378293359e+00 1.963169351193887191e-03
1.158333333333333215e+01 9.999378412034601871e-01 3.603584774767722263e-04
1.160416666666666607e+01 9.965159450257353724e-01 1.954086406812433410e-03
1.162500000000000000e+01 1.000622566688886605e+00 -1.549705147971821824e-03
1.164583333333333215e+01 9.897482412353114656e-01 -9.533546336508897951e-04
1.166666666666666607e+01 9.920377582136683525e-01 -6.765285143372256130e-04
1.168750000000000000e+01 9.959739559119628050e-01 -1.110043150658741434e-04
1.170833333333333215e+01 9.962454320669299479e-01 2.533367229641390449e-03
1.172916666666666607e+01 9.983333604795329164e-01 1.496288423242878160e-03
1.175000000000000000e+01 1.000610500925009916e+00 -2.098738640723797535e-03
1.177083333333333215e+01 9.964835639533540235e-01 -7.849143799639270213e-04
1.179166666666666607e+01 9.912499749172510866e-01 -4.290368381191118083e-04
1.181250000000000000e+01 9.957504840872021257e-01 1.995132404166748835e-03
1.183333333333333215e+01 9.974447284945477943e-01 1.721756641089765977e-03
1.185416666666666607e+01 1.003893129492466008e+00 1.484223982617834982e-03
1.187500000000000000e+01 1.010006005889573011e+00 1.079102809790302491e-03
1.189583333333333215e+01 1.006695387765049077e+00 -7.211559719605318240e-04
1.191666666666666607e+01 1.007297671123203786e+00 1.487387743996481781e-03
1.193750000000000000e+01 1.003344638176314474e+00 -9.133728205248588554e-04
1.195833333333333215e+01 9.989502032588282177e-01 -1.825318133834024194e-03
1.197916666666666607e+01 9.929830218735433700e-01 1.357139184470876336e-03
1.200000000000000000e+01 9.938177762288931127e-01 1.645170648604183652e-03
1.202083333333333215e+01 9.936658947769105854e-01 3.845904708629707680e-04
1.204166666666666607e+01 9.950804674129511973e-01 1.768326521177043765e-04
1.206250000000000000e+01 9.990651270890884561e-01 1.175405374717773330e-03
1.208333333333333215e+01 9.994149184240886941e-01 -1.464437796731864585e-03
1.210416666666666607e+01 1.006493248221485226e+00 -1.851113894843285342e-03
1.212500000000000000e+01 9.940086313483528224e-01 1.112652801429675009e-03
1.214583333333333215e+01 9.927324229075308315e-01 -5.647269204439957484e-04
1.216666666666666607e+01 9.957627721971665791e-01 2.021412828833879342e-03
1.218750000000000000e+01 9.979186136681719166e-01 -1.467126127739496952e-03
1.220833333333333215e+01 9.946043120852163799e-01 -1.973594134540821148e-03
1.222916666666666607e+01 9.982940553245119863e-01 -5.889609181016686092e-04
1.225000000000000000e+01 1.001393357647967219e+00 1.108025425073525102e-03
1.227083333333333215e+01 1.003300432162157696e+00 7.271637785864732513e-04
1.229166666666666607e+01 1.002598395790581076e+00 8.622300330150385822e-04
1.231250000000000000e+01 9.969569457190974315e-01 -1.269085888262367181e-03
1.233333333333333215e+01 9.977745935120037046e-01 -2.239784930295397880e-03
1.235416666666666607e+01 9.978943910837072551e-01 -2.334704928535064864e-04
1.237500000000000000e+01 9.995403902692050480e-01 -2.820183698900072234e-04
1.239583333333333215e+01 9.982793567295690229e-01 3.542457788912489096e-04
1.241666666666666607e+01 1.003431877788768745e+00 6.310136494853331749e-04
1.243750000000000000e+01 1.007398364100793531e+00 8.235540440041437494e-04
1.245833333333333215e+01 1.005738809034946835e+00 1.004980597048627921e-03
1.247916666666666607e+01 1.004797244535943657e+00 1.504293704021029488e-03
1.452083333333333215e+01 9.955722465692498080e-01 3.224233826998645414e-04
1.454166666666666607e+01 9.879157757759207126e-01 -1.120788720337222979e-03
1.456250000000000000e+01 9.929198125697028532e-01 2.713822346912996768e-04
1.458333333333333215e+01 9.958352433279789029e-01 4.264749289141354276e-04
1.460416666666666607e+01 9.915055504376208972e-01 -3.190859649014941390e-04
1.462500000000000000e+01 9.905296936374166084e-01 9.474068068581320947e-04
1.464583333333333215e+01 9.936899020677574246e-01 -1.930622259428972989e-03
1.466666666666666607e+01 9.934746019934287409e-01 4.861276985251301972e-04
1.468750000000000000e+01 9.933309491633925958e-01 -9.112533646350117443e-04
1.470833333333333215e+01 9.929456259655913275e-01 -8.936002369759360898e-04
1.472916666666666607e+01 9.966889226008009972e-01 -1.117728888326586460e-03
1.475000000000000000e+01 1.000846591180345246e+00 -1.403944988098288155e-03
1.477083333333333215e+01 1.001116063668037626e+00 -2.024888579586567837e-03
1.479166666666666607e+01 1.006269617895160673e+00 -1.554457034887399367e-03
1.481250000000000000e+01 1.005851099111670033e+00 2.386011070897617491e-05
1.483333333333333215e+01 1.002169183281496512e+00 9.184132478004276151e-04
1.485416666666666607e+01 1.003520607240617535e+00 5.271431622600801460e-04
1.487500000000000000e+01 9.958419718252778940e-01 2.041338352146410248e-04
1.489583333333333215e+01 9.915241107228505157e-01 2.608672432622094971e-04
1.491666666666666607e+01 9.898048850510291485e-01 3.538843896852880548e-04
1.493750000000000000e+01 9.890818009413302470e-01 1.945789430666580158e-04
1.495833333333333215e+01 9.907183289056441522e-01 7.841164073906622869e-04
1.497916666666666607e+01 9.932481796109541294e-01 8.518122045556897380e-04
1.500000000000000000e+01 9.958867570953228165e-01 -3.597005542977120746e-04
1.502083333333333215e+01 9.966261097441694305e-01 -3.404381482074467311e-04
1.504166666666666607e+01 9.882882008570996746e-01 6.371354425710322759e-04
1.506250000000000000e+01 9.912174404632362323e-01 8.931848717766674483e-04
1.508333333333333215e+01 9.917523767356156705e-01 1.268666892490452310e-03
1.510416666666666607e+01 9.926894013003993988e-01 1.002392826492264988e-03
1.512500000000000000e+01 1.000387916005012201e+00 -4.030292394328266535e-04
1.514583333333333215e+01 1.003471379534070396e+00 7.769261707596599332e-04
1.516666666666666607e+01 1.006483659375643436e+00 1.647679995717654363e-03
1.518750000000000000e+01 1.006587482124412958e+00 4.760550879850710196e-04
1.520833333333333215e+01 1.002122322081419936e+00 -8.010507799849509586e-04
1.522916666666666607e+01 9.959642719674091094e-01 1.954824101624198611e-03
1.525000000000000000e+01 9.960401815808490600e-01 4.500069184355249261e-04
1.527083333333333215e+01 9.955455656051225288e-01 6.943640945670702879e-05
1.529166666666666607e+01 1.001951400254977642e+00 -6.117322695860772340e-04
1.531250000000000000e+01 1.000525005350681118e+00 -1.032910455055300897e-03
1.533333333333333215e+01 1.001365719186286363e+00 8.989227380964092112e-04
1.535416666666666607e+01 1.000280071363714995e+00 4.169629604390067508e-04
1.537500000000000000e+01 1.002007387814873418e+00 -9.417312496219119129e-04
1.539583333333333215e+01 9.945101213514578875e-01 1.626443228642264179e-03
1.541666666666666607e+01 9.912005199869532435e-01 -7.653398624118449797e-05
1.543750000000000000e+01 9.874613177238101835e-01 3.982451312230561092e-04
1.545833333333333215e+01 9.890239527594243407e-01 -8.921493864265322244e-04
1.547916666666666607e+01 9.921827086246454153e-01 -4.783743772088410915e-04
1.550000000000000000e+01 9.978713334396833723e-01 -1.248633571583447751e-03
1.552083333333333215e+01 9.993550024801877152e-01 -5.967418271479357680e-05
1.554166666666666607e+01 9.967656344064522722e-01 -9.709728578620705917e-05
1.556250000000000000e+01 9.974461180772140612e-01 -5.096092608710754528e-04
1.558333333333333215e+01 9.908784618696060420e-01 -1.768804228008712511e-03
1.560416666666666607e+01 9.973664334309156887e-01 -5.497106455107279936e-05
1.562500000000000000e+01 9.971366150654310534e-01 -1.476325280800943815e-03
1.564583333333333215e+01 1.000541908792066392e+00 2.627774847027671348e-04
1.566666666666666607e+01 1.002816905217858379e+00 -1.453375882265056608e-03
1.568750000000000000e+01 1.006856528651580041e+00 -1.691388078462494147e-04
1.570833333333333215e+01 1.007479082347539023e+00 5.181842183809461230e-04
1.572916666666666607e+01 1.007363311524413385e+00 -1.333636777138064210e-03
1.575000000000000000e+01 1.003703827155242090e+00 2.668980403786697596e-04
1.577083333333333215e+01 9.999698042132336706e-01 2.060762441096140787e-03
1.579166666666666607e+01 9.965172812643902089e-01 -4.131065472177954351e-04
1.581250000000000000e+01 9.945194583597433136e-01 -1.188464804017845761e-03
1.583333333333333215e+01 9.924654845049276641e-01 -8.023320446887702642e-04
1.585416666666666607e+01 9.991077736349800453e-01 -3.569751536966390103e-04
1.587500000000000000e+01 1.000519504577904950e+00 -1.710063266412852664e-03
1.589583333333333215e+01 1.006267683717573913e+00 -1.269077179539452064e-03
1.591666666666666607e+01 1.000002664854881429e+00 -2.021495731853519299e-04
1.593750000000000000e+01 1.003009582934727417e+00 -3.753807717161444118e-04
1.595833333333333215e+01 1.000758855237324330e+00 -6.222971331638368995e-04
1.597916666666666607e+01 1.001724969898266648e+00 2.010780428622509653e-03
1.600000000000000000e+01 1.003248067261864440e+00 5.035590737676804351e-04
1.602083333333333215e+01 1.007642617096305981e+00 -8.059821575342204867e-04
1.604166666666666430e+01 1.009077953257520921e+00 -6.819946197336455894e-04
1.606250000000000000e+01 1.006833589535695905e+00 -8.767653303704448127e-04
1.608333333333333215e+01 1.005077189265829674e+00 -1.194705101900157265e-03
1.610416666666666430e+01 1.004402324952198278e+00 -1.284549530777504478e-03
1.612500000000000000e+01 1.003924949253599763e+00 -1.139545860961123846e-03
1.614583333333333215e+01 1.000885460563956997e+00 -2.393769977738739382e-03
1.616666666666666430e+01 9.968437853461126208e-01 1.625566898487543861e-03
1.618750000000000000e+01 9.975511338168929765e-01 1.254886074796459370e-03
1.620833333333333215e+01 9.981981873149690099e-01 -2.606524794269512394e-03
1.622916666666666430e+01 1.006458894556190975e+00 -3.649754102038490458e-04
1.625000000000000000e+01 1.005882347565515200e+00 -1.569653860632642473e-03
1.627083333333333215e+01 1.007348710895149324e+00 3.276601495887019027e-03
1.629166666666666430e+01 1.003203521568100776e+00 1.336853841908945380e-03
1.631250000000000000e+01 1.001420473034084990e+00 2.995511095729361793e-04
1.633333333333333215e+01 9.941165686733867135e-01 1.186858990514160763e-03
1.635416666666666430e+01 9.977534790619458915e-01 -5.851372325927559331e-04
1.637500000000000000e+01 9.986425824498107451e-01 5.481103855251295972e-04
1.639583333333333215e+01 1.001261491803355330e+00 -2.602498648291204971e-03
1.641666666666666430e+01 1.006601085024990683e+00 2.475268460098885726e-03
1.643750000000000000e+01 1.010175839931577224e+00 1.398004614616573348e-04
1.645833333333333215e+01 1.002672724083369493e+00 -1.239308232615037855e-03
1.647916666666666430e+01 1.005262210969349201e+00 -2.179205782645318376e-03
1.650000000000000000e+01 1.000974204102003995e+00 -4.962767936234201583e-04
1.652083333333333215e+01 9.988604728855958736e-01 -1.840511720332902454e-03
1.654166666666666430e+01 9.981174369162376658e-01 1.771627487313650381e-03
1.656250000000000000e+01 1.006635003117690275e+00 5.163132442597241157e-04
1.658333333333333215e+01 1.007937286081008077e+00 -1.501377325082126285e-03
1.660416666666666430e+01 1.013298723157545211e+00 -2.675128907378420900e-05
1.662500000000000000e+01 1.009603741373939156e+00 2.857497096903959866e-04
1.664583333333333215e+01 1.009020125445803773e+00 -2.876233947252145712e-04
1.666666666666666430e+01 1.010634536786664484e+00 5.808472413763117372e-04
1.668750000000000000e+01 1.005627542448280787e+00 7.757579469611633124e-04
1.670833333333333215e+01 9.950590039243566443e-01 -1.364778878176164901e-04
1.672916666666666430e+01 9.948889653144186163e-01 -4.263396681484082082e-04
1.675000000000000000e+01 1.005480240415599136e+00 -8.410032932412728418e-04
1.677083333333333215e+01 1.005808732508653769e+00 1.422325481819242381e-03
1.679166666666666430e+01 1.004775800869375679e+00 1.034981668222994871e-03
1.681250000000000000e+01 1.012134775470960868e+00 3.131678216170185203e-03
1.683333333333333215e+01 1.014443014776881702e+00 -1.908296979197918143e-03
1.685416666666666430e+01 1.007892678188047508e+00 -1.371290045839440857e-04
1.687500000000000000e+01 1.004753602475093821e+00 7.278805083821128594e-04
1.689583333333333215e+01 1.003823105748771427e+00 -1.092373981914824974e-04
1.691666666666666430e+01 1.004749149169023248e+00 4.537933995505249595e-04
1.693750000000000000e+01 1.001605751935494171e+00 -2.225621223345176231e-03
1.695833333333333215e+01 1.005468657848100689e+00 3.202831587963203140e-04
1.697916666666666430e+01 1.004297542390160336e+00 -1.460210697018713560e-03
1.700000000000000000e+01 1.002867675793698288e+00 9.072318377458052233e-04
1.702083333333333215e+01 9.947233493360412293e-01 -1.247389219199078166e-03
1.704166666666666430e+01 9.909313828052228601e-01 -5.267072933694476962e-05
1.706250000000000000e+01 9.776917641310471918e-01 -8.944204720545727771e-04
1.708333333333333215e+01 9.708245189446665924e-01 -6.558202626912799623e-04
1.710416666666666430e+01 9.673945086639395008e-01 -9.159946609892184906e-04
1.712500000000000000e+01 9.661611782268558768e-01 5.093265134350703337e-04
1.714583333333333215e+01 9.542457075625769836e-01 -6.832153453043535076e-04
1.716666666666666430e+01 9.498005557632395179e-01 8.050755118515381904e-04
1.718750000000000000e+01 9.356188281636733661e-01 1.759322786233836512e-03
1.720833333333333215e+01 9.186375984732261246e-01 -2.485424949576322596e-04
1.722916666666666430e+01 9.119991140444509981e-01 -1.792545438949415379e-04
1.725000000000000000e+01 8.991149215700896535e-01 -3.082219606718686333e-03
1.727083333333333215e+01 8.891152735825093023e-01 -1.260776711436857687e-03
1.729166666666666430e+01 8.805409419048917385e-01 -6.528960598462791145e-04
1.731250000000000000e+01 8.803858963098909474e-01 6.197225114815293990e-04
1.733333333333333215e+01 8.725175304464635184e-01 -1.297028653038664956e-04
1.735416666666666430e+01 8.625540710390384724e-01 1.147873783672192019e-03
1.737500000000000000e+01 8.575507549719227907e-01 -1.145906205382188825e-03
1.739583333333333215e+01 8.558534602893957954e-01 -1.602204861143531175e-05
1.741666666666666430e+01 8.505025243707400318e-01 -1.207428534819270224e-03
1.743750000000000000e+01 8.471818939055661968e-01 9.467522580024788966e-04
1.745833333333333215e+01 8.497386988437780619e-01 1.055481485413955193e-04
1.747916666666666430e+01 8.593084605381471341e-01 -7.761271666007170996e-04
1.750000000000000000e+01 8.625110635857669017e-01 3.837784033176022268e-04
1.752083333333333215e+01 8.713516770377764953e-01 3.836222265217488080e-04
1.754166666666666430e+01 8.776549051549015212e-01 -1.887315622644274767e-03
1.756250000000000000e+01 8.836232516171284024e-01 -5.243036202188872596e-04
1.758333333333333215e+01 8.871820125939963164e-01 1.876858774096281128e-03
1.760416666666666430e+01 8.910551395313718315e-01 -3.235170269316851800e-04
1.762500000000000000e+01 9.037272254668492488e-01 -6.234315403243186277e-04
1.764583333333333215e+01 9.133671258110853675e-01 -9.864148569936919862e-05
1.766666666666666430e+01 9.286850830477288987e-01 4.164112737649035907e-04
1.768750000000000000e+01 9.380725968372672918e-01 -2.033555587614934400e-03
1.770833333333333215e+01 9.475333269884530507e-01 -8.522559311616718621e-04
1.772916666666666430e+01 9.614078997585102648e-01 -1.772764226896854194e-03
1.775000000000000000e+01 9.679683280658453182e-01 7.252559806549614858e-04
1.777083333333333215e+01 9.750068217217602307e-01 -7.551580619921339967e-04
1.779166666666666430e+01 9.753720513871660946e-01 -2.951382720663100166e-03
1.781250000000000000e+01 9.850587839708402349e-01 6.847490555681621724e-04
1.783333333333333215e+01 9.874705643960495216e-01 1.176472253181266338e-03
1.785416666666666430e+01 9.929937484096261757e-01 -1.034935376217458076e-03
1.787500000000000000e+01 9.948838840687036500e-01 5.320788118581307007e-04
1.789583333333333215e+01 9.976356998058792946e-01 3.111223296709376778e-04
1.791666666666666430e+01 9.977099265455421362e-01 -8.407457694176872793e-04
1.793750000000000000e+01 9.966167170079719417e-01 -2.738036692928706175e-04
1.795833333333333215e+01 9.952278806527063981e-01 -2.554245387375821867e-04
1.797916666666666430e+01 9.965706220801805459e-01 8.183898878394890893e-04
1.800000000000000000e+01 9.918908269921921095e-01 -1.783926010277287833e-03
1.802083333333333215e+01 9.995277409437015592e-01 -1.570459310755626921e-03
1.804166666666666430e+01 1.000073956866841307e+00 -6.675350698295757135e-05
1.806250000000000000e+01 1.009028025711087295e+00 -1.834244860676906329e-03
1.808333333333333215e+01 1.012698262389191362e+00 -1.233800758466112465e-04
1.810416666666666430e+01 1.009106116989210600e+00 3.007036144061662305e-06
1.812500000000000000e+01 1.007649605778280444e+00 5.498278188597327532e-04
1.814583333333333215e+01 1.001929755759408680e+00 -7.899528427126334146e-04
1.816666666666666430e+01 9.934905051225636496e-01 8.423765862840174685e-04
1.818750000000000000e+01 9.963082820462056954e-01 -1.511341987461959263e-05
1.820833333333333215e+01 9.965362417399042938e-01 -2.078834633357733771e-03
1.822916666666666430e+01 9.972442483586352324e-01 -7.522057943252938392e-04
1.825000000000000000e+01 9.977966682268707421e-01 -6.871007782745441536e-04
1.827083333333333215e+01 1.001702407412350393e+00 -2.810553934249043068e-04
1.829166666666666430e+01 1.001947498397542047e+00 1.587034015116708420e-03
1.831250000000000000e+01 9.981265395180617395e-01 -1.173307699657783810e-04
1.833333333333333215e+01 9.941637999408203807e-01 -7.853967431539323808e-05
1.835416666666666430e+01 9.942707221872202350e-01 7.960976391529210779e-04
1.837500000000000000e+01 9.968950294389030686e-01 -1.440095380075855731e-03
1.839583333333333215e+01 1.004192097471328315e+00 -7.927116083367305790e-04
1.841666666666666430e+01 1.003037428991562896e+00 -2.504162015319381061e-03
1.843750000000000000e+01 1.005686451604939968e+00 -6.560640807250361244e-05
1.845833333333333215e+01 1.007284774852724940e+00 -4.850697404021284153e-04
1.847916666666666430e+01 1.005622992743692379e+00 1.711796353720571734e-03
1.850000000000000000e+01 1.000872538330650929e+00 1.897275478024438309e-03
1.852083333333333215e+01 1.003466281552627626e+00 -1.520544783505915721e-03
1.854166666666666430e+01 1.002991736049810623e+00 -2.474640440546544838e-04
1.856250000000000000e+01 1.007437652441512066e+00 -1.900839933335102001e-03
1.858333333333333215e+01 1.005449612302921736e+00 -9.872782785190492572e-04
1.860416666666666430e+01 1.009440088315515682e+00 -9.209702924698753715e-04
1.862500000000000000e+01 1.005611218797334727e+00 -4.674230663710016338e-03
1.864583333333333215e+01 1.004037803226379477e+00 2.926982344504941024e-04
1.866666666666666430e+01 1.005053866637398707e+00 1.000587438164779843e-04
1.868750000000000000e+01 9.943267290238476663e-01 -7.955741568330444453e-04
1.870833333333333215e+01 9.886185819047653700e-01 -7.492123329872469022e-04
1.872916666666666430e+01 9.970511399516345241e-01 1.368231060504407608e-03
1.875000000000000000e+01 9.962369355944694638e-01 2.791203511304505050e-04
1.877083333333333215e+01 9.935388189558024274e-01 5.139311288109567159e-04
1.879166666666666430e+01 1.002838538464922324e+00 -5.119369517055246625e-04
1.881250000000000000e+01 9.986939980993817523e-01 -2.841932444346252857e-04
1.883333333333333215e+01 9.981929502049980973e-01 1.552784148431125117e-04
1.885416666666666430e+01 9.999424012242701387e-01 -1.761344822001254689e-04
1.887500000000000000e+01 9.970479234076782271e-01 1.908104647567934482e-03
1.889583333333333215e+01 9.976636962887976967e-01 -7.208966007489483671e-04
1.891666666666666430e+01 1.006867247203195426e+00 -3.359575512593828773e-04
1.893750000000000000e+01 1.008632636377823966e+00 1.100576354815767073e-03
1.895833333333333215e+01 1.010803909248545907e+00 -2.149413175797730731e-03
1.897916666666666430e+01 1.017426037932157357e+00 3.448523211187432881e-04
1.900000000000000000e+01 1.011468583573966962e+00 6.319038503675870671e-04
1.902083333333333215e+01 1.012764206136859357e+00 -2.798375152724798601e-04
1.904166666666666430e+01 1.004152435841087154e+00 1.557478843875624271e-03
1.906250000000000000e+01 1.000223836351157747e+00 3.861058324429125928e-04
1.908333333333333215e+01 9.937411903561927939e-01 -2.391514671253273255e-04
1.910416666666666430e+01 9.971443351341487960e-01 -4.095545321392723872e-04
1.912500000000000000e+01 9.960068695995312194e-01 7.084360606597671448e-04
1.914583333333333215e+01 9.959740273845917313e-01 -1.213998570360639347e-03
1.916666666666666430e+01 9.976345462532080210e-01 6.870724027188138605e-04
1.918750000000000000e+01 1.001413001675675263e+00 3.024351432968154811e-04
1.920833333333333215e+01 9.994247283094412904e-01 6.453499928372983000e-04
1.922916666666666430e+01 9.997005889321333161e-01 -1.268560932253730332e-03
1.925000000000000000e+01 9.989309874142306978e-01 1.209909694276746289e-04
1.927083333333333215e+01 9.960563713060731628e-01 -7.076312994532963118e-06
1.929166666666666430e+01 1.006618304985186230e+00 2.309157560276469366e-03
1.931250000000000000e+01 1.004432340747886121e+00 -1.673445553714331840e-05
1.933333333333333215e+01 1.009396157184655918e+00 4.599202635343799207e-04
1.935416666666666430e+01 1.004725475405112256e+00 7.943341997146110070e-04
1.937500000000000000e+01 1.009310884520526752e+00 5.829097042235134325e-04
1.939583333333333215e+01 1.007480745313786841e+00 -1.962609143396563916e-04
1.941666666666666430e+01 1.000588605629389560e+00 -1.081061015176851877e-03
1.943750000000000000e+01 1.001946769284337346e+00 -3.678524969955142970e-04
1.945833333333333215e+01 1.002580561388811686e+00 4.460068782854564461e-04
1.947916666666666430e+01 1.007128630984073459e+00 8.047966498018364542e-04
1.950000000000000000e+01 1.004735922518560809e+00 -1.059100003504738268e-03
1.952083333333333215e+01 1.005592595665043998e+00 -2.579572931633512117e-03
1.954166666666666430e+01 1.004674355738290892e+00 -1.118601551480403978e-03
1.956250000000000000e+01 9.948653438187511355e-01 1.318290337310975332e-04
1.958333333333333215e+01 9.931196897899867704e-01 7.207591263861915128e-04
1.960416666666666430e+01 9.935346559328442906e-01 6.536519312953567975e-04
1.962500000000000000e+01 9.885488113408987809e-01 1.899034004464969375e-03
1.964583333333333215e+01 9.871876466560510766e-01 -1.228022750904733413e-03
1.966666666666666430e+01 9.941469403107480174e-01 -4.260724041407724060e-03
1.968750000000000000e+01 9.954711339755748511e-01 -9.796186364437258712e-04
1.970833333333333215e+01 9.975595629752048721e-01 1.392330403729829733e-03
1.972916666666666430e+01 9.973430267169767216e-01 -1.115667991629497790e-03
1.975000000000000000e+01 9.990782933696115142e-01 -1.019753377284284305e-03
1.977083333333333215e+01 9.938734083452243073e-01 1.531580473801745067e-03
1.979166666666666430e+01 1.000541867942806196e+00 8.219795354587845423e-04
1.981250000000000000e+01 1.002606677519957135e+00 -1.426422146830250755e-03
1.983333333333333215e+01 1.004166968856859299e+00 -1.289022082370577175e-04
1.985416666666666430e+01 1.007512859595803834e+00 -4.267614958521499238e-04
1.987500000000000000e+01 1.005468371128899419e+00 -9.507176940750644697e-04
1.989583333333333215e+01 1.005258184801433030e+00 -8.950045894444503603e-05
1.991666666666666430e+01 9.968795940532022559e-01 -1.270049573094075542e-03
1.993750000000000000e+01 9.950915096601502530e-01 5.612906918517426586e-04
1.995833333333333215e+01 9.937625781283166981e-01 -8.330725210018178825e-04
1.997916666666666430e+01 9.904737386583746250e-01 -1.226572479968035360e-03
2.000000000000000000e+01 9.902477348885497799e-01 -2.049659958412555598e-03
2.002083333333333215e+01 9.910555447803086615e-01 6.651488795284454716e-04
2.004166666666666430e+01 9.949607401491005199e-01 1.658439256661012589e-03
2.006250000000000000e+01 9.970707887378211787e-01 5.670884616808180695e-06
2.008333333333333215e+01 1.001499086845989650e+00 9.059597476968291648e-04
2.010416666666666430e+01 9.980690354377479423e-01 6.450270022289658753e-04
2.012500000000000000e+01 9.999103033297637166e-01 -4.047572513177222762e-04
2.014583333333333215e+01 9.966042628910717349e-01 -4.164263635489432423e-04
2.016666666666666430e+01 9.961976934594172217e-01 -1.873613915172132622e-03
2.018750000000000000e+01 9.983287305841083148e-01 5.448423329063045457e-04
2.020833333333333215e+01 9.989496053152667754e-01 1.692455095804117180e-04
2.022916666666666430e+01 1.001555538932572986e+00 9.923204417268188457e-04
2.025000000000000000e+01 1.006894547423533792e+00 2.620038993546259468e-03
2.027083333333333215e+01 1.003417122949747053e+00 -1.734698571101976920e-03
2.029166666666666430e+01 1.002636238639558641e+00 2.017110371598359198e-03
2.031250000000000000e+01 9.971532282247138612e-01 -1.130348849026218674e-03
2.033333333333333215e+01 9.994883411775301596e-01 -1.833527902792562222e-04
2.035416666666666430e+01 9.916246030210796869e-01 1.581085608967128546e-03
2.037500000000000000e+01 1.000502074553562215e+00 2.399513721222969187e-03
2.039583333333333215e+01 9.987920092982656151e-01 -3.517222459734213233e-04
2.041666666666666430e+01 1.004758313559304339e+00 1.043144938666176443e-03
2.043750000000000000e+01 1.002474865088677669e+00 5.357260164405891516e-05
2.045833333333333215e+01 9.994163508398786755e-01 2.905779907468928713e-04
2.047916666666666430e+01 9.942695319632074424e-01 1.381207535817091181e-03
2.050000000000000000e+01 9.923685668812837202e-01 -1.008187575009717157e-03
2.052083333333333215e+01 9.946689388063182369e-01 1.370939466433746499e-03
2.054166666666666430e+01 9.886564795242289705e-01 -1.348207412082259675e-04
2.056250000000000000e+01 9.935616227849630722e-01 7.416287074368156521e-04
2.058333333333333215e+01 9.980246608015221899e-01 -2.702891820426980927e-03
2.060416666666666430e+01 1.004148949441889371e+00 -6.312167051018287940e-04
2.062500000000000000e+01 1.000627156751560332e+00 4.706888583509291017e-04
2.064583333333333215e+01 1.004338839427338481e+00 1.301628007601306669e-04
2.066666666666666430e+01 1.002433101486472022e+00 9.367793270850348353e-04
2.068750000000000000e+01 1.000646307699522231e+00 1.491358538641150699e-03
2.070833333333333215e+01 9.979924221528847506e-01 1.555646571305597387e-03
2.072916666666666430e+01 9.988761503544534293e-01 2.047653774524963669e-03
2.075000000000000000e+01 1.003860367948074206e+00 -3.500053398495517332e-04
2.077083333333333215e+01 1.008165529962749218e+00 8.729997604984666721e-04
2.079166666666666430e+01 1.002320986529155356e+00 -3.467196369240556613e-03
2.081250000000000000e+01 1.000895323260250880e+00 1.034188628731274847e-03
2.083333333333333215e+01 9.969924689127405149e-01 1.862603897782319842e-03
2.085416666666666430e+01 9.938360414539281207e-01 2.145146607944043316e-03
2.087500000000000000e+01 9.947770837277970513e-01 2.707926023426570402e-04
2.089583333333333215e+01 9.955252368121251250e-01 1.633548874359092582e-03
2.091666666666666430e+01 9.972842974534583682e-01 4.638359667439888507e-04
2.093750000000000000e+01 1.000145469949409227e+00 -4.975930846164731752e-04
2.095833333333333215e+01 1.009168403003867676e+00 -2.824195840948849883e-04
2.097916666666666430e+01 1.008752844215594635e+00 1.120295066000113679e-03
2.100000000000000000e+01 1.005751134897080679e+00 -3.149224383652470417e-03
2.102083333333333215e+01 1.005965709689823351e+00 4.812141892861399213e-04
2.104166666666666430e+01 1.008011529662080186e+00 2.328016323573941105e-03
2.106250000000000000e+01 1.001133271764993005e+00 -3.998034184789157528e-04
2.108333333333333215e+01 1.000137588513494658e+00 6.183869509607334020e-04
2.110416666666666430e+01 1.001687606237474881e+00 1.296378794379495067e-03
2.112500000000000000e+01 1.008826768089715165e+00 -3.895361252064548558e-04
2.114583333333333215e+01 1.000775685066311427e+00 6.044878653228887705e-04
2.116666666666666430e+01 1.006170891030287118e+00 -8.996302685845781934e-04
2.118750000000000000e+01 1.003937464208384034e+00 8.249285779004129080e-04
2.120833333333333215e+01 1.002617779354454619e+00 -1.559488827229317314e-03
2.122916666666666430e+01 9.968244579579336184e-01 -1.497469652971081039e-03
2.125000000000000000e+01 1.005044076002244546e+00 1.180713151519358376e-03
2.127083333333333215e+01 1.001358122139363038e+00 1.818884420878438216e-03
2.129166666666666430e+01 1.003251108808047576e+00 -9.680942424781476593e-04
2.131250000000000000e+01 1.009366557740471793e+00 -6.261729785499093237e-04
2.133333333333333215e+01 1.008896431566070673e+00 -4.845370944381223064e-04
2.135416666666666430e+01 1.011068981360911723e+00 -1.038476404694372831e-03
2.137500000000000000e+01 1.005129912363573963e+00 1.037211950632143005e-03
2.139583333333333215e+01 1.006172372168686824e+00 -9.692432418029071819e-04
2.141666666666666430e+01 9.998221307405730229e-01 -4.601898128619748957e-04
2.143750000000000000e+01 1.002253782416537176e+00 -7.928115810672349464e-04
2.145833333333333215e+01 1.002893021162652110e+00 -2.279214737841875598e-03
2.147916666666666430e+01 1.003013589532403937e+00 -3.787051198630996571e-04
2.150000000000000000e+01 1.007292487235409428e+00 1.735321616087506487e-03
2.152083333333333215e+01 1.008425335480287233e+00 3.774282291302899018e-04
2.154166666666666430e+01 1.005389383744029752e+00 2.562806460945162186e-04
2.156250000000000000e+01 1.006661849845527090e+00 -1.909867775934186683e-04
2.158333333333333215e+01 9.999139081533939821e-01 1.223224930382237150e-03
2.160416666666666430e+01 9.992237816304855302e-01 -3.776546702702688663e-04
2.162500000000000000e+01 9.972844240852921649e-01 -7.365816009103708746e-04
2.164583333333333215e+01 1.005403656553777170e+00 -3.133382410033063153e-04
2.166666666666666430e+01 9.997863654838327063e-01 -2.512490481483982928e-03
2.168750000000000000e+01 1.009137564050801128e+00 1.981548511584418568e-03
2.170833333333333215e+01 1.009920256400608007e+00 -1.160183765760958944e-03
2.172916666666666430e+01 1.008835196815420776e+00 -1.137228923870923667e-03
2.175000000000000000e+01 1.007366745987719137e+00 1.284036421616403800e-03
2.177083333333333215e+01 1.002751162055482759e+00 -3.158097645379030066e-03
2.179166666666666430e+01 1.004391500288833727e+00 7.312832208096475828e-04
2.181250000000000000e+01 1.001396111959498514e+00 -6.556400100134814491e-04
2.183333333333333215e+01 1.009294942641072002e+00 2.535115061814096488e-03
2.185416666666666430e+01 1.011706359614181538e+00 2.375696374994991280e-03
2.187500000000000000e+01 1.014138373647497371e+00 -1.323002931651499426e-03
2.189583333333333215e+01 1.017699652610214667e+00 3.086389773312577748e-03
2.191666666666666430e+01 1.016547331405701193e+00 -4.918337150121150593e-04
2.193750000000000000e+01 1.012157357311484374e+00 1.373741637848435683e-03
2.195833333333333215e+01 1.006308538187056456e+00 2.027548426250564903e-03
2.197916666666666430e+01 9.967950601556664347e-01 -2.778003812083181326e-03
2.200000000000000000e+01 9.983676542385544472e-01 -8.505867044021535404e-04
2.202083333333333215e+01 1.002228571346277519e+00 -7.739475910399412541e-05
2.204166666666666430e+01 9.976247214189050139e-01 9.100122207716969044e-04
2.206250000000000000e+01 1.005338853437785174e+00 -5.641891991728163573e-04
2.208333333333333215e+01 1.005014023899948317e+00 4.168681155193193510e-04
2.210416666666666430e+01 1.004549371601222152e+00 -1.023596205070793344e-03
2.212500000000000000e+01 1.004679116278345052e+00 -6.604210859329762411e-04
2.214583333333333215e+01 1.000891015001500017e+00 -2.089074849923341567e-03
2.216666666666666430e+01 1.004759199420356408e+00 -1.492188900874541826e-03
2.218750000000000000e+01 1.006644613868700633e+00 1.073377862436211564e-03
2.220833333333333215e+01 1.010073012769795442e+00 1.181886830362237567e-03
2.222916666666666430e+01 1.008992753068125747e+00 -1.126120658744944212e-03
2.225000000000000000e+01 1.010647005551849942e+00 8.222380194072840317e-04
2.227083333333333215e+01 1.010131885697866938e+00 2.941766944013489080e-03
2.229166666666666430e+01 1.007354417762407417e+00 -1.523188563035847735e-03
2.231250000000000000e+01 1.007140150663732747e+00 -1.129257014489780381e-04
2.233333333333333215e+01 1.000240121996222253e+00 -9.992299642711053708e-04
2.235416666666666430e+01 9.954399834205203135e-01 2.729575518572743918e-03
2.237500000000000000e+01 1.001670423932573328e+00 -6.640324076240025327e-04
2.239583333333333215e+01 9.981612471659410124e-01 1.129052817030534771e-03
2.241666666666666430e+01 1.007073921656422844e+00 1.148844439285012873e-03
2.243750000000000000e+01 1.006140675392717787e+00 -5.560502582668758664e-04
2.245833333333333215e+01 1.002912465787401119e+00 -9.631452433014235995e-04
2.247916666666666430e+01 1.000360496095648699e+00 5.882068980572645930e-04
2.250000000000000000e+01 9.987116989313407078e-01 -1.234855140622678413e-03
2.252083333333333215e+01 9.942548475222292570e-01 -9.668184184704663262e-04
2.254166666666666430e+01 9.932524133269474698e-01 1.892897141076129016e-03
2.256250000000000000e+01 9.963929451818344107e-01 -1.115151481819501549e-04
2.258333333333333215e+01 9.987558620134967535e-01 2.884477050758988141e-04
2.260416666666666430e+01 1.010739580110382896e+00 5.242062540526810617e-04
2.262500000000000000e+01 1.004360749237534822e+00 1.383860255651940367e-03
2.264583333333333215e+01 1.009595472577798470e+00 1.320925974595926018e-03
2.266666666666666430e+01 1.002841472810831247e+00 1.109170398446195777e-03
2.268750000000000000e+01 1.002637088255200259e+00 1.197686100200467604e-03
2.270833333333333215e+01 9.961183644801299142e-01 1.361527338600565518e-03
2.272916666666666430e+01 1.001567886901621796e+00 -9.795038239232563119e-05
2.275000000000000000e+01 1.000624737520611873e+00 -5.981077829794857834e-04
2.277083333333333215e+01 1.009894252059747810e+00 3.079711792649584157e-03
2.279166666666666430e+01 1.005440463118630445e+00 2.319397464797308608e-06
2.281250000000000000e+01 1.002384262684621330e+00 -7.445506279132636665e-04
2.283333333333333215e+01 1.000267045997450754e+00 -9.581632179785313239e-04
2.285416666666666430e+01 9.952061343306788377e-01 -6.029508248693480840e-05
2.287500000000000000e+01 9.909884148871769272e-01 6.424071657076742574e-04
2.289583333333333215e+01 9.889755101822794714e-01 -1.232286923470370891e-03
2.291666666666666430e+01 9.898667585179218298e-01 4.762146156450042326e-05
2.293750000000000000e+01 9.886013833841692522e-01 1.095827065466825276e-03
2.295833333333333215e+01 9.932811484588663919e-01 3.528405784103903742e-04
2.297916666666666430e+01 9.959542505440660554e-01 3.008419824285224736e-04
2.300000000000000000e+01 9.937955355355770903e-01 -1.204794709931958406e-03
2.302083333333333215e+01 9.982138093870067674e-01 -1.507100201003488092e-03
2.304166666666666430e+01 9.990617238311088055e-01 -3.349208529098272359e-04
2.306250000000000000e+01 9.970889634207166230e-01 -1.080828629615381790e-03
2.308333333333333215e+01 9.971580848347152415e-01 3.112852991285927845e-04
2.310416666666666430e+01 1.003657977908059662e+00 -2.557237844263011029e-03
2.312500000000000000e+01 1.004621153146432633e+00 1.631104655110801247e-04
2.314583333333333215e+01 1.002832932640338903e+00 4.185266470731285426e-04
2.316666666666666430e+01 1.004367872321848987e+00 -2.802961757991362032e-03
2.318750000000000000e+01 1.000945972712245391e+00 -1.088083144192964315e-03
2.320833333333333215e+01 9.972667258769707388e-01 -2.792252050646815142e-04
2.322916666666666430e+01 9.974749831139453349e-01 5.579223180303401024e-04
2.325000000000000000e+01 9.899830951123054223e-01 8.853512032299283704e-04
2.327083333333333215e+01 9.928975723696890077e-01 -3.620676061809942228e-04
2.329166666666666430e+01 9.892622744198532603e-01 6.909846685765951382e-05
2.331250000000000000e+01 9.895868192488668225e-01 -1.376725947560951879e-03
2.333333333333333215e+01 9.975829571627579107e-01 1.588355212636164109e-04
2.335416666666666430e+01 9.981665787967817227e-01 -2.921514319065005808e-03
2.337500000000000000e+01 9.949730669477999667e-01 1.375707306846246647e-03
2.339583333333333215e+01 9.936652733008762839e-01 -1.557865372642349127e-03
2.341666666666666430e+01 9.894979539479288322e-01 8.858943696743893249e-04
2.343750000000000000e+01 9.913540455044440591e-01 -5.212118938180527149e-04
2.345833333333333215e+01 9.866375939522574745e-01 -5.874893579147211480e-04
2.347916666666666430e+01 1.000634752190962873e+00 -6.852953392607655757e-04
2.350000000000000000e+01 1.000891882911144837e+00 -8.282667921179460253e-04
2.352083333333333215e+01 1.002655859431415220e+00 -1.171981702989423725e-03
2.354166666666666430e+01 1.002657917956840450e+00 7.559148404333690570e-04
2.356250000000000000e+01 1.003523089622635922e+00 -3.316136722413511300e-03
2.358333333333333215e+01 1.001058426775388366e+00 1.016991156423718482e-04
2.360416666666666430e+01 1.001893824846283199e+00 2.152537352534468788e-04
2.362500000000000000e+01 9.975716841129887991e-01 -6.767566848711845410e-04
2.364583333333333215e+01 9.976349981524006427e-01 6.150459464257760104e-04
2.366666666666666430e+01 1.001707873705835361e+00 1.059576317741706868e-03
2.368750000000000000e+01 1.006776984754294890e+00 -1.401255374146174017e-03
2.370833333333333215e+01 1.001627189038174714e+00 1.020547377707984151e-03
2.372916666666666430e+01 9.973366514496418977e-01 -5.667867235286684060e-04
2.375000000000000000e+01 9.962117967831162213e-01 -8.885785270779868357e-04
2.377083333333333215e+01 9.942268721409300847e-01 -1.136055343409531461e-03
2.379166666666666430e+01 9.892861050497234743e-01 7.160875119364321735e-04
2.381250000000000000e+01 9.885471241236617468e-01 -1.256167077902381468e-03
2.383333333333333215e+01 9.935795940027947193e-01 1.367555280553591759e-03
2.385416666666666430e+01 9.939148248543577813e-01 -2.094872966110685169e-03
2.387500000000000000e+01 9.947860941143674696e-01 8.604617184898162270e-04
2.389583333333333215e+01 1.002977744445430641e+00 2.199097680863163764e-04
2.391666666666666430e+01 1.000486814018955117e+00 2.809615727232648999e-04
2.393750000000000000e+01 9.960680946754884024e-01 2.848565965840350791e-03
2.395833333333333215e+01 1.001891028743715051e+00 -1.420656226083802463e-03
2.397916666666666430e+01 1.002664000333020944e+00 -4.047968361940543794e-05
2.400000000000000000e+01 9.977409805333022907e-01 -2.103622651244040770e-03
2.402083333333333215e+01 1.001216902963283584e+00 1.942136457571680755e-03
2.404166666666666430e+01 1.006681580793219233e+00 7.369735095080691238e-04
2.406250000000000000e+01 1.004401748261643412e+00 1.503481216894174855e-04
2.408333333333333215e+01 1.006556459104296808e+00 1.462160326968606379e-04
2.410416666666666430e+01 1.001014817977314175e+00 5.579699599579394844e-04
2.412500000000000000e+01 9.978242250770861244e-01 -1.451281153769923022e-03
2.414583333333333215e+01 9.960318723329260049e-01 -1.051742837587929828e-03
2.416666666666666430e+01 9.953786388215551950e-01 1.823483152785758963e-03
2.418750000000000000e+01 9.976028060277211118e-01 -9.516914074629640374e-04
2.420833333333333215e+01 9.996621252213285791e-01 -1.324852486411774418e-03
2.422916666666666430e+01 1.006300437135238424e+00 4.565757844301830530e-04
2.425000000000000000e+01 1.003838442974898770e+00 -9.581181719103389277e-04
2.427083333333333215e+01 1.005654248023951647e+00 -8.130605164167783701e-04
2.429166666666666430e+01 1.001509016371146421e+00 4.888403025021115103e-04
2.431250000000000000e+01 1.002261032105132399e+00 1.223970829905506735e-03
2.433333333333333215e+01 1.000992227940967316e+00 -1.498087916083889245e-03
2.435416666666666430e+01 9.995124622146958071e-01 -1.620634886952056859e-03
2.437500000000000000e+01 1.004866677809107545e+00 1.468948345474872536e-03
2.439583333333333215e+01 1.003887206023670320e+00 -1.103132063638516056e-03
2.441666666666666430e+01 1.006827849113028917e+00 7.459124607770744242e-04
2.443750000000000000e+01 1.013102819696268142e+00 -1.784584451465154840e-03
2.445833333333333215e+01 1.012138279196581614e+00 1.815598830623562851e-03
2.447916666666666430e+01 1.008619513165140091e+00 1.127966888597975144e-03
2.450000000000000000e+01 1.006018507190084899e+00 1.055927974158160079e-03
2.452083333333333215e+01 1.005727828758250508e+00 2.077787659252325250e-03
2.454166666666666430e+01 1.010665364842427083e+00 -2.711599453769948919e-05
2.456250000000000000e+01 1.012236631696303402e+00 2.402299193466074208e-04
2.458333333333333215e+01 1.005907704938895142e+00 8.069669797609262509e-04
2.460416666666666430e+01 1.009860463440772849e+00 1.428540821909548078e-03
2.462500000000000000e+01 1.006021876978000718e+00 -1.459390407281389900e-03
2.464583333333333215e+01 1.005769513995858233e+00 4.428708956680102926e-05
2.466666666666666430e+01 1.000276262411631478e+00 1.551546317523565602e-03
2.468750000000000000e+01 9.954422265789227842e-01 1.493380383382415539e-03
2.470833333333333215e+01 9.956198360797477998e-01 4.039059247124734530e-04
2.472916666666666430e+01 1.004636787686867372e+00 5.225644973411722530e-04
2.475000000000000000e+01 9.994709217645646460e-01 5.327223772878854086e-04
2.477083333333333215e+01 1.008274220002889798e+00 -8.778027398862106850e-04
2.479166666666666430e+01 1.009707788407623763e+00 1.317341803845864415e-04
2.481250000000000000e+01 1.009663892534685914e+00 5.509678139462724413e-04
2.483333333333333215e+01 1.011858727408142755e+00 6.128148751460764203e-04
2.485416666666666430e+01 1.008390132497639868e+00 -1.810059977539848260e-03
2.487500000000000000e+01 1.004564594253448906e+00 -9.395683012992293815e-05
2.489583333333333215e+01 1.001495123624026373e+00 1.534620403206016313e-03
2.491666666666666430e+01 1.003245286397296265e+00 -1.757718830202037235e-03
2.493750000000000000e+01 1.006597680728739563e+00 1.792858997406987498e-04
2.495833333333333215e+01 1.008671773525259718e+00 -9.367772315844988306e-04
2.497916666666666430e+01 1.003149248863396403e+00 -2.423823336961445588e-03
2.500000000000000000e+01 1.005747714894069667e+00 2.143931288761887627e-03
2.502083333333333215e+01 1.000269964091915931e+00 -8.324692723114683656e-04
2.504166666666666430e+01 9.965962247364403837e-01 -5.052364234349343043e-04
2.506250000000000000e+01 1.001806200105096023e+00 4.199850957010837203e-04
2.508333333333333215e+01 1.000507975651848680e+00 1.230979803578613040e-03
2.510416666666666430e+01 1.006865827501258304e+00 -1.531500224573445869e-03
2.512500000000000000e+01 1.007793977675170760e+00 9.607571500761564890e-04
2.514583333333333215e+01 1.007816718310119875e+00 -6.622736363521583656e-04
2.516666666666666430e+01 1.014924620855039539e+00 -1.173215559890194559e-03
2.518750000000000000e+01 1.011852768289396076e+00 -1.502100804925167237e-03
2.520833333333333215e+01 1.000595097866968652e+00 1.823330712392378121e-03
2.522916666666666430e+01 1.001909842247132643e+00 7.639783877284374736e-04
2.525000000000000000e+01 1.000077722927027235e+00 -8.470810915224781436e-04
2.527083333333333215e+01 1.001720444856023295e+00 1.166766132614942969e-03
2.529166666666666430e+01 1.004506160044540408e+00 1.326829347398117507e-03
2.531250000000000000e+01 1.005479962098204005e+00 3.202760864216176186e-04
2.533333333333333215e+01 1.009880145751950398e+00 9.230872962142584780e-04
2.535416666666666430e+01 1.004746941515841874e+00 1.516396169145381445e-03
2.537500000000000000e+01 1.006300705367526582e+00 -9.817042192272256926e-04
2.539583333333333215e+01 1.006201397354651528e+00 1.806863197895886659e-03
2.541666666666666430e+01 1.001353947408051059e+00 -2.293970602505513573e-03
2.543750000000000000e+01 1.001057629946559668e+00 -5.057473833162073017e-04
2.545833333333333215e+01 1.000289470701603234e+00 9.249909805033656660e-04
2.547916666666666430e+01 1.005782086910646411e+00 -1.123685050811089846e-03
2.550000000000000000e+01 1.004678158131342425e+00 1.819826104524406140e-03
2.552083333333333215e+01 1.009150073457590668e+00 1.581293505077065078e-04
2.554166666666666430e+01 1.002980976600081675e+00 -1.085222285866172367e-03
2.556250000000000000e+01 1.005465249702518937e+00 -6.971731471748503549e-06
2.558333333333333215e+01 1.002290828239791320e+00 -1.483805175757129595e-04
2.560416666666666430e+01 9.957931409274587420e-01 -6.518726112870185715e-04
2.562500000000000000e+01 9.982275910061602087e-01 3.275672778988354163e-04
2.564583333333333215e+01 9.988228302295533156e-01 6.036418926790679566e-04
2.566666666666666430e+01 1.002274309170578803e+00 -2.019734889225806025e-04
2.568750000000000000e+01 1.000955119495488654e+00 2.255815288036083853e-04
2.570833333333333215e+01 1.004363566791435458e+00 -4.540980405110436858e-04
2.572916666666666430e+01 9.978477905997764630e-01 6.899607598321039073e-04
2.575000000000000000e+01 1.005313048136226683e+00 9.086249126187809135e-04
2.577083333333333215e+01 9.976705102942453607e-01 1.452067393727717124e-03
2.579166666666666430e+01 9.941257834271735039e-01 1.338085907650770874e-03
2.581250000000000000e+01 9.984825418921141615e-01 1.601304362885284330e-03
2.583333333333333215e+01 9.929239320586469297e-01 1.562873472966262505e-03
2.585416666666666430e+01 9.930614140195376249e-01 5.915423455269432074e-05
2.587500000000000000e+01 1.001765350128449361e+00 1.285944856632946021e-03
2.589583333333333215e+01 1.005272352370848221e+00 5.987929951703492397e-04
2.591666666666666430e+01 1.001294203866149868e+00 2.436345890216035353e-03
2.593750000000000000e+01 1.000620708518864976e+00 5.620190800585492816e-04
2.595833333333333215e+01 9.997636493936532531e-01 -1.863152633268207268e-03
2.597916666666666430e+01 9.994115671839410853e-01 -2.586284141234693605e-05
