0.000000000000000000e+00 1.006147091769183044e+00 -3.130754993307765491e-04
2.083333333333333218e-02 1.003223689366992355e+00 1.977283841655793489e-03
4.166666666666666435e-02 9.981503812471634873e-01 -3.798233188757555112e-05
6.250000000000000000e-02 9.896755993939524432e-01 -7.377306794497667667e-04
8.333333333333332871e-02 9.853761978008751532e-01 3.130339850572466513e-04
1.041666666666666574e-01 9.861970629265760513e-01 -1.855231295549367686e-03
1.250000000000000000e-01 9.990692102308444955e-01 -8.417482098199702278e-04
1.458333333333333148e-01 1.023014648578218999e+00 7.362384751703497437e-04
1.666666666666666574e-01 1.035915152653989368e+00 -1.794231599193640966e-03
1.875000000000000000e-01 1.038250664856638750e+00 2.335319399598819075e-03
2.083333333333333148e-01 1.034791479722467322e+00 2.332142580268903613e-04
2.291666666666666574e-01 9.993169837978770342e-01 1.397117764391624670e-03
2.500000000000000000e-01 9.769909701009260594e-01 1.806682498118609070e-04
2.708333333333333148e-01 9.602183604305161158e-01 1.007236514958565268e-03
2.916666666666666297e-01 9.591103935094912325e-01 -2.612841060001297629e-03
3.125000000000000000e-01 9.725649593736075404e-01 7.863191617689971281e-04
3.333333333333333148e-01 9.990124658335685082e-01 -4.015930942316210976e-04
3.541666666666666297e-01 1.024714395620578644e+00 3.436235557290796567e-03
3.750000000000000000e-01 1.035234876613032595e+00 2.849612282166978975e-04
3.958333333333333148e-01 1.032950047092936918e+00 -1.290852649186586534e-03
4.166666666666666297e-01 1.030146067977687929e+00 -6.717719867844149659e-04
4.375000000000000000e-01 1.020903836187793567e+00 -1.895671100846681514e-03
4.583333333333333148e-01 1.012858458609054768e+00 1.268482068698287757e-03
4.791666666666666297e-01 9.971695373330171641e-01 1.829847970748356813e-04
5.000000000000000000e-01 9.833265787586823459e-01 -5.054956060977497997e-04
5.208333333333332593e-01 9.699509043204064263e-01 -7.220289539205039953e-04
5.416666666666666297e-01 9.624963251039031498e-01 -5.602705827294375942e-04
5.625000000000000000e-01 9.620035519387775125e-01 7.965808123248189218e-04
5.833333333333332593e-01 9.779744114967178215e-01 -1.475792917225235944e-03
6.041666666666666297e-01 1.001769404268377794e+00 -1.852085218171587843e-04
6.250000000000000000e-01 1.028819313821668580e+00 4.739223921862543857e-04
6.458333333333332593e-01 1.050869281638916020e+00 -1.111183971085131323e-03
6.666666666666666297e-01 1.057516192454165171e+00 -2.337804148832374126e-04
6.875000000000000000e-01 1.041285428160822146e+00 1.824739164899673045e-04
7.083333333333332593e-01 1.009284362200168150e+00 7.509232121356211554e-04
7.291666666666666297e-01 9.798380205652444941e-01 6.762166359442512440e-04
7.500000000000000000e-01 9.582493410961395730e-01 1.235950684444886167e-03
7.708333333333332593e-01 9.548375089429663731e-01 -1.337974022769923771e-03
7.916666666666666297e-01 9.696584620806694144e-01 -1.499758896504077262e-03
8.125000000000000000e-01 9.918529932170062624e-01 1.356462016442190393e-03
8.333333333333332593e-01 1.008906710620082858e+00 6.651640317951953724e-04
8.541666666666666297e-01 1.015643234871100864e+00 -4.178753459579227433e-04
8.750000000000000000e-01 1.024367749991216936e+00 1.859557130550360850e-03
8.958333333333332593e-01 1.020937099257572811e+00 -1.495606344799657161e-03
9.166666666666666297e-01 1.021116248827840245e+00 2.314912389063410528e-03
9.375000000000000000e-01 1.015896272993244365e+00 -5.516078523847842488e-04
9.583333333333332593e-01 1.013128246473728344e+00 6.603818110601225241e-04
9.791666666666666297e-01 1.007316362081650318e+00 -3.555818255432736572e-04
1.000000000000000000e+00 9.948717682215464375e-01 1.352143820610943008e-03
1.020833333333333259e+00 9.826670837809324821e-01 1.791882424488628993e-03
1.041666666666666519e+00 9.714924307795346214e-01 7.818794525528763306e-05
1.062500000000000000e+00 9.729817840772211346e-01 -1.703805456467846887e-03
1.083333333333333259e+00 9.841423482389752841e-01 -2.705888678625911368e-04
1.104166666666666519e+00 9.991646471821452602e-01 7.510113039678354904e-04
1.125000000000000000e+00 1.014218935689104262e+00 -5.206379586389081734e-04
1.145833333333333259e+00 1.023890117482531670e+00 -3.732002285037244239e-04
1.166666666666666519e+00 1.017258493213259563e+00 6.261764400477988620e-04
1.187500000000000000e+00 1.018263168004281294e+00 -9.747615455758338460e-04
1.208333333333333259e+00 1.011548380200830044e+00 -9.626740050365551089e-04
1.229166666666666519e+00 1.005144354797055772e+00 -7.369503442522160313e-04
1.250000000000000000e+00 1.012222722166066902e+00 5.254171181210116979e-04
1.270833333333333259e+00 1.009895991185513653e+00 4.128847849229413404e-04
1.291666666666666519e+00 1.003349923850107794e+00 2.441606501089228082e-03
1.312500000000000000e+00 9.881201102658603297e-01 1.386565316601225248e-03
1.333333333333333259e+00 9.864656730579943744e-01 6.607587429954848307e-05
1.354166666666666519e+00 9.766554464481160824e-01 4.017012147383607415e-04
1.375000000000000000e+00 9.796219722043201239e-01 1.520415064503291601e-03
1.395833333333333259e+00 9.913478646880992118e-01 1.454034628105166718e-03
1.416666666666666519e+00 1.009560538952353426e+00 1.035284038277198065e-03
1.437500000000000000e+00 1.021041362525898943e+00 -2.442293517478661812e-03
1.458333333333333259e+00 1.021909999162810445e+00 1.985748597164893776e-03
1.479166666666666519e+00 1.010455620112697517e+00 -1.246883693226841444e-03
1.500000000000000000e+00 1.001371468832313649e+00 4.951110266847460030e-04
1.520833333333333259e+00 9.979242636615442974e-01 -6.133110124489107818e-04
1.541666666666666519e+00 9.988687509910126883e-01 -6.726173329926188587e-04
1.562500000000000000e+00 1.002565318013999507e+00 1.562614354586842023e-03
1.583333333333333259e+00 1.010842778576131584e+00 -1.243193204240824849e-03
1.604166666666666519e+00 1.007420564091796589e+00 -1.455812439779581146e-03
1.625000000000000000e+00 1.002216408141961779e+00 -7.467885518369870960e-04
1.645833333333333259e+00 9.936332313146567508e-01 -6.155253204851763877e-04
1.666666666666666519e+00 9.899475999197828724e-01 1.714032977174637096e-03
1.687500000000000000e+00 9.904006871094602760e-01 -2.297347973856918215e-03
1.708333333333333259e+00 1.002785819966971248e+00 -1.207765811662954696e-03
1.729166666666666519e+00 1.010840522380679563e+00 -6.296327847809741248e-04
1.750000000000000000e+00 1.017476742532787970e+00 3.894560684096637230e-04
1.770833333333333259e+00 1.013942289638252836e+00 -2.617487882346606532e-06
1.791666666666666519e+00 1.004335260866132007e+00 3.814605469604028290e-04
1.812500000000000000e+00 9.961016605404580115e-01 4.043547800795627384e-04
1.833333333333333259e+00 9.923124425111472524e-01 1.200203639950193262e-03
1.854166666666666519e+00 9.928992968778297401e-01 -4.866488825293632890e-04
1.875000000000000000e+00 9.930788772278252852e-01 -4.812703049076324320e-05
1.895833333333333259e+00 9.943749629552491864e-01 2.119287511922862796e-04
1.916666666666666519e+00 9.955452896319049172e-01 -9.681938938729817146e-04
1.937500000000000000e+00 9.891670570281582142e-01 -9.916145864026569383e-04
1.958333333333333259e+00 9.847564666571901881e-01 -1.176668216721215698e-03
1.979166666666666519e+00 1.000014927247830254e+00 -3.753649581451043470e-05
2.000000000000000000e+00 1.016099433357079196e+00 6.399980044176803266e-04
2.020833333333333037e+00 1.038487689437553652e+00 8.966029939648486116e-04
2.041666666666666519e+00 1.043784646598742816e+00 6.656180108819117818e-04
2.062500000000000000e+00 1.034629782910960305e+00 -1.596071454264963170e-04
2.083333333333333037e+00 1.017109730038743498e+00 2.434458216712733717e-03
2.104166666666666519e+00 9.858257077702341498e-01 -9.322020131795284627e-04
2.125000000000000000e+00 9.626735420232024332e-01 2.208374193499535332e-03
2.145833333333333037e+00 9.573587019857842106e-01 4.365266478183760517e-04
2.166666666666666519e+00 9.696693607870817688e-01 1.138744075563733566e-03
2.187500000000000000e+00 9.820467665606283925e-01 5.500881137492051733e-05
2.208333333333333037e+00 9.989157772880440378e-01 3.019860334090115786e-04
2.229166666666666519e+00 1.011110410486476319e+00 -4.843912270771436328e-04
2.250000000000000000e+00 1.000754934380382988e+00 -2.063251763195213077e-03
2.270833333333333037e+00 1.009322804948440622e+00 -4.512505939948151853e-04
2.291666666666666519e+00 1.013101624938371303e+00 -5.302600913254735052e-04
2.312500000000000000e+00 1.030480734380852192e+00 -1.105744585678282649e-03
2.333333333333333037e+00 1.044436013592771717e+00 -5.217391997147033796e-05
2.354166666666666519e+00 1.041828366279808238e+00 2.868289647232711431e-04
2.375000000000000000e+00 1.021782125018962262e+00 -1.058327616642049020e-03
2.395833333333333037e+00 9.937232513405683809e-01 8.841952142012493489e-04
2.416666666666666519e+00 9.658880773209411741e-01 1.504053284588564073e-04
2.437500000000000000e+00 9.556116794917187685e-01 6.437059678153588373e-04
2.458333333333333037e+00 9.590553143862312613e-01 1.673736991814319145e-03
2.479166666666666519e+00 9.917120007671077486e-01 1.173994368645997228e-03
2.500000000000000000e+00 1.010647270788012309e+00 -9.589422242362279558e-04
2.520833333333333037e+00 1.033156293530109071e+00 9.427103442172591122e-04
2.541666666666666519e+00 1.035851483237622661e+00 1.984692107008356309e-03
2.562500000000000000e+00 1.018190646830019253e+00 -6.967050712335451498e-04
2.583333333333333037e+00 9.938273620612551040e-01 8.819213443699078355e-04
2.604166666666666519e+00 9.838615133119460454e-01 -2.202820311453220718e-03
2.625000000000000000e+00 9.909160628583317809e-01 1.283797253420202941e-03
2.645833333333333037e+00 9.941380046341552479e-01 5.986974264374047335e-04
2.666666666666666519e+00 1.009284654825582717e+00 2.103772216534524912e-04
2.687500000000000000e+00 1.009194077273450008e+00 1.724977112921969018e-03
2.708333333333333037e+00 1.003492868035492425e+00 2.420197283583623397e-04
2.729166666666666519e+00 1.000139318358401974e+00 1.835087255526199378e-03
2.750000000000000000e+00 9.953281241747226060e-01 4.623894791365360099e-04
2.770833333333333037e+00 1.005370319396087675e+00 1.149015219826205391e-03
2.791666666666666519e+00 1.021377672224488053e+00 -4.628292530273321018e-04
2.812500000000000000e+00 1.028536389889942226e+00 -1.038516961738761074e-03
2.833333333333333037e+00 1.024838310789584650e+00 2.224602596694482456e-03
2.854166666666666519e+00 1.011657374312373125e+00 2.725763926736936510e-04
2.875000000000000000e+00 9.978046466544276960e-01 -4.387241364063139610e-04
2.895833333333333037e+00 9.765931445377509235e-01 1.859543958490596531e-03
2.916666666666666519e+00 9.668190675717853733e-01 -7.568819422423077705e-04
2.937500000000000000e+00 9.696143237133366677e-01 -2.344001535180520088e-04
2.958333333333333037e+00 9.805323550357936124e-01 6.452059248853335080e-04
2.979166666666666519e+00 1.000573241179972817e+00 1.666153948234251234e-04
3.000000000000000000e+00 1.012298669672666795e+00 5.379047471042744605e-04
3.020833333333333037e+00 1.018592567793316750e+00 -9.193983545510286005e-04
3.041666666666666519e+00 1.014543358516919014e+00 -1.754844179949041323e-03
3.062500000000000000e+00 1.011132479082138991e+00 -2.317724002350496273e-03
3.083333333333333037e+00 1.011893496715572605e+00 -9.923387236294585988e-04
3.104166666666666519e+00 1.011493569075113896e+00 1.631513400839812531e-03
3.125000000000000000e+00 1.012961857131448484e+00 -1.330503633822731086e-03
3.145833333333333037e+00 1.011704914652580944e+00 1.165192125720725070e-03
3.166666666666666519e+00 1.009870339671453454e+00 -1.374795350339842260e-03
3.187500000000000000e+00 9.983530427231589455e-01 3.154748546754814110e-05
3.208333333333333037e+00 9.912810455023165490e-01 6.835610807305840661e-04
3.229166666666666519e+00 9.892433680243488681e-01 5.497403176587857283e-04
3.250000000000000000e+00 9.929481848896236640e-01 1.366757327729001400e-03
3.270833333333333037e+00 1.000078544158697680e+00 -5.569035954507582306e-04
3.291666666666666519e+00 1.002902396682450181e+00 1.826558176166962627e-04
3.312500000000000000e+00 9.972493542147864432e-01 -1.225590729336390470e-03
3.333333333333333037e+00 9.904734614202829190e-01 -1.076020727170739436e-03
3.354166666666666519e+00 9.958082368584697530e-01 -2.402061149940128496e-03
3.375000000000000000e+00 9.995180790144977401e-01 -4.207195119599438479e-04
3.395833333333333037e+00 9.981202194706080277e-01 9.989436597774483534e-04
3.416666666666666519e+00 1.004617648100542437e+00 -3.384947152824728479e-04
3.437500000000000000e+00 1.006135586848383223e+00 -9.665353941748500155e-04
3.458333333333333037e+00 1.000109034258548357e+00 -2.236834785774572624e-03
3.479166666666666519e+00 1.006013523095649731e+00 -8.910407684242381467e-04
3.500000000000000000e+00 1.005654542155415943e+00 2.512406628718272120e-04
3.520833333333333037e+00 1.010897715310126843e+00 6.881216769433393630e-04
3.541666666666666519e+00 1.017865693056840826e+00 4.856234290333595886e-04
3.562500000000000000e+00 1.025682693141802382e+00 -1.373255282491724332e-03
3.583333333333333037e+00 1.028933388015806472e+00 -1.399754106431904755e-03
3.604166666666666519e+00 1.008930434736287296e+00 1.493700241613221333e-03
3.625000000000000000e+00 9.882965614608087979e-01 -8.458545469151350837e-04
3.645833333333333037e+00 9.632576734485905900e-01 1.114507338384496463e-03
3.666666666666666519e+00 9.613420295595443976e-01 -1.172548485760531011e-03
3.687500000000000000e+00 9.654668609981208460e-01 1.903518528795705451e-03
3.708333333333333037e+00 9.889573203635229071e-01 1.904401209617614943e-03
3.729166666666666519e+00 1.008812928891880567e+00 9.058164725371962642e-04
3.750000000000000000e+00 1.021746066946814135e+00 2.875680394576431349e-04
3.770833333333333037e+00 1.015754822071236685e+00 1.883678308608609762e-03
3.791666666666666519e+00 1.007116443576228093e+00 -7.148787119738370457e-04
3.812500000000000000e+00 9.955913592680563085e-01 3.225474397488647097e-05
3.833333333333333037e+00 9.944162345904474787e-01 1.487343845900265761e-05
3.854166666666666519e+00 1.006023402729365523e+00 1.515630234046958045e-03
3.875000000000000000e+00 1.018713406789594433e+00 2.061166907586673910e-03
3.895833333333333037e+00 1.026053012379105400e+00 1.739531715743421886e-03
3.916666666666666519e+00 1.029464504659689084e+00 -7.039531905599852183e-04
3.937500000000000000e+00 1.009189061119898589e+00 7.655186253643000830e-05
3.958333333333333037e+00 9.859438936373915441e-01 -8.005306336766186996e-04
3.979166666666666519e+00 9.716090964240187144e-01 -7.740422341702239695e-04
4.000000000000000000e+00 9.619111404980384972e-01 -1.148634638128186083e-03
4.020833333333333037e+00 9.756218524704588502e-01 2.959400598075987224e-04
4.041666666666666075e+00 9.946102531943180614e-01 -1.170777230826718134e-04
4.062500000000000000e+00 1.009293284783420397e+00 6.784037266981442086e-04
4.083333333333333037e+00 1.017346604226428974e+00 1.411683923865041492e-03
4.104166666666666075e+00 1.012569040422230504e+00 2.847944208109871823e-04
4.125000000000000000e+00 1.000841653586668434e+00 2.281004097784037428e-04
4.145833333333333037e+00 9.940161820136532711e-01 4.275963278739886779e-04
4.166666666666666075e+00 9.978808884636792831e-01 6.622793833105772548e-05
4.187500000000000000e+00 1.010129214837704126e+00 -1.871781242372762798e-03
4.208333333333333037e+00 1.017386652008924974e+00 -1.628454781606604408e-03
4.229166666666666075e+00 1.023070851512884571e+00 -3.536789868376718658e-04
4.250000000000000000e+00 1.014567318765758897e+00 -2.624072733895830688e-03
4.270833333333333037e+00 9.933769072660929567e-01 -1.689932635907439717e-04
4.291666666666666075e+00 9.819331979006969968e-01 4.308286309670183957e-04
4.312500000000000000e+00 9.805556495803368078e-01 -9.543255149618762095e-04
4.333333333333333037e+00 9.959284916246139430e-01 8.329788676002960286e-04
4.354166666666666075e+00 1.012704188263505944e+00 -8.646392130483099509e-04
4.375000000000000000e+00 1.024773378645415400e+00 -1.636465969807177848e-03
4.395833333333333037e+00 1.028829874955076162e+00 -1.065751671594242439e-03
4.416666666666666075e+00 1.013346235859747591e+00 3.383090666306013349e-04
4.437500000000000000e+00 9.921478335051435726e-01 1.622175199758489920e-03
4.458333333333333037e+00 9.797221501781231412e-01 -1.059312825358199291e-03
4.479166666666666075e+00 9.742629520070429372e-01 1.851284660259752820e-03
4.500000000000000000e+00 9.857484363433005603e-01 6.937090356624964291e-04
4.520833333333333037e+00 9.959275942018013250e-01 -1.440857888665131965e-03
4.541666666666666075e+00 1.012877925906421117e+00 9.772765456131486412e-04
4.562500000000000000e+00 1.020957887558709754e+00 -9.616538988407399868e-05
4.583333333333333037e+00 1.011785388786807127e+00 -1.731753478592440085e-04
4.604166666666666075e+00 1.005094203152653076e+00 -1.576723537949519275e-03
4.625000000000000000e+00 9.913241069523937021e-01 1.697509159627826406e-03
4.645833333333333037e+00 9.900468880434585284e-01 -1.562950172517927477e-03
4.666666666666666075e+00 9.970095586902814055e-01 2.373297921650839538e-04
4.687500000000000000e+00 1.002069031807901744e+00 1.861012684370537396e-04
4.708333333333333037e+00 1.006520429682008055e+00 -1.342933242947990215e-03
4.729166666666666075e+00 1.016010468894982033e+00 -3.669452918220362939e-04
4.750000000000000000e+00 1.019987780387848320e+00 2.633366579842181913e-04
4.770833333333333037e+00 1.018573681601231185e+00 -2.586420841771448634e-04
4.791666666666666075e+00 1.011408487278049328e+00 -1.126715812292088115e-03
4.812500000000000000e+00 1.004827437571430115e+00 1.604790932636067640e-04
4.833333333333333037e+00 9.943031669731340338e-01 2.052267614959807883e-03
4.854166666666666075e+00 9.870133370715219456e-01 1.161546680549878450e-03
4.875000000000000000e+00 9.745714618066729784e-01 -1.426928351419587924e-03
4.895833333333333037e+00 9.704298404293083546e-01 -1.272787891871021097e-03
4.916666666666666075e+00 9.800039131580052798e-01 1.547062014339563698e-03
4.937500000000000000e+00 9.959634269732173806e-01 -2.264651364366674757e-03
4.958333333333333037e+00 1.010516621840661378e+00 -4.252329966965341136e-04
4.979166666666666075e+00 1.026102193540320062e+00 1.845277248465211606e-04
5.000000000000000000e+00 1.025253550274350278e+00 -9.619890702851023991e-04
5.020833333333333037e+00 1.023253167168449052e+00 1.637373389920209529e-03
5.041666666666666075e+00 1.015819149960156320e+00 -3.941024009722229968e-04
5.062500000000000000e+00 1.014275298104405865e+00 1.051856986600681245e-03
5.083333333333333037e+00 1.007885721748406738e+00 6.778052186583551682e-04
5.104166666666666075e+00 1.011282828072668449e+00 -4.528847729143843735e-04
5.125000000000000000e+00 9.973885680031344680e-01 1.460866559302764160e-03
5.145833333333333037e+00 9.903079792110648372e-01 1.469961030631116231e-03
5.166666666666666075e+00 9.719064428886957652e-01 1.532781185443908047e-03
5.187500000000000000e+00 9.649638078783275841e-01 -8.923300121413881448e-04
5.208333333333333037e+00 9.704618724482353409e-01 1.465843305099276232e-03
5.229166666666666075e+00 9.898167497558465477e-01 9.151816190863145935e-04
5.250000000000000000e+00 1.013453045146081699e+00 9.223875877335032400e-04
5.270833333333333037e+00 1.028507786445677308e+00 7.935831157215477360e-04
5.291666666666666075e+00 1.039920016258948587e+00 -3.804346950130537515e-04
5.312500000000000000e+00 1.038680313479980022e+00 1.898910645985739257e-03
5.333333333333333037e+00 1.019263187077119825e+00 -9.347978907905649159e-04
5.354166666666666075e+00 9.978266587804101029e-01 -1.320799254071561854e-03
5.375000000000000000e+00 9.813887857922494184e-01 1.827153892169360288e-03
5.395833333333333037e+00 9.735179465544707700e-01 -2.245290904433485182e-03
5.416666666666666075e+00 9.841117080318227961e-01 -1.938442369337478317e-04
5.437500000000000000e+00 9.902135961200195791e-01 4.159507606299507891e-04
5.458333333333333037e+00 1.003788987313881220e+00 6.354273201129279590e-04
5.479166666666666075e+00 1.003464546132865065e+00 5.407732298830346266e-04
5.500000000000000000e+00 1.001537991904993596e+00 1.180237770766993195e-03
5.520833333333333037e+00 9.999095888308233704e-01 -1.560432517096721451e-04
5.541666666666666075e+00 1.006889530982329806e+00 -6.979031606326134823e-04
5.562500000000000000e+00 1.020681291849065975e+00 -1.130814277716996052e-03
5.583333333333333037e+00 1.023752997661701913e+00 -1.593741285892408353e-03
5.604166666666666075e+00 1.025908816166016591e+00 -1.701364227185872243e-03
5.625000000000000000e+00 1.016364949115546201e+00 -3.400944421300533017e-03
5.645833333333333037e+00 9.954825617083590261e-01 -6.838173360804993971e-05
5.666666666666666075e+00 9.799766925509029170e-01 1.067802355624078436e-03
5.687500000000000000e+00 9.705998040466664589e-01 -2.306038160481077483e-03
5.708333333333333037e+00 9.657712548417006770e-01 1.165391392007592182e-03
5.729166666666666075e+00 9.823140395242121459e-01 6.166889179677216950e-04
5.750000000000000000e+00 9.996244606610696914e-01 -4.610738283749883908e-04
5.770833333333333037e+00 1.016344929225078353e+00 1.243526399427052421e-03
5.791666666666666075e+00 1.027185813875429066e+00 -1.431179664213969071e-03
5.812500000000000000e+00 1.026069657581575312e+00 -1.506213672353773955e-03
5.833333333333333037e+00 1.023759115028568978e+00 -1.009320202346948488e-04
5.854166666666666075e+00 1.011402726252038198e+00 -3.723118987238057775e-04
5.875000000000000000e+00 1.005603105824151688e+00 -1.254858908971902927e-03
5.895833333333333037e+00 1.000867448472905652e+00 -1.257031668458998041e-03
5.916666666666666075e+00 9.983548103213025771e-01 1.162005597607851468e-03
5.937500000000000000e+00 9.936513358423142428e-01 3.509138760525455083e-04
5.958333333333333037e+00 9.839782966758979788e-01 -8.082490972829143965e-04
5.979166666666666075e+00 9.834316547118557850e-01 4.680908810832686267e-04
6.000000000000000000e+00 9.828383170608228081e-01 2.621676677036741425e-04
6.020833333333333037e+00 9.899743649220180686e-01 6.226135190248273995e-04
6.041666666666666075e+00 9.986010990437822477e-01 -5.222874710603293158e-05
6.062500000000000000e+00 1.008804838619353772e+00 3.461264353164559908e-04
6.083333333333333037e+00 1.020850806949030520e+00 -2.714586469452343054e-03
6.104166666666666075e+00 1.023459939954542541e+00 -9.730735209062872605e-04
6.125000000000000000e+00 1.024918397660255831e+00 2.456377103682704931e-04
6.145833333333333037e+00 1.010997092453209234e+00 4.665671448400011381e-04
6.166666666666666075e+00 9.991644793037379735e-01 -8.667605327066324429e-04
6.187500000000000000e+00 9.897927196955871310e-01 1.220682287690457671e-03
6.208333333333333037e+00 9.811858297924139771e-01 1.006141493608612211e-03
6.229166666666666075e+00 9.799374456827020241e-01 -3.370079938445268109e-05
6.250000000000000000e+00 9.905607081226845967e-01 -1.073193702842029432e-03
6.270833333333333037e+00 1.003473748601731552e+00 -3.455018371048975637e-04
6.291666666666666075e+00 1.009202567473148848e+00 6.585457307300854541e-04
6.312500000000000000e+00 1.008361574521880577e+00 -2.121403503655004859e-03
6.333333333333333037e+00 1.011549452079662847e+00 1.310264335611290498e-03
6.354166666666666075e+00 1.003301620734114552e+00 -8.918610693686654118e-04
6.375000000000000000e+00 9.978093309751046025e-01 6.111126076075479611e-04
6.395833333333333037e+00 9.928486146246908728e-01 -2.123896533411470926e-03
6.416666666666666075e+00 9.964362326948101867e-01 1.449012499137281593e-03
6.437500000000000000e+00 1.006690001444957128e+00 -8.243787629452828652e-04
6.458333333333333037e+00 1.017626166668422094e+00 -3.097703044081939207e-04
6.479166666666666075e+00 1.027522759173383093e+00 6.904943123182767564e-04
6.500000000000000000e+00 1.025772930370536073e+00 -1.112662507551046486e-03
6.520833333333333037e+00 1.021628626125030692e+00 -2.312505195135169597e-04
6.541666666666666075e+00 1.008572741720932475e+00 1.365752994399405075e-03
6.562500000000000000e+00 9.895283908537193529e-01 -1.414010042831799409e-04
6.583333333333333037e+00 9.654405672507546665e-01 1.221419399373439765e-03
6.604166666666666075e+00 9.578487832985929096e-01 -2.527489231343790430e-03
6.625000000000000000e+00 9.677946832785169207e-01 -1.543779468200123101e-03
6.645833333333333037e+00 9.815952983461641024e-01 -2.271887100478859819e-03
6.666666666666666075e+00 1.007371892631593546e+00 -1.456307401238960894e-03
6.687500000000000000e+00 1.028038475623725967e+00 -1.251884558389187736e-03
6.708333333333333037e+00 1.041703459930214626e+00 -4.099525407250466960e-05
6.729166666666666075e+00 1.039514495782546843e+00 -1.971883144380667374e-03
6.750000000000000000e+00 1.030337190901654099e+00 1.205046199570191355e-04
6.770833333333333037e+00 1.018204636503559746e+00 5.034222294541839575e-04
6.791666666666666075e+00 1.005920527441319212e+00 9.017484973323059393e-04
6.812500000000000000e+00 9.965595145172146951e-01 5.313265392691056497e-04
6.833333333333333037e+00 9.879572455934008124e-01 -2.181768793428892628e-03
6.854166666666666075e+00 9.850678226149652827e-01 1.024450199040205154e-04
6.875000000000000000e+00 9.823628774101238470e-01 3.414617417203762964e-04
6.895833333333333037e+00 9.834501059395635014e-01 -7.493751065391550349e-04
6.916666666666666075e+00 9.829453131199047400e-01 8.393923298246414510e-04
6.937500000000000000e+00 9.776886382575671330e-01 -1.757471479218032911e-03
6.958333333333333037e+00 9.855989965627689475e-01 -6.620143577300786810e-04
6.979166666666666075e+00 9.992314498957841629e-01 -1.415669104236254869e-03
7.000000000000000000e+00 1.006131176897099078e+00 1.118649270938760565e-03
7.020833333333333037e+00 1.020007367416539301e+00 -5.346578415933369178e-04
7.041666666666666075e+00 1.029440197526590994e+00 9.991659060080081926e-04
7.062500000000000000e+00 1.034731756390395496e+00 5.470322212919835744e-04
7.083333333333333037e+00 1.031684786386633634e+00 1.885674405196038125e-03
7.104166666666666075e+00 1.026905311065115622e+00 3.058664106540513392e-03
7.125000000000000000e+00 1.020915482160721366e+00 -7.836989560929824442e-04
7.145833333333333037e+00 1.006847696658872415e+00 1.496561336615265269e-04
7.166666666666666075e+00 9.904461874998689019e-01 2.206124229166528915e-03
7.187500000000000000e+00 9.760814642176737221e-01 -1.218667192333244267e-03
7.208333333333333037e+00 9.687708903897473967e-01 7.152703539590396509e-04
7.229166666666666075e+00 9.686389877760505085e-01 8.473298473991942902e-04
7.250000000000000000e+00 9.747716930061760543e-01 -6.546256702430887191e-04
7.270833333333333037e+00 9.931662961409165602e-01 1.477394846765809309e-03
7.291666666666666075e+00 1.001500180693199571e+00 -1.756434183374169008e-03
7.312500000000000000e+00 1.016618996980904299e+00 -8.482023037713103467e-04
7.333333333333333037e+00 1.018807483001991088e+00 6.921881053525961612e-04
7.354166666666666075e+00 1.017407790956921687e+00 -3.024558190128381571e-04
7.375000000000000000e+00 1.013901857861691402e+00 -3.768057244769269852e-04
7.395833333333333037e+00 1.010297492409231168e+00 -1.412576803073874133e-03
7.416666666666666075e+00 1.011794107291942746e+00 5.559484855681590424e-04
7.437500000000000000e+00 1.018288123550037616e+00 5.793783533682865311e-04
7.458333333333333037e+00 1.014394551030430858e+00 -1.400399594293220192e-04
7.479166666666666075e+00 1.018275323073459138e+00 1.050613123446807401e-03
7.500000000000000000e+00 1.006659027189304112e+00 2.129280509094115276e-03
7.520833333333333037e+00 9.926801075731814805e-01 -2.137518108511981228e-04
7.541666666666666075e+00 9.786594840238083126e-01 -1.469333638046274853e-03
7.562500000000000000e+00 9.742876193385556771e-01 -1.709333626100619863e-03
7.583333333333333037e+00 9.744091025918965032e-01 -5.222784865766402426e-04
7.604166666666666075e+00 9.829228283223743201e-01 -1.630605996237749879e-03
7.625000000000000000e+00 9.978036400500873704e-01 -8.965773796058414081e-04
7.645833333333333037e+00 1.007156755596030573e+00 2.231405159037539159e-04
7.666666666666666075e+00 1.023793865260190561e+00 -8.191118975261168752e-04
7.687500000000000000e+00 1.020252697708084355e+00 5.431837777294052164e-04
7.708333333333333037e+00 1.026128507423509584e+00 -1.128804675547642310e-03
7.729166666666666075e+00 1.019413702648729991e+00 8.263464805800120301e-04
7.750000000000000000e+00 1.014477296443739629e+00 2.087443053921742963e-03
7.770833333333333037e+00 1.010236247132870302e+00 9.872991632446511626e-04
7.791666666666666075e+00 9.923599359214321236e-01 -6.017927441388490383e-04
7.812500000000000000e+00 9.882718764323061844e-01 6.228339393011970895e-04
7.833333333333333037e+00 9.870399138035537145e-01 -1.454434097680956043e-04
7.854166666666666075e+00 9.781389160001380256e-01 -5.193615143190105339e-04
7.875000000000000000e+00 9.841153370297885949e-01 -3.587040728931452415e-04
7.895833333333333037e+00 9.923991213208839257e-01 3.815107009480070465e-04
7.916666666666666075e+00 1.002768072151045686e+00 1.768723078431000070e-04
7.937500000000000000e+00 1.014347643784647035e+00 -2.262051751387750579e-04
7.958333333333333037e+00 1.023431576656727238e+00 -7.729162157386902697e-04
7.979166666666666075e+00 1.031189496397423744e+00 1.750728949560283708e-03
8.000000000000000000e+00 1.026217140221647117e+00 -1.102201518111637632e-04
8.020833333333332149e+00 1.015982319887529517e+00 9.103900131501987741e-04
8.041666666666666075e+00 1.007790157472901349e+00 -2.166587741265242530e-03
8.062500000000000000e+00 9.868554585714025551e-01 -3.831875477340214984e-04
8.083333333333332149e+00 9.767871554447054017e-01 6.837797749165365653e-04
8.104166666666666075e+00 9.664916577933815311e-01 -1.384430717824092346e-03
8.125000000000000000e+00 9.699663795294845015e-01 7.048795082910044993e-04
8.145833333333332149e+00 9.782512311957769491e-01 9.616314202301705491e-04
8.166666666666666075e+00 1.001171103445324340e+00 -1.003791592839290000e-03
8.187500000000000000e+00 1.015635216726335832e+00 -1.490813225894833992e-03
8.208333333333332149e+00 1.027263378080399914e+00 1.328491962842428620e-03
8.229166666666666075e+00 1.037960783202858561e+00 -1.155635371373841093e-03
8.250000000000000000e+00 1.031572415687050048e+00 -5.023300006505789254e-04
8.270833333333332149e+00 1.023855217401986817e+00 -1.147757436849266168e-05
8.291666666666666075e+00 1.015431340559463491e+00 8.372195122672582840e-04
8.312500000000000000e+00 9.977109914526577361e-01 1.364459929346378006e-03
8.333333333333332149e+00 9.892136896285831371e-01 -5.131667533179018860e-04
8.354166666666666075e+00 9.849207191963524899e-01 -1.205181960063157710e-03
8.375000000000000000e+00 9.782432155641528349e-01 -2.758007722265456464e-03
8.395833333333332149e+00 9.755247379424244469e-01 4.370000142942791904e-04
8.416666666666666075e+00 9.812278247236623230e-01 -4.829769468132662225e-04
8.437500000000000000e+00 9.942015582284060571e-01 -4.837478176725525255e-04
8.458333333333332149e+00 1.005550710742664888e+00 1.185591971015401494e-03
8.479166666666666075e+00 1.012513220262670766e+00 3.579104702513771926e-04
8.500000000000000000e+00 1.019183131757410044e+00 -1.332837855253098070e-03
8.520833333333332149e+00 1.019079492419596056e+00 1.036000373864060181e-03
8.541666666666666075e+00 1.017270323822494493e+00 -2.415373889119159655e-04
8.562500000000000000e+00 1.011945871613397330e+00 -1.831136782228519506e-04
8.583333333333332149e+00 1.006601852211730597e+00 -1.467043690391325395e-03
8.604166666666666075e+00 1.004884333110575900e+00 6.393102669841444581e-04
8.625000000000000000e+00 9.974519572290554414e-01 7.945638205236551805e-04
8.645833333333332149e+00 9.955617923414318282e-01 1.275918886619202065e-04
8.666666666666666075e+00 9.938924388702851109e-01 -1.129784625086077731e-03
8.687500000000000000e+00 9.968445639575395090e-01 1.565535580894438514e-03
8.708333333333332149e+00 9.929587259831708090e-01 6.606647034539735001e-04
8.729166666666666075e+00 9.970093336340866141e-01 -1.433137801007374488e-03
8.750000000000000000e+00 1.000189729503201175e+00 -4.796137783931429008e-04
8.770833333333332149e+00 1.000733017866988428e+00 -2.395268887524594058e-03
8.791666666666666075e+00 1.010602175067905728e+00 -7.608399751690504611e-04
8.812500000000000000e+00 1.009687492226866823e+00 -1.525416500791223736e-03
8.833333333333332149e+00 1.014374837423010156e+00 -3.105169242366604505e-04
8.854166666666666075e+00 1.016930442216275932e+00 -2.044275776061553907e-03
8.875000000000000000e+00 1.003207277442627054e+00 -3.785573766181447798e-04
8.895833333333332149e+00 9.980332385541352824e-01 -2.290612853501071064e-03
8.916666666666666075e+00 9.941880473944982866e-01 7.955120633912389364e-04
8.937500000000000000e+00 9.905141928555831754e-01 7.930617309689683668e-04
8.958333333333332149e+00 9.879235141996176583e-01 -1.052622403072569048e-03
8.979166666666666075e+00 1.001159712387270417e+00 1.124786696788195083e-03
9.000000000000000000e+00 1.014772252442009526e+00 1.160744617447371455e-03
9.020833333333332149e+00 1.016362459047094102e+00 6.548785870881726869e-04
9.041666666666666075e+00 1.014560099818507366e+00 5.311887056031741258e-04
9.062500000000000000e+00 1.005005521127957380e+00 -1.382765561562533880e-03
9.083333333333332149e+00 9.891245006812356966e-01 1.632508551366626634e-04
9.104166666666666075e+00 9.753760499094890069e-01 1.326277720505815005e-03
9.125000000000000000e+00 9.712415309069231117e-01 -1.299649562639565957e-03
9.145833333333332149e+00 9.923845631781271770e-01 1.114716941159460883e-03
9.166666666666666075e+00 1.005155621260551468e+00 -1.194113891775005955e-03
9.187500000000000000e+00 1.036364179105377703e+00 -6.296537612557998086e-04
9.208333333333332149e+00 1.051998880778785894e+00 5.166555416019935924e-04
9.229166666666666075e+00 1.050874890422624164e+00 -3.511886014226214885e-05
9.250000000000000000e+00 1.024987093538975103e+00 8.950659177775270548e-04
9.270833333333332149e+00 9.911401280768220579e-01 2.293637939920232312e-04
9.291666666666666075e+00 9.549109623809455272e-01 -8.646018770287191776e-04
9.312500000000000000e+00 9.341114884684650344e-01 -1.558467862343726170e-03
9.333333333333332149e+00 9.406334843528296741e-01 3.931596659775387628e-04
9.354166666666666075e+00 9.688628297947842194e-01 -7.762381234226338792e-05
9.375000000000000000e+00 1.013674488533437001e+00 -1.589395318268695210e-03
9.395833333333332149e+00 1.047781433739803481e+00 2.855799006079850501e-04
9.416666666666666075e+00 1.072746791157909829e+00 -2.445028498224368144e-03
9.437500000000000000e+00 1.072413861168317828e+00 -3.901581935175036579e-04
9.458333333333332149e+00 1.048351423964724471e+00 -1.138182633913746968e-03
9.479166666666666075e+00 1.018259029169602092e+00 5.755106639135889246e-04
9.500000000000000000e+00 9.801062898651146105e-01 5.919179720106733065e-06
9.520833333333332149e+00 9.557514731414530340e-01 -1.419486520098945216e-03
9.541666666666666075e+00 9.406087137657712649e-01 9.962813408523492863e-04
9.562500000000000000e+00 9.433942006532713975e-01 4.262782523119403705e-04
9.583333333333332149e+00 9.618863735110336766e-01 -3.509503294656304427e-04
9.604166666666666075e+00 9.918848778593732929e-01 1.639512621920942133e-03
9.625000000000000000e+00 1.021568859845351618e+00 -1.655227837356079386e-04
9.645833333333332149e+00 1.038482428263391100e+00 -1.856480680070752946e-03
9.666666666666666075e+00 1.054048911788471932e+00 5.263590443996861911e-04
9.687500000000000000e+00 1.050548499285633541e+00 1.117248606349486835e-03
9.708333333333332149e+00 1.039326116517947929e+00 -2.079945545792766162e-03
9.729166666666666075e+00 1.018345523703083400e+00 1.020483154095243815e-04
9.750000000000000000e+00 9.983212136842685158e-01 -4.775183827043943973e-04
9.770833333333332149e+00 9.747750545024054247e-01 3.523696825846624040e-04
9.791666666666666075e+00 9.617238630556961265e-01 9.166003980777322896e-04
9.812500000000000000e+00 9.554215332792005411e-01 -9.953441952375401136e-04
9.833333333333332149e+00 9.557466514766582710e-01 7.945492093016216870e-04
9.854166666666666075e+00 9.731587816947772085e-01 -3.108555588065351340e-04
9.875000000000000000e+00 9.977789743766498631e-01 -1.075731273050364563e-03
9.895833333333332149e+00 1.023543845830038546e+00 5.904337677972465882e-04
9.916666666666666075e+00 1.047841236885210581e+00 2.200328125011526831e-03
9.937500000000000000e+00 1.057845305085054033e+00 3.923561719183583560e-04
9.958333333333332149e+00 1.042377506776566598e+00 -1.238067774701186478e-03
9.979166666666666075e+00 1.021428139033416782e+00 -9.121331672573944338e-04
1.000000000000000000e+01 9.917936378090618232e-01 -5.968926621480159051e-04
1.002083333333333215e+01 9.681934988173936940e-01 4.596950122585176423e-04
1.004166666666666607e+01 9.592022478678721153e-01 -1.114626628659094038e-03
1.006250000000000000e+01 9.677987441768747257e-01 -3.103792501923726289e-04
1.008333333333333215e+01 9.850589414735255733e-01 -1.038658108450590551e-03
1.010416666666666607e+01 1.005058154637661127e+00 2.523386159633735234e-04
1.012500000000000000e+01 1.018933753845512324e+00 -2.204609323922296273e-03
1.014583333333333215e+01 1.017744320867768337e+00 -1.330721516960576330e-03
1.016666666666666607e+01 1.016159643635991872e+00 -8.678671698326974153e-04
1.018750000000000000e+01 1.000146944727393183e+00 1.454798540296014077e-03
1.020833333333333215e+01 9.986446379507101234e-01 -9.975170682041979969e-04
1.022916666666666607e+01 9.898500215349720355e-01 7.607737519069997321e-04
1.025000000000000000e+01 9.940334855449800555e-01 -3.712967640040127412e-03
1.027083333333333215e+01 9.991581744720776648e-01 -1.552332417052770808e-03
1.029166666666666607e+01 9.994503837880319708e-01 -2.938270505620384199e-04
1.031250000000000000e+01 9.986976411731551817e-01 1.822641862276092603e-03
1.033333333333333215e+01 1.002038213412386858e+00 1.419884372005847948e-03
1.035416666666666607e+01 1.002132205073985594e+00 3.816840034313196545e-04
1.037500000000000000e+01 1.009769365340898117e+00 -2.161427340154835341e-03
1.039583333333333215e+01 1.013057547457494989e+00 2.268791674566671655e-03
1.041666666666666607e+01 1.016752592199200000e+00 -2.131235137172554552e-03
1.043750000000000000e+01 1.014847264824809470e+00 -3.677621117435341783e-04
1.045833333333333215e+01 1.003463766267651103e+00 -1.877598708604209018e-04
1.047916666666666607e+01 9.943956282045423034e-01 -1.993002331766522686e-04
1.050000000000000000e+01 9.817492279585289250e-01 1.901366378338279796e-03
1.052083333333333215e+01 9.690044819226489858e-01 1.342814663909433623e-03
1.054166666666666607e+01 9.711465129317440326e-01 -8.928570077196111305e-04
1.056250000000000000e+01 9.847151192027697730e-01 2.096370213640942626e-04
1.058333333333333215e+01 9.968035914908954798e-01 -5.740255197398876639e-04
1.060416666666666607e+01 1.016156645677612769e+00 -4.280992923454353307e-04
1.062500000000000000e+01 1.030772920396772374e+00 -1.434048796933075964e-05
1.064583333333333215e+01 1.035948700354034191e+00 1.410860932379463025e-03
1.066666666666666607e+01 1.029114027260527919e+00 2.332639508643593457e-03
1.068750000000000000e+01 1.022829871976624005e+00 -3.876895063766752181e-04
1.070833333333333215e+01 1.007211146228153664e+00 7.032462195390686011e-05
1.072916666666666607e+01 9.963777877361531532e-01 2.342483346192818114e-05
1.075000000000000000e+01 9.877237256172363145e-01 5.899276822454806689e-04
1.077083333333333215e+01 9.790135569861021514e-01 1.682649876834304854e-03
1.079166666666666607e+01 9.767418736643537214e-01 5.651975040085629965e-05
1.081250000000000000e+01 9.787809111041293475e-01 -1.847428394696158703e-03
1.083333333333333215e+01 9.789748352043228241e-01 1.844543971318927120e-03
1.085416666666666607e+01 9.892849193573960420e-01 -1.693559267355401569e-03
1.087500000000000000e+01 9.957536304055081278e-01 -1.316548832848832935e-03
1.089583333333333215e+01 1.010483671050366183e+00 2.401147916672451664e-03
1.091666666666666607e+01 1.024178687079845274e+00 -5.281483923688508287e-04
1.093750000000000000e+01 1.028419278110023649e+00 -2.075005452022911714e-03
1.095833333333333215e+01 1.032552835859203988e+00 9.228367468156601744e-06
1.097916666666666607e+01 1.021165291972457867e+00 6.029083017136347431e-04
1.100000000000000000e+01 1.010043950460942197e+00 1.635897846487753245e-03
1.102083333333333215e+01 9.904996992789246724e-01 4.784193076042838428e-05
1.104166666666666607e+01 9.762233100694759358e-01 -1.257957361883359302e-03
1.106250000000000000e+01 9.624033934048669137e-01 -1.070741061561270024e-03
1.108333333333333215e+01 9.722994350083457027e-01 -1.327518570392858784e-03
1.110416666666666607e+01 9.821151492279553974e-01 1.918267059502628928e-03
1.112500000000000000e+01 1.003415668764994884e+00 -9.272318219626348237e-04
1.114583333333333215e+01 1.012842546245055653e+00 -7.716913294073711937e-04
1.116666666666666607e+01 1.020675579762761354e+00 -1.489622344872220750e-03
1.118750000000000000e+01 1.016858069446675339e+00 1.738958773692596618e-03
1.120833333333333215e+01 1.008851947669752613e+00 2.296802332257800614e-04
1.122916666666666607e+01 1.003993606056095889e+00 -1.937003198354416518e-04
1.125000000000000000e+01 9.975299241039798925e-01 8.595384395900657060e-04
1.127083333333333215e+01 9.941080667224039269e-01 -4.447017315330069505e-04
1.129166666666666607e+01 1.002184781319495288e+00 -1.265403734761538302e-03
1.131250000000000000e+01 1.005449640883684603e+00 -7.983330730178714004e-04
1.133333333333333215e+01 1.007286155505176861e+00 -4.301749949554037290e-05
1.135416666666666607e+01 9.948127362736537416e-01 -5.911106020108991901e-04
1.137500000000000000e+01 9.864241479341080421e-01 1.757397008827788713e-03
1.139583333333333215e+01 9.777363068562057169e-01 3.138633006270150354e-04
1.141666666666666607e+01 9.773322565629809500e-01 -1.933127343573864433e-03
1.143750000000000000e+01 9.845289734599629305e-01 1.763455144202074037e-03
1.145833333333333215e+01 9.993637710538847418e-01 -1.235544446665557067e-03
1.147916666666666607e+01 1.017205940811424236e+00 3.336195038067953870e-04
1.150000000000000000e+01 1.031330587642439012e+00 -1.701297674209136272e-03
1.152083333333333215e+01 1.034313878038897849e+00 -9.656910237837742876e-04
1.154166666666666607e+01 1.034466372791429833e+00 1.412249694252569032e-03
1.156250000000000000e+01 1.008078785487431572e+00 -8.239888431563493175e-04
1.158333333333333215e+01 9.864445759936394387e-01 3.589139657397062331e-04
1.160416666666666607e+01 9.755264849804773375e-01 -1.450816727261400796e-03
1.162500000000000000e+01 9.675078420869971385e-01 4.849251350731245973e-04
1.164583333333333215e+01 9.681647570441569428e-01 -3.072212089441356177e-03
1.166666666666666607e+01 9.782295622828632853e-01 1.846186516393525582e-04
1.168750000000000000e+01 9.909782619225712130e-01 8.302896006966598453e-04
1.170833333333333215e+01 9.975590400177909434e-01 -7.823035936041729038e-04
1.172916666666666607e+01 1.009247278146081062e+00 -1.038865965224423536e-03
1.175000000000000000e+01 1.018670508734914604e+00 1.342103377538126285e-03
1.177083333333333215e+01 1.023079799841576820e+00 -1.588148109515818670e-03
1.179166666666666607e+01 1.028176454692208308e+00 -7.758487977864565689e-04
1.181250000000000000e+01 1.026381676843136637e+00 -1.330334536365667883e-03
1.183333333333333215e+01 1.019262826591378790e+00 -1.725452101733137796e-05
1.185416666666666607e+01 1.009507856280691174e+00 6.248479508883292202e-04
1.187500000000000000e+01 9.907106588608821651e-01 -2.168754096062536132e-03
1.189583333333333215e+01 9.853086974454483560e-01 -8.013996860281239051e-05
1.191666666666666607e+01 9.714093253259550309e-01 5.660100723875748129e-04
1.193750000000000000e+01 9.771330937427654684e-01 -6.950140929274386224e-04
1.195833333333333215e+01 9.740670037707879203e-01 -2.050703477240750465e-03
1.197916666666666607e+01 9.788600015961574918e-01 -2.110139673362319487e-03
1.200000000000000000e+01 9.871134782507213767e-01 -1.450679083833067515e-03
1.202083333333333215e+01 9.887724928673966573e-01 -1.452982062040154008e-04
1.204166666666666607e+01 1.002136346702532155e+00 -3.366533613507873631e-04
1.206250000000000000e+01 1.017182183488070102e+00 -1.852583922567722615e-03
1.208333333333333215e+01 1.032601790035567957e+00 -7.883904639620123965e-04
1.210416666666666607e+01 1.046419000456499937e+00 -1.232979692791661211e-03
1.212500000000000000e+01 1.047315915247862828e+00 1.098418713197054026e-03
1.214583333333333215e+01 1.034923585266347645e+00 1.156505421377430507e-03
1.216666666666666607e+01 1.016566533402472272e+00 -3.347840133364726311e-04
1.218750000000000000e+01 9.918894369177201353e-01 1.656491898848465446e-03
1.220833333333333215e+01 9.689795466628707832e-01 3.146937073248085807e-03
1.222916666666666607e+01 9.550702950633572774e-01 -5.761465382423865697e-04
1.225000000000000000e+01 9.568746090012865135e-01 9.539141266769483787e-04
1.227083333333333215e+01 9.639391352456406770e-01 5.186142214877217368e-05
1.229166666666666607e+01 9.828177267952618035e-01 1.562224247434659211e-03
1.231250000000000000e+01 1.005706677673069871e+00 -2.942798678292951695e-03
1.233333333333333215e+01 1.015199168508476690e+00 1.442904003052044464e-04
1.235416666666666607e+01 1.029378960601777138e+00 2.344899616807370919e-03
1.237500000000000000e+01 1.038643709244347457e+00 -5.439209890906752449e-05
1.239583333333333215e+01 1.042325179907978461e+00 1.228652845714370929e-03
1.241666666666666607e+01 1.038552629998490628e+00 -1.688064490856013358e-03
1.243750000000000000e+01 1.023158025237270286e+00 -1.069277775808272647e-03
1.245833333333333215e+01 1.008888796637352758e+00 2.030433414697852690e-05
1.247916666666666607e+01 9.846784652000466487e-01 1.070088364798125563e-04
1.452083333333333215e+01 9.797911065498824401e-01 2.507334748841168930e-04
1.454166666666666607e+01 9.925052599334903691e-01 1.076982376088935585e-03
1.456250000000000000e+01 1.003920930826986968e+00 -3.492919161075927942e-05
1.458333333333333215e+01 1.021112181992967383e+00 -2.671578629195405278e-04
1.460416666666666607e+01 1.026290814841714027e+00 8.497409460099654378e-04
1.462500000000000000e+01 1.017923508756592765e+00 2.413970438152015195e-03
1.464583333333333215e+01 1.000473742162152124e+00 2.760665678863911195e-04
1.466666666666666607e+01 9.877563469863755996e-01 9.181719604948856278e-04
1.468750000000000000e+01 9.720292345401755352e-01 4.641598774585271826e-04
1.470833333333333215e+01 9.765914855952008145e-01 1.360093277099308712e-03
1.472916666666666607e+01 9.868034695215855967e-01 1.056124600179554575e-03
1.475000000000000000e+01 1.006547466232732058e+00 -1.051510368210762303e-03
1.477083333333333215e+01 1.024401816877246629e+00 -8.969813449844426341e-04
1.479166666666666607e+01 1.028377942053011029e+00 1.216477590967422664e-03
1.481250000000000000e+01 1.033814237440601191e+00 3.308661059699873151e-04
1.483333333333333215e+01 1.028268723459882183e+00 1.685660808079454112e-03
1.485416666666666607e+01 1.026343786122966284e+00 -1.431034535196644680e-03
1.487500000000000000e+01 1.014391919018418964e+00 -5.804934224254505899e-04
1.489583333333333215e+01 9.956989312455155616e-01 -9.045119076167978944e-04
1.491666666666666607e+01 9.781459323740253620e-01 -1.199244046766200856e-03
1.493750000000000000e+01 9.609348239853789941e-01 -1.025102475726600215e-03
1.495833333333333215e+01 9.564520428233874716e-01 2.496370333730785879e-04
1.497916666666666607e+01 9.637519961625750087e-01 1.533511481677756047e-03
1.500000000000000000e+01 9.728311666434630300e-01 -1.889739903305033292e-03
1.502083333333333215e+01 9.946375193060094100e-01 -1.140745249363343643e-03
1.504166666666666607e+01 1.021239390170578520e+00 8.712879522674606267e-04
1.506250000000000000e+01 1.032375602629236111e+00 1.438147890255819881e-03
1.508333333333333215e+01 1.038937996908344097e+00 4.688942591350753501e-04
1.510416666666666607e+01 1.034036133827585857e+00 8.753054991615623944e-04
1.512500000000000000e+01 1.023939672109030141e+00 9.335563501576481815e-06
1.514583333333333215e+01 1.017245656141786858e+00 -7.572873146814235396e-05
1.516666666666666607e+01 1.013431674802253823e+00 6.740345225172998320e-04
1.518750000000000000e+01 9.982717032918065891e-01 -8.312675301964151005e-04
1.520833333333333215e+01 9.972005461060348130e-01 8.901882721234013768e-04
1.522916666666666607e+01 9.880567835221110151e-01 -9.774075429267643799e-05
1.525000000000000000e+01 9.804972974851565715e-01 1.843974599230023851e-03
1.527083333333333215e+01 9.841448218682425919e-01 -2.254986782330415350e-03
1.529166666666666607e+01 9.816406366382695037e-01 -6.408796998980423147e-04
1.531250000000000000e+01 9.861654611666090808e-01 -3.429904440445103570e-04
1.533333333333333215e+01 9.887641392158764697e-01 9.847366114228979332e-04
1.535416666666666607e+01 9.830276129350649095e-01 -2.554273302053598738e-04
1.537500000000000000e+01 9.852609366111155786e-01 1.550488420603054595e-04
1.539583333333333215e+01 9.835883955756210550e-01 -8.949478642092264201e-04
1.541666666666666607e+01 9.922669214722257269e-01 5.371588976791448131e-04
1.543750000000000000e+01 1.004718464781681808e+00 -1.974761876843639154e-03
1.545833333333333215e+01 1.022798109415908874e+00 -1.946188522438997400e-03
1.547916666666666607e+01 1.046117067218570895e+00 4.175881901550169365e-04
1.550000000000000000e+01 1.051084927494542631e+00 -8.589699134785359859e-04
1.552083333333333215e+01 1.048266073315059277e+00 -2.453915728568092230e-03
1.554166666666666607e+01 1.031605261998112866e+00 -2.107724493072764504e-05
1.556250000000000000e+01 1.005206838146404547e+00 -2.309326640601900519e-03
1.558333333333333215e+01 9.809405627723567500e-01 -2.599923617368128811e-04
1.560416666666666607e+01 9.607918937154185102e-01 1.584397051021995632e-03
1.562500000000000000e+01 9.629669672154975713e-01 6.759073676250095409e-04
1.564583333333333215e+01 9.620562523263969101e-01 -3.685985314909348510e-04
1.566666666666666607e+01 9.713550920813884826e-01 -1.986604945668345168e-03
1.568750000000000000e+01 9.870462120120203631e-01 1.372083425559606070e-03
1.570833333333333215e+01 9.912731446474956076e-01 -1.353808140836880100e-03
1.572916666666666607e+01 1.005054915940885474e+00 -3.059630321710087204e-04
1.575000000000000000e+01 1.006277233255838510e+00 2.629025207777457677e-04
1.577083333333333215e+01 1.018886228721350928e+00 2.510036870034107036e-03
1.579166666666666607e+01 1.016246988478383129e+00 -8.515207839688067890e-04
1.581250000000000000e+01 1.019303235566666910e+00 1.927795237204852925e-03
1.583333333333333215e+01 1.016327082353787770e+00 8.388384171652520571e-04
1.585416666666666607e+01 1.015443425741243022e+00 3.946381248015082104e-04
1.587500000000000000e+01 1.011843910846977890e+00 2.362501435927487987e-04
1.589583333333333215e+01 1.012727120347416632e+00 6.621717014059696821e-04
1.591666666666666607e+01 1.012143017424192548e+00 7.228376203088975006e-04
1.593750000000000000e+01 1.004745207662062878e+00 2.461009705395349450e-03
1.595833333333333215e+01 9.994180729763453286e-01 -4.405142507587086424e-04
1.597916666666666607e+01 9.811252737568396665e-01 -2.073205860640440264e-03
1.600000000000000000e+01 9.696788005699683577e-01 6.257238002868374628e-04
1.602083333333333215e+01 9.673823572702935358e-01 -9.782356275039800261e-04
1.604166666666666430e+01 9.730259428469388849e-01 1.004873804660283777e-05
1.606250000000000000e+01 9.930937598090684437e-01 1.480111272374451652e-03
1.608333333333333215e+01 1.015494607273045746e+00 1.711564641760499994e-04
1.610416666666666430e+01 1.030645538732860578e+00 -1.067822131289414625e-03
1.612500000000000000e+01 1.037233760544975070e+00 -7.688945434255604113e-04
1.614583333333333215e+01 1.020581901906616240e+00 9.112618785122099342e-04
1.616666666666666430e+01 1.006743270048320760e+00 -1.006897854493864859e-03
1.618750000000000000e+01 9.894827907401051448e-01 -7.781300517474351456e-04
1.620833333333333215e+01 9.730802230518865725e-01 3.481176607320974540e-04
1.622916666666666430e+01 9.700073825896247115e-01 -2.060458018825223482e-04
1.625000000000000000e+01 9.814263096687443344e-01 -7.526955833168461627e-04
1.627083333333333215e+01 9.949899687103659351e-01 -3.011840463624929141e-04
1.629166666666666430e+01 1.010753761069540957e+00 -2.236207224313817017e-04
1.631250000000000000e+01 1.031183823790110532e+00 2.518742074140706408e-04
1.633333333333333215e+01 1.040276338105805554e+00 1.914869596375164996e-03
1.635416666666666430e+01 1.050817574267678189e+00 -4.190605440940721812e-05
1.637500000000000000e+01 1.038058604639703786e+00 -2.981822381376557363e-03
1.639583333333333215e+01 1.018424715054826235e+00 -1.589886223859542059e-04
1.641666666666666430e+01 9.919857871310772124e-01 4.923497239143169446e-04
1.643750000000000000e+01 9.683190359054101304e-01 3.590992423541318652e-04
1.645833333333333215e+01 9.471786360826480733e-01 -2.876636260075604839e-03
1.647916666666666430e+01 9.386958301653554049e-01 9.491533383553410301e-04
1.650000000000000000e+01 9.483292457852134927e-01 -1.236903474301561051e-03
1.652083333333333215e+01 9.699550532468516062e-01 1.287738680230367553e-03
1.654166666666666430e+01 1.001054651496969372e+00 8.923123153572364496e-04
1.656250000000000000e+01 1.029772171530503266e+00 -3.884896333113181015e-04
1.658333333333333215e+01 1.046103977367150550e+00 1.564040555754491737e-03
1.660416666666666430e+01 1.055412049297165478e+00 -8.941672100724512616e-04
1.662500000000000000e+01 1.049233874795280297e+00 1.079488326677708948e-03
1.664583333333333215e+01 1.035451945005363861e+00 5.394033192499552874e-04
1.666666666666666430e+01 1.014950079863666144e+00 -1.550906149984592136e-03
1.668750000000000000e+01 9.943721592491999717e-01 -3.031798539140980400e-05
1.670833333333333215e+01 9.769455362519761099e-01 -5.917610345880705683e-05
1.672916666666666430e+01 9.666594496365938927e-01 4.160175544412409907e-04
1.675000000000000000e+01 9.721985858394128766e-01 2.922924212998176310e-03
1.677083333333333215e+01 9.745565334671443258e-01 6.941521576583653845e-04
1.679166666666666430e+01 9.979530759166966858e-01 -8.135093750789974766e-05
1.681250000000000000e+01 1.007912019834730888e+00 -2.693440220779429639e-04
1.683333333333333215e+01 1.021140781544843668e+00 1.172708872178784660e-03
1.685416666666666430e+01 1.022682299272395179e+00 1.334134022216092955e-03
1.687500000000000000e+01 1.015409676725781418e+00 -1.670072851302785736e-03
1.689583333333333215e+01 9.994891049549649020e-01 7.922035062433161520e-04
1.691666666666666430e+01 9.907309957613001927e-01 5.880377629848657388e-04
1.693750000000000000e+01 9.815945698004775455e-01 -1.414095123852056411e-03
1.695833333333333215e+01 9.837601985599780940e-01 1.115826144441417830e-04
1.697916666666666430e+01 9.871808375096537969e-01 3.566921882790255417e-04
1.700000000000000000e+01 9.970082494306709009e-01 1.337314774298798076e-04
1.702083333333333215e+01 1.003181134324711010e+00 1.047700120597858673e-03
1.704166666666666430e+01 1.011571265559978006e+00 2.121785128348330392e-03
1.706250000000000000e+01 1.022499871780635283e+00 7.253676227227031379e-05
1.708333333333333215e+01 1.032399561083704453e+00 9.361438569191117987e-04
1.710416666666666430e+01 1.031192068600418343e+00 3.574986158515654211e-04
1.712500000000000000e+01 1.034655270855513454e+00 6.640422477753009237e-04
1.714583333333333215e+01 1.024385674831878257e+00 7.951292491287967985e-04
1.716666666666666430e+01 1.010261859363988490e+00 2.368091634329115341e-04
1.718750000000000000e+01 9.876109078502528504e-01 7.590750271254586776e-04
1.720833333333333215e+01 9.674155432070787874e-01 -2.578737409018790625e-04
1.722916666666666430e+01 9.510170994722956239e-01 5.552804690060119883e-04
1.725000000000000000e+01 9.546079410858945291e-01 1.826157961091548704e-03
1.727083333333333215e+01 9.703039043367036598e-01 -1.762492029559316418e-03
1.729166666666666430e+01 9.903930218018777154e-01 1.489918476392163959e-04
1.731250000000000000e+01 1.015633147990736784e+00 5.873441040208748735e-04
1.733333333333333215e+01 1.020481769314678600e+00 1.152597582198313861e-03
1.735416666666666430e+01 1.020169429714675946e+00 -2.507586194788681186e-04
1.737500000000000000e+01 1.010372723002034068e+00 -1.685128847148575177e-03
1.739583333333333215e+01 1.003876187538080389e+00 -8.540039061185893295e-04
1.741666666666666430e+01 1.002077331156454809e+00 -4.133130821860443792e-04
1.743750000000000000e+01 1.012719829272078709e+00 1.557592128203056736e-04
1.745833333333333215e+01 1.024235093214143077e+00 -6.793446753184022389e-04
1.747916666666666430e+01 1.033341982463887199e+00 -2.451529937535953853e-03
1.750000000000000000e+01 1.032814242766092017e+00 1.321838225195767454e-04
1.752083333333333215e+01 1.019581068341131047e+00 -1.035792826533425692e-03
1.754166666666666430e+01 1.011001693577165295e+00 -2.514413548230745588e-03
1.756250000000000000e+01 9.811103480705337665e-01 8.998047117538368915e-04
1.758333333333333215e+01 9.676893142500480050e-01 -3.392762629224495546e-04
1.760416666666666430e+01 9.623481909787297006e-01 -1.693855413149432062e-04
1.762500000000000000e+01 9.677410654934532896e-01 -9.859125621414295722e-04
1.764583333333333215e+01 9.735723051851021825e-01 -7.883581403390710557e-04
1.766666666666666430e+01 9.898539309917439022e-01 8.154197161620783778e-04
1.768750000000000000e+01 9.995474738632906808e-01 6.419923699680339397e-04
1.770833333333333215e+01 1.006103581124379254e+00 5.947249857733335468e-04
1.772916666666666430e+01 1.009720225693833573e+00 6.466786352770141849e-04
1.775000000000000000e+01 1.014901977536134536e+00 -2.110736517023299383e-03
1.777083333333333215e+01 1.020739527311526507e+00 3.450600492600297098e-04
1.779166666666666430e+01 1.029384468322236401e+00 -1.515141095690946934e-03
1.781250000000000000e+01 1.026484507453861994e+00 -6.619869809459666410e-04
1.783333333333333215e+01 1.027314644216378081e+00 -1.344988711208236053e-03
1.785416666666666430e+01 1.025778839241399787e+00 6.299208913284144642e-04
1.787500000000000000e+01 1.013680126184631769e+00 -1.030659923019568939e-03
1.789583333333333215e+01 1.002861087164965026e+00 2.934405403946993215e-04
1.791666666666666430e+01 9.905322033442538476e-01 6.323012251314097604e-04
1.793750000000000000e+01 9.850178308505486147e-01 1.782652353182635502e-03
1.795833333333333215e+01 9.752247254828351197e-01 1.836959931530481429e-03
1.797916666666666430e+01 9.671551421163427920e-01 -3.074264326025810706e-05
1.800000000000000000e+01 9.714410725500223220e-01 6.467556038979868985e-04
1.802083333333333215e+01 9.750394038129341912e-01 -2.779931889812490859e-03
1.804166666666666430e+01 9.911681639949381228e-01 -1.004442055197480406e-03
1.806250000000000000e+01 1.006364864508175305e+00 2.038651373056493514e-03
1.808333333333333215e+01 1.021099598507812178e+00 -3.356073798201886747e-04
1.810416666666666430e+01 1.025697360897121824e+00 -1.034668748127347705e-03
1.812500000000000000e+01 1.021189506949775616e+00 7.479325799552115480e-04
1.814583333333333215e+01 1.016644803164039823e+00 2.618432492438305375e-03
1.816666666666666430e+01 1.007942520833521760e+00 -1.046392977061539687e-03
1.818750000000000000e+01 1.008676403398969246e+00 -9.443854243323153300e-04
1.820833333333333215e+01 1.009212488061816515e+00 1.504162771906785096e-03
1.822916666666666430e+01 1.007123273043135425e+00 -2.090352645324104666e-03
1.825000000000000000e+01 1.002432251592624501e+00 2.190507522474603903e-03
1.827083333333333215e+01 9.947301836622911564e-01 6.823561053596631976e-05
1.829166666666666430e+01 9.916356569768227658e-01 -3.953008457654380581e-04
1.831250000000000000e+01 9.844081426793174217e-01 -1.423542649916540370e-03
1.833333333333333215e+01 9.900102310840946940e-01 1.415605899130024025e-03
1.835416666666666430e+01 1.003449112024460854e+00 -2.879898652764517229e-04
1.837500000000000000e+01 1.011105815249611073e+00 -1.380163485686095514e-03
1.839583333333333215e+01 1.012133376205688773e+00 -6.879987347278978746e-04
1.841666666666666430e+01 1.005065526259100395e+00 2.342100270995026504e-03
1.843750000000000000e+01 9.966817422042874020e-01 -1.302306704616598395e-03
1.845833333333333215e+01 9.871482672247083867e-01 -7.265306401047002269e-04
1.847916666666666430e+01 9.833977835526255262e-01 -1.235410562028190417e-03
1.850000000000000000e+01 9.863073579244631128e-01 1.830645955385343856e-03
1.852083333333333215e+01 9.977531529347670736e-01 -1.489462857847143355e-03
1.854166666666666430e+01 1.009552301669044416e+00 8.586699604529891144e-04
1.856250000000000000e+01 1.014938101919249824e+00 -1.578117253514723078e-03
1.858333333333333215e+01 1.005190415104785462e+00 9.556289148984053322e-04
1.860416666666666430e+01 1.004278013992223162e+00 -1.907312100999910350e-04
1.862500000000000000e+01 9.971040594574772653e-01 -2.186781990486535293e-03
1.864583333333333215e+01 1.014682007066116221e+00 -2.533587393488624401e-03
1.866666666666666430e+01 1.021139860211690120e+00 1.288361209123853671e-03
1.868750000000000000e+01 1.041621091585770875e+00 -1.140071726577788049e-03
1.870833333333333215e+01 1.047305761598718465e+00 -8.376322243842911422e-04
1.872916666666666430e+01 1.028590789302661568e+00 -1.082239079965587432e-04
1.875000000000000000e+01 1.002120562687005334e+00 -2.525497089315859858e-04
1.877083333333333215e+01 9.675899406599121066e-01 -1.094526997212292522e-03
1.879166666666666430e+01 9.449691123517723890e-01 -5.625641146250468568e-04
1.881250000000000000e+01 9.424614867383858119e-01 3.701361897013521964e-04
1.883333333333333215e+01 9.592496403614746425e-01 -6.752863142447896802e-04
1.885416666666666430e+01 9.814442994027268163e-01 8.303077317864387009e-04
1.887500000000000000e+01 1.004871499497677290e+00 -2.945646267753236256e-04
1.889583333333333215e+01 1.022386909058906390e+00 3.281484424428878448e-05
1.891666666666666430e+01 1.024558938706427780e+00 -1.417889940760176442e-03
1.893750000000000000e+01 1.026532703959118997e+00 2.218138251232356240e-03
1.895833333333333215e+01 1.032065769540118305e+00 -6.985287585380689631e-04
1.897916666666666430e+01 1.038520220231311297e+00 4.942174094540141257e-04
1.900000000000000000e+01 1.034209303857833495e+00 -1.015908951013425960e-04
1.902083333333333215e+01 1.036157036583123858e+00 -3.947229807117411983e-03
1.904166666666666430e+01 1.016670451946593889e+00 -1.614592981057914574e-03
1.906250000000000000e+01 1.001580030337070770e+00 1.587813804163632804e-03
1.908333333333333215e+01 9.761714697529434437e-01 1.820580697272165599e-03
1.910416666666666430e+01 9.607775869533677904e-01 -1.906546800259600839e-04
1.912500000000000000e+01 9.584374385785567885e-01 1.369961268539642608e-05
1.914583333333333215e+01 9.705822372673647003e-01 1.284284815923530465e-03
1.916666666666666430e+01 9.805106517310674397e-01 1.810695689822381911e-03
1.918750000000000000e+01 9.932217349565350961e-01 -2.641554147751890534e-03
1.920833333333333215e+01 1.004782163320809385e+00 -1.126457797406840841e-03
1.922916666666666430e+01 1.013068540868998779e+00 1.712434285530802978e-04
1.925000000000000000e+01 1.010105281425659030e+00 9.418047094159565048e-04
1.927083333333333215e+01 1.019177781083665080e+00 -2.635415771127431767e-03
1.929166666666666430e+01 1.028865788357467892e+00 5.336132572067212552e-04
1.931250000000000000e+01 1.027501931718454609e+00 2.802053702099840927e-04
1.933333333333333215e+01 1.024987066331542129e+00 -1.014132362696695865e-04
1.935416666666666430e+01 1.009661729770792604e+00 -6.020799166012229210e-04
1.937500000000000000e+01 9.948781792023413395e-01 1.214738594396584182e-03
1.939583333333333215e+01 9.880315767020583229e-01 2.911214177389021517e-04
1.941666666666666430e+01 9.843215350200733571e-01 -1.269836375296988029e-03
1.943750000000000000e+01 9.892127365702774178e-01 -5.798457535860629657e-04
1.945833333333333215e+01 9.968142976899794228e-01 -7.837726697093362355e-04
1.947916666666666430e+01 9.997968242868200406e-01 -7.216007338660309625e-05
1.950000000000000000e+01 9.993699251944904161e-01 1.333282599450887670e-03
1.952083333333333215e+01 9.967053877101094139e-01 -1.229143080034111153e-04
1.954166666666666430e+01 1.001429831864393938e+00 -7.408551106681333020e-04
1.956250000000000000e+01 1.008470236177630763e+00 1.147133336795316295e-03
1.958333333333333215e+01 1.015506650263856780e+00 -6.913564414917738703e-04
1.960416666666666430e+01 1.024053662392751862e+00 2.233628477618679505e-03
1.962500000000000000e+01 1.024736208672470505e+00 -1.517920546929007802e-03
1.964583333333333215e+01 1.015004192146670148e+00 4.254192569209356580e-04
1.966666666666666430e+01 9.925819412955265708e-01 -3.147247455762596977e-04
1.968750000000000000e+01 9.742766661799034944e-01 -4.344419649050752568e-05
1.970833333333333215e+01 9.647753527544984387e-01 4.411055204219300639e-04
1.972916666666666430e+01 9.716741253405207779e-01 -8.047433763191136910e-04
1.975000000000000000e+01 9.854700889201741809e-01 2.830289292914452289e-04
1.977083333333333215e+01 1.012072436954581267e+00 1.525794606837422565e-03
1.979166666666666430e+01 1.032246235036138549e+00 -2.353664266973196691e-03
1.981250000000000000e+01 1.048146120200985187e+00 -1.398661181217889264e-03
1.983333333333333215e+01 1.040895973281723119e+00 -1.508864700212361786e-03
1.985416666666666430e+01 1.029399412113902956e+00 1.422737367087766091e-03
1.987500000000000000e+01 1.005307508340924416e+00 2.487706319622927636e-03
1.989583333333333215e+01 9.909433991348640669e-01 1.006785559624374026e-03
1.991666666666666430e+01 9.789247709230216588e-01 -2.978346461328027200e-04
1.993750000000000000e+01 9.764401783849901983e-01 -1.641291056536885867e-03
1.995833333333333215e+01 9.766276733707591751e-01 9.357031105960250368e-04
1.997916666666666430e+01 9.804977488062497359e-01 -4.493097047081444362e-04
2.000000000000000000e+01 9.900776562073402287e-01 1.926573127263689117e-04
2.002083333333333215e+01 9.984347152987266272e-01 -1.708774405769247773e-03
2.004166666666666430e+01 1.012571259540679058e+00 -2.315331098173399756e-04
2.006250000000000000e+01 1.026561549987777155e+00 1.047756252969436795e-03
2.008333333333333215e+01 1.021427937511720563e+00 -1.760533330833873424e-03
2.010416666666666430e+01 1.008892571883029943e+00 -1.642901825371814836e-04
2.012500000000000000e+01 9.909603528251075266e-01 3.291897011183984954e-04
2.014583333333333215e+01 9.870265778371766219e-01 -1.564967905990185875e-03
2.016666666666666430e+01 9.910802581196263006e-01 1.212736095605709179e-03
2.018750000000000000e+01 9.953602347108662096e-01 3.537719551211762799e-04
2.020833333333333215e+01 1.013631645619916588e+00 -1.728294812039133646e-03
2.022916666666666430e+01 1.037067170146970030e+00 8.258518630655088764e-04
2.025000000000000000e+01 1.035279967398421652e+00 -1.943867432684598384e-03
2.027083333333333215e+01 1.022252811091264313e+00 -2.532231131647684746e-03
2.029166666666666430e+01 9.936913652378754902e-01 -2.129830922317936959e-03
2.031250000000000000e+01 9.647052580946322564e-01 1.466032741732872747e-03
2.033333333333333215e+01 9.646841457584763857e-01 -6.812645863139352295e-04
2.035416666666666430e+01 9.670946646446845207e-01 7.215443367441341121e-05
2.037500000000000000e+01 9.883204740056237281e-01 -1.789487145693247809e-04
2.039583333333333215e+01 1.014745416758404684e+00 4.790000239130567440e-04
2.041666666666666430e+01 1.026689703633918649e+00 1.037327066654425886e-05
2.043750000000000000e+01 1.029148270787213049e+00 1.114167391069755247e-03
2.045833333333333215e+01 1.021712510400679674e+00 -1.702525849792124995e-05
2.047916666666666430e+01 9.977573300664344114e-01 1.691944475024460869e-03
2.050000000000000000e+01 9.933751418326182137e-01 4.311434248718861426e-04
2.052083333333333215e+01 9.987736136462753711e-01 2.303608022399437731e-03
2.054166666666666430e+01 9.968352196984567870e-01 -4.336743298202661999e-04
2.056250000000000000e+01 1.007947169729925152e+00 -8.082994916038294293e-04
2.058333333333333215e+01 1.007483739505745879e+00 -3.230111418898864517e-04
2.060416666666666430e+01 1.002068373528513412e+00 -1.258408902210869738e-03
2.062500000000000000e+01 9.940967882357797381e-01 1.456779505554682379e-03
2.064583333333333215e+01 9.961126909944243435e-01 -5.981794395707103499e-04
2.066666666666666430e+01 1.000800112642943107e+00 -8.462314969453120722e-04
2.068750000000000000e+01 1.012589854356145125e+00 -1.698800868060036705e-03
2.070833333333333215e+01 1.021418874970246415e+00 1.151380903440581485e-03
2.072916666666666430e+01 1.021913664302803060e+00 -2.041263100310457615e-04
2.075000000000000000e+01 1.014343924126287044e+00 -1.019259394930861025e-03
2.077083333333333215e+01 9.976537832669611916e-01 2.691798021822545094e-03
2.079166666666666430e+01 9.794153477944783637e-01 -2.021255988519740036e-03
2.081250000000000000e+01 9.714047576408170181e-01 -6.706252701249602660e-04
2.083333333333333215e+01 9.763819617539349904e-01 3.874879465370997833e-04
2.085416666666666430e+01 9.876196780963497623e-01 3.383863148138008779e-04
2.087500000000000000e+01 9.962261211817381445e-01 -4.486627739112167496e-04
2.089583333333333215e+01 1.001366273441230970e+00 -1.243881359316513458e-03
2.091666666666666430e+01 9.973740152792960334e-01 2.048669301411648006e-04
2.093750000000000000e+01 9.951833319648432097e-01 1.189883748003714393e-03
2.095833333333333215e+01 1.006181838345501456e+00 7.776996786766796023e-04
2.097916666666666430e+01 1.019880237077322116e+00 -2.197189214205308872e-03
2.100000000000000000e+01 1.043309593214055697e+00 3.428053366590415275e-04
2.102083333333333215e+01 1.060813203941659344e+00 1.079103006122882026e-03
2.104166666666666430e+01 1.052869319704532236e+00 -1.494139991091973044e-03
2.106250000000000000e+01 1.029687208070547255e+00 -9.721255664466874145e-04
2.108333333333333215e+01 9.951546922859204614e-01 1.057638198230043125e-03
2.110416666666666430e+01 9.613590689839723868e-01 1.890399842879846070e-03
2.112500000000000000e+01 9.393525933170892017e-01 -1.196255009537688149e-03
2.114583333333333215e+01 9.396259420511602345e-01 8.807941897870860681e-04
2.116666666666666430e+01 9.597005578546963234e-01 -3.072286509800691272e-03
2.118750000000000000e+01 9.849523093520200501e-01 -1.740590273675896157e-03
2.120833333333333215e+01 1.008031586969543314e+00 3.914560213424712019e-03
2.122916666666666430e+01 1.027857458809671831e+00 1.003828758041706024e-03
2.125000000000000000e+01 1.033489863465393066e+00 -1.752927066123639377e-03
2.127083333333333215e+01 1.032018940715649924e+00 1.093344632448882111e-03
2.129166666666666430e+01 1.035323248017857134e+00 1.278722743749983461e-04
2.131250000000000000e+01 1.034292465240759906e+00 -1.853286582540621423e-03
2.133333333333333215e+01 1.018346826907779556e+00 1.714247386944545756e-03
2.135416666666666430e+01 1.006220533097152314e+00 8.944877425134435418e-04
2.137500000000000000e+01 9.940122794338723811e-01 5.254006566158185522e-04
2.139583333333333215e+01 9.889116697191808747e-01 1.272350194160900899e-03
2.141666666666666430e+01 9.779276008396623476e-01 2.153537065405711627e-04
2.143750000000000000e+01 9.779135846903513896e-01 1.997984324819017127e-03
2.145833333333333215e+01 9.925563412110098849e-01 -3.442784371061099330e-05
2.147916666666666430e+01 1.004297544265498443e+00 -9.095614218579266578e-04
2.150000000000000000e+01 1.004216544594765281e+00 -4.549967606844885896e-04
2.152083333333333215e+01 1.012495565414810006e+00 7.893852927548254596e-04
2.154166666666666430e+01 1.014491888984305312e+00 -1.737420054261164509e-03
2.156250000000000000e+01 1.010751355832066656e+00 -2.160693047579111212e-03
2.158333333333333215e+01 1.001598326035006981e+00 -4.427231112300748973e-05
2.160416666666666430e+01 1.000502598214399130e+00 7.835661558618506328e-04
2.162500000000000000e+01 9.951348127353218942e-01 6.777514003671853511e-04
2.164583333333333215e+01 9.867117416798250051e-01 -8.047558314225278188e-04
2.166666666666666430e+01 9.808759317068624917e-01 1.535134380155755247e-03
2.168750000000000000e+01 9.853937329427979730e-01 -4.706466573967795571e-04
2.170833333333333215e+01 9.901005224500063484e-01 4.956166689782590118e-04
2.172916666666666430e+01 1.009314048973708466e+00 -5.603707813509191090e-04
2.175000000000000000e+01 1.028112923835358128e+00 1.711986580957798555e-03
2.177083333333333215e+01 1.046246446052131907e+00 3.747222508691087114e-04
2.179166666666666430e+01 1.041135372771104350e+00 1.250459253413145708e-03
2.181250000000000000e+01 1.026660809353461046e+00 2.641353220513234772e-03
2.183333333333333215e+01 9.977965095485711311e-01 3.651861288875970298e-04
2.185416666666666430e+01 9.712394669638492184e-01 -7.411447009312824210e-04
2.187500000000000000e+01 9.640070940488670859e-01 2.468410691304076792e-03
2.189583333333333215e+01 9.710016472201599136e-01 -1.788797976820781553e-03
2.191666666666666430e+01 9.877247183231667726e-01 6.183756983599847509e-04
2.193750000000000000e+01 1.006513809595463549e+00 -8.632779957195833593e-04
2.195833333333333215e+01 1.020283719485124641e+00 -1.148763772014135039e-03
2.197916666666666430e+01 1.014457215201069573e+00 1.699296594853320994e-03
2.200000000000000000e+01 9.991639896199948634e-01 6.500318703674831883e-04
2.202083333333333215e+01 9.842832705007937832e-01 3.703520287273725392e-04
2.204166666666666430e+01 9.853584877859454805e-01 3.410309396714942404e-04
2.206250000000000000e+01 9.941260076871027973e-01 5.128991398738794432e-04
2.208333333333333215e+01 1.009982757887260441e+00 -1.126487807815225537e-03
2.210416666666666430e+01 1.030721976027646480e+00 -1.137537393318933726e-03
2.212500000000000000e+01 1.036433388886089046e+00 -7.890982035723189542e-04
2.214583333333333215e+01 1.020971090672819992e+00 -1.199181793752450171e-03
2.216666666666666430e+01 1.010430707872072897e+00 4.747288028456994797e-04
2.218750000000000000e+01 9.914891919860018277e-01 -6.516119561923652695e-04
2.220833333333333215e+01 9.899005882601992212e-01 -1.031675020982601417e-03
2.222916666666666430e+01 9.948514890769323271e-01 -3.698564722450309669e-05
2.225000000000000000e+01 9.997789353586702399e-01 1.755216720768085822e-03
2.227083333333333215e+01 1.000127891264613655e+00 -2.977845070098586780e-04
2.229166666666666430e+01 9.912137861142313877e-01 -1.719510900241825796e-03
2.231250000000000000e+01 9.775268950769174792e-01 2.661789278962832452e-04
2.233333333333333215e+01 9.658765606177849294e-01 -1.039081278877234315e-03
2.235416666666666430e+01 9.725458826066297746e-01 1.570298637324709420e-03
2.237500000000000000e+01 9.928435792654390912e-01 1.019410914959206381e-03
2.239583333333333215e+01 1.014718816811160718e+00 -1.270975196918802154e-03
2.241666666666666430e+01 1.035439555344720430e+00 1.056946798905679472e-03
2.243750000000000000e+01 1.041949336182924624e+00 -2.651205881327809571e-03
2.245833333333333215e+01 1.029233856694394600e+00 -2.734178440445936536e-03
2.247916666666666430e+01 1.015596800238635078e+00 1.824264916797438125e-04
2.250000000000000000e+01 9.896255106518454525e-01 -1.975663809107641028e-03
2.252083333333333215e+01 9.839577125637020139e-01 4.388805949667988634e-04
2.254166666666666430e+01 9.825563439432211110e-01 -8.778752504580616999e-04
2.256250000000000000e+01 9.864972604105927134e-01 4.337952240874990480e-04
2.258333333333333215e+01 9.922764894933491231e-01 -1.316891191354727358e-03
2.260416666666666430e+01 9.950453008036289626e-01 -1.641988558204501272e-04
2.262500000000000000e+01 9.938345443353602260e-01 -2.074815555963838425e-04
2.264583333333333215e+01 9.874447957431077283e-01 1.427363320620441724e-03
2.266666666666666430e+01 9.923406983845951546e-01 1.643981636349463446e-03
2.268750000000000000e+01 9.938597230643704261e-01 6.585773777958113789e-04
2.270833333333333215e+01 9.980255901488783721e-01 -6.479679576397315635e-04
2.272916666666666430e+01 1.014261836326925126e+00 1.318227272065995975e-03
2.275000000000000000e+01 1.016391622294673169e+00 1.449961986953802800e-03
2.277083333333333215e+01 1.017847295451890011e+00 -1.673615860772514723e-03
2.279166666666666430e+01 1.012548822671930582e+00 7.128250588975119147e-04
2.281250000000000000e+01 9.943722279299311850e-01 4.198639184099767327e-04
2.283333333333333215e+01 9.882902065227496813e-01 1.648622712233391383e-03
2.285416666666666430e+01 9.860887013248131883e-01 9.936348786611381729e-04
2.287500000000000000e+01 9.921873282855424581e-01 -1.066888913513093723e-03
2.289583333333333215e+01 1.004229531119166241e+00 7.065569041594144421e-04
2.291666666666666430e+01 1.014650992704264842e+00 -1.077493569874916684e-03
2.293750000000000000e+01 1.012552900481379581e+00 1.922857662778789355e-03
2.295833333333333215e+01 1.004649670652071114e+00 2.650433764354079812e-04
2.297916666666666430e+01 9.948512316942945688e-01 -2.142477659711909069e-03
2.300000000000000000e+01 9.889071491598616648e-01 1.248233540785782325e-04
2.302083333333333215e+01 9.748691974344811939e-01 -1.869597448732930991e-03
2.304166666666666430e+01 9.764974049159301783e-01 -1.151033846936738714e-03
2.306250000000000000e+01 9.856576193356325621e-01 5.880031777789681158e-04
2.308333333333333215e+01 1.004320400343905240e+00 1.797733682037091444e-03
2.310416666666666430e+01 1.022560775809442823e+00 7.613291429069576855e-04
2.312500000000000000e+01 1.028680697814602141e+00 -2.233956188876269709e-03
2.314583333333333215e+01 1.039811170024468323e+00 1.278716215672938872e-04
2.316666666666666430e+01 1.024651261056700235e+00 1.179709855998958568e-04
2.318750000000000000e+01 1.006006342272803611e+00 -1.081824312658747744e-03
2.320833333333333215e+01 9.887144734946808899e-01 -1.752036748694976243e-03
2.322916666666666430e+01 9.705357509475405209e-01 4.097256793725027510e-05
2.325000000000000000e+01 9.660838032329797098e-01 2.247204602334204691e-04
2.327083333333333215e+01 9.707492388787277715e-01 -3.513626878523977361e-04
2.329166666666666430e+01 9.881269441652023033e-01 6.119792700954167523e-04
2.331250000000000000e+01 1.008833168985770135e+00 -7.582160593611693335e-04
2.333333333333333215e+01 1.016696847445818452e+00 1.069769733801628330e-03
2.335416666666666430e+01 1.016247433148284474e+00 -6.846183465296354007e-04
2.337500000000000000e+01 1.014577403622254570e+00 -7.430954398762405072e-04
2.339583333333333215e+01 1.002658587701374726e+00 -2.028362405749321428e-03
2.341666666666666430e+01 9.931509586127972300e-01 2.799528836829098658e-04
2.343750000000000000e+01 9.950061241703461734e-01 1.121356917992866404e-03
2.345833333333333215e+01 1.009132082504534900e+00 -1.395373672258425676e-03
2.347916666666666430e+01 1.010717572224436145e+00 4.532645847129293764e-04
2.350000000000000000e+01 1.017774336319097861e+00 -6.655674326040415031e-04
2.352083333333333215e+01 1.012175666811147678e+00 3.432381611178607074e-05
2.354166666666666430e+01 9.995260167948096797e-01 -1.640477658825255196e-03
2.356250000000000000e+01 9.886851055555365697e-01 3.662907284368817958e-04
2.358333333333333215e+01 9.777086470000924123e-01 -2.426018186402653133e-03
2.360416666666666430e+01 9.856501084253520562e-01 -3.616756231688769566e-04
2.362500000000000000e+01 9.916131342410801075e-01 2.010101013913489967e-03
2.364583333333333215e+01 1.008503449200597091e+00 1.516392962794248060e-03
2.366666666666666430e+01 1.008099627611916072e+00 -1.262181927211296914e-03
2.368750000000000000e+01 1.010810065863403606e+00 5.791285717212920963e-04
2.370833333333333215e+01 9.961223774289853505e-01 2.099587101716546625e-03
2.372916666666666430e+01 9.880112675182416426e-01 -6.970981565123824265e-04
2.375000000000000000e+01 9.877424835078471022e-01 -4.793805516962856416e-05
2.377083333333333215e+01 9.933288257980920077e-01 4.916122511553703677e-04
2.379166666666666430e+01 9.988739843628766657e-01 -2.129963570497833778e-03
2.381250000000000000e+01 1.009469271762076348e+00 2.805595113393365364e-04
2.383333333333333215e+01 1.016742279905558322e+00 -3.690055770254174923e-03
2.385416666666666430e+01 1.017011077743306124e+00 -4.625315156421205484e-04
2.387500000000000000e+01 1.008975242304703590e+00 -2.393555637094374065e-04
2.389583333333333215e+01 1.001811125749672460e+00 -1.590945353062424804e-04
2.391666666666666430e+01 1.002581325527222456e+00 -2.712349032341191432e-04
2.393750000000000000e+01 1.001730992155222433e+00 4.010229402489977574e-04
2.395833333333333215e+01 1.005884792149169815e+00 1.544793418496858296e-04
2.397916666666666430e+01 1.006177325831410396e+00 -8.467832284204340840e-04
2.400000000000000000e+01 9.944889398283075499e-01 -1.219602122942037379e-03
2.402083333333333215e+01 9.842709058951839562e-01 1.435013073133073122e-03
2.404166666666666430e+01 9.749972772762934836e-01 -1.115137917286683662e-03
2.406250000000000000e+01 9.683536251246144255e-01 -1.215375167142904427e-03
2.408333333333333215e+01 9.787463103064359959e-01 -3.588083099600454344e-04
2.410416666666666430e+01 9.944831120249704171e-01 1.211081863607489911e-03
2.412500000000000000e+01 1.005360161135349317e+00 -1.338480411507025252e-04
2.414583333333333215e+01 1.027976196620922877e+00 -3.545474354703789192e-04
2.416666666666666430e+01 1.029313616449448077e+00 -1.177903164614185457e-03
2.418750000000000000e+01 1.021791342287971194e+00 6.647714407379332188e-04
2.420833333333333215e+01 1.022198933066156057e+00 -2.740613074348737053e-04
2.422916666666666430e+01 1.016118790054826748e+00 2.463559580323641286e-04
2.425000000000000000e+01 1.012660375581284633e+00 -3.766900431420264097e-04
2.427083333333333215e+01 1.011668141782779751e+00 -1.839620228170624466e-03
2.429166666666666430e+01 1.004476337046571688e+00 -1.258090124006397501e-03
2.431250000000000000e+01 9.934564912621621779e-01 -5.446880148328787268e-04
2.433333333333333215e+01 9.796733135017686722e-01 7.501781723604413689e-07
2.435416666666666430e+01 9.687395473970754622e-01 -1.243121277411712551e-03
2.437500000000000000e+01 9.644520668246618911e-01 5.512650493065362860e-04
2.439583333333333215e+01 9.699597772560670794e-01 6.255266052126533770e-04
2.441666666666666430e+01 9.802927061222411753e-01 1.403328030971871029e-03
2.443750000000000000e+01 1.004911420151203050e+00 -2.959715782536868119e-04
2.445833333333333215e+01 1.022258257570604512e+00 7.670419299260280988e-04
2.447916666666666430e+01 1.038186393201582236e+00 2.994578897297573068e-04
2.450000000000000000e+01 1.039795321886599844e+00 6.365118420059131046e-04
2.452083333333333215e+01 1.033678988174521862e+00 1.317203398158952937e-03
2.454166666666666430e+01 1.027130951324378927e+00 2.173471600123363066e-03
2.456250000000000000e+01 1.013718233990683171e+00 -9.669386403567540363e-04
2.458333333333333215e+01 1.003902682114753642e+00 -9.517605828758753410e-04
2.460416666666666430e+01 9.887206112885580378e-01 -5.904382988485966811e-04
2.462500000000000000e+01 9.785022544699949476e-01 -4.803168403707325735e-06
2.464583333333333215e+01 9.702846066277797110e-01 1.908280421040327648e-03
2.466666666666666430e+01 9.719660163449311829e-01 1.290189710764525974e-03
2.468750000000000000e+01 9.767972736023546876e-01 1.306798993064898617e-03
2.470833333333333215e+01 9.953299199418575993e-01 1.458155161472183756e-03
2.472916666666666430e+01 1.011977254646162949e+00 1.698170529785075983e-03
2.475000000000000000e+01 1.020084152768240271e+00 -1.228380002127097651e-04
2.477083333333333215e+01 1.030656308211971295e+00 -8.689275643788842542e-04
2.479166666666666430e+01 1.030525628712872122e+00 -4.847582089302796622e-04
2.481250000000000000e+01 1.023614693861809366e+00 9.874397559023794305e-04
2.483333333333333215e+01 1.012928280686246962e+00 1.598295245454214039e-03
2.485416666666666430e+01 9.976463896903532413e-01 4.523726754145571669e-04
2.487500000000000000e+01 9.898693457263343376e-01 3.644505342791734158e-04
2.489583333333333215e+01 9.742978241411773821e-01 -6.655349369739605109e-04
2.491666666666666430e+01 9.712530621348822724e-01 1.177173880482632442e-03
2.493750000000000000e+01 9.777909664334396567e-01 2.094559036720198674e-03
2.495833333333333215e+01 9.960156347333045668e-01 8.021447594487449628e-04
2.497916666666666430e+01 1.007122556198274177e+00 -3.276311787951928381e-04
2.500000000000000000e+01 1.021123613361624605e+00 -3.078338592210009238e-03
2.502083333333333215e+01 1.028431799450008510e+00 8.698822347643825120e-04
2.504166666666666430e+01 1.028270894615660902e+00 -1.422968224798658787e-03
2.506250000000000000e+01 1.018523252070274498e+00 3.891834766848970305e-05
2.508333333333333215e+01 1.006295681772040540e+00 1.419598343429960248e-03
2.510416666666666430e+01 9.973618705243885163e-01 2.785571101086363162e-04
2.512500000000000000e+01 9.897892927496971804e-01 -6.833267707083018349e-05
2.514583333333333215e+01 9.869616323991754481e-01 1.110438980130987055e-03
2.516666666666666430e+01 9.868045193392268599e-01 -2.862647078319271923e-03
2.518750000000000000e+01 9.925195240865163360e-01 1.314933131063580679e-03
2.520833333333333215e+01 9.884310840446425273e-01 -1.742734180340068740e-03
2.522916666666666430e+01 9.921320663842486676e-01 -9.582760317461592884e-04
2.525000000000000000e+01 9.935089182243062034e-01 -1.318163146180452525e-03
2.527083333333333215e+01 9.956818814973539267e-01 9.718853064202974705e-04
2.529166666666666430e+01 1.009948950941522927e+00 3.987192456310301256e-04
2.531250000000000000e+01 1.017766208523657179e+00 5.681223374130551032e-05
2.533333333333333215e+01 1.027182265703150854e+00 -7.439490083175150136e-04
2.535416666666666430e+01 1.030410789488340528e+00 5.650405274624883435e-04
2.537500000000000000e+01 1.029709362172138487e+00 -1.019207536209328432e-04
2.539583333333333215e+01 1.015134312861637023e+00 -9.297970505735593397e-04
2.541666666666666430e+01 9.989777572864636523e-01 -1.128551283726847996e-03
2.543750000000000000e+01 9.846072271711503454e-01 1.210510603623075714e-03
2.545833333333333215e+01 9.678226298597291111e-01 -6.371953470626484910e-04
2.547916666666666430e+01 9.693316493467374340e-01 -5.268623268479759965e-04
2.550000000000000000e+01 9.774817280753398396e-01 -1.111664431634664047e-03
2.552083333333333215e+01 9.877120122564713167e-01 -1.214474200464187676e-03
2.554166666666666430e+01 1.004560940258306667e+00 -2.457612973513759375e-04
2.556250000000000000e+01 1.020115029217701696e+00 1.371748751322285364e-04
2.558333333333333215e+01 1.025130835934957574e+00 -1.187357685273595243e-03
2.560416666666666430e+01 1.033741455906606488e+00 -1.994680786174003913e-03
2.562500000000000000e+01 1.035192373797315657e+00 -1.166359263413767203e-03
2.564583333333333215e+01 1.027379166903649832e+00 2.906906893383386591e-04
2.566666666666666430e+01 1.013904188216389946e+00 5.370867244624705781e-04
2.568750000000000000e+01 9.916043582775853071e-01 2.226804362626549644e-04
2.570833333333333215e+01 9.752837772590330356e-01 -3.990852671019928452e-04
2.572916666666666430e+01 9.584904138786551897e-01 2.495065963303621202e-03
2.575000000000000000e+01 9.540700876597170144e-01 -1.520317254135285278e-03
2.577083333333333215e+01 9.712089191300999902e-01 3.270046574599281219e-04
2.579166666666666430e+01 9.872037124354734461e-01 5.512754579318628360e-04
2.581250000000000000e+01 1.025502032044885548e+00 6.754755223297955521e-05
2.583333333333333215e+01 1.047211020125377257e+00 2.817817381895373202e-03
2.585416666666666430e+01 1.059765838751243194e+00 -4.928089855256236355e-04
2.587500000000000000e+01 1.049749898393750991e+00 1.087236420072894726e-05
2.589583333333333215e+01 1.029026384855505905e+00 4.020607420993936587e-03
2.591666666666666430e+01 9.954983115771454116e-01 -1.744808389056801826e-05
2.593750000000000000e+01 9.784889730262348317e-01 -2.253442690210039328e-03
2.595833333333333215e+01 9.681192780996222824e-01 8.109769865755241114e-04
2.597916666666666430e+01 9.609236713799296226e-01 4.560288956874995162e-04
