0.000000000000000000e+00 9.818724726060984453e-01 2.014620004454500523e-03
2.083333333333333218e-02 9.877523999665277499e-01 -7.346650421053820207e-04
4.166666666666666435e-02 9.887717680975093293e-01 1.221274576527405084e-03
6.250000000000000000e-02 1.001883023259085181e+00 -6.653946722302908883e-04
8.333333333333332871e-02 1.010316859542411683e+00 -9.808136973909701434e-04
1.041666666666666574e-01 1.027535883372217240e+00 -8.880444037502256867e-04
1.250000000000000000e-01 1.023988413250475737e+00 7.086701159567837830e-04
1.458333333333333148e-01 1.017549210095178180e+00 -1.139010879966055297e-03
1.666666666666666574e-01 1.004844521434143267e+00 1.340838742737330853e-03
1.875000000000000000e-01 9.989547746859869237e-01 -5.001635273893073304e-04
2.083333333333333148e-01 9.919379916903727779e-01 6.755043560401594071e-05
2.291666666666666574e-01 1.001329925684303124e+00 -1.305179077703970490e-03
2.500000000000000000e-01 9.953142299954303995e-01 1.089685055900945615e-04
2.708333333333333148e-01 9.955443042272003051e-01 -1.325635828697467522e-05
2.916666666666666297e-01 9.931880762329684531e-01 -1.065049639709541619e-03
3.125000000000000000e-01 9.897809888984858695e-01 1.359424574057266702e-03
3.333333333333333148e-01 9.953506986414950575e-01 1.428274436340809181e-03
3.541666666666666297e-01 9.988079899681585605e-01 1.389951563676660416e-03
3.750000000000000000e-01 1.007990801539168535e+00 2.626754833802087187e-04
3.958333333333333148e-01 1.015025927729634958e+00 -6.778210597257631814e-04
4.166666666666666297e-01 1.021576800119402550e+00 1.440370760964040974e-03
4.375000000000000000e-01 1.013723290832694746e+00 -9.494554635432621336e-04
4.583333333333333148e-01 1.007892530589211244e+00 9.297782379773681998e-04
4.791666666666666297e-01 1.001458329491498045e+00 -2.030409081449028891e-03
5.000000000000000000e-01 9.898649313640280889e-01 3.861743854688777706e-04
5.208333333333332593e-01 9.891832545553124190e-01 3.491379744712357069e-04
5.416666666666666297e-01 9.912773518488188218e-01 -1.069243872024755676e-03
5.625000000000000000e-01 9.953535877231014517e-01 7.534746182133573132e-04
5.833333333333332593e-01 9.977588949513983563e-01 6.104020131180850836e-04
6.041666666666666297e-01 1.001802283694699813e+00 -7.515365250501944254e-04
6.250000000000000000e-01 1.012448864362661016e+00 1.006811167979731721e-03
6.458333333333332593e-01 1.010792287281232493e+00 -2.843273488673507803e-03
6.666666666666666297e-01 1.010170143205447069e+00 7.352045188484177245e-04
6.875000000000000000e-01 1.006687926408440736e+00 -5.424576911368120475e-04
7.083333333333332593e-01 1.002323162470144746e+00 2.607702159422619682e-04
7.291666666666666297e-01 9.999236481440176849e-01 -2.822872744510523279e-05
7.500000000000000000e-01 1.004081569913130245e+00 3.249317443437705222e-03
7.708333333333332593e-01 1.002116459098656653e+00 6.350316101933336718e-04
7.916666666666666297e-01 1.003221114214610576e+00 1.025212323460437426e-03
8.125000000000000000e-01 9.988041023679464780e-01 2.749737367594814650e-04
8.333333333333332593e-01 9.907777653069677060e-01 1.646804301546211588e-03
8.541666666666666297e-01 9.891144804337834717e-01 1.365100769927319333e-03
8.750000000000000000e-01 9.915824959638963598e-01 -1.158781946908602964e-03
8.958333333333332593e-01 1.000625648830062442e+00 -4.197612396038157868e-04
9.166666666666666297e-01 1.012026381179024659e+00 -1.507661959298251062e-03
9.375000000000000000e-01 1.022200977563608726e+00 3.574612681300427981e-03
9.583333333333332593e-01 1.025313271912912549e+00 4.759302242942734808e-04
9.791666666666666297e-01 1.015644352060422140e+00 1.589041428251301087e-04
1.000000000000000000e+00 9.936594049287689190e-01 9.065268092471963270e-04
1.020833333333333259e+00 9.949038786780115551e-01 2.512000675855326475e-03
1.041666666666666519e+00 9.838013023893871223e-01 -5.531377728323896500e-04
1.062500000000000000e+00 9.860130660519900170e-01 2.575593773551132157e-03
1.083333333333333259e+00 9.952295524218672806e-01 1.125806887512712223e-03
1.104166666666666519e+00 9.954300331304675176e-01 -1.625351922860006652e-03
1.125000000000000000e+00 1.005339803515440833e+00 2.096500796416852445e-03
1.145833333333333259e+00 1.006127758043492859e+00 2.692168118264729273e-04
1.166666666666666519e+00 1.007208283386282099e+00 -4.400228423693827262e-04
1.187500000000000000e+00 1.011386972427037012e+00 9.881771447829491069e-04
1.208333333333333259e+00 1.020899418763631550e+00 6.344307584572184263e-04
1.229166666666666519e+00 1.022257957898498937e+00 7.315697909478413499e-04
1.250000000000000000e+00 1.011463831849201966e+00 -2.738706867977830275e-03
1.270833333333333259e+00 1.002987100574916690e+00 1.001811574870964438e-03
1.291666666666666519e+00 9.868866824240967173e-01 9.601918934017597941e-04
1.312500000000000000e+00 9.804460544174032899e-01 -8.169900873908664306e-04
1.333333333333333259e+00 9.791778543868375762e-01 -7.031727734474359356e-04
1.354166666666666519e+00 9.901970050408657187e-01 -1.404247333250338309e-04
1.375000000000000000e+00 1.002122112042465929e+00 3.379820856040809162e-04
1.395833333333333259e+00 1.010936271646222240e+00 -4.787131302271533566e-05
1.416666666666666519e+00 1.030615212512511425e+00 -4.683545751664849508e-04
1.437500000000000000e+00 1.026674965082799540e+00 3.327658259973698975e-04
1.458333333333333259e+00 1.023435355156720350e+00 -2.984848462981506555e-04
1.479166666666666519e+00 1.017144407144840779e+00 -1.846233694895501026e-03
1.500000000000000000e+00 1.001679577036025171e+00 2.371683005282082795e-03
1.520833333333333259e+00 9.898572471926365690e-01 1.274155828765404517e-03
1.541666666666666519e+00 9.823511086845945206e-01 -2.556594303806965620e-04
1.562500000000000000e+00 9.771073204577391813e-01 2.916043611259675036e-04
1.583333333333333259e+00 9.896572920988098154e-01 -4.565976217297443404e-04
1.604166666666666519e+00 9.975409145211092676e-01 -2.484123495767167310e-03
1.625000000000000000e+00 1.006985838351997842e+00 1.723512470518643973e-03
1.645833333333333259e+00 1.020065870121803275e+00 5.246164449921227870e-04
1.666666666666666519e+00 1.023060363460948752e+00 2.205218113192731338e-03
1.687500000000000000e+00 1.019155629111200945e+00 2.874549868590500949e-05
1.708333333333333259e+00 1.017135108194633153e+00 9.434581090594965601e-04
1.729166666666666519e+00 1.009046122134413803e+00 8.514503079026156367e-04
1.750000000000000000e+00 1.000540366349781163e+00 6.519598033608264539e-04
1.770833333333333259e+00 9.914934707336818809e-01 -5.003342716221203688e-04
1.791666666666666519e+00 9.860585571976523411e-01 -2.382296441062179727e-04
1.812500000000000000e+00 9.807040295059599178e-01 -3.250710136150338696e-04
1.833333333333333259e+00 9.902640057208943469e-01 -6.616952435584907716e-04
1.854166666666666519e+00 1.000076001658945613e+00 -1.098792992058791445e-04
1.875000000000000000e+00 1.016724673892211106e+00 1.174447253346561516e-03
1.895833333333333259e+00 1.020566626575267755e+00 3.316359206065145476e-03
1.916666666666666519e+00 1.018326667247879458e+00 -9.516281940980943037e-04
1.937500000000000000e+00 1.014327856441828768e+00 -7.654686687795286609e-04
1.958333333333333259e+00 1.009233954476709050e+00 2.763208587434701213e-03
1.979166666666666519e+00 9.947541153078977016e-01 -2.438457217566665795e-04
2.000000000000000000e+00 9.869181686354440153e-01 -9.301461170805364227e-04
2.020833333333333037e+00 9.945553604231098799e-01 2.028123365418993786e-04
2.041666666666666519e+00 9.942920829316792553e-01 -1.306672805401851807e-03
2.062500000000000000e+00 1.002384874200650478e+00 -8.993166535974184226e-04
2.083333333333333037e+00 1.012141410711966394e+00 2.467773093069863810e-03
2.104166666666666519e+00 1.015691796923087198e+00 -1.943396746204177671e-03
2.125000000000000000e+00 1.016782308865423756e+00 -2.544366344834160304e-04
2.145833333333333037e+00 1.014341413693493399e+00 2.409710852512683514e-03
2.166666666666666519e+00 1.009997758652117605e+00 2.131561577214122552e-03
2.187500000000000000e+00 1.004280557309651156e+00 3.175026817448609300e-03
2.208333333333333037e+00 9.893091786888333905e-01 1.733265025812615392e-03
2.229166666666666519e+00 9.851502477158011750e-01 -3.094364988941819441e-04
2.250000000000000000e+00 9.908593952580940778e-01 -2.038169171498736539e-04
2.270833333333333037e+00 1.001283116097702708e+00 -6.397573888693300955e-04
2.291666666666666519e+00 1.001430950988700719e+00 8.078178044077562875e-04
2.312500000000000000e+00 1.016682158438236394e+00 -4.162127604285614877e-04
2.333333333333333037e+00 1.023757714503096938e+00 -9.026521189091827289e-04
2.354166666666666519e+00 1.016440175229075482e+00 -1.521214499655094759e-03
2.375000000000000000e+00 1.008485162229749488e+00 2.814148807969527478e-03
2.395833333333333037e+00 1.005439221095350222e+00 -1.529957751267836110e-03
2.416666666666666519e+00 9.958334775640216296e-01 1.074887948358536731e-03
2.437500000000000000e+00 9.935941369022588399e-01 -8.711056427348403417e-04
2.458333333333333037e+00 9.945084352308918296e-01 9.301568325558655197e-04
2.479166666666666519e+00 9.940761960354232984e-01 1.461488826379963961e-03
2.500000000000000000e+00 9.937272727794096427e-01 -1.871835205386435206e-04
2.520833333333333037e+00 1.005423674854100780e+00 7.903644948992497249e-04
2.541666666666666519e+00 1.010074452664242450e+00 1.157541472098756784e-03
2.562500000000000000e+00 1.009202294947674661e+00 -6.948748220151659523e-04
2.583333333333333037e+00 1.009051176657672189e+00 2.191912581091271309e-03
2.604166666666666519e+00 1.009402507527191961e+00 -3.736277479778015147e-04
2.625000000000000000e+00 1.005194053631676576e+00 -8.792034568699145722e-04
2.645833333333333037e+00 9.998171025221723740e-01 -1.358971416429558042e-04
2.666666666666666519e+00 1.002039609543375454e+00 -1.087743825350393455e-03
2.687500000000000000e+00 1.008284569687409427e+00 -2.573660219792027752e-04
2.708333333333333037e+00 1.006697109236252219e+00 2.801547474635607445e-03
2.729166666666666519e+00 9.998484442423394292e-01 2.012486303426582867e-03
2.750000000000000000e+00 9.921339730355249742e-01 1.983317894159355565e-03
2.770833333333333037e+00 9.900609681936871631e-01 -1.814031294150661531e-03
2.791666666666666519e+00 9.815158130633476752e-01 8.932715288654841275e-04
2.812500000000000000e+00 9.950825113306093206e-01 2.926105161725771689e-03
2.833333333333333037e+00 1.008085978677695005e+00 9.099537349636499647e-04
2.854166666666666519e+00 1.020219588001027189e+00 1.925257592330509825e-03
2.875000000000000000e+00 1.030967937107989618e+00 5.833304852285100010e-04
2.895833333333333037e+00 1.029498189867819935e+00 7.507740001788378321e-06
2.916666666666666519e+00 1.016715835442222104e+00 -4.192778979100256469e-04
2.937500000000000000e+00 9.988052954618107382e-01 6.087870326359944495e-04
2.958333333333333037e+00 9.874747645502969240e-01 9.284588269705512350e-04
2.979166666666666519e+00 9.804431399223724197e-01 1.855791550413286427e-03
3.000000000000000000e+00 9.799506615874536974e-01 -1.954943032659204553e-03
3.020833333333333037e+00 9.895309196757472447e-01 -2.168768912870652939e-03
3.041666666666666519e+00 9.978904324672162041e-01 -9.083481749299660317e-04
3.062500000000000000e+00 1.007838859431111622e+00 3.709423038548093966e-04
3.083333333333333037e+00 1.016330363844176965e+00 -2.274209023937760754e-03
3.104166666666666519e+00 1.015325930413952582e+00 8.001879031559060206e-04
3.125000000000000000e+00 1.023966300959513465e+00 2.312822905866217509e-03
3.145833333333333037e+00 1.022191789184730748e+00 -1.259151583151270131e-03
3.166666666666666519e+00 1.015202196783353106e+00 1.946093157143991914e-03
3.187500000000000000e+00 1.001561262797002971e+00 6.782342046985335125e-04
3.208333333333333037e+00 9.906641637554116642e-01 2.432929079750632655e-03
3.229166666666666519e+00 9.798211648949778363e-01 1.033875261193296447e-03
3.250000000000000000e+00 9.771191082332371103e-01 -2.112229074821794349e-03
3.270833333333333037e+00 9.741826747972935907e-01 -2.420165562324302005e-05
3.291666666666666519e+00 9.889860185360862532e-01 1.190796190716769134e-04
3.312500000000000000e+00 1.004300989350692452e+00 2.009845136017342204e-04
3.333333333333333037e+00 1.014339129518005533e+00 2.180637467332231967e-03
3.354166666666666519e+00 1.024192287914405863e+00 -3.373606329456604381e-04
3.375000000000000000e+00 1.032200698158905583e+00 1.894907887526123920e-03
3.395833333333333037e+00 1.033336653783782699e+00 2.046326889913429979e-05
3.416666666666666519e+00 1.018040951289359120e+00 -1.542148826495146595e-04
3.437500000000000000e+00 1.004465072909237700e+00 1.441281187958552137e-03
3.458333333333333037e+00 9.902664387933917123e-01 -1.111651595878758838e-03
3.479166666666666519e+00 9.845242825432767297e-01 -8.491374283279606904e-04
3.500000000000000000e+00 9.834929771412252997e-01 3.542988499451793570e-04
3.520833333333333037e+00 9.849026531018422181e-01 1.645580298842354077e-03
3.541666666666666519e+00 9.960084872119824295e-01 -4.450580821403828948e-04
3.562500000000000000e+00 1.004611198855609899e+00 -4.389181499797596242e-04
3.583333333333333037e+00 1.005743253060825459e+00 5.836118022108224487e-04
3.604166666666666519e+00 1.012210302875062862e+00 -1.581073221284823261e-03
3.625000000000000000e+00 1.017853454071316666e+00 7.462687876065568146e-04
3.645833333333333037e+00 1.020290959849387891e+00 -1.806663207659856343e-03
3.666666666666666519e+00 1.018916969469113365e+00 9.498432077531419936e-05
3.687500000000000000e+00 1.020992546448030502e+00 -1.197032938128479197e-03
3.708333333333333037e+00 1.010346084130639754e+00 2.315679414421135604e-03
3.729166666666666519e+00 9.964081827450571582e-01 -9.577402752286479255e-04
3.750000000000000000e+00 9.830760687158619504e-01 -5.223151959699019568e-04
3.770833333333333037e+00 9.838676054688451078e-01 2.891105424100047982e-05
3.791666666666666519e+00 9.885768270579540218e-01 -4.823986571898067907e-04
3.812500000000000000e+00 9.953006113481541739e-01 1.214939751477004054e-03
3.833333333333333037e+00 1.004433564612633001e+00 1.445309964178095310e-03
3.854166666666666519e+00 1.013202955702625196e+00 -1.916539030478393120e-03
3.875000000000000000e+00 1.011840584043517843e+00 -9.760280261229957075e-05
3.895833333333333037e+00 1.011759047142423817e+00 8.871318540214481654e-04
3.916666666666666519e+00 1.004112841545092838e+00 -1.977253070049916819e-03
3.937500000000000000e+00 1.008446720946781783e+00 1.400620033835135421e-03
3.958333333333333037e+00 1.013309106224199896e+00 1.703888469502965939e-05
3.979166666666666519e+00 1.008015851831061127e+00 1.051084549594401545e-03
4.000000000000000000e+00 1.012171047658350531e+00 2.353674155992519727e-03
4.020833333333333037e+00 9.989806710938501366e-01 2.179827256194844486e-03
4.041666666666666075e+00 9.948565329571057436e-01 -1.462111212213884094e-04
4.062500000000000000e+00 9.961605328111143853e-01 6.801497903665448992e-04
4.083333333333333037e+00 9.854389710542763581e-01 2.065577900964842960e-03
4.104166666666666075e+00 9.941198931657603266e-01 -3.024845358388785843e-04
4.125000000000000000e+00 9.925454302671220530e-01 3.766631384108880438e-03
4.145833333333333037e+00 9.985744555713217396e-01 -6.189916778371729706e-05
4.166666666666666075e+00 1.009025572863860853e+00 -6.994348246743543841e-04
4.187500000000000000e+00 1.016270082415261289e+00 -1.528493706702616908e-03
4.208333333333333037e+00 1.022427167820768146e+00 -9.416376919013913754e-04
4.229166666666666075e+00 1.019266593093999473e+00 -6.524004901656851960e-04
4.250000000000000000e+00 1.010381331530253446e+00 -7.451061897469254654e-04
4.270833333333333037e+00 9.949846739153892505e-01 1.942091800322497249e-04
4.291666666666666075e+00 9.862052438365289664e-01 3.319745765828286722e-05
4.312500000000000000e+00 9.735467146263814264e-01 6.057561298370981503e-04
4.333333333333333037e+00 9.852620881605764769e-01 -3.595058260524013755e-04
4.354166666666666075e+00 9.958685216999082490e-01 1.328663135435066537e-04
4.375000000000000000e+00 1.012646253588355583e+00 -3.700615355296150446e-04
4.395833333333333037e+00 1.022637048208158594e+00 -7.451031088272144906e-04
4.416666666666666075e+00 1.017981384654232713e+00 -1.469264344997124041e-03
4.437500000000000000e+00 1.018487250161551394e+00 1.879416417439677624e-04
4.458333333333333037e+00 1.006700745491521776e+00 6.292692150136271374e-04
4.479166666666666075e+00 9.988361054828990282e-01 -1.134288286318477614e-03
4.500000000000000000e+00 9.951627646242813263e-01 3.567963803296947574e-04
4.520833333333333037e+00 9.897862686417258082e-01 -9.085584275054048396e-04
4.541666666666666075e+00 9.878521616721147591e-01 -3.547151562967242283e-04
4.562500000000000000e+00 9.882975659295913928e-01 -1.835259761480105859e-03
4.583333333333333037e+00 9.955032350622724513e-01 5.740687664939108292e-04
4.604166666666666075e+00 1.002985686802926768e+00 4.911728109687352054e-04
4.625000000000000000e+00 1.015877370627098042e+00 -1.397167620989151968e-03
4.645833333333333037e+00 1.026407933247553972e+00 -2.187880165924831720e-03
4.666666666666666075e+00 1.020762948038049123e+00 8.599029278836004203e-04
4.687500000000000000e+00 1.011751582984971254e+00 -1.831307411444239039e-03
4.708333333333333037e+00 9.998323832296523994e-01 -4.935528981780379874e-04
4.729166666666666075e+00 9.843642006087031104e-01 -3.543318645147499279e-04
4.750000000000000000e+00 9.767141963805504590e-01 -4.001464823658882133e-04
4.770833333333333037e+00 9.833846854223213807e-01 4.843700011846994460e-04
4.791666666666666075e+00 9.963783667692381885e-01 3.510310223383842558e-04
4.812500000000000000e+00 1.002281934048410150e+00 -2.627770264176873278e-04
4.833333333333333037e+00 1.008991230254329574e+00 3.097640696900080207e-04
4.854166666666666075e+00 1.015798369096233777e+00 -8.613424787620834117e-05
4.875000000000000000e+00 1.011741516722921563e+00 1.023262210209483544e-03
4.895833333333333037e+00 1.009317539070363479e+00 1.261895544708462871e-03
4.916666666666666075e+00 1.004433197804796896e+00 1.269563207076227396e-04
4.937500000000000000e+00 9.989756964812653850e-01 7.609048279802288310e-04
4.958333333333333037e+00 9.962546984715080489e-01 2.251332827646550672e-03
4.979166666666666075e+00 9.926506811478239545e-01 -1.767168346382284134e-03
5.000000000000000000e+00 9.876375286054224212e-01 6.787801642686447237e-04
5.020833333333333037e+00 9.949940898389361132e-01 -3.474090691860474826e-04
5.041666666666666075e+00 1.001874481095914815e+00 1.897539862067215959e-03
5.062500000000000000e+00 1.005832839007582136e+00 3.561006983660944280e-04
5.083333333333333037e+00 1.012871926427489688e+00 -1.353489328977179737e-03
5.104166666666666075e+00 1.017698602680370712e+00 -1.534132101790993720e-03
5.125000000000000000e+00 1.006709177336542860e+00 1.589425779669022536e-04
5.145833333333333037e+00 9.993078952146178251e-01 1.973254984690527708e-03
5.166666666666666075e+00 9.922222677807073232e-01 2.479894130511421722e-04
5.187500000000000000e+00 9.868537785191899836e-01 -4.275230860290472413e-04
5.208333333333333037e+00 9.874537997755036267e-01 -7.586565359568691854e-04
5.229166666666666075e+00 9.915620330555219297e-01 -1.133542954980754167e-03
5.250000000000000000e+00 9.962578907885959456e-01 1.699427393027377886e-03
5.270833333333333037e+00 1.015244931568955566e+00 -4.032723672766583430e-04
5.291666666666666075e+00 1.024487554365077546e+00 1.311009950515832408e-03
5.312500000000000000e+00 1.020737634552484119e+00 1.090572787561556491e-03
5.333333333333333037e+00 1.017019837397096005e+00 -7.701758632129224787e-04
5.354166666666666075e+00 9.993832839378338218e-01 2.255261961417595867e-03
5.375000000000000000e+00 9.837685362660650856e-01 -1.503392484625148918e-03
5.395833333333333037e+00 9.726304557074889612e-01 -2.583839581590764364e-03
5.416666666666666075e+00 9.784679962822229182e-01 1.685655988766954639e-04
5.437500000000000000e+00 9.832501784047626980e-01 9.009836085716865913e-04
5.458333333333333037e+00 1.001690822575388662e+00 -1.098058228952136610e-03
5.479166666666666075e+00 1.017524942603096783e+00 7.079285015664466083e-04
5.500000000000000000e+00 1.020356914947750493e+00 1.236938591862262306e-04
5.520833333333333037e+00 1.018938258982089895e+00 -4.948303974931634154e-04
5.541666666666666075e+00 1.010255359463483105e+00 8.672464414723575626e-06
5.562500000000000000e+00 1.004864521503149977e+00 -1.529512959812893676e-03
5.583333333333333037e+00 9.906924335776911006e-01 6.445452698605276716e-06
5.604166666666666075e+00 9.914957760291291944e-01 1.063279393112902347e-03
5.625000000000000000e+00 9.926541295892119532e-01 3.501881602646097179e-04
5.645833333333333037e+00 9.932640811784617663e-01 5.667134947299365356e-04
5.666666666666666075e+00 9.996435876109508456e-01 8.867077778621896243e-04
5.687500000000000000e+00 9.991574767992996708e-01 5.314361757343985353e-04
5.708333333333333037e+00 1.001597070439135706e+00 4.912552417865336505e-05
5.729166666666666075e+00 1.007611820210370324e+00 -1.433078640699991606e-04
5.750000000000000000e+00 1.008876314478053482e+00 -2.044028849120830486e-04
5.770833333333333037e+00 9.999172729998563325e-01 -1.520273075026523993e-03
5.791666666666666075e+00 9.980586881297328627e-01 2.117277644223945765e-03
5.812500000000000000e+00 9.925900886210755614e-01 -1.027594978413993434e-03
5.833333333333333037e+00 9.905960394203446873e-01 1.239394782656797660e-03
5.854166666666666075e+00 9.950144796210810272e-01 -4.380971711171765572e-04
5.875000000000000000e+00 1.009637261825438115e+00 -2.169734391026738318e-03
5.895833333333333037e+00 1.018520030338853077e+00 1.053804650474367711e-03
5.916666666666666075e+00 1.017994336356541574e+00 -2.816122437899764522e-03
5.937500000000000000e+00 1.014054751690647294e+00 7.522860692694047875e-04
5.958333333333333037e+00 1.005369097439151149e+00 -1.445059144481067575e-03
5.979166666666666075e+00 9.800349747874051998e-01 1.370403061744337797e-03
6.000000000000000000e+00 9.575757510419015128e-01 -3.394975815282440679e-03
6.020833333333333037e+00 9.473644577734677830e-01 9.786652607828125357e-04
6.041666666666666075e+00 9.403558916314755933e-01 1.196892878823859651e-04
6.062500000000000000e+00 9.401782879047858588e-01 1.973599780853945422e-05
6.083333333333333037e+00 9.405795660314963946e-01 3.693437236525550925e-04
6.104166666666666075e+00 9.506640124798029223e-01 -1.746562700176035321e-03
6.125000000000000000e+00 9.442865261894802797e-01 3.583905313731900670e-04
6.145833333333333037e+00 9.358708625798405345e-01 -2.972809948521278967e-04
6.166666666666666075e+00 9.152243882370196815e-01 4.389761117215294274e-04
6.187500000000000000e+00 8.788565853327633404e-01 1.706985005428254907e-03
6.208333333333333037e+00 8.350869790306179041e-01 -1.015614124121382413e-03
6.229166666666666075e+00 8.112194245272836834e-01 2.354716589902116925e-04
6.250000000000000000e+00 7.919082338830552015e-01 -1.427137664661065803e-04
6.270833333333333037e+00 7.870750377021856758e-01 -6.141023310547316389e-04
6.291666666666666075e+00 8.003546556258911426e-01 -1.673507066080385814e-03
6.312500000000000000e+00 8.120070592351331662e-01 -7.421284841503598788e-04
6.333333333333333037e+00 8.159292903884399761e-01 1.188193330644620122e-03
6.354166666666666075e+00 8.149033864767153412e-01 -3.071840340662323164e-04
6.375000000000000000e+00 8.107720188902097780e-01 -1.644700981052279586e-03
6.395833333333333037e+00 8.110399290349685764e-01 1.622757081214844374e-03
6.416666666666666075e+00 8.088485193239310922e-01 1.664161331995814893e-03
6.437500000000000000e+00 8.117614029008130005e-01 9.968106738973019944e-04
6.458333333333333037e+00 8.088685249788900578e-01 7.591025060525129339e-04
6.479166666666666075e+00 8.198783450064378586e-01 1.206856060916181462e-03
6.500000000000000000e+00 8.233494064666436740e-01 1.895240013648301098e-03
6.520833333333333037e+00 8.368297145273227988e-01 5.783718933002577082e-04
6.541666666666666075e+00 8.614381275085363221e-01 8.239948144053502177e-04
6.562500000000000000e+00 8.797256218602356181e-01 -9.630287893722064849e-04
6.583333333333333037e+00 9.080854218414656787e-01 4.639793475144376339e-04
6.604166666666666075e+00 9.293196189519691286e-01 7.488688509080211001e-05
6.625000000000000000e+00 9.464983044205081963e-01 1.092177117173830699e-03
6.645833333333333037e+00 9.546320295768584430e-01 2.637074048212627894e-04
6.666666666666666075e+00 9.591174990156382529e-01 -2.439087827259990159e-04
6.687500000000000000e+00 9.662421182462266334e-01 1.534989303077186670e-03
6.708333333333333037e+00 9.653406994950477493e-01 3.619918931535163423e-03
6.729166666666666075e+00 9.735221165568371804e-01 -1.032743184347064769e-03
6.750000000000000000e+00 9.836901541564208040e-01 -7.419801590351474043e-04
6.770833333333333037e+00 9.900823620321117513e-01 -8.602742916153352428e-04
6.791666666666666075e+00 1.001042787872942874e+00 -1.866438553157028857e-03
6.812500000000000000e+00 1.000921855777741509e+00 5.087482481457685293e-04
6.833333333333333037e+00 1.005010810866586946e+00 -1.180370480806833505e-04
6.854166666666666075e+00 1.008580643455498249e+00 1.389110928902286836e-04
6.875000000000000000e+00 1.003533879230441128e+00 8.985776154725589986e-04
6.895833333333333037e+00 1.007787391901820540e+00 2.606396917373720364e-04
6.916666666666666075e+00 9.987657090333799115e-01 3.255790019616811807e-03
6.937500000000000000e+00 9.975201696696776033e-01 9.290293190342867801e-04
6.958333333333333037e+00 9.924543192669048608e-01 5.882753550400145063e-04
6.979166666666666075e+00 9.919196084926127366e-01 7.076735934354922873e-05
7.000000000000000000e+00 9.971658121725572865e-01 -1.599756153520515665e-03
7.020833333333333037e+00 9.988153307395485347e-01 -4.215854244879649435e-04
7.041666666666666075e+00 1.002141601630319512e+00 -1.097821704855441068e-03
7.062500000000000000e+00 1.000246641310497120e+00 -1.347676293240654541e-03
7.083333333333333037e+00 1.007831271195877232e+00 -6.873044943363535537e-04
7.104166666666666075e+00 1.001223385073586547e+00 -1.054842344359752148e-03
7.125000000000000000e+00 9.962798390063545284e-01 2.872772065308373075e-04
7.145833333333333037e+00 9.969588307826540152e-01 -2.145847286985484628e-03
7.166666666666666075e+00 9.997518020434008612e-01 -2.416082766148787702e-04
7.187500000000000000e+00 9.985969906849799793e-01 4.930651199209479512e-04
7.208333333333333037e+00 1.000596521210204815e+00 2.413246397009023280e-03
7.229166666666666075e+00 1.007262945491192108e+00 -1.162722689702969147e-03
7.250000000000000000e+00 1.013081183301339117e+00 -1.568756859695653134e-03
7.270833333333333037e+00 1.011658584877709544e+00 1.316452676878640668e-03
7.291666666666666075e+00 9.972466145946374816e-01 6.431004217342123504e-05
7.312500000000000000e+00 9.921342513741618907e-01 1.123870632937489433e-03
7.333333333333333037e+00 9.799262040471155011e-01 5.986241516004454878e-04
7.354166666666666075e+00 9.879938634683806953e-01 3.451670996661340262e-03
7.375000000000000000e+00 9.911488749848962332e-01 2.092781610543880582e-04
7.395833333333333037e+00 1.001052588350306527e+00 1.230274557535247955e-03
7.416666666666666075e+00 1.013675247647201516e+00 -7.927711582447859303e-04
7.437500000000000000e+00 1.018209850127121285e+00 1.306718200874202912e-04
7.458333333333333037e+00 1.017595119528374781e+00 -9.910027683730465546e-04
7.479166666666666075e+00 1.011969312983265645e+00 4.634447818108167996e-04
7.500000000000000000e+00 1.003904152688469553e+00 8.943429606564518583e-04
7.520833333333333037e+00 9.945570269880036340e-01 2.570878439464419464e-04
7.541666666666666075e+00 9.930131800001043008e-01 -7.993980578002277853e-05
7.562500000000000000e+00 9.882462841594145120e-01 -9.549421714328772993e-05
7.583333333333333037e+00 9.867229709511120550e-01 -3.199307386558884162e-04
7.604166666666666075e+00 9.855189827448658235e-01 2.261337110877751407e-03
7.625000000000000000e+00 9.892741549413842650e-01 8.694817395015783188e-04
7.645833333333333037e+00 1.006861396163743594e+00 9.598140274783324038e-05
7.666666666666666075e+00 1.010237894959514771e+00 -4.504544104647405190e-04
7.687500000000000000e+00 1.014333301095331707e+00 -3.589161592940092209e-04
7.708333333333333037e+00 1.019072249321434587e+00 9.922981740605359147e-04
7.729166666666666075e+00 1.017336755851664609e+00 -1.343677158031588402e-03
7.750000000000000000e+00 1.005912568453869893e+00 9.136272827954166134e-04
7.770833333333333037e+00 9.930142714010272709e-01 3.242526232549721799e-04
7.791666666666666075e+00 9.917926574784180493e-01 -1.114041492001661277e-03
7.812500000000000000e+00 9.935654054936227109e-01 -8.508549207976956420e-04
7.833333333333333037e+00 9.869414192992963519e-01 -1.000314860985201514e-03
7.854166666666666075e+00 9.952052294935609389e-01 9.893547880674411800e-05
7.875000000000000000e+00 1.002518142452991201e+00 -1.608583145474176506e-04
7.895833333333333037e+00 1.009057756393599403e+00 1.500962782175809798e-03
7.916666666666666075e+00 1.010643630450725805e+00 1.675357768874726622e-03
7.937500000000000000e+00 1.013233271434408778e+00 -1.580498846633225391e-03
7.958333333333333037e+00 1.005191961434668269e+00 1.672478495439323710e-03
7.979166666666666075e+00 1.005766373167641170e+00 4.788384727839997061e-04
8.000000000000000000e+00 9.937809524724225962e-01 -1.429720284095181183e-04
8.020833333333332149e+00 9.884315003168385738e-01 -1.671507002971297715e-04
8.041666666666666075e+00 9.967691752341155675e-01 -9.561644431985665124e-04
8.062500000000000000e+00 1.003915825786324989e+00 2.720022781451983634e-04
8.083333333333332149e+00 1.008902188295597968e+00 -8.248747111311623831e-04
8.104166666666666075e+00 1.012770690489582792e+00 5.095940261674134376e-04
8.125000000000000000e+00 1.010987312087443968e+00 -1.574114704511110196e-03
8.145833333333332149e+00 1.000095465824183627e+00 -3.297295091394233436e-04
8.166666666666666075e+00 9.909232380817182273e-01 -2.552155231794423569e-04
8.187500000000000000e+00 9.905737656234934185e-01 7.265528379080389522e-04
8.208333333333332149e+00 9.923339656981559065e-01 -1.292108793513631901e-03
8.229166666666666075e+00 9.948166315828410600e-01 -8.278285545132522266e-04
8.250000000000000000e+00 1.003828564051093331e+00 9.760000580063578346e-04
8.270833333333332149e+00 1.006400992178621667e+00 -2.734541046286640374e-04
8.291666666666666075e+00 1.010296242661370636e+00 5.267326164652756616e-04
8.312500000000000000e+00 1.012326880369547322e+00 -1.157154537884206224e-03
8.333333333333332149e+00 1.014201394461914596e+00 -4.609425504538136533e-04
8.354166666666666075e+00 1.011655405982774703e+00 1.234604487496452100e-03
8.375000000000000000e+00 1.011556816429229011e+00 1.055009035781566277e-03
8.395833333333332149e+00 1.002485095937575732e+00 3.130450192441579932e-03
8.416666666666666075e+00 9.964656674983932705e-01 3.566251098818928184e-04
8.437500000000000000e+00 9.855405353072673735e-01 -8.420586735163116451e-04
8.458333333333332149e+00 9.803587510651056158e-01 -2.437245817202843799e-03
8.479166666666666075e+00 9.872896033780133029e-01 -3.563253950166181579e-04
8.500000000000000000e+00 9.950923523044605812e-01 5.737074428912670781e-04
8.520833333333332149e+00 1.013057576734034626e+00 -9.326150668861898658e-04
8.541666666666666075e+00 1.027447351257191110e+00 -1.536688497500083043e-03
8.562500000000000000e+00 1.033279712043656984e+00 4.692540011908810020e-04
8.583333333333332149e+00 1.020946975222242203e+00 1.619207010143087436e-03
8.604166666666666075e+00 1.008347462757037460e+00 2.035278968205283536e-04
8.625000000000000000e+00 9.940976996296655432e-01 -2.152130821905676693e-03
8.645833333333332149e+00 9.776679360300418731e-01 -9.513451867421969077e-05
8.666666666666666075e+00 9.773962652687976371e-01 4.942191394799697350e-04
8.687500000000000000e+00 9.818145261842666782e-01 1.205918321406365982e-03
8.708333333333332149e+00 1.002759483858736145e+00 2.118325374449319700e-04
8.729166666666666075e+00 1.014446283962897821e+00 -1.082701387306962909e-03
8.750000000000000000e+00 1.028807824702854701e+00 7.742734547576362973e-04
8.770833333333332149e+00 1.028932800676848558e+00 1.805611270817606556e-03
8.791666666666666075e+00 1.025008697051991824e+00 1.256007351430023494e-03
8.812500000000000000e+00 1.009453243535439082e+00 6.929999749958304063e-04
8.833333333333332149e+00 9.987828864819021657e-01 -1.091690052862380250e-03
8.854166666666666075e+00 9.819847724848013160e-01 -3.764688508290359430e-04
8.875000000000000000e+00 9.874169540477258922e-01 1.700164829501511418e-03
8.895833333333332149e+00 9.879190407930293905e-01 -1.683972827264164449e-03
8.916666666666666075e+00 9.976459104881072459e-01 1.164162131603766430e-04
8.937500000000000000e+00 1.002990010146740607e+00 2.418331336561089671e-04
8.958333333333332149e+00 1.011230669414895145e+00 -6.489153899391365528e-04
8.979166666666666075e+00 1.014363268464192780e+00 -4.791304923796098239e-04
9.000000000000000000e+00 1.015589328674992853e+00 -5.972222048358779775e-04
9.020833333333332149e+00 1.017070758145046883e+00 3.978246643912154560e-04
9.041666666666666075e+00 1.011003927823012516e+00 1.534038108954474504e-03
9.062500000000000000e+00 1.002439754257180349e+00 1.853306907134715095e-03
9.083333333333332149e+00 1.003695173346420777e+00 -5.209347930447427461e-04
9.104166666666666075e+00 9.899919166425680261e-01 -2.581643267846792274e-03
9.125000000000000000e+00 9.904548513366854268e-01 7.420180390491913939e-04
9.145833333333332149e+00 9.863489382544765594e-01 -7.763353224527848101e-04
9.166666666666666075e+00 9.946708392276346622e-01 -1.496059834168888107e-05
9.187500000000000000e+00 1.009597963358034978e+00 -7.732900145470061144e-04
9.208333333333332149e+00 1.013655195476576232e+00 -7.018863994535324072e-04
9.229166666666666075e+00 1.011085970216865526e+00 -9.116876393516833588e-04
9.250000000000000000e+00 1.008017426992579013e+00 -1.155176955373836195e-03
9.270833333333332149e+00 1.009537895934261575e+00 -8.885652941725060306e-04
9.291666666666666075e+00 1.001047159907628714e+00 1.395175991308915614e-03
9.312500000000000000e+00 1.011199689910379007e+00 -9.284472195013346394e-04
9.333333333333332149e+00 1.006341867887343478e+00 1.192071636476046623e-03
9.354166666666666075e+00 1.003517729290132943e+00 6.755756136592179321e-04
9.375000000000000000e+00 1.001426018933223361e+00 -9.234967387356329913e-04
9.395833333333332149e+00 9.952700152974832681e-01 9.082449247194626782e-04
9.416666666666666075e+00 9.937375738038976003e-01 3.811714084004837058e-04
9.437500000000000000e+00 1.000726179984904762e+00 2.284203386113308702e-03
9.458333333333332149e+00 1.003816681750503204e+00 9.036642500775329953e-04
9.479166666666666075e+00 1.006406486591394422e+00 1.973734869685356546e-04
9.500000000000000000e+00 1.009886469884899052e+00 -4.099149410091434292e-04
9.520833333333332149e+00 1.006940998435015944e+00 -1.819468205994071710e-03
9.541666666666666075e+00 1.002398499093213324e+00 2.349930633114616688e-04
9.562500000000000000e+00 9.963656273221165316e-01 -1.083832242909062507e-03
9.583333333333332149e+00 9.954966582524723551e-01 1.543775917285627282e-03
9.604166666666666075e+00 1.003815015199447824e+00 3.182039344799981052e-05
9.625000000000000000e+00 1.005446975106852658e+00 1.169248948202035020e-03
9.645833333333332149e+00 1.012007103512514439e+00 -1.560115058677338535e-03
9.666666666666666075e+00 1.008549349233884618e+00 6.586422212432502558e-04
9.687500000000000000e+00 1.010041951862079346e+00 -1.849786967536042135e-03
9.708333333333332149e+00 1.011825125966960393e+00 3.102433216790415624e-04
9.729166666666666075e+00 1.008210285897691350e+00 4.637493703096531210e-04
9.750000000000000000e+00 1.002078051621143384e+00 -2.053857009181673729e-03
9.770833333333332149e+00 9.948694710328473967e-01 4.717223711836207806e-04
9.791666666666666075e+00 9.879003344603043413e-01 1.729314418409225694e-03
9.812500000000000000e+00 9.812728322003638759e-01 3.779858383880821317e-03
9.833333333333332149e+00 9.877999237381259734e-01 -7.774444589061503498e-04
9.854166666666666075e+00 1.001972314773591499e+00 1.574791608797910820e-03
9.875000000000000000e+00 1.014735874814647110e+00 4.220282905568400545e-04
9.895833333333332149e+00 1.024678240293116938e+00 -9.023944890288949818e-05
9.916666666666666075e+00 1.032082100063153707e+00 -2.082151039054285380e-03
9.937500000000000000e+00 1.024507744438431178e+00 -2.102760230789014161e-03
9.958333333333332149e+00 1.006561744825704263e+00 -4.532692208368432917e-04
9.979166666666666075e+00 9.987480055763673370e-01 7.473789961683151946e-04
1.000000000000000000e+01 9.910549829637681496e-01 3.169557329048020640e-04
1.002083333333333215e+01 9.915056698942666946e-01 -1.825713808704365919e-03
1.004166666666666607e+01 9.803076749846750815e-01 -1.785460826467765751e-03
1.006250000000000000e+01 9.862218134648825796e-01 -1.037814257730221897e-03
1.008333333333333215e+01 9.890957242083106005e-01 1.566870948638842114e-03
1.010416666666666607e+01 9.949687755646684506e-01 1.825679232784725172e-04
1.012500000000000000e+01 1.009782122668382964e+00 3.971906341011814038e-04
1.014583333333333215e+01 1.017924782434797448e+00 6.548697158704387547e-04
1.016666666666666607e+01 1.020980905616854395e+00 -1.460074420929457530e-03
1.018750000000000000e+01 1.020122394362322771e+00 -3.933285214697240903e-04
1.020833333333333215e+01 1.016957190754498308e+00 -1.462885996354059727e-03
1.022916666666666607e+01 9.988808373179024480e-01 -1.591954718901961857e-04
1.025000000000000000e+01 9.926953998359866471e-01 -7.610568556127281009e-04
1.027083333333333215e+01 9.847626683165839889e-01 2.343784178333628370e-04
1.029166666666666607e+01 9.818869473109669288e-01 -2.748183876342788121e-04
1.031250000000000000e+01 9.884278260512227021e-01 -1.501129096835324400e-03
1.033333333333333215e+01 1.000470254461306219e+00 1.344248034168036383e-03
1.035416666666666607e+01 1.008247764259159851e+00 3.757727753941875036e-05
1.037500000000000000e+01 1.006414695492509503e+00 -8.285368256853804705e-04
1.039583333333333215e+01 1.006449180243973007e+00 -5.256645590545713136e-04
1.041666666666666607e+01 1.006813993143133468e+00 3.520024187022941582e-04
1.043750000000000000e+01 1.006874663808793979e+00 1.276626814305025859e-03
1.045833333333333215e+01 1.006083283172909404e+00 -1.289296637601249898e-03
1.047916666666666607e+01 1.002377330992586746e+00 4.174965131182805061e-04
1.050000000000000000e+01 9.989365046863523112e-01 -6.387628661642896733e-04
1.052083333333333215e+01 9.942865025807144930e-01 -2.936745741505565437e-03
1.054166666666666607e+01 9.920622727965928700e-01 3.011389465668311044e-04
1.056250000000000000e+01 9.880494534392200157e-01 -6.600735366858837298e-04
1.058333333333333215e+01 9.927750160337687202e-01 9.602173718881146756e-04
1.060416666666666607e+01 9.997006185770113129e-01 -1.618513047097610126e-03
1.062500000000000000e+01 1.006008335820483213e+00 -1.019432556070709031e-03
1.064583333333333215e+01 1.010211877115890999e+00 -8.469741115429204204e-05
1.066666666666666607e+01 1.020169769287150308e+00 2.666937742031065000e-05
1.068750000000000000e+01 1.020056456531789779e+00 2.806905963445294194e-03
1.070833333333333215e+01 1.003158724421874703e+00 -5.169138770998836377e-04
1.072916666666666607e+01 9.970573449788728837e-01 1.140246563250760193e-03
1.075000000000000000e+01 9.838832931992683717e-01 1.632065357829531015e-03
1.077083333333333215e+01 9.745609492310702837e-01 -1.821604785273230444e-03
1.079166666666666607e+01 9.752920925083012893e-01 -8.978379288060440826e-04
1.081250000000000000e+01 9.946621932566422908e-01 1.895436548484957394e-04
1.083333333333333215e+01 1.010739409431776759e+00 4.435542690853871940e-04
1.085416666666666607e+01 1.021204472272575714e+00 -1.082154144166596393e-05
1.087500000000000000e+01 1.024443611396424147e+00 2.559461106945488344e-03
1.089583333333333215e+01 1.020105774480266625e+00 2.809076405127560599e-03
1.091666666666666607e+01 1.009808039539459079e+00 1.500782625727663136e-04
1.093750000000000000e+01 1.005958838209018769e+00 2.568584371830101164e-04
1.095833333333333215e+01 1.002508637833483096e+00 -9.811285770445681096e-04
1.097916666666666607e+01 9.966592527237104759e-01 5.729513487926733836e-04
1.100000000000000000e+01 9.887425838050446503e-01 -1.880413020038242816e-03
1.102083333333333215e+01 9.902899475369976168e-01 1.098761161021743430e-03
1.104166666666666607e+01 9.798024039768196136e-01 2.248290648067697607e-03
1.106250000000000000e+01 9.763321288469921644e-01 -3.192205996636433905e-04
1.108333333333333215e+01 9.897461588534399723e-01 -7.777654250488503151e-04
1.110416666666666607e+01 1.004787182642415511e+00 1.789784496878193748e-03
1.112500000000000000e+01 1.018251773903216195e+00 6.271927328654434020e-04
1.114583333333333215e+01 1.029240204575930129e+00 -3.257495084381873459e-04
1.116666666666666607e+01 1.033558498403252646e+00 3.294612056372992360e-03
1.118750000000000000e+01 1.021111725187827002e+00 7.457319266583497912e-04
1.120833333333333215e+01 1.011108401557220482e+00 1.169059645834305159e-03
1.122916666666666607e+01 9.946756045483662323e-01 -1.001577836524379737e-03
1.125000000000000000e+01 9.856171719917876661e-01 -1.603479883069248470e-03
1.127083333333333215e+01 9.744090562287406332e-01 -6.010434938343288966e-04
1.129166666666666607e+01 9.775927740632774920e-01 -9.191521978480435154e-04
1.131250000000000000e+01 9.758037841715403449e-01 1.648448373811164155e-04
1.133333333333333215e+01 9.822488371799723561e-01 -2.123291084420707211e-03
1.135416666666666607e+01 9.959574131917087181e-01 9.542538959005374176e-04
1.137500000000000000e+01 1.019989340006632661e+00 8.457499950241540235e-04
1.139583333333333215e+01 1.031369097238936439e+00 3.143848511930045966e-03
1.141666666666666607e+01 1.031047887289640697e+00 7.962272483481477295e-05
1.143750000000000000e+01 1.024026119966357617e+00 3.921606874623191803e-05
1.145833333333333215e+01 1.014001362408242679e+00 -7.028532436101768725e-04
1.147916666666666607e+01 9.956985870457391030e-01 -6.550525114207653718e-04
1.150000000000000000e+01 9.723137257404814715e-01 8.580489295457872749e-04
1.152083333333333215e+01 9.651987348574151415e-01 -1.873494402081484010e-04
1.154166666666666607e+01 9.577431097956368156e-01 -6.386735443188282669e-04
1.156250000000000000e+01 9.505385031059971901e-01 -9.305385626961668565e-05
1.158333333333333215e+01 9.433093127705313163e-01 -1.687091537739365561e-03
1.160416666666666607e+01 9.386942277580343497e-01 2.887603712608608603e-04
1.162500000000000000e+01 9.296084755316424975e-01 -1.817592074887101547e-03
1.164583333333333215e+01 9.255314109808417955e-01 -7.364289442199939851e-04
1.166666666666666607e+01 9.168326857809218078e-01 -6.100829462794912523e-04
1.168750000000000000e+01 9.029737688530593553e-01 6.609702794279116180e-05
1.170833333333333215e+01 8.726059737826346030e-01 1.984216959465092897e-03
1.172916666666666607e+01 8.455932183154617476e-01 -3.345878898899288492e-04
1.175000000000000000e+01 8.228684813213738014e-01 1.087197328141377818e-04
1.177083333333333215e+01 7.987730235714965987e-01 -7.299186470534270877e-04
1.179166666666666607e+01 7.872603043638005671e-01 -1.297613324540139532e-03
1.181250000000000000e+01 7.755702183068925448e-01 2.754955410224438524e-03
1.183333333333333215e+01 7.773726533856049059e-01 6.924130155453236133e-04
1.185416666666666607e+01 7.766620146903782107e-01 -1.667729269156910691e-03
1.187500000000000000e+01 7.726939291577213931e-01 6.084745666030234130e-04
1.189583333333333215e+01 7.710242215823803758e-01 1.337179890638273390e-03
1.191666666666666607e+01 7.718722078856820046e-01 1.297461751952750037e-03
1.193750000000000000e+01 7.754203026503597718e-01 -4.521765961557850451e-04
1.195833333333333215e+01 7.787795509296501217e-01 -2.104689904912975472e-05
1.197916666666666607e+01 7.850756946149732851e-01 7.751647398605971111e-04
1.200000000000000000e+01 7.849666684016176621e-01 -4.565936701491875370e-04
1.202083333333333215e+01 7.854354501876048555e-01 -1.631066942476482083e-03
1.204166666666666607e+01 7.967263112675624370e-01 6.069419276787709882e-04
1.206250000000000000e+01 8.147741271234852922e-01 -2.281562599176800623e-03
1.208333333333333215e+01 8.372443874049080303e-01 -1.125632781183392387e-03
1.210416666666666607e+01 8.677264385836830352e-01 2.098955590116793543e-03
1.212500000000000000e+01 8.904916051375300068e-01 1.269179632279558191e-03
1.214583333333333215e+01 9.127931033778639014e-01 1.492547368154049231e-03
1.216666666666666607e+01 9.227382201614492407e-01 -1.498397134145472995e-03
1.218750000000000000e+01 9.320885720114355788e-01 1.349290745722237818e-03
1.220833333333333215e+01 9.392437135764405420e-01 -1.805146135601744961e-05
1.222916666666666607e+01 9.414554267125976317e-01 1.262113596156690728e-04
1.225000000000000000e+01 9.519605883372205257e-01 -3.537503001642994553e-04
1.227083333333333215e+01 9.568840446174796677e-01 -6.723182462005203482e-04
1.229166666666666607e+01 9.728425728836356257e-01 -4.313076423059767663e-04
1.231250000000000000e+01 9.840040558362953549e-01 1.524609707959771005e-03
1.233333333333333215e+01 9.968128041286106189e-01 1.583931761164452659e-03
1.235416666666666607e+01 1.010300876595764619e+00 3.039990359840347850e-03
1.237500000000000000e+01 1.011779249561520322e+00 2.086920735185445429e-03
1.239583333333333215e+01 1.010040125750681916e+00 -6.752197838197926145e-04
1.241666666666666607e+01 1.007968262332690879e+00 5.254090020395796702e-04
1.243750000000000000e+01 1.004463001569675162e+00 2.539914957858165637e-05
1.245833333333333215e+01 1.003144103196816905e+00 1.129588026650959597e-03
1.247916666666666607e+01 9.948374878410787270e-01 4.149503668941466588e-04
1.452083333333333215e+01 9.897664144701395772e-01 -8.150704638625680268e-04
1.454166666666666607e+01 1.005611217746030794e+00 -1.809448730507156461e-03
1.456250000000000000e+01 1.020705341484707374e+00 -1.152583173170434582e-03
1.458333333333333215e+01 1.020522823837492377e+00 -7.965313228990100010e-04
1.460416666666666607e+01 1.019668908450201972e+00 -3.153624167948216586e-04
1.462500000000000000e+01 1.011761679964116256e+00 2.267427459582134746e-03
1.464583333333333215e+01 9.979993385723489041e-01 7.332073512783522607e-04
1.466666666666666607e+01 9.928722357398644949e-01 -5.024740327845739251e-04
1.468750000000000000e+01 9.895590277074868268e-01 -1.850417517269527592e-03
1.470833333333333215e+01 9.885813419657304424e-01 -1.101345522340836268e-03
1.472916666666666607e+01 1.000986196497498648e+00 8.854915485326290102e-04
1.475000000000000000e+01 1.005016386782934257e+00 -7.368135264811842859e-04
1.477083333333333215e+01 1.017136246285804235e+00 1.481419708744207732e-03
1.479166666666666607e+01 1.017041239728719182e+00 7.771123190262581521e-04
1.481250000000000000e+01 1.023999541669796454e+00 1.580068110684411517e-03
1.483333333333333215e+01 1.021310404569831798e+00 1.434936128521092143e-03
1.485416666666666607e+01 1.012534772210496481e+00 -1.217081461369350125e-04
1.487500000000000000e+01 9.996022937037797318e-01 1.799139456333857584e-03
1.489583333333333215e+01 9.881267269817235466e-01 2.422355097852685324e-03
1.491666666666666607e+01 9.808002680045251331e-01 1.955920332262147364e-03
1.493750000000000000e+01 9.793036630007444510e-01 3.841784226497129643e-04
1.495833333333333215e+01 9.914548298497102286e-01 1.535196706828980935e-03
1.497916666666666607e+01 1.007746100226501795e+00 -1.172505593954495731e-03
1.500000000000000000e+01 1.021463232159222967e+00 -5.585532640831583802e-04
1.502083333333333215e+01 1.033467913662582394e+00 -2.065944379563854853e-03
1.504166666666666607e+01 1.029159137616012520e+00 1.272453444230551862e-03
1.506250000000000000e+01 1.011543470735219774e+00 -1.238243933049750726e-03
1.508333333333333215e+01 1.004520978560859534e+00 1.482308842403455855e-04
1.510416666666666607e+01 9.912220636636250859e-01 -6.718698873086933045e-05
1.512500000000000000e+01 9.867680273798178359e-01 -1.642956225459879169e-04
1.514583333333333215e+01 9.822574254540371586e-01 8.582420731728354667e-04
1.516666666666666607e+01 9.872804794243766890e-01 2.752268068705575614e-04
1.518750000000000000e+01 9.975062862637225081e-01 1.079036284514309912e-03
1.520833333333333215e+01 1.006174415038671999e+00 -1.510691708094990724e-04
1.522916666666666607e+01 1.018079371621571694e+00 -4.500389827149094374e-04
1.525000000000000000e+01 1.025609265035510420e+00 -2.444032057693698297e-04
1.527083333333333215e+01 1.020890274218529958e+00 8.985412414559797644e-04
1.529166666666666607e+01 1.012612022611253382e+00 6.960534423488207384e-04
1.531250000000000000e+01 9.988707775560580204e-01 2.314297126851248192e-04
1.533333333333333215e+01 9.911124063632563708e-01 -8.595178566024592841e-04
1.535416666666666607e+01 9.882143774996204888e-01 -3.203395515679326004e-04
1.537500000000000000e+01 9.972783207884524659e-01 1.028288196412787325e-03
1.539583333333333215e+01 1.007295287035219422e+00 -1.006274635738010773e-03
1.541666666666666607e+01 1.009070964278531157e+00 1.252742909576306466e-03
1.543750000000000000e+01 1.007899942961140161e+00 1.849390468549933246e-03
1.545833333333333215e+01 1.007611177840457728e+00 5.192077787084557272e-04
1.547916666666666607e+01 1.005676478936817997e+00 -4.624833416836190308e-04
1.550000000000000000e+01 1.006698721357657478e+00 -9.638481524812113647e-04
1.552083333333333215e+01 1.011378255350065869e+00 -1.128530950992493289e-03
1.554166666666666607e+01 1.007250992334413731e+00 1.725967709623710397e-03
1.556250000000000000e+01 1.003939435185655205e+00 1.639515838856192217e-03
1.558333333333333215e+01 9.982384721004275985e-01 -2.032709323637348802e-04
1.560416666666666607e+01 9.898537076880817853e-01 -2.387185931941242494e-03
1.562500000000000000e+01 9.927620794622122880e-01 4.839123000008505211e-04
1.564583333333333215e+01 9.959848333202728776e-01 -1.247893604113932192e-03
1.566666666666666607e+01 1.004350691319666034e+00 2.774311206482048264e-04
1.568750000000000000e+01 1.011938084442715047e+00 -2.164472740199123967e-03
1.570833333333333215e+01 1.018076038104315240e+00 1.136161363524583164e-03
1.572916666666666607e+01 1.015119044605925502e+00 1.607303822151055599e-03
1.575000000000000000e+01 1.016258380288808993e+00 -1.388251576848695615e-03
1.577083333333333215e+01 1.005230627885771666e+00 -5.863253814974157515e-04
1.579166666666666607e+01 9.950330233495516818e-01 9.562280911547473179e-04
1.581250000000000000e+01 9.915843473396349639e-01 -1.002353686158662105e-03
1.583333333333333215e+01 9.864294318187946109e-01 -4.059183332870954170e-04
1.585416666666666607e+01 9.939967657153931935e-01 6.353260582026298581e-04
1.587500000000000000e+01 1.001690941317038508e+00 1.415371399055326447e-04
1.589583333333333215e+01 1.011446317507740389e+00 -7.119411007039129881e-04
1.591666666666666607e+01 1.020120810147274071e+00 1.667465268063529843e-03
1.593750000000000000e+01 1.023105564023106817e+00 1.790874225324717134e-04
1.595833333333333215e+01 1.015072997826335310e+00 -1.057201785765688129e-04
1.597916666666666607e+01 1.014472272136008213e+00 -7.579844772894066317e-04
1.600000000000000000e+01 9.984760410314581502e-01 3.897696939250013784e-04
1.602083333333333215e+01 9.948697931540618766e-01 -8.594874308909980455e-04
1.604166666666666430e+01 9.901511810038682304e-01 -3.863988563256287698e-04
1.606250000000000000e+01 9.901108129665721069e-01 8.576723461379568087e-04
1.608333333333333215e+01 9.921952067835012601e-01 4.968620395743609738e-04
1.610416666666666430e+01 9.956459121209997321e-01 2.211607310303701987e-03
1.612500000000000000e+01 1.000761303888419329e+00 9.113528497947367881e-04
1.614583333333333215e+01 1.009187189363005777e+00 8.356638092624664449e-04
1.616666666666666430e+01 1.015686463629061675e+00 1.646352256895018944e-03
1.618750000000000000e+01 1.017266934959346170e+00 -4.484998070292722295e-04
1.620833333333333215e+01 1.025306625169800645e+00 4.497774448320508061e-04
1.622916666666666430e+01 1.011238540427231714e+00 -3.327658116123837807e-03
1.625000000000000000e+01 1.002116488279416462e+00 -2.132835414172832910e-05
1.627083333333333215e+01 9.918075267493779990e-01 -6.883207856650183643e-04
1.629166666666666430e+01 9.898722847106904421e-01 -1.157424769300529959e-03
1.631250000000000000e+01 9.910244190365293804e-01 -5.278822822325360601e-05
1.633333333333333215e+01 1.003671659831791185e+00 -1.574765430831443760e-03
1.635416666666666430e+01 1.011299702037219195e+00 -3.170055679442227163e-04
1.637500000000000000e+01 1.017167457014459320e+00 2.933924482993699695e-04
1.639583333333333215e+01 1.010359500498810625e+00 2.061997278287170526e-03
1.641666666666666430e+01 1.001372200419460068e+00 -1.123100539205236156e-03
1.643750000000000000e+01 9.892436579010105424e-01 7.983818782616180793e-04
1.645833333333333215e+01 9.896482961434144299e-01 1.056052734631927399e-04
1.647916666666666430e+01 9.931330812446267364e-01 -1.234386305791068759e-03
1.650000000000000000e+01 1.009904354867262155e+00 2.518871583333781236e-03
1.652083333333333215e+01 1.013863015410102042e+00 -1.569965012036192995e-03
1.654166666666666430e+01 1.021188742414611550e+00 -2.861621276320435131e-04
1.656250000000000000e+01 1.016044625096715448e+00 -1.761311073151655519e-03
1.658333333333333215e+01 1.014367969906241340e+00 9.847913719642565396e-04
1.660416666666666430e+01 1.012974666964904014e+00 -2.432836368109006779e-04
1.662500000000000000e+01 9.951222520698127516e-01 -4.658647635523575957e-04
1.664583333333333215e+01 9.971907756290984137e-01 -8.673485879346882295e-04
1.666666666666666430e+01 9.905529037326515907e-01 2.609650931792230864e-03
1.668750000000000000e+01 9.874331721258819972e-01 -9.906557115694834652e-04
1.670833333333333215e+01 9.935802737723467004e-01 -3.825542814409473805e-04
1.672916666666666430e+01 9.955162184444189544e-01 -9.453469854951155650e-05
1.675000000000000000e+01 1.005363987430790695e+00 -5.918439678287847305e-05
1.677083333333333215e+01 1.014399850498211242e+00 1.970062297843530076e-03
1.679166666666666430e+01 1.020876666268428767e+00 -1.490386700213896208e-03
1.681250000000000000e+01 1.012715634617868288e+00 1.279930424105970908e-05
1.683333333333333215e+01 1.009615639496739936e+00 -7.200724508922031180e-04
1.685416666666666430e+01 1.002754974444042935e+00 -6.603620104704852143e-04
1.687500000000000000e+01 9.993215583871948304e-01 1.152948467013450475e-03
1.689583333333333215e+01 1.001521591310936543e+00 1.832646593018248931e-03
1.691666666666666430e+01 9.969829324814971638e-01 7.596234288300069467e-04
1.693750000000000000e+01 9.998711707132189597e-01 -5.134465023468538693e-04
1.695833333333333215e+01 9.996661497278622743e-01 2.164039974981150916e-03
1.697916666666666430e+01 1.003293968131304670e+00 -1.843015529471515391e-03
1.700000000000000000e+01 1.005849333588937355e+00 -1.033782471552615115e-03
1.702083333333333215e+01 1.003069032182991371e+00 6.306586086577569859e-04
1.704166666666666430e+01 1.004564083385697693e+00 -2.317706538716126068e-03
1.706250000000000000e+01 1.003164720030119250e+00 -4.299651466808261028e-04
1.708333333333333215e+01 9.998320166492001837e-01 5.190214578363651094e-04
1.710416666666666430e+01 9.978498445021299901e-01 -1.087517063325122791e-03
1.712500000000000000e+01 9.974103156679194893e-01 3.768685966369561113e-03
1.714583333333333215e+01 1.010215987219486244e+00 -7.023684739634943009e-04
1.716666666666666430e+01 1.010994758071375399e+00 -5.103764107911440417e-04
1.718750000000000000e+01 1.016045820095274665e+00 -3.100540093736427953e-04
1.720833333333333215e+01 1.017455730775839617e+00 -3.954424801694209611e-04
1.722916666666666430e+01 1.011427065906922662e+00 -6.166325327094541184e-04
1.725000000000000000e+01 1.003135148531426823e+00 -1.622723199882407190e-04
1.727083333333333215e+01 9.962532981222320672e-01 3.942533273102783896e-04
1.729166666666666430e+01 9.912250944364933147e-01 -2.132099887409450324e-03
1.731250000000000000e+01 9.861205102740893125e-01 4.799636748605929444e-04
1.733333333333333215e+01 9.895781739811195798e-01 5.861311201686688959e-04
1.735416666666666430e+01 9.846237221062202893e-01 8.244061539205387165e-04
1.737500000000000000e+01 9.946505413974694454e-01 -2.984147374025832695e-04
1.739583333333333215e+01 1.005268448788180446e+00 3.719514694055826311e-04
1.741666666666666430e+01 1.014135248991245186e+00 -1.858569977079714683e-03
1.743750000000000000e+01 1.021630348368146368e+00 1.856861298900930931e-03
1.745833333333333215e+01 1.031500180058532612e+00 6.433590264955261822e-04
1.747916666666666430e+01 1.026750770654377698e+00 1.001556123155535700e-03
1.750000000000000000e+01 1.019246069868974258e+00 1.139100931506525872e-03
1.752083333333333215e+01 1.005034247967182770e+00 1.344304163650742855e-03
1.754166666666666430e+01 9.899988298301023448e-01 -8.020854331200060220e-04
1.756250000000000000e+01 9.733440628220385582e-01 8.581492721570058071e-04
1.758333333333333215e+01 9.721202476392487579e-01 2.876214233167561632e-04
1.760416666666666430e+01 9.777971650415532290e-01 -1.578979491914657115e-03
1.762500000000000000e+01 9.915303002378489383e-01 -2.217035853206870890e-04
1.764583333333333215e+01 1.005709058386744736e+00 -1.353633636626166417e-03
1.766666666666666430e+01 1.010536429525969782e+00 -1.128700815978677481e-03
1.768750000000000000e+01 1.024935369000465002e+00 -1.197872737966976806e-03
1.770833333333333215e+01 1.029328796771730836e+00 -1.285969976401358725e-03
1.772916666666666430e+01 1.017038733750043944e+00 1.966413101609757635e-04
1.775000000000000000e+01 1.016438012126454460e+00 -1.080077853336482022e-03
1.777083333333333215e+01 1.005360458519663158e+00 -3.278119495173906130e-04
1.779166666666666430e+01 9.983825435454580788e-01 1.529380296959112571e-03
1.781250000000000000e+01 9.916045478674857527e-01 1.591532266285677585e-04
1.783333333333333215e+01 9.923795356049465166e-01 1.435749164450092269e-03
1.785416666666666430e+01 9.899134460442881034e-01 1.746093097629816118e-03
1.787500000000000000e+01 9.873061239517899601e-01 -1.756612958304088487e-03
1.789583333333333215e+01 9.882523356946224524e-01 5.022093940100305371e-04
1.791666666666666430e+01 9.957408653488797334e-01 3.805406613769100107e-04
1.793750000000000000e+01 9.964040797667068627e-01 -1.236971114592416623e-03
1.795833333333333215e+01 1.008756252514781071e+00 -1.212001410510678929e-03
1.797916666666666430e+01 1.015933508993035472e+00 -2.015232429353975598e-03
1.800000000000000000e+01 1.025316360798967041e+00 -1.097540423712039994e-03
1.802083333333333215e+01 1.023389266765975858e+00 1.700684147168977358e-03
1.804166666666666430e+01 1.007942870225859933e+00 -1.258871054312089930e-03
1.806250000000000000e+01 9.998691500710349400e-01 -8.551318810017510125e-04
1.808333333333333215e+01 9.863025823906221845e-01 -3.518907279065453626e-04
1.810416666666666430e+01 9.823774234800100036e-01 6.792385166202391869e-04
1.812500000000000000e+01 9.849010923843397602e-01 -1.729161326087778850e-03
1.814583333333333215e+01 9.959315409887992132e-01 -8.826292236758366506e-04
1.816666666666666430e+01 9.993921826209078985e-01 -1.792467476651913097e-03
1.818750000000000000e+01 1.005048160898554865e+00 -9.807195422135779779e-04
1.820833333333333215e+01 9.996323118225105553e-01 -5.761994607982056944e-04
1.822916666666666430e+01 1.003225370827167673e+00 1.597321884331416976e-03
1.825000000000000000e+01 1.004444714758124579e+00 1.898310476989063811e-04
1.827083333333333215e+01 1.012284441991618156e+00 1.014601761304495097e-03
1.829166666666666430e+01 1.010678224050661989e+00 1.192373815024354907e-03
1.831250000000000000e+01 1.010710936047234831e+00 1.397850699702895627e-03
1.833333333333333215e+01 1.000158169565456001e+00 6.982810233398797570e-04
1.835416666666666430e+01 9.908284540547263042e-01 -7.662375834763721603e-04
1.837500000000000000e+01 9.892655119347629755e-01 -8.235552277109626194e-04
1.839583333333333215e+01 9.922331256095308083e-01 5.199426130644312690e-04
1.841666666666666430e+01 9.995496188340723398e-01 -7.456143222042060719e-05
1.843750000000000000e+01 1.008162478760817660e+00 1.154578265975870658e-04
1.845833333333333215e+01 1.015125509492689648e+00 1.375565534722039468e-03
1.847916666666666430e+01 1.010610644837474092e+00 8.267318741251483867e-04
1.850000000000000000e+01 1.001752771491450700e+00 -1.394962673428457988e-03
1.852083333333333215e+01 9.995327043196056138e-01 4.555815809738359757e-04
1.854166666666666430e+01 9.968096262333273616e-01 -7.829755221853234009e-04
1.856250000000000000e+01 9.894329580429087612e-01 -1.282266140974887584e-03
1.858333333333333215e+01 9.921808032743572037e-01 2.193516144772978012e-04
1.860416666666666430e+01 9.960248445735953027e-01 -2.599474211078663609e-04
1.862500000000000000e+01 9.945629256490178260e-01 -1.270830917385198109e-03
1.864583333333333215e+01 9.992954873367461133e-01 1.707284572952145628e-04
1.866666666666666430e+01 1.002398077787138631e+00 5.157696664088358982e-04
1.868750000000000000e+01 1.008550271268437992e+00 1.091208258790816446e-03
1.870833333333333215e+01 1.011389847341541248e+00 -1.067246756675180325e-04
1.872916666666666430e+01 1.007296901868441674e+00 -1.538561037601077772e-03
1.875000000000000000e+01 1.006627749646862302e+00 -2.204271634552073657e-05
1.877083333333333215e+01 1.009788942095098507e+00 -4.435581488266391475e-04
1.879166666666666430e+01 1.006786893384937320e+00 8.484231033685746097e-04
1.881250000000000000e+01 9.981128154648276629e-01 -3.422336770434490833e-04
1.883333333333333215e+01 9.939680129550606535e-01 4.664404824459782812e-04
1.885416666666666430e+01 9.835590969862263444e-01 -2.410105539673831291e-03
1.887500000000000000e+01 9.766460661923096476e-01 -8.406719622985101654e-04
1.889583333333333215e+01 9.798403802287410924e-01 -2.308491146242798876e-03
1.891666666666666430e+01 9.928102765325019785e-01 2.790190305773351202e-03
1.893750000000000000e+01 1.004111983757139503e+00 -3.419409590152243253e-04
1.895833333333333215e+01 1.016953956344573529e+00 -1.132709937210292853e-03
1.897916666666666430e+01 1.033481581485250267e+00 6.452627947924431933e-04
1.900000000000000000e+01 1.034169194168077954e+00 1.182929426881925740e-03
1.902083333333333215e+01 1.023212564932256541e+00 3.062702733329181280e-04
1.904166666666666430e+01 1.004373670509316918e+00 1.923772860042457849e-03
1.906250000000000000e+01 9.876549298423796808e-01 2.952739745459736272e-04
1.908333333333333215e+01 9.780529071028803978e-01 -2.221645946924444683e-04
1.910416666666666430e+01 9.667692710733317707e-01 -9.446967155513679099e-04
1.912500000000000000e+01 9.674810039134004169e-01 -1.103871118682797940e-03
1.914583333333333215e+01 9.614289994639829695e-01 6.278830210463287750e-05
1.916666666666666430e+01 9.606530612853341200e-01 -6.246708414532953549e-05
1.918750000000000000e+01 9.645491023381687068e-01 5.218778713756574116e-04
1.920833333333333215e+01 9.534004949431115206e-01 -4.144780278243200759e-04
1.922916666666666430e+01 9.424958114882759919e-01 2.276802005688597134e-04
1.925000000000000000e+01 9.326263056939071427e-01 -2.444919298870687138e-03
1.927083333333333215e+01 9.190250831099033846e-01 -5.157759690525977152e-04
1.929166666666666430e+01 9.003805830726259174e-01 2.065290379811864259e-03
1.931250000000000000e+01 8.790353579478726864e-01 4.481485338078748486e-04
1.933333333333333215e+01 8.627192933107733497e-01 -1.919215633311760613e-03
1.935416666666666430e+01 8.483477633447489286e-01 -7.246805491614066773e-04
1.937500000000000000e+01 8.284300487822321424e-01 7.683048188812694083e-06
1.939583333333333215e+01 8.107927283168067101e-01 3.618953174963448517e-04
1.941666666666666430e+01 7.997011931871874646e-01 3.283323558191041883e-04
1.943750000000000000e+01 7.875795523967884515e-01 1.593565867425837830e-04
1.945833333333333215e+01 7.828607515849498322e-01 5.288118871630486609e-04
1.947916666666666430e+01 7.868013330653834680e-01 1.667090566726184405e-03
1.950000000000000000e+01 7.839638342299095619e-01 1.491488364026265527e-03
1.952083333333333215e+01 8.043145398583980699e-01 -7.547830582006614941e-04
1.954166666666666430e+01 8.195535892528783561e-01 1.098980547140137936e-03
1.956250000000000000e+01 8.312951337762427562e-01 -1.202170134568358861e-03
1.958333333333333215e+01 8.378650066056662071e-01 -7.011157784489360474e-04
1.960416666666666430e+01 8.402806146306331936e-01 -4.249671022832686592e-04
1.962500000000000000e+01 8.501905055505128983e-01 1.622052024956777131e-05
1.964583333333333215e+01 8.544141789241158635e-01 9.975716665390249767e-04
1.966666666666666430e+01 8.556458718775648009e-01 -6.156263439830019987e-04
1.968750000000000000e+01 8.560656047962302839e-01 -2.219600322073161502e-03
1.970833333333333215e+01 8.695007529135468927e-01 2.597680292999073122e-05
1.972916666666666430e+01 8.844804390843357123e-01 5.309467772722024611e-04
1.975000000000000000e+01 9.023273804212507132e-01 -4.448681899247954648e-04
1.977083333333333215e+01 9.379265835984927913e-01 -2.505555898594387723e-03
1.979166666666666430e+01 9.527384917393024732e-01 3.245982997258468959e-04
1.981250000000000000e+01 9.800774204359911090e-01 1.467567986834428164e-04
1.983333333333333215e+01 9.890780252949232798e-01 -2.044657475602644579e-03
1.985416666666666430e+01 9.997572477353331433e-01 1.080768385351630776e-03
1.987500000000000000e+01 1.006407821700255001e+00 -1.102517361085331897e-03
1.989583333333333215e+01 1.004447169673260420e+00 1.107443060506817060e-03
1.991666666666666430e+01 1.008216821378127515e+00 -3.017689264110147971e-04
1.993750000000000000e+01 9.958476323763270077e-01 1.098953918086521093e-04
1.995833333333333215e+01 9.898285889305352692e-01 -2.183916663032204599e-04
1.997916666666666430e+01 9.765287232919336313e-01 -1.697425300838653920e-03
2.000000000000000000e+01 9.707872879327229532e-01 4.546477651768431375e-04
2.002083333333333215e+01 9.690537980125548678e-01 -1.076530569928244350e-04
2.004166666666666430e+01 9.845553918979764729e-01 -6.674513277852127131e-04
2.006250000000000000e+01 1.000864927585545461e+00 -1.610593948534045586e-03
2.008333333333333215e+01 1.022248748683321828e+00 6.840104673716664117e-04
2.010416666666666430e+01 1.031020255869402158e+00 9.068505909540025903e-04
2.012500000000000000e+01 1.028741662131000378e+00 1.818325986700972206e-03
2.014583333333333215e+01 1.016461549376558304e+00 2.576762089512268927e-03
2.016666666666666430e+01 9.991933395758543224e-01 -8.785701203255675022e-04
2.018750000000000000e+01 9.909973858633512878e-01 1.680306821366737112e-03
2.020833333333333215e+01 9.823158846751371964e-01 -1.116932063639404678e-03
2.022916666666666430e+01 9.777107857763656096e-01 -1.702182517885189161e-03
2.025000000000000000e+01 9.835511008099839803e-01 -8.391172423449940170e-04
2.027083333333333215e+01 9.911559014372046672e-01 -9.875228950456012289e-04
2.029166666666666430e+01 9.936126807424559004e-01 -4.273284402460755826e-04
2.031250000000000000e+01 1.001229642196946656e+00 -1.401806908919809658e-03
2.033333333333333215e+01 1.015027600239226890e+00 -9.862754412841390032e-04
2.035416666666666430e+01 1.017992872712669916e+00 7.915349224023708347e-04
2.037500000000000000e+01 1.018077202442214890e+00 -2.128876396807039516e-03
2.039583333333333215e+01 1.007849453030293496e+00 1.417517663709609273e-03
2.041666666666666430e+01 9.996402470665978202e-01 -1.313281493251415534e-04
2.043750000000000000e+01 9.887141241222896504e-01 4.031056539753956574e-04
2.045833333333333215e+01 9.765855647171738374e-01 1.647154054420250707e-03
2.047916666666666430e+01 9.815459819490365279e-01 -1.291680074600108771e-03
2.050000000000000000e+01 9.934624700798617702e-01 8.459858610782578490e-05
2.052083333333333215e+01 1.009468349611723381e+00 1.305824210664004387e-03
2.054166666666666430e+01 1.016380749231714065e+00 2.028544309530331234e-03
2.056250000000000000e+01 1.024687621536293003e+00 -1.534393721170638667e-04
2.058333333333333215e+01 1.020691282480190587e+00 -2.445003752505469784e-04
2.060416666666666430e+01 1.011968636818268985e+00 -4.453963350892501598e-04
2.062500000000000000e+01 9.934380540123863845e-01 -5.402188887610265495e-04
2.064583333333333215e+01 9.849530241487427507e-01 -1.659787903192900269e-03
2.066666666666666430e+01 9.746306463798964925e-01 -6.759345905084063839e-04
2.068750000000000000e+01 9.736944432421911211e-01 2.746845525668402941e-04
2.070833333333333215e+01 9.825984660282514049e-01 7.069928359730222886e-04
2.072916666666666430e+01 9.975536630206505162e-01 4.767632062488220599e-04
2.075000000000000000e+01 1.017014170294389563e+00 -3.011529961174174309e-03
2.077083333333333215e+01 1.030181509696697528e+00 -6.751173426674639917e-04
2.079166666666666430e+01 1.026098205634089933e+00 1.067359902892559258e-03
2.081250000000000000e+01 1.014689293847056639e+00 -4.051779257999838218e-04
2.083333333333333215e+01 1.001424865448904411e+00 1.968245430914394856e-03
2.085416666666666430e+01 9.878934229892056829e-01 1.549679915574556695e-03
2.087500000000000000e+01 9.838814163728782924e-01 -1.159409245178386625e-03
2.089583333333333215e+01 9.871003589138795942e-01 -1.385795087164853889e-03
2.091666666666666430e+01 9.918586085648490869e-01 2.100078304701340128e-03
2.093750000000000000e+01 9.981922454818668022e-01 -2.089259929385058924e-03
2.095833333333333215e+01 1.001971729220763052e+00 -1.006761924829522757e-03
2.097916666666666430e+01 1.006362191099677839e+00 4.377078725581513450e-04
2.100000000000000000e+01 1.006067057483547300e+00 6.034625520790655451e-04
2.102083333333333215e+01 1.013867280448500052e+00 1.297814795373476498e-03
2.104166666666666430e+01 1.006581198372149322e+00 1.579660754402279453e-03
2.106250000000000000e+01 1.004752350621976431e+00 1.024518968338217206e-03
2.108333333333333215e+01 1.000565517034790242e+00 9.171460727960072633e-04
2.110416666666666430e+01 9.878426389409034059e-01 -9.425732273161025083e-05
2.112500000000000000e+01 9.950604368304235559e-01 -1.144513536422379170e-03
2.114583333333333215e+01 9.953653135281576025e-01 1.809940490464823385e-03
2.116666666666666430e+01 1.001675157580756537e+00 -1.429737332136949172e-03
2.118750000000000000e+01 1.012097032871136060e+00 2.165801591821292678e-03
2.120833333333333215e+01 1.017340562201475729e+00 1.577775087458090206e-04
2.122916666666666430e+01 1.016114894640803401e+00 -1.714396212581435286e-03
2.125000000000000000e+01 1.012241636156440139e+00 -1.178448247188292313e-03
2.127083333333333215e+01 9.971239442275762199e-01 6.822207804999332222e-04
2.129166666666666430e+01 9.858345076709976729e-01 1.582881835360526207e-04
2.131250000000000000e+01 9.746620731078432520e-01 -3.639673064073975896e-05
2.133333333333333215e+01 9.799808357862045405e-01 5.248806621580020702e-04
2.135416666666666430e+01 9.901936209433619407e-01 -2.460359307011675267e-03
2.137500000000000000e+01 1.003979679077621867e+00 1.298459107883098793e-03
2.139583333333333215e+01 1.018019786557613049e+00 1.133887749817979063e-03
2.141666666666666430e+01 1.033969570728213272e+00 -1.095299802761291134e-03
2.143750000000000000e+01 1.037614765309873954e+00 9.023938267736570827e-05
2.145833333333333215e+01 1.033301767122026593e+00 1.174031009594616844e-03
2.147916666666666430e+01 1.012960429434365928e+00 8.462298490982365917e-04
2.150000000000000000e+01 9.840846885223933915e-01 3.366681462948742983e-03
2.152083333333333215e+01 9.653201671668066863e-01 9.933215533216523032e-04
2.154166666666666430e+01 9.617175799358481658e-01 -1.088182101443261164e-03
2.156250000000000000e+01 9.694761139263003979e-01 -9.904570297691369784e-05
2.158333333333333215e+01 9.936671093977551550e-01 -2.160026299006761845e-03
2.160416666666666430e+01 1.012340503080295218e+00 -8.538081438060643414e-04
2.162500000000000000e+01 1.031619067714561799e+00 1.692887488859550838e-03
2.164583333333333215e+01 1.030429522837178036e+00 -1.419223255796703536e-03
2.166666666666666430e+01 1.029300097037870731e+00 1.288737199487351420e-03
2.168750000000000000e+01 1.024229408325562973e+00 1.803833518933987273e-03
2.170833333333333215e+01 1.010885351324263493e+00 -1.895762024955254064e-03
2.172916666666666430e+01 9.968598015553795655e-01 -2.732282728864266516e-04
2.175000000000000000e+01 9.912630790038270412e-01 -2.386349694955056892e-03
2.177083333333333215e+01 9.833576586402782427e-01 -1.004774967649737843e-03
2.179166666666666430e+01 9.811927118911967227e-01 1.676415218687275863e-03
2.181250000000000000e+01 9.857091908121374813e-01 -4.817263866331155807e-04
2.183333333333333215e+01 1.000337267589010537e+00 4.903031119395058262e-04
2.185416666666666430e+01 1.012496854973120808e+00 -3.296754196808585752e-03
2.187500000000000000e+01 1.021146468823844078e+00 -9.050622040663385231e-05
2.189583333333333215e+01 1.023973413750227657e+00 -3.222973919839393201e-04
2.191666666666666430e+01 1.014963321260984097e+00 8.402298615356605833e-04
2.193750000000000000e+01 1.005191407946812943e+00 -4.164905489581525273e-04
2.195833333333333215e+01 9.972583914177882702e-01 3.260722419701458561e-04
2.197916666666666430e+01 9.928608618361978166e-01 -1.382688360302188610e-04
2.200000000000000000e+01 9.933825449080975201e-01 -2.696002572197357065e-03
2.202083333333333215e+01 1.006381883635292462e+00 1.049317786854910353e-04
2.204166666666666430e+01 1.009767927168747415e+00 2.277599714515353023e-04
2.206250000000000000e+01 1.007434695533617752e+00 -1.597824354610267658e-03
2.208333333333333215e+01 1.006993787860534839e+00 1.655694219535776366e-03
2.210416666666666430e+01 1.005777244604056042e+00 6.106083015166454244e-04
2.212500000000000000e+01 1.004961088467911656e+00 6.446993646058540688e-04
2.214583333333333215e+01 1.002880384656411605e+00 2.342898207914707528e-03
2.216666666666666430e+01 1.005827223795883629e+00 1.502976923035568603e-03
2.218750000000000000e+01 9.974512414425721341e-01 -5.732871858334274377e-04
2.220833333333333215e+01 9.982933968685167025e-01 -8.379329712678060640e-05
2.222916666666666430e+01 1.002089232948213615e+00 2.796077448046733940e-03
2.225000000000000000e+01 1.000427686414041561e+00 -1.413401420880691737e-04
2.227083333333333215e+01 1.005709597672478806e+00 -1.302986109902504967e-03
2.229166666666666430e+01 1.006300591152542223e+00 -1.346093112827169945e-03
2.231250000000000000e+01 1.007667501444583502e+00 -1.376397911615525379e-03
2.233333333333333215e+01 1.009363235023297056e+00 -4.439408914746652821e-04
2.235416666666666430e+01 1.007378432970836402e+00 1.636206110945373623e-03
2.237500000000000000e+01 1.010900035485258641e+00 1.815376211170709298e-05
2.239583333333333215e+01 1.010973692467074025e+00 -6.735919325037049727e-04
2.241666666666666430e+01 1.006686984437217269e+00 -5.755342449623676061e-04
2.243750000000000000e+01 1.002808954424954546e+00 4.882532131750069596e-04
2.245833333333333215e+01 9.916530603648836539e-01 -1.214976534432086032e-03
2.247916666666666430e+01 9.927855311636384350e-01 8.901048077466989150e-04
2.250000000000000000e+01 9.928674145667456541e-01 -2.512791092898065655e-04
2.252083333333333215e+01 1.001270548876519673e+00 -8.934378496256141847e-04
2.254166666666666430e+01 1.002790990385985292e+00 6.732204997977202275e-04
2.256250000000000000e+01 1.014148899689865324e+00 -1.104652958584711412e-03
2.258333333333333215e+01 1.014994487818254409e+00 -9.820282629149185930e-05
2.260416666666666430e+01 1.017225689843935577e+00 1.327353190278337874e-03
2.262500000000000000e+01 1.013554317561497831e+00 1.960784492309742156e-03
2.264583333333333215e+01 1.009832559018781550e+00 -2.684288990795301983e-04
2.266666666666666430e+01 1.005508264566032928e+00 -9.769706576827805970e-04
2.268750000000000000e+01 1.000284653927059342e+00 5.328084301196276979e-04
2.270833333333333215e+01 9.948807614812938960e-01 -4.633367126545608761e-05
2.272916666666666430e+01 9.851325231285585904e-01 7.720070150131503738e-05
2.275000000000000000e+01 9.839718350708408501e-01 -1.690425657353509040e-03
2.277083333333333215e+01 9.854113334841819727e-01 -6.891264774466152043e-04
2.279166666666666430e+01 9.983663635501570655e-01 3.116294815967114978e-03
2.281250000000000000e+01 1.008800197890763695e+00 -5.953481076352651682e-04
2.283333333333333215e+01 1.018867905461437795e+00 -8.112323995628124710e-04
2.285416666666666430e+01 1.019922634834034447e+00 -2.611462839264138162e-04
2.287500000000000000e+01 1.018946800747756232e+00 -7.691500837541978249e-04
2.289583333333333215e+01 1.012407817744041205e+00 1.333959671939511423e-03
2.291666666666666430e+01 1.003221501756730527e+00 -5.131230183602111241e-04
2.293750000000000000e+01 9.985158475632707198e-01 8.726784609591779415e-04
2.295833333333333215e+01 9.971104633715273113e-01 -3.979156238572772943e-04
2.297916666666666430e+01 9.939586794804179393e-01 -1.242326183315145809e-03
2.300000000000000000e+01 1.001162985971080444e+00 2.579864496195925674e-04
2.302083333333333215e+01 9.949100317011041472e-01 -4.703600410020787560e-04
2.304166666666666430e+01 1.000655869343642701e+00 2.894071499445433158e-04
2.306250000000000000e+01 9.945050718915779964e-01 -5.455124010813980785e-04
2.308333333333333215e+01 1.000556705744308328e+00 -3.179749537223155878e-04
2.310416666666666430e+01 1.008551768033147500e+00 -1.691644072139758320e-04
2.312500000000000000e+01 1.009234548535489884e+00 4.319686630326814605e-04
2.314583333333333215e+01 1.013401845550625513e+00 1.929764497699581029e-03
2.316666666666666430e+01 1.011198605482403812e+00 1.174889230849184962e-03
2.318750000000000000e+01 1.006726393826178345e+00 -1.303648515893973073e-03
2.320833333333333215e+01 1.009113773459138885e+00 -2.411652950623851144e-03
2.322916666666666430e+01 1.000053204843352139e+00 -1.115876903424539382e-04
2.325000000000000000e+01 9.937835123746692201e-01 8.909054406986972570e-04
2.327083333333333215e+01 9.863536642976309388e-01 -1.699610406724554696e-03
2.329166666666666430e+01 9.877701331194311818e-01 -1.311309145253542136e-03
2.331250000000000000e+01 9.924692403207804325e-01 7.834183141174776068e-04
2.333333333333333215e+01 9.996717951858126172e-01 7.311327380659331373e-04
2.335416666666666430e+01 1.008404383521350978e+00 6.798288863890452217e-04
2.337500000000000000e+01 1.015655347451639878e+00 -4.542696726153253994e-04
2.339583333333333215e+01 1.009899393384234401e+00 -6.321944086428428022e-05
2.341666666666666430e+01 1.001065956365422283e+00 1.180907293606053886e-03
2.343750000000000000e+01 9.943842521650521071e-01 -6.139267706307680646e-04
2.345833333333333215e+01 9.917123428144827280e-01 4.750006045995491355e-04
2.347916666666666430e+01 9.985143575202417576e-01 -1.715083867947005776e-03
2.350000000000000000e+01 1.007578502232499895e+00 -9.077231297955046761e-04
2.352083333333333215e+01 1.019497471144251932e+00 -1.294056049789589794e-03
2.354166666666666430e+01 1.014190246895593672e+00 1.285763039473897338e-03
2.356250000000000000e+01 1.005272808448867794e+00 1.786397148893470802e-03
2.358333333333333215e+01 9.924455711878527042e-01 4.122280820000538259e-04
2.360416666666666430e+01 9.821446942581574246e-01 -1.190116068483894948e-03
2.362500000000000000e+01 9.813755300091500100e-01 -8.833790725334098341e-04
2.364583333333333215e+01 9.847228428695009583e-01 3.894272331310031331e-04
2.366666666666666430e+01 9.911627400965633550e-01 -5.759263961964801117e-05
2.368750000000000000e+01 1.004195222909896268e+00 2.801953401364160479e-03
2.370833333333333215e+01 1.009121130757300033e+00 3.156502174239739548e-04
2.372916666666666430e+01 1.007589002399532863e+00 3.572630249255211990e-04
2.375000000000000000e+01 1.009215817549956817e+00 7.403214522830569829e-04
2.377083333333333215e+01 1.016941262443592064e+00 -2.251127773198694643e-03
2.379166666666666430e+01 1.012132483217465184e+00 3.779101740042136717e-04
2.381250000000000000e+01 1.009522708875260966e+00 4.585537756546107977e-04
2.383333333333333215e+01 9.988939132924082864e-01 6.826199836498014544e-04
2.385416666666666430e+01 9.910735305582898391e-01 -4.772820386364807002e-03
2.387500000000000000e+01 9.772851221653969800e-01 -1.653754420116135358e-03
2.389583333333333215e+01 9.784189686978851386e-01 5.186902970938773137e-04
2.391666666666666430e+01 9.827495344902040797e-01 -3.203363458060099703e-04
2.393750000000000000e+01 9.859677400616287946e-01 -2.787189964759154322e-03
2.395833333333333215e+01 1.004465707257784501e+00 -8.619919546024484066e-04
2.397916666666666430e+01 1.013849946846436589e+00 8.326413836161393554e-04
2.400000000000000000e+01 1.020656262910260015e+00 3.894778399668310598e-04
2.402083333333333215e+01 1.025826711906839384e+00 -4.430839400532421576e-04
2.404166666666666430e+01 1.018052542735822463e+00 -1.656480597660190215e-04
2.406250000000000000e+01 1.008368138837203665e+00 -1.568459507057590272e-03
2.408333333333333215e+01 1.001674595351003338e+00 -1.733965688054148234e-03
2.410416666666666430e+01 9.872027059697927598e-01 -6.909400918793721881e-04
2.412500000000000000e+01 9.826801883452144226e-01 7.451592405305441707e-04
2.414583333333333215e+01 9.793716841055566391e-01 7.290020702143181354e-05
2.416666666666666430e+01 9.814904398343832215e-01 -1.903096510144998465e-03
2.418750000000000000e+01 9.940371124016833537e-01 1.379900055980186942e-03
2.420833333333333215e+01 1.002361910892734187e+00 -7.673621808619876614e-04
2.422916666666666430e+01 1.007757878566210685e+00 1.912232219882877568e-03
2.425000000000000000e+01 1.014163568378353197e+00 1.222762307541696604e-03
2.427083333333333215e+01 1.009312850122506822e+00 9.897330319456490260e-05
2.429166666666666430e+01 1.010921752966053910e+00 5.182736918163439880e-04
2.431250000000000000e+01 1.005253001568534366e+00 -1.202483053125185091e-03
2.433333333333333215e+01 1.000906087919883447e+00 3.808319315679367092e-04
2.435416666666666430e+01 9.983596126776672630e-01 -1.239290394967069130e-03
2.437500000000000000e+01 9.982012725685529553e-01 -3.530727565070869651e-04
2.439583333333333215e+01 9.880795032923462839e-01 3.229661316301582681e-04
2.441666666666666430e+01 9.961737208541592281e-01 -9.722751983756980137e-04
2.443750000000000000e+01 9.970975880982346773e-01 -3.216084952313976396e-04
2.445833333333333215e+01 1.004595539179724106e+00 1.889952607131145245e-04
2.447916666666666430e+01 1.006459235023215770e+00 1.033238085259933136e-03
2.450000000000000000e+01 1.006434920693673796e+00 2.774876941941021398e-04
2.452083333333333215e+01 1.002445485880083531e+00 4.974550861232913870e-04
2.454166666666666430e+01 9.967830456305333264e-01 8.732748622461781855e-05
2.456250000000000000e+01 9.977040988500439633e-01 6.281317122027993199e-04
2.458333333333333215e+01 9.923048949428903143e-01 1.731671145109548024e-03
2.460416666666666430e+01 1.004764531126688842e+00 -5.436150353520386575e-05
2.462500000000000000e+01 1.000397817476107898e+00 -8.222684851951120831e-04
2.464583333333333215e+01 9.956531705240682095e-01 4.563811987223002865e-04
2.466666666666666430e+01 9.853635023283273675e-01 -7.964701573896160658e-04
2.468750000000000000e+01 9.740297797892484288e-01 7.198039049272904159e-04
2.470833333333333215e+01 9.555665756708742187e-01 8.475829611019195572e-04
2.472916666666666430e+01 9.465668741635714367e-01 1.105647016332521023e-03
2.475000000000000000e+01 9.317373399279730295e-01 1.784017454622343561e-04
2.477083333333333215e+01 9.186417481461678358e-01 -8.917362156189845420e-04
2.479166666666666430e+01 9.048510707604964232e-01 -3.222529494835705850e-03
2.481250000000000000e+01 8.948947240352421728e-01 3.432973309397075530e-04
2.483333333333333215e+01 8.697346741647951074e-01 -1.534518789713052236e-04
2.485416666666666430e+01 8.540169262122777605e-01 9.108745758938886685e-04
2.487500000000000000e+01 8.363643388443627869e-01 -4.351503424892427829e-04
2.489583333333333215e+01 8.148879498846225422e-01 -2.330370143074928652e-03
2.491666666666666430e+01 7.986078399599330080e-01 2.709420091870044377e-04
2.493750000000000000e+01 7.796311023879192170e-01 1.171744396567341419e-03
2.495833333333333215e+01 7.698415643887118742e-01 2.163849821347942591e-03
2.497916666666666430e+01 7.678240038757383479e-01 -1.329938146366458143e-03
2.500000000000000000e+01 7.697073639804771217e-01 1.473322843608914062e-03
2.502083333333333215e+01 7.791605859531842704e-01 1.687487332039271396e-03
2.504166666666666430e+01 7.831922452920254685e-01 1.706991590030087222e-03
2.506250000000000000e+01 7.876553104817188844e-01 4.785978683431323013e-04
2.508333333333333215e+01 7.825434807208639931e-01 -1.217354096092528168e-03
2.510416666666666430e+01 7.754550635017800619e-01 1.069776829437787697e-03
2.512500000000000000e+01 7.668753256257132556e-01 -8.207227925872490537e-04
2.514583333333333215e+01 7.712311914752554287e-01 -1.490565161843191095e-03
2.516666666666666430e+01 7.772474981023749230e-01 5.412849513330042928e-04
2.518750000000000000e+01 7.939795265840663419e-01 1.960732717483346359e-03
2.520833333333333215e+01 8.198331145830637379e-01 2.961082402077428073e-04
2.522916666666666430e+01 8.458072741686052387e-01 -8.545194328984993641e-04
2.525000000000000000e+01 8.808931680131565356e-01 1.546092018192032457e-04
2.527083333333333215e+01 9.138118799444274742e-01 -1.932517205406937034e-04
2.529166666666666430e+01 9.373274803331498317e-01 3.955867972378586460e-04
2.531250000000000000e+01 9.488011922140535681e-01 -3.207026634194671687e-04
2.533333333333333215e+01 9.530691767363439482e-01 -1.439896781527798611e-03
2.535416666666666430e+01 9.482242626753023540e-01 -1.680760473552509815e-03
2.537500000000000000e+01 9.415721289784612091e-01 -1.207125049314524551e-03
2.539583333333333215e+01 9.420356687743968171e-01 -4.714785882196287413e-05
2.541666666666666430e+01 9.520744762169525144e-01 1.669226525221826751e-03
2.543750000000000000e+01 9.735033765057121702e-01 -6.562012325700583733e-05
2.545833333333333215e+01 9.910981809448613511e-01 1.067031733339163235e-03
2.547916666666666430e+01 9.978947521768971596e-01 6.512471297022989032e-04
2.550000000000000000e+01 1.001200428263856912e+00 -4.973932153483262477e-04
2.552083333333333215e+01 1.002226853499839754e+00 9.138280687073701896e-04
2.554166666666666430e+01 1.004883062298769669e+00 1.175566180767001045e-03
2.556250000000000000e+01 1.013905258440183310e+00 2.705830466050795826e-03
2.558333333333333215e+01 1.022900711974289001e+00 -8.357941567534056667e-04
2.560416666666666430e+01 1.021096068280756608e+00 -3.757856667329076070e-04
2.562500000000000000e+01 1.018614165678553451e+00 -4.140453408042631036e-04
2.564583333333333215e+01 1.011747895509387485e+00 -2.490699222008945814e-03
2.566666666666666430e+01 9.928616222096560140e-01 2.734627765520040912e-03
2.568750000000000000e+01 9.774560365046398580e-01 7.730794305757350895e-04
2.570833333333333215e+01 9.683946055159037281e-01 2.482002260242734994e-03
2.572916666666666430e+01 9.719119910440190413e-01 2.343463584590864109e-04
2.575000000000000000e+01 9.773507010053887889e-01 5.188866542684883237e-04
2.577083333333333215e+01 9.939609845891211881e-01 1.686833446384201299e-03
2.579166666666666430e+01 1.005897274690864318e+00 -2.015088493277764937e-03
2.581250000000000000e+01 1.013989767960666644e+00 3.169986376253841631e-04
2.583333333333333215e+01 1.028222767234813873e+00 -2.437549913275956822e-03
2.585416666666666430e+01 1.027391815261663455e+00 -7.301836748543983211e-06
2.587500000000000000e+01 1.026153919883532328e+00 6.779491189315155252e-04
2.589583333333333215e+01 1.012975212898451494e+00 -1.117098910800916204e-03
2.591666666666666430e+01 1.003615851339422882e+00 -2.958106546434353555e-04
2.593750000000000000e+01 9.988349599127753775e-01 -2.524615264935234685e-04
2.595833333333333215e+01 9.875305256565185541e-01 1.615870637080137713e-03
2.597916666666666430e+01 9.798801773043074315e-01 1.844524498607884311e-03
