0.000000000000000000e+00 1.016004381101070608e+00 -2.781840036170973168e-03
2.083333333333333218e-02 1.022956514438030595e+00 -2.477346721227780685e-03
4.166666666666666435e-02 1.034467053036903339e+00 -9.739939429214680483e-04
6.250000000000000000e-02 1.032573591406872104e+00 -2.077564752132813556e-03
8.333333333333332871e-02 1.016327913803896754e+00 1.074056360147153518e-03
1.041666666666666574e-01 9.915753034627189377e-01 1.296431521431969667e-03
1.250000000000000000e-01 9.707646979332877901e-01 -4.764747551556818071e-04
1.458333333333333148e-01 9.628151285418766747e-01 -4.313672480723713390e-04
1.666666666666666574e-01 9.667087478466134254e-01 2.430862889232921072e-04
1.875000000000000000e-01 9.780188805794610696e-01 -1.082007387964852149e-03
2.083333333333333148e-01 9.932047838003866813e-01 -1.172416895981847219e-03
2.291666666666666574e-01 1.015846676527686343e+00 6.904768349650616983e-04
2.500000000000000000e-01 1.037378058044452933e+00 2.803299994145398363e-03
2.708333333333333148e-01 1.048387275428959819e+00 -1.213429041247963432e-04
2.916666666666666297e-01 1.043281953615877500e+00 -6.980667284496755876e-04
3.125000000000000000e-01 1.004978138028586265e+00 -1.210929294530929071e-03
3.333333333333333148e-01 9.634213142150049869e-01 2.079571683679747041e-03
3.541666666666666297e-01 9.347909671081636729e-01 2.030580864858794968e-03
3.750000000000000000e-01 9.282764153642589777e-01 2.436695151358355543e-03
3.958333333333333148e-01 9.329867324027186770e-01 -1.302590389646140177e-03
4.166666666666666297e-01 9.329574342730156955e-01 -6.220272138205876862e-04
4.375000000000000000e-01 9.210525975080997574e-01 8.244903720072660177e-04
4.583333333333333148e-01 8.964056764541250555e-01 -3.952988185421993351e-04
4.791666666666666297e-01 8.729094715827669937e-01 -9.414516126542596766e-05
5.000000000000000000e-01 8.612659254165555556e-01 1.965934024704573367e-03
5.208333333333332593e-01 8.492021991101390554e-01 -5.577907362163455479e-04
5.416666666666666297e-01 8.446932342406231475e-01 -2.595060045722514912e-04
5.625000000000000000e-01 8.267935739575626997e-01 4.585414995859019168e-04
5.833333333333332593e-01 8.283756209809844950e-01 -9.707560518108874223e-04
6.041666666666666297e-01 8.270993585013709515e-01 -1.065436699781217207e-05
6.250000000000000000e-01 8.415309875174163956e-01 7.857581367058056460e-05
6.458333333333332593e-01 8.622695739249670588e-01 3.663027537926814218e-04
6.666666666666666297e-01 8.761794832026720270e-01 2.925500661414975022e-03
6.875000000000000000e-01 8.749813003031782221e-01 -2.795182456523997647e-04
7.083333333333332593e-01 8.811572880572708932e-01 2.977968855510416089e-03
7.291666666666666297e-01 8.959677950506470534e-01 -5.769066296729064491e-04
7.500000000000000000e-01 9.183633677819408314e-01 6.839779699247183417e-04
7.708333333333332593e-01 9.562143947317706116e-01 2.113008185378862855e-03
7.916666666666666297e-01 9.804822370150259037e-01 7.610176344009066801e-05
8.125000000000000000e-01 9.932585865928209579e-01 -6.362358476139331120e-04
8.333333333333332593e-01 9.949386953947453316e-01 -4.995209912544498618e-05
8.541666666666666297e-01 9.833306635204390744e-01 1.779474660395537590e-03
8.750000000000000000e-01 9.845798836910618634e-01 3.147766073044512580e-04
8.958333333333332593e-01 9.862527475192939264e-01 4.171842689152875216e-04
9.166666666666666297e-01 9.965383741424831410e-01 5.068355580251088363e-05
9.375000000000000000e-01 1.009243584365687729e+00 6.986660737024166421e-05
9.583333333333332593e-01 1.010532065983571925e+00 1.252332879226457580e-03
9.791666666666666297e-01 1.018744568321969135e+00 -3.744781316927425145e-04
1.000000000000000000e+00 1.020085015720589627e+00 -8.229234983772645146e-04
1.020833333333333259e+00 1.011707226672859949e+00 -1.008832753457280813e-03
1.041666666666666519e+00 1.002843616063966437e+00 2.781197147485318564e-04
1.062500000000000000e+00 9.952940997944375034e-01 1.523771942831499658e-03
1.083333333333333259e+00 9.937142543622224933e-01 -3.318346311980395090e-04
1.104166666666666519e+00 1.002234117670607549e+00 -1.212860686388684021e-03
1.125000000000000000e+00 1.009353148812420553e+00 1.444941671235983830e-04
1.145833333333333259e+00 1.004586932526439380e+00 8.371309303492266429e-05
1.166666666666666519e+00 9.877036835904310363e-01 -3.395382952085689542e-03
1.187500000000000000e+00 9.855897335652634705e-01 2.899899633602943263e-05
1.208333333333333259e+00 9.791404444388762673e-01 3.476796993031985080e-04
1.229166666666666519e+00 9.910752995860476755e-01 -5.771416311922649952e-04
1.250000000000000000e+00 1.005069121193902015e+00 -3.786886992320557914e-04
1.270833333333333259e+00 1.012468781386057781e+00 6.072720365675701075e-04
1.291666666666666519e+00 1.012009543202353479e+00 -7.647620380311606798e-04
1.312500000000000000e+00 1.004985603245281078e+00 -2.144958561704336450e-03
1.333333333333333259e+00 1.003339575442173670e+00 1.384665840293766844e-03
1.354166666666666519e+00 1.002921981701486720e+00 2.899618118172092520e-04
1.375000000000000000e+00 1.002149622933691475e+00 1.665935334417431146e-03
1.395833333333333259e+00 1.004766184630794035e+00 -1.767330097210605621e-04
1.416666666666666519e+00 1.004571241436589935e+00 -1.027298426266981188e-03
1.437500000000000000e+00 1.004403326965777277e+00 8.516233639914403157e-04
1.458333333333333259e+00 1.011339289606893344e+00 1.174541421179873179e-03
1.479166666666666519e+00 1.005807431232039306e+00 1.332600123563960036e-03
1.500000000000000000e+00 9.979161254672570536e-01 -1.296379528149700904e-03
1.520833333333333259e+00 9.878144689435062187e-01 3.921353039990346030e-04
1.541666666666666519e+00 9.785267127199442916e-01 3.295994821543615615e-05
1.562500000000000000e+00 9.843835998739134396e-01 -1.145222244469272510e-03
1.583333333333333259e+00 9.932789751391096766e-01 1.699326886679846163e-04
1.604166666666666519e+00 1.000503011606762360e+00 -1.433923744440848518e-03
1.625000000000000000e+00 9.980010518101266603e-01 3.848416769736823771e-04
1.645833333333333259e+00 9.965034620892718742e-01 1.127278400030768497e-03
1.666666666666666519e+00 9.966272877285305976e-01 2.413158899028797891e-05
1.687500000000000000e+00 1.010011378543745009e+00 -6.831340592836536788e-04
1.708333333333333259e+00 1.025691669858054267e+00 -2.201256331703102336e-04
1.729166666666666519e+00 1.037478873097714915e+00 -6.456298411967953746e-04
1.750000000000000000e+00 1.031723116432244014e+00 -5.596782006947904073e-04
1.770833333333333259e+00 1.014488523190483438e+00 -1.158653172552728773e-03
1.791666666666666519e+00 9.928811268284813973e-01 -1.969740225749785825e-03
1.812500000000000000e+00 9.653758888283923145e-01 -8.075787494216471202e-04
1.833333333333333259e+00 9.626138647732840337e-01 -9.166222882188297368e-04
1.854166666666666519e+00 9.771249277037308278e-01 3.665220769692777787e-04
1.875000000000000000e+00 9.943277636399796560e-01 -3.108991370940844090e-04
1.895833333333333259e+00 1.010822302092033720e+00 -1.117546440833263417e-03
1.916666666666666519e+00 1.019849587434318305e+00 3.721022763368470911e-04
1.937500000000000000e+00 1.019411518212564705e+00 1.485104439149705373e-04
1.958333333333333259e+00 1.010711024160995564e+00 -1.695236963789179246e-03
1.979166666666666519e+00 1.003043428368617374e+00 -1.041019605154686143e-03
2.000000000000000000e+00 9.944524558851444151e-01 -1.105184315279266393e-03
2.020833333333333037e+00 9.877054055040673797e-01 -6.149120921747865858e-04
2.041666666666666519e+00 9.890289863563337391e-01 4.133670347274711579e-04
2.062500000000000000e+00 9.977652156989993415e-01 1.378416944926364298e-03
2.083333333333333037e+00 1.006564568140921212e+00 -4.960697758882618661e-04
2.104166666666666519e+00 1.012236511085487622e+00 1.588990353509416541e-04
2.125000000000000000e+00 1.004773957831847975e+00 1.254319705243881573e-03
2.145833333333333037e+00 9.944251316127613594e-01 -1.074592974385962839e-03
2.166666666666666519e+00 9.889675849324180978e-01 -4.991491120627006457e-04
2.187500000000000000e+00 9.968926990894446671e-01 2.674202932069415120e-04
2.208333333333333037e+00 1.012196949224014597e+00 -1.057446371123552326e-03
2.229166666666666519e+00 1.020647074084872763e+00 -1.337531565740970874e-03
2.250000000000000000e+00 1.020482033623012041e+00 5.881912809460244267e-04
2.270833333333333037e+00 1.014003696791709430e+00 -8.562573201467401978e-04
2.291666666666666519e+00 1.005416827799934909e+00 1.233252234949894829e-03
2.312500000000000000e+00 9.911016366760683205e-01 -7.163313150516817471e-04
2.333333333333333037e+00 9.858372626084124235e-01 5.642753836192336428e-04
2.354166666666666519e+00 9.814245794624907315e-01 -3.038596900325232731e-04
2.375000000000000000e+00 9.762564382238898553e-01 -1.995295654016906398e-03
2.395833333333333037e+00 9.780539363613847126e-01 -1.703621476009033403e-03
2.416666666666666519e+00 9.868174652474953623e-01 8.036203066489973259e-04
2.437500000000000000e+00 1.006726708276337368e+00 -1.778863257190172256e-04
2.458333333333333037e+00 1.015431206792771102e+00 -7.467960819641546307e-04
2.479166666666666519e+00 1.023944667171866385e+00 -1.692436000763200121e-03
2.500000000000000000e+00 1.024682627404651214e+00 -5.358943578326523733e-04
2.520833333333333037e+00 1.021824727115895115e+00 -4.834425409872951602e-04
2.541666666666666519e+00 1.010198816769109387e+00 -7.536887229778871638e-04
2.562500000000000000e+00 1.009284449242502379e+00 -1.068951718163176990e-03
2.583333333333333037e+00 9.941229044613008048e-01 1.529409737424272707e-03
2.604166666666666519e+00 9.895430512264590250e-01 1.480603541436133165e-03
2.625000000000000000e+00 9.842219019351597931e-01 -6.133841657523125043e-04
2.645833333333333037e+00 9.925607770980875433e-01 -6.237247034095870404e-05
2.666666666666666519e+00 9.997559218450219332e-01 -1.255420081347194969e-03
2.687500000000000000e+00 1.002858904120612848e+00 -5.298018298291335684e-04
2.708333333333333037e+00 1.003107254346807586e+00 6.128857628182125552e-06
2.729166666666666519e+00 9.993085139464136235e-01 5.222707980254594337e-04
2.750000000000000000e+00 9.936424329079479589e-01 1.783683790007882346e-03
2.770833333333333037e+00 9.961840293359527365e-01 -4.509229240728888769e-04
2.791666666666666519e+00 1.002870405323785352e+00 6.962247913689319266e-04
2.812500000000000000e+00 1.004585653151148561e+00 -1.407044493744751446e-04
2.833333333333333037e+00 1.004913757028008225e+00 -1.016265534804922923e-03
2.854166666666666519e+00 1.012691873072146809e+00 8.369626866967352962e-04
2.875000000000000000e+00 1.012008600518041534e+00 -6.660678044032884498e-04
2.895833333333333037e+00 1.016377006631610236e+00 8.264937057316510457e-04
2.916666666666666519e+00 1.015573740313352902e+00 -1.595304287633224393e-04
2.937500000000000000e+00 1.007755452614229164e+00 -7.410258683679651274e-05
2.958333333333333037e+00 1.000023674822398512e+00 1.125096411674118098e-03
2.979166666666666519e+00 9.943336986170334679e-01 -1.545156871072990001e-03
3.000000000000000000e+00 9.902184599612777749e-01 1.406808022389767184e-03
3.020833333333333037e+00 9.817398336544531645e-01 1.396070750177484708e-03
3.041666666666666519e+00 9.779575704260817792e-01 1.327035466262527349e-03
3.062500000000000000e+00 9.842330044875520212e-01 6.011031912384374879e-04
3.083333333333333037e+00 9.925268903730016801e-01 4.154850734351195275e-04
3.104166666666666519e+00 9.997369547853180993e-01 7.811011042009401682e-04
3.125000000000000000e+00 1.008159424253173508e+00 -5.345146679351665256e-04
3.145833333333333037e+00 1.024059628749752981e+00 6.692590816470898700e-04
3.166666666666666519e+00 1.025314021883815929e+00 -1.545090147482149154e-03
3.187500000000000000e+00 1.030537962209773228e+00 -2.855501478256036209e-04
3.208333333333333037e+00 1.023200198676140760e+00 1.438510135319382485e-03
3.229166666666666519e+00 1.008977425581398357e+00 2.248805696435125269e-03
3.250000000000000000e+00 9.859479043235717111e-01 -1.016190896649038587e-03
3.270833333333333037e+00 9.705192972552868502e-01 -1.579379346416648463e-04
3.291666666666666519e+00 9.752961848095137443e-01 -7.630113654880131893e-05
3.312500000000000000e+00 9.784849951789831302e-01 -4.496584141741338152e-04
3.333333333333333037e+00 9.988907041183398006e-01 4.262467485904700734e-04
3.354166666666666519e+00 1.003085370259275910e+00 8.810948475881161387e-04
3.375000000000000000e+00 1.005219147743635411e+00 3.196453856581605375e-04
3.395833333333333037e+00 9.991676420580203333e-01 -1.631384688292281072e-03
3.416666666666666519e+00 9.993813240870413894e-01 1.276377896446807608e-03
3.437500000000000000e+00 1.001275235776674766e+00 1.995012821314621349e-03
3.458333333333333037e+00 1.001577896452711336e+00 3.766610994467779923e-04
3.479166666666666519e+00 1.005479658417683719e+00 -5.093177653986865044e-04
3.500000000000000000e+00 1.009087393488594664e+00 1.060538893352290339e-03
3.520833333333333037e+00 1.017497609395821678e+00 -1.021160535246100603e-03
3.541666666666666519e+00 1.015932061473820758e+00 1.832057626610149401e-03
3.562500000000000000e+00 1.012014791677804837e+00 1.443895519159318344e-03
3.583333333333333037e+00 1.006463267906251735e+00 -9.839354122148406216e-04
3.604166666666666519e+00 9.978394922043414272e-01 -6.860764683039051849e-04
3.625000000000000000e+00 9.960672351609884956e-01 -1.400010270781931743e-03
3.645833333333333037e+00 9.938842662900368996e-01 2.343951839731514292e-03
3.666666666666666519e+00 9.921080001555540040e-01 1.550023264119479525e-03
3.687500000000000000e+00 9.955653470990109000e-01 -2.140765606910834725e-03
3.708333333333333037e+00 9.872204270805732262e-01 2.204588748470839995e-04
3.729166666666666519e+00 9.759078495340300918e-01 -7.990297442764621942e-05
3.750000000000000000e+00 9.731886788955085299e-01 5.903128110945724964e-05
3.770833333333333037e+00 9.908549235524031218e-01 7.815932557970996708e-04
3.791666666666666519e+00 1.017681322436451152e+00 -2.875648025688652340e-03
3.812500000000000000e+00 1.030459299412936014e+00 7.570285014931344304e-04
3.833333333333333037e+00 1.023602888860539517e+00 -6.377349495610472405e-04
3.854166666666666519e+00 1.006386671923169995e+00 -9.749220402555041449e-04
3.875000000000000000e+00 9.924472815508756929e-01 5.177448927412168838e-04
3.895833333333333037e+00 9.846131300240762441e-01 -7.800915515787954510e-04
3.916666666666666519e+00 9.983674404816940129e-01 -1.026234151583847579e-04
3.937500000000000000e+00 1.013246347262265479e+00 1.365417868426587432e-04
3.958333333333333037e+00 1.023547229542273396e+00 -3.680997461626952437e-05
3.979166666666666519e+00 1.017694163295923770e+00 -1.468137721757869184e-03
4.000000000000000000e+00 1.008781893625832149e+00 9.423571280635506531e-04
4.020833333333333037e+00 9.942991187161592803e-01 -7.681742385283000249e-04
4.041666666666666075e+00 9.856147003807010920e-01 2.116139684322792397e-03
4.062500000000000000e+00 9.880047758125936053e-01 -6.887499389470202885e-04
4.083333333333333037e+00 9.815873458554007502e-01 8.180774286330310947e-05
4.104166666666666075e+00 9.824622591252020198e-01 -8.072833904847673530e-04
4.125000000000000000e+00 9.949407796573046525e-01 2.037780796373734205e-03
4.145833333333333037e+00 9.991755601962786226e-01 -6.361022641496682194e-04
4.166666666666666075e+00 1.006052804481623708e+00 -4.745567930868034389e-05
4.187500000000000000e+00 1.011777848885187181e+00 1.197819582720241558e-03
4.208333333333333037e+00 1.017028543783004668e+00 -1.073773933599969123e-03
4.229166666666666075e+00 1.011226564279455564e+00 3.329411706880646576e-04
4.250000000000000000e+00 1.009987613739806722e+00 -8.435050321730329370e-05
4.270833333333333037e+00 1.012367264390495070e+00 6.508291972811437991e-04
4.291666666666666075e+00 1.003553181329249755e+00 -1.388944484764842772e-04
4.312500000000000000e+00 9.917409758207783588e-01 -1.655087924208087629e-03
4.333333333333333037e+00 9.878935931034438234e-01 1.027793643765300200e-04
4.354166666666666075e+00 1.001702571066939385e+00 1.553869611157213419e-03
4.375000000000000000e+00 1.013018693563040751e+00 -9.598894456086880895e-04
4.395833333333333037e+00 1.015176054716293796e+00 6.528182300961901446e-04
4.416666666666666075e+00 1.002112977152593620e+00 9.153487597773667453e-04
4.437500000000000000e+00 9.833126605022342037e-01 2.200672393500363241e-03
4.458333333333333037e+00 9.791731438463284753e-01 -1.613131127531671491e-03
4.479166666666666075e+00 9.892863776799092346e-01 7.334119222736452601e-04
4.500000000000000000e+00 1.010893087660773126e+00 4.732622812729144748e-04
4.520833333333333037e+00 1.013492050108166787e+00 1.048526428652312359e-03
4.541666666666666075e+00 1.001219201532513647e+00 -1.274423377681545549e-03
4.562500000000000000e+00 9.863341652474579835e-01 3.510828618664249188e-04
4.583333333333333037e+00 9.764835894959934537e-01 -1.580463546747012948e-03
4.604166666666666075e+00 9.957284846803123868e-01 -2.542920653195051162e-03
4.625000000000000000e+00 1.016284789630927721e+00 3.455027424779618436e-04
4.645833333333333037e+00 1.024574069295856482e+00 -4.650159729900765895e-05
4.666666666666666075e+00 1.027412755243448439e+00 -7.331922004575353599e-04
4.687500000000000000e+00 1.014442763338236020e+00 -2.246673936385281192e-03
4.708333333333333037e+00 1.002083952080045526e+00 -8.763631443039394692e-04
4.729166666666666075e+00 1.001960403155269352e+00 -4.038854040647576592e-04
4.750000000000000000e+00 1.005998713179797610e+00 1.565337998594737478e-03
4.770833333333333037e+00 9.966240665746549654e-01 -4.957598840324149475e-05
4.791666666666666075e+00 9.820254396276418829e-01 2.018038982866920440e-03
4.812500000000000000e+00 9.789501113271981136e-01 7.673929953151553685e-04
4.833333333333333037e+00 9.845552460297555264e-01 1.926630334955421178e-03
4.854166666666666075e+00 9.966750413179619184e-01 -6.789059215589798900e-04
4.875000000000000000e+00 1.013529207694824130e+00 -7.864480443762324278e-04
4.895833333333333037e+00 1.014615559142758583e+00 4.732221784852514573e-04
4.916666666666666075e+00 1.001851719081646053e+00 -1.708160884670585882e-04
4.937500000000000000e+00 9.885983987328104128e-01 1.949423621570617934e-03
4.958333333333333037e+00 9.875981990966474777e-01 -9.920962713595130557e-06
4.979166666666666075e+00 1.003650390684428295e+00 -1.965243146928247816e-04
5.000000000000000000e+00 1.014441574858315986e+00 -4.225076879552249853e-04
5.020833333333333037e+00 1.025709660607506901e+00 2.536786807144690787e-04
5.041666666666666075e+00 1.022078908235971806e+00 1.953740123957077492e-03
5.062500000000000000e+00 1.006132579454366072e+00 -3.519921641259921756e-04
5.083333333333333037e+00 9.961065091230704160e-01 1.451370883698945837e-03
5.104166666666666075e+00 9.852500042700954586e-01 6.345445691806161741e-04
5.125000000000000000e+00 9.841436437016388705e-01 -6.257798644646073464e-04
5.145833333333333037e+00 9.872867119185251283e-01 -1.075595380800385085e-03
5.166666666666666075e+00 1.000548311500369714e+00 8.252532641560006432e-04
5.187500000000000000e+00 1.011021290292064556e+00 4.853959560600976369e-04
5.208333333333333037e+00 1.018492084936386766e+00 -6.148507836629047612e-04
5.229166666666666075e+00 1.012921764895744259e+00 1.163583463850148113e-03
5.250000000000000000e+00 9.986443734051133614e-01 -8.836842656226123706e-04
5.270833333333333037e+00 9.916772813590547520e-01 6.446126108344682124e-04
5.291666666666666075e+00 9.904053925025788629e-01 -1.163594232468454425e-03
5.312500000000000000e+00 1.003510513249741942e+00 1.883210708675032736e-04
5.333333333333333037e+00 1.005530503674168852e+00 -1.361377403135942150e-04
5.354166666666666075e+00 1.003109204833948054e+00 7.601884368966863297e-04
5.375000000000000000e+00 9.908496683517488135e-01 -7.524170755931466675e-05
5.395833333333333037e+00 9.770543293257557549e-01 -1.400759221123928097e-03
5.416666666666666075e+00 9.905712517946969609e-01 2.523848975345768103e-03
5.437500000000000000e+00 1.016291158821152729e+00 -4.498403869561871070e-04
5.458333333333333037e+00 1.035935279432184331e+00 1.369927087371500013e-04
5.479166666666666075e+00 1.021400008121192027e+00 -2.716522380660288524e-04
5.500000000000000000e+00 1.004820843406638353e+00 1.970670728021874877e-03
5.520833333333333037e+00 9.820366237492187400e-01 -1.320934207737551290e-03
5.541666666666666075e+00 9.752308713514117322e-01 -1.045590642071840244e-03
5.562500000000000000e+00 9.856658341961309633e-01 9.240043720264032529e-04
5.583333333333333037e+00 1.006106472653829353e+00 -1.793350636497198893e-03
5.604166666666666075e+00 1.008582256579963143e+00 5.982602914895401684e-04
5.625000000000000000e+00 1.009491132250828649e+00 3.738304585236101787e-03
5.645833333333333037e+00 1.005680824690557529e+00 4.590698095727439041e-04
5.666666666666666075e+00 1.012707430143560572e+00 -7.874660136748762394e-04
5.687500000000000000e+00 1.010316430358404016e+00 4.061200437529113362e-04
5.708333333333333037e+00 1.002697956873451535e+00 8.104486016414431167e-04
5.729166666666666075e+00 9.916120914206572046e-01 1.973876541037532760e-03
5.750000000000000000e+00 9.770413993674436082e-01 7.069880642983628321e-04
5.770833333333333037e+00 9.778787327273564811e-01 -1.666692318108217935e-03
5.791666666666666075e+00 9.910973511453987639e-01 5.840029971924217593e-04
5.812500000000000000e+00 1.010971254918605622e+00 9.943220044189057371e-04
5.833333333333333037e+00 1.016502680994090912e+00 1.618161194325344024e-04
5.854166666666666075e+00 1.016295846747661269e+00 9.660952632914801292e-04
5.875000000000000000e+00 1.005984317906143399e+00 3.074599174255443750e-03
5.895833333333333037e+00 9.928816879802686568e-01 2.247998239776282346e-03
5.916666666666666075e+00 9.851781672569348558e-01 2.030471555463521371e-03
5.937500000000000000e+00 9.910916766324796567e-01 -1.951259836276929976e-03
5.958333333333333037e+00 9.984338111106572100e-01 4.449129451210357398e-04
5.979166666666666075e+00 1.019220575198637624e+00 2.155493159443620820e-04
6.000000000000000000e+00 1.030543389314304559e+00 -1.324492278010404442e-03
6.020833333333333037e+00 1.021460306535436624e+00 -7.757264452247617003e-04
6.041666666666666075e+00 1.008411253409205788e+00 5.107374635335347295e-04
6.062500000000000000e+00 9.876615425866903664e-01 6.230230283322599335e-04
6.083333333333333037e+00 9.772821319872345702e-01 -9.935178556943477035e-05
6.104166666666666075e+00 9.853947580653242833e-01 4.636524469835498355e-04
6.125000000000000000e+00 9.921711535227109025e-01 -1.475998751160109224e-03
6.145833333333333037e+00 1.002414500252220231e+00 -2.196189881621094680e-04
6.166666666666666075e+00 9.968583583072212484e-01 -1.282908684855838845e-03
6.187500000000000000e+00 9.940557370456322150e-01 7.660578763399525370e-04
6.208333333333333037e+00 9.896922460746780947e-01 4.085595785375014505e-04
6.229166666666666075e+00 1.000839189008168928e+00 -7.109144725719818625e-04
6.250000000000000000e+00 1.015692917767069492e+00 7.531406770782926997e-05
6.270833333333333037e+00 1.021018812057223668e+00 -4.637482316481197865e-04
6.291666666666666075e+00 1.014390007534462956e+00 -1.264668734150834568e-03
6.312500000000000000e+00 1.006603144688328122e+00 2.628574582273035618e-04
6.333333333333333037e+00 1.002177873199468605e+00 -2.714788372708424116e-04
6.354166666666666075e+00 9.954181724826407507e-01 1.323041123582540746e-03
6.375000000000000000e+00 9.922952061050466233e-01 1.830442440164683831e-03
6.395833333333333037e+00 9.828662281934271716e-01 1.381553115433191642e-03
6.416666666666666075e+00 9.836187664947095843e-01 1.724737324896846247e-03
6.437500000000000000e+00 9.846575666351031764e-01 5.086145498106936020e-05
6.458333333333333037e+00 9.946383397144785699e-01 -2.255844760987404940e-03
6.479166666666666075e+00 1.003867410680994832e+00 -9.386842206610803571e-06
6.500000000000000000e+00 1.012920371104215178e+00 8.740234155651489464e-04
6.520833333333333037e+00 1.024046954970091239e+00 7.877297400676136702e-04
6.541666666666666075e+00 1.029182232802945629e+00 1.595012132542850212e-03
6.562500000000000000e+00 1.021619023012023453e+00 -8.699026677871036161e-05
6.583333333333333037e+00 1.012051341723350317e+00 1.893840437248844866e-04
6.604166666666666075e+00 9.926417316383921996e-01 -5.410010851123177398e-04
6.625000000000000000e+00 9.829749568260234271e-01 -1.381802141657654040e-03
6.645833333333333037e+00 9.774930465822535552e-01 -1.234908480078307459e-03
6.666666666666666075e+00 9.833555370756629221e-01 -1.035091440521130127e-03
6.687500000000000000e+00 9.877813979508368591e-01 -5.142057533071221938e-04
6.708333333333333037e+00 1.001300642212576752e+00 -2.163653062250516131e-03
6.729166666666666075e+00 1.013386422524377162e+00 -9.649651108886868247e-04
6.750000000000000000e+00 1.010422753635090487e+00 -1.190917929616839340e-04
6.770833333333333037e+00 1.011490054436353869e+00 5.753148173350533176e-04
6.791666666666666075e+00 1.004044692586945731e+00 1.188741138229653304e-03
6.812500000000000000e+00 1.008599467880090028e+00 -1.400050076421018507e-03
6.833333333333333037e+00 1.003039074564432642e+00 -4.980471658184284839e-04
6.854166666666666075e+00 9.950486214352793901e-01 -2.859202451420800838e-04
6.875000000000000000e+00 9.939721667261668392e-01 1.034973931843288309e-03
6.895833333333333037e+00 9.988246051641377354e-01 9.713014626060423838e-04
6.916666666666666075e+00 1.010147841588032502e+00 1.344669077037676528e-03
6.937500000000000000e+00 1.021784059213634688e+00 3.871744686765937402e-04
6.958333333333333037e+00 1.021960168186068829e+00 1.086004633477609350e-03
6.979166666666666075e+00 1.011503431625916827e+00 2.441905785890629232e-04
7.000000000000000000e+00 9.868302133407020893e-01 1.034020302023184968e-03
7.020833333333333037e+00 9.754713213710158870e-01 1.038202070348378603e-03
7.041666666666666075e+00 9.795832999248459405e-01 -1.187193206831442370e-04
7.062500000000000000e+00 9.867396566691610804e-01 5.973440516344658328e-05
7.083333333333333037e+00 9.869523669121528231e-01 -1.343174640589627714e-03
7.104166666666666075e+00 9.900805408762773929e-01 8.746081012485452727e-04
7.125000000000000000e+00 9.918550593376198599e-01 1.503237400591904633e-03
7.145833333333333037e+00 1.001671565465789726e+00 -9.705861609748979695e-04
7.166666666666666075e+00 1.026503249964931364e+00 1.243478423454250732e-03
7.187500000000000000e+00 1.038939822737215746e+00 -4.351052708973373608e-04
7.208333333333333037e+00 1.036871760758743877e+00 5.996171115212708307e-04
7.229166666666666075e+00 1.013445826273120742e+00 2.285757793425592774e-05
7.250000000000000000e+00 9.870579199773421575e-01 -8.748798891931233582e-05
7.270833333333333037e+00 9.697751325722712146e-01 -1.882843918352718237e-03
7.291666666666666075e+00 9.728302630069209922e-01 1.030251405043507672e-03
7.312500000000000000e+00 9.812538227755617237e-01 3.230150935227464690e-04
7.333333333333333037e+00 9.845332751695643481e-01 -3.874215233556818063e-04
7.354166666666666075e+00 1.002337981565159852e+00 -1.720224217802393161e-04
7.375000000000000000e+00 1.024700831959333813e+00 -1.370334075034701721e-03
7.395833333333333037e+00 1.038124728495435578e+00 7.532537857861863967e-04
7.416666666666666075e+00 1.035945705341036804e+00 4.534102279068362635e-04
7.437500000000000000e+00 1.021929024227940630e+00 1.089247804429837414e-03
7.458333333333333037e+00 9.830264285768121058e-01 2.481048242979626457e-04
7.479166666666666075e+00 9.706717705478337122e-01 1.867062396957913433e-03
7.500000000000000000e+00 9.625635020310776557e-01 1.621426691205234410e-04
7.520833333333333037e+00 9.810119184889187771e-01 1.184265686488668963e-03
7.541666666666666075e+00 9.976096014723927485e-01 -9.749824642005353210e-04
7.562500000000000000e+00 9.961422607205256963e-01 2.805332085578409601e-03
7.583333333333333037e+00 9.979499348168535677e-01 1.326978859785001149e-03
7.604166666666666075e+00 9.959667207628378760e-01 3.741184773407610462e-04
7.625000000000000000e+00 1.006817245083906354e+00 1.090645142211996632e-03
7.645833333333333037e+00 1.020576023306981828e+00 -1.743520819981508302e-05
7.666666666666666075e+00 1.031084853666567991e+00 -1.914590767395701974e-03
7.687500000000000000e+00 1.019184462989278561e+00 8.293384485878947969e-04
7.708333333333333037e+00 1.010018050879331941e+00 3.504092300733741613e-03
7.729166666666666075e+00 9.995270024124957020e-01 2.396019877728109478e-03
7.750000000000000000e+00 1.004946683280151909e+00 -4.861245952308603652e-04
7.770833333333333037e+00 1.002044831878203590e+00 -1.391736078930747977e-03
7.791666666666666075e+00 9.942319297279309520e-01 8.433202327537493758e-04
7.812500000000000000e+00 9.912420975518929644e-01 4.061315738449157637e-04
7.833333333333333037e+00 9.884117661477156425e-01 1.139447680075707150e-03
7.854166666666666075e+00 9.892939075433767604e-01 2.150286412775490822e-03
7.875000000000000000e+00 1.000068455877965778e+00 -1.146387940274324994e-03
7.895833333333333037e+00 9.975502192634277954e-01 -3.947145430518632999e-04
7.916666666666666075e+00 9.986582940548366372e-01 -1.318237609662221413e-03
7.937500000000000000e+00 9.928645955704850090e-01 -8.333450682495589833e-04
7.958333333333333037e+00 9.927723889336861340e-01 -6.963721681702367489e-04
7.979166666666666075e+00 9.955441993731702910e-01 7.846504724493712007e-04
8.000000000000000000e+00 9.988283545046618972e-01 1.245147972058315835e-03
8.020833333333332149e+00 1.000322867648059999e+00 4.681206236985825100e-04
8.041666666666666075e+00 1.015148775193556618e+00 1.366059653814725430e-03
8.062500000000000000e+00 1.016936672974803724e+00 -2.083234614156439894e-03
8.083333333333332149e+00 1.033508522313994593e+00 1.679021209977511449e-03
8.104166666666666075e+00 1.037278017771560812e+00 9.590534273890570819e-05
8.125000000000000000e+00 1.028517290143672769e+00 4.217935140358863985e-04
8.145833333333332149e+00 1.008918461862341465e+00 6.105501747912580332e-04
8.166666666666666075e+00 9.816341351095089207e-01 -1.769096162513696894e-03
8.187500000000000000e+00 9.660191624642814334e-01 -5.001783775888508053e-04
8.208333333333332149e+00 9.706487367653205967e-01 -3.222817278361355450e-04
8.229166666666666075e+00 9.793700495184306520e-01 1.080517431220310567e-03
8.250000000000000000e+00 9.923286866449221311e-01 -2.187801741591809297e-03
8.270833333333332149e+00 9.876865566649751793e-01 -9.037727589686446114e-04
8.291666666666666075e+00 9.776511263803323581e-01 -8.776903757126645737e-05
8.312500000000000000e+00 9.862478371585327031e-01 5.023449286144949242e-04
8.333333333333332149e+00 1.005774971918218519e+00 1.428551368712198703e-03
8.354166666666666075e+00 1.037095782651489051e+00 3.393892748800224433e-04
8.375000000000000000e+00 1.052415064825425128e+00 6.645442589928214237e-04
8.395833333333332149e+00 1.035306692576471344e+00 3.303102546433224333e-04
8.416666666666666075e+00 1.006339827903709683e+00 1.439406562520402120e-04
8.437500000000000000e+00 9.835593509025186698e-01 7.529369853785933394e-04
8.458333333333332149e+00 9.681802645291197607e-01 -5.730007766608673963e-04
8.479166666666666075e+00 9.800183279876581999e-01 1.268991624053175367e-03
8.500000000000000000e+00 9.995113072481446315e-01 3.824922748877257646e-04
8.520833333333332149e+00 1.008016142862275144e+00 9.356591754876033250e-04
8.541666666666666075e+00 1.014414382053638430e+00 1.416216325517387657e-03
8.562500000000000000e+00 1.011723507596190341e+00 7.388410566827060101e-05
8.583333333333332149e+00 1.008195947253810898e+00 -1.875688575003758938e-03
8.604166666666666075e+00 1.010652971178996440e+00 5.935995784331429565e-04
8.625000000000000000e+00 9.997446881244719252e-01 -1.648093559022100201e-04
8.645833333333332149e+00 9.873544863077874378e-01 -6.665775574790749588e-04
8.666666666666666075e+00 9.836825609245078983e-01 1.627112305008249346e-03
8.687500000000000000e+00 9.846311894631466499e-01 9.888082595436558644e-05
8.708333333333332149e+00 9.878697966220962856e-01 6.844023074211580534e-04
8.729166666666666075e+00 9.887943429578590626e-01 1.726135605704433448e-04
8.750000000000000000e+00 9.953293502079773036e-01 1.965162304460424164e-04
8.770833333333332149e+00 1.007950580954957376e+00 9.021558223388202735e-04
8.791666666666666075e+00 1.021487453560354641e+00 -1.221595724635473983e-04
8.812500000000000000e+00 1.031730374780384540e+00 1.348782982393449822e-04
8.833333333333332149e+00 1.032495782004401841e+00 1.130766959759069374e-03
8.854166666666666075e+00 1.020684189459089231e+00 -2.042927016890847274e-04
8.875000000000000000e+00 1.002723409050218395e+00 -1.596947965276756566e-03
8.895833333333332149e+00 9.912062092642113242e-01 1.200235616138399432e-03
8.916666666666666075e+00 9.837571683301300496e-01 1.028909343438740498e-03
8.937500000000000000e+00 9.883140797849254700e-01 -1.232223064262189492e-03
8.958333333333332149e+00 9.804350281006825041e-01 6.901654995851410138e-04
8.979166666666666075e+00 9.829630971542525630e-01 3.167036716724471465e-05
9.000000000000000000e+00 9.911798089003164280e-01 -1.100146887950221794e-03
9.020833333333332149e+00 1.007704968238349652e+00 2.281626372069253965e-04
9.041666666666666075e+00 1.014007513265718918e+00 2.234820863966359384e-04
9.062500000000000000e+00 1.012035732665745646e+00 -7.207713249175230503e-05
9.083333333333332149e+00 1.009892857369068420e+00 2.824155337100479977e-04
9.104166666666666075e+00 9.940086772906943091e-01 -2.145034104994203959e-03
9.125000000000000000e+00 9.932765952788852326e-01 -4.021939888294221691e-04
9.145833333333332149e+00 9.998310194156477815e-01 -7.557348256374438146e-04
9.166666666666666075e+00 1.017490741607704141e+00 5.047558423229456205e-04
9.187500000000000000e+00 1.027178773206653073e+00 -3.233015011045403632e-04
9.208333333333332149e+00 1.016870612504088056e+00 1.151423850217636472e-04
9.229166666666666075e+00 9.993453103397974546e-01 -1.237648610285719143e-03
9.250000000000000000e+00 9.762316751519493074e-01 1.017203560195453554e-03
9.270833333333332149e+00 9.657382010633379643e-01 1.248083593714202893e-03
9.291666666666666075e+00 9.711805335939371897e-01 1.480811089288658561e-03
9.312500000000000000e+00 9.926761812609863345e-01 1.668960609212400727e-03
9.333333333333332149e+00 1.016970934823392625e+00 2.436935384470636146e-04
9.354166666666666075e+00 1.026682143956063165e+00 7.503025109208373220e-04
9.375000000000000000e+00 1.024027144748094864e+00 -2.460292221245229376e-03
9.395833333333332149e+00 1.013918647347400226e+00 -1.261460783903267766e-04
9.416666666666666075e+00 1.016625983412978496e+00 7.284425748967492272e-05
9.437500000000000000e+00 1.011670971174834621e+00 1.267817531235265326e-04
9.458333333333332149e+00 1.006462361056299715e+00 -1.567522789716436842e-04
9.479166666666666075e+00 1.002767627567791697e+00 -2.861654419961929641e-04
9.500000000000000000e+00 9.884397396647435219e-01 2.342501162828071210e-03
9.520833333333332149e+00 9.760272712828548247e-01 2.542103129069555483e-04
9.541666666666666075e+00 9.806101792079158219e-01 1.651288703813763668e-03
9.562500000000000000e+00 9.878948985050238774e-01 -1.307098712588109423e-03
9.583333333333332149e+00 1.000638220518137889e+00 -2.612743857774650191e-04
9.604166666666666075e+00 1.000279610471931369e+00 6.155359834853870501e-04
9.625000000000000000e+00 9.981534604214580275e-01 1.446104085038581785e-03
9.645833333333332149e+00 9.908180990472015282e-01 -1.534114900706765950e-03
9.666666666666666075e+00 9.944300372234466945e-01 1.824853280922301404e-04
9.687500000000000000e+00 1.000154958086203250e+00 -7.289905039273227201e-04
9.708333333333332149e+00 1.017703918805179741e+00 -3.797060218402374633e-04
9.729166666666666075e+00 1.028765619438179568e+00 -7.905309733519182798e-04
9.750000000000000000e+00 1.032660617875343689e+00 -8.147886130046357598e-04
9.770833333333332149e+00 1.031321871360676434e+00 1.257806043918892813e-03
9.791666666666666075e+00 1.011385868084118567e+00 -4.841054458929443943e-04
9.812500000000000000e+00 9.966500660018489111e-01 -4.338655903881314703e-04
9.833333333333332149e+00 9.841214594595635301e-01 4.666986564696569374e-04
9.854166666666666075e+00 9.766900084058497411e-01 4.350816639824348748e-04
9.875000000000000000e+00 9.775753680150512936e-01 -2.665089076001017263e-04
9.895833333333332149e+00 9.848191511363112438e-01 -4.117356597183301366e-04
9.916666666666666075e+00 9.892420072920449226e-01 -8.593085822504726960e-04
9.937500000000000000e+00 9.877517458841215126e-01 -2.166542457996696158e-03
9.958333333333332149e+00 9.867796442020517755e-01 1.618653671324553735e-03
9.979166666666666075e+00 9.953553988850326606e-01 -2.534125730755941355e-03
1.000000000000000000e+01 1.004672303310893744e+00 5.546320231848608220e-04
1.002083333333333215e+01 1.012832384494122717e+00 -2.500033825478206761e-04
1.004166666666666607e+01 1.021451655365675837e+00 2.659798597508518034e-03
1.006250000000000000e+01 1.024061584483947351e+00 -8.684067379028654991e-04
1.008333333333333215e+01 1.028891297337192867e+00 -8.020742944932106929e-04
1.010416666666666607e+01 1.022651294749904904e+00 -1.098339877943585495e-03
1.012500000000000000e+01 1.013739429635928335e+00 1.670935590406783487e-03
1.014583333333333215e+01 9.940194598347621424e-01 -1.544624677230694134e-03
1.016666666666666607e+01 9.866536618598861219e-01 -8.720680787545528596e-05
1.018750000000000000e+01 9.755351039433151072e-01 -5.660322493746871913e-04
1.020833333333333215e+01 9.732851771388103534e-01 -5.910870311816567718e-04
1.022916666666666607e+01 9.694223901090488482e-01 2.153826527211930052e-04
1.025000000000000000e+01 9.769382721051523832e-01 7.110153866935823826e-04
1.027083333333333215e+01 9.908170719374371771e-01 9.331631644498324238e-04
1.029166666666666607e+01 1.013153017820785040e+00 -2.981092454833904337e-03
1.031250000000000000e+01 1.026602400925291869e+00 -1.037081883808806332e-03
1.033333333333333215e+01 1.023547189497062471e+00 -2.146759712056180332e-03
1.035416666666666607e+01 1.016431416183544378e+00 -1.228889253819718435e-03
1.037500000000000000e+01 1.001365513587029410e+00 1.731399421889178109e-03
1.039583333333333215e+01 9.907957526480244415e-01 -1.911099724203191427e-03
1.041666666666666607e+01 9.918125811142818327e-01 -1.454431487696807154e-03
1.043750000000000000e+01 1.003593501610541727e+00 -1.652769028451862073e-04
1.045833333333333215e+01 1.003372977776682884e+00 1.790468652826766524e-04
1.047916666666666607e+01 1.004674914341568970e+00 -1.825628624314368361e-03
1.050000000000000000e+01 1.002201324818593475e+00 -5.867479728709825435e-04
1.052083333333333215e+01 9.937163816904195368e-01 -1.800775135190321784e-04
1.054166666666666607e+01 9.936676423240758949e-01 2.412911091795739201e-03
1.056250000000000000e+01 9.952842027513687517e-01 2.488022058874308096e-04
1.058333333333333215e+01 9.969792588401102940e-01 8.019050680170057652e-04
1.060416666666666607e+01 1.000615690777673539e+00 1.417960937440551844e-03
1.062500000000000000e+01 1.012682364474316365e+00 7.879817659007360515e-04
1.064583333333333215e+01 1.019278317680047508e+00 5.009679687041366028e-04
1.066666666666666607e+01 1.020072445314666787e+00 -1.617276996040362125e-03
1.068750000000000000e+01 9.993698833047589547e-01 -2.319172430594352262e-03
1.070833333333333215e+01 9.865911252952059840e-01 -8.017414133185952986e-04
1.072916666666666607e+01 9.747390185227066128e-01 3.737437268418250112e-04
1.075000000000000000e+01 9.793258977262624398e-01 1.171859851135176800e-03
1.077083333333333215e+01 9.948380203419270318e-01 1.988507051541702798e-03
1.079166666666666607e+01 1.006356946348341053e+00 2.791560495886456577e-04
1.081250000000000000e+01 1.004174754902634525e+00 3.236495067962966783e-04
1.083333333333333215e+01 1.006689191061134414e+00 -4.045911156156689918e-04
1.085416666666666607e+01 1.006036187852637154e+00 1.169371987361323773e-03
1.087500000000000000e+01 1.008545798292962425e+00 4.051866930549851797e-04
1.089583333333333215e+01 1.010745745043996724e+00 1.119958503262764252e-03
1.091666666666666607e+01 1.008412909138551861e+00 9.972845563368973147e-04
1.093750000000000000e+01 9.922403957764096560e-01 7.972416411785844753e-04
1.095833333333333215e+01 9.869388578863519390e-01 -1.497372023418468189e-03
1.097916666666666607e+01 9.830580326428298710e-01 -4.987329962604675638e-04
1.100000000000000000e+01 9.897113639191918999e-01 -2.018864806959210379e-03
1.102083333333333215e+01 1.003630296795743115e+00 5.383354757263100450e-04
1.104166666666666607e+01 1.015729356396360528e+00 -5.446668933285338330e-04
1.106250000000000000e+01 1.009012334601806282e+00 -7.208111456411467333e-04
1.108333333333333215e+01 9.995027864409676832e-01 -8.230016609430540475e-04
1.110416666666666607e+01 9.948842209640212930e-01 -5.005467571940494737e-04
1.112500000000000000e+01 9.954823496651751258e-01 -1.812956117221488925e-03
1.114583333333333215e+01 1.000272441003591695e+00 -2.741785183821880624e-04
1.116666666666666607e+01 1.008816046181786996e+00 -2.594598589948370580e-03
1.118750000000000000e+01 1.003021514688578586e+00 -5.612775855629981549e-04
1.120833333333333215e+01 9.938503702541853224e-01 1.064765614334446447e-03
1.122916666666666607e+01 9.970993367290905685e-01 1.833382312751692103e-03
1.125000000000000000e+01 9.948879678788044023e-01 -1.569898168272406119e-03
1.127083333333333215e+01 1.002378115748205234e+00 1.042307410590207145e-03
1.129166666666666607e+01 1.014153841486898022e+00 1.703826562083096783e-04
1.131250000000000000e+01 1.010904174795110855e+00 -1.328082953056025335e-03
1.133333333333333215e+01 1.000638346778771837e+00 -1.664341579862342125e-03
1.135416666666666607e+01 9.927838593066905526e-01 5.207852448114556757e-04
1.137500000000000000e+01 9.857666048196300768e-01 -3.214676734667306019e-04
1.139583333333333215e+01 9.858096149738558855e-01 1.692344418847361882e-03
1.141666666666666607e+01 9.884983470387176396e-01 -5.965532817173603287e-05
1.143750000000000000e+01 1.003180173161557942e+00 2.244207343671766625e-03
1.145833333333333215e+01 1.013589915477330461e+00 -9.650696446066941254e-04
1.147916666666666607e+01 1.029434924560005626e+00 -6.795287620454747808e-05
1.150000000000000000e+01 1.014438524128399743e+00 -1.620010316977634531e-03
1.152083333333333215e+01 9.862293804279301801e-01 9.394828422701453951e-04
1.154166666666666607e+01 9.394968048210864398e-01 -9.552728952717556669e-04
1.156250000000000000e+01 8.867386333577015334e-01 9.211796456766734205e-04
1.158333333333333215e+01 8.340527260072141402e-01 2.199540104560862401e-03
1.160416666666666607e+01 7.926379376850433145e-01 4.437531612039702215e-04
1.162500000000000000e+01 7.695957718688463123e-01 -5.357524453949670182e-04
1.164583333333333215e+01 7.426852464094172435e-01 -2.471412616270261256e-04
1.166666666666666607e+01 7.115439326393275810e-01 -8.392702554481512719e-04
1.168750000000000000e+01 6.898482179368949918e-01 -4.669775907332648066e-04
1.170833333333333215e+01 6.796292514708280885e-01 5.889265468768464394e-05
1.172916666666666607e+01 6.835895172474079073e-01 -1.059099030088736005e-04
1.175000000000000000e+01 7.019576956252441269e-01 5.625480101255601753e-04
1.177083333333333215e+01 7.165210642185044776e-01 2.218835382915756126e-03
1.179166666666666607e+01 7.355500718346794642e-01 2.010191286088221403e-04
1.181250000000000000e+01 7.650469425695409775e-01 -1.700815852088505492e-03
1.183333333333333215e+01 8.019564641120958681e-01 7.773158576842794949e-05
1.185416666666666607e+01 8.312716003781547291e-01 2.785852803255420523e-04
1.187500000000000000e+01 8.754185264873194372e-01 1.280241733942293113e-03
1.189583333333333215e+01 9.078512017783376686e-01 -1.967269964180939630e-04
1.191666666666666607e+01 9.498670348029235599e-01 -1.905538127658654775e-04
1.193750000000000000e+01 9.887751287751492812e-01 9.209661309922351300e-04
1.195833333333333215e+01 1.016624414647646413e+00 -7.348895247849011533e-04
1.197916666666666607e+01 1.019663518676637626e+00 3.305002355471614844e-03
1.200000000000000000e+01 1.003500452605809334e+00 7.684272655448802676e-04
1.202083333333333215e+01 9.786826480007642104e-01 -1.217486254731028851e-03
1.204166666666666607e+01 9.656841328225727050e-01 7.918585484198112931e-04
1.206250000000000000e+01 9.687839052126064887e-01 2.111474430127757967e-03
1.208333333333333215e+01 9.926182879969474016e-01 -1.659898783863023898e-03
1.210416666666666607e+01 1.016415432948446718e+00 6.444691054657554312e-04
1.212500000000000000e+01 1.031107877763659531e+00 -1.282526119810579405e-03
1.214583333333333215e+01 1.025629991769405169e+00 -6.498348171165925545e-04
1.216666666666666607e+01 1.017898445967397203e+00 -2.267382404290254130e-04
1.218750000000000000e+01 1.001087855780437907e+00 -4.418296384291657290e-06
1.220833333333333215e+01 9.922140265371438561e-01 2.263572126938206627e-03
1.222916666666666607e+01 9.978724264442767611e-01 -4.002234319454200310e-04
1.225000000000000000e+01 1.000236500086335356e+00 -1.318351017079973228e-03
1.227083333333333215e+01 9.919986670918696792e-01 1.791796430259378920e-03
1.229166666666666607e+01 9.857039487397968314e-01 1.455532167327883153e-03
1.231250000000000000e+01 9.804499613091948174e-01 -1.613796461786317759e-03
1.233333333333333215e+01 9.846724996726136103e-01 -1.354448722069329742e-03
1.235416666666666607e+01 9.905116399963393992e-01 6.379600305696160904e-04
1.237500000000000000e+01 1.000637969869395016e+00 -9.957993560235629642e-04
1.239583333333333215e+01 1.001337334194630779e+00 -4.086296001328090961e-04
1.241666666666666607e+01 1.007413467487108250e+00 2.595782652642234564e-05
1.243750000000000000e+01 1.018009353324032196e+00 4.339447341094324409e-05
1.245833333333333215e+01 1.032752242698316003e+00 1.421443340739184146e-03
1.247916666666666607e+01 1.027237462883731300e+00 -3.869535690051751644e-04
1.452083333333333215e+01 9.883972799334600490e-01 -1.015266502409036160e-03
1.454166666666666607e+01 9.922752952335957000e-01 -6.903551383729134147e-04
1.456250000000000000e+01 9.856472465400369920e-01 5.630259745894743194e-04
1.458333333333333215e+01 9.770080201383051222e-01 -1.461402558957385469e-03
1.460416666666666607e+01 9.775717905762292270e-01 1.004752227265226202e-03
1.462500000000000000e+01 1.003950038392732669e+00 -3.104260559607888311e-04
1.464583333333333215e+01 1.023656522581959827e+00 -1.510011518389469331e-04
1.466666666666666607e+01 1.029411078787282996e+00 2.188484152666631270e-04
1.468750000000000000e+01 1.024585922306278318e+00 2.528619354953852948e-03
1.470833333333333215e+01 1.008292037120466444e+00 -1.256299154816992777e-03
1.472916666666666607e+01 1.002171703415241977e+00 -5.610208672176994179e-04
1.475000000000000000e+01 1.013239733503454865e+00 2.428881242650063159e-03
1.477083333333333215e+01 1.034805519174647914e+00 8.888327116341410367e-04
1.479166666666666607e+01 1.034413336072265599e+00 1.650287253418618620e-03
1.481250000000000000e+01 1.004104984997024275e+00 -6.669838374681586303e-04
1.483333333333333215e+01 9.773138152895090025e-01 -2.213041540100826269e-03
1.485416666666666607e+01 9.655206510568121736e-01 1.115752230850387112e-04
1.487500000000000000e+01 9.648574900357343997e-01 1.739099780120114964e-04
1.489583333333333215e+01 9.869881256901650302e-01 5.883642145104027877e-04
1.491666666666666607e+01 1.004403891329307186e+00 3.567031049561777446e-04
1.493750000000000000e+01 9.873249238333478006e-01 7.175600873676304991e-04
1.495833333333333215e+01 9.834420603725171350e-01 -4.136023420627757299e-04
1.497916666666666607e+01 9.758603639240207572e-01 3.067633162970519081e-04
1.500000000000000000e+01 9.909510651758999256e-01 -1.394445033178690931e-03
1.502083333333333215e+01 1.023098890217710055e+00 6.657713953395398652e-04
1.504166666666666607e+01 1.048574749804349171e+00 -1.111823547505217660e-03
1.506250000000000000e+01 1.053438706011805115e+00 -4.688800416591477806e-04
1.508333333333333215e+01 1.035149609750744881e+00 1.777949161163886404e-04
1.510416666666666607e+01 1.004710106073793074e+00 -2.736192831807598850e-04
1.512500000000000000e+01 9.807661837137441330e-01 -4.486788358218876021e-04
1.514583333333333215e+01 9.701069079289398323e-01 -6.720960254936216016e-04
1.516666666666666607e+01 9.689287545558186165e-01 4.296293940114398512e-04
1.518750000000000000e+01 9.779536043795927780e-01 -1.601005411344793043e-03
1.520833333333333215e+01 9.924586145868263820e-01 2.065162667362219358e-04
1.522916666666666607e+01 1.004764388808473408e+00 2.698780946740433895e-03
1.525000000000000000e+01 1.002788290442522490e+00 1.465202377471162267e-03
1.527083333333333215e+01 9.994296981583422612e-01 1.264581864610393996e-03
1.529166666666666607e+01 1.002002138896604944e+00 1.676988892772702470e-03
1.531250000000000000e+01 9.998020006897191392e-01 -5.284684181178354217e-04
1.533333333333333215e+01 1.010379446669205539e+00 3.143938837536185680e-04
1.535416666666666607e+01 1.015022766628941309e+00 -3.743437388803436995e-04
1.537500000000000000e+01 1.000105107351974665e+00 -2.109731069183580845e-03
1.539583333333333215e+01 9.778608100937054015e-01 5.843194367700702257e-04
1.541666666666666607e+01 9.524990452292225740e-01 2.843553913634656611e-03
1.543750000000000000e+01 9.393676825247778694e-01 2.222510109993963180e-03
1.545833333333333215e+01 9.498560271866733906e-01 -7.793642670719079383e-04
1.547916666666666607e+01 9.472418603440398988e-01 9.166868889682127882e-05
1.550000000000000000e+01 9.412742685951654975e-01 -6.588820241259713602e-04
1.552083333333333215e+01 9.067590930879498856e-01 6.826496115396568480e-05
1.554166666666666607e+01 8.649941013621693653e-01 3.569168837088684885e-04
1.556250000000000000e+01 8.354365402953864983e-01 1.382890297011150384e-03
1.558333333333333215e+01 8.318533976697024546e-01 1.332800607549938614e-03
1.560416666666666607e+01 8.326648455309364483e-01 2.145349016618333833e-03
1.562500000000000000e+01 8.286494331585690931e-01 -1.108645992888435431e-03
1.564583333333333215e+01 8.211513736431163002e-01 -2.463127677437319200e-04
1.566666666666666607e+01 8.097467835196443531e-01 1.360457924584355992e-04
1.568750000000000000e+01 8.279634541398797065e-01 -1.334788947048229498e-03
1.570833333333333215e+01 8.620712881168464126e-01 -1.998236708127116863e-03
1.572916666666666607e+01 8.895674311386749800e-01 6.913111740522682666e-04
1.575000000000000000e+01 9.009980803150182682e-01 3.157241307132233751e-06
1.577083333333333215e+01 9.025797252917442393e-01 -9.442460626368993958e-04
1.579166666666666607e+01 8.971592161372967666e-01 -1.671674877247050772e-03
1.581250000000000000e+01 9.177889223323899559e-01 -3.804372225560041874e-04
1.583333333333333215e+01 9.473953135551503868e-01 2.360855687655428505e-03
1.585416666666666607e+01 9.808202797713652110e-01 -6.044334116493308654e-04
1.587500000000000000e+01 9.963101064327509748e-01 -1.594114315888542095e-03
1.589583333333333215e+01 9.975606516321616768e-01 -7.370198072128317322e-04
1.591666666666666607e+01 9.871522308317526306e-01 2.215495132184841791e-04
1.593750000000000000e+01 9.875623364467067677e-01 1.059260516985153925e-03
1.595833333333333215e+01 9.969706478902793378e-01 1.216580328814151997e-03
1.597916666666666607e+01 9.936060482443495046e-01 2.408959166286026195e-03
1.600000000000000000e+01 1.001111547441905447e+00 -1.281487140266506734e-03
1.602083333333333215e+01 1.000536371845038186e+00 -1.632657342624022935e-03
1.604166666666666430e+01 1.008689317564074095e+00 1.615323127122169885e-03
1.606250000000000000e+01 1.007352526088736377e+00 -1.006021259325507204e-03
1.608333333333333215e+01 1.005988435327328956e+00 -1.090320588999589644e-03
1.610416666666666430e+01 1.002510725966577310e+00 6.791640371439773517e-04
1.612500000000000000e+01 9.946325679980042578e-01 -3.265466520099960567e-04
1.614583333333333215e+01 9.976843027689173971e-01 1.070694167697380361e-03
1.616666666666666430e+01 1.006570753529654860e+00 3.012426834084931128e-04
1.618750000000000000e+01 1.016358344341351305e+00 9.843321739400625291e-04
1.620833333333333215e+01 9.992075977885735982e-01 1.875558489879546747e-04
1.622916666666666430e+01 9.887103075919408957e-01 -8.905692034348135005e-04
1.625000000000000000e+01 9.820823504419089467e-01 -6.415992898664102471e-04
1.627083333333333215e+01 9.849026279667170147e-01 3.159062793223741707e-04
1.629166666666666430e+01 9.999634866361366559e-01 -1.398774593361294324e-03
1.631250000000000000e+01 1.009719308877000898e+00 3.171329965228465806e-04
1.633333333333333215e+01 1.005431656827328935e+00 4.005114940107310189e-04
1.635416666666666430e+01 9.959884452049475589e-01 1.753057509363198298e-04
1.637500000000000000e+01 9.944041959003196984e-01 1.010108370958501776e-03
1.639583333333333215e+01 9.955981388820331901e-01 -1.292558866534826391e-03
1.641666666666666430e+01 1.008939061396372905e+00 1.438426174053084906e-03
1.643750000000000000e+01 1.013953655231378592e+00 3.355690181476694931e-03
1.645833333333333215e+01 1.015993052873350955e+00 -2.626069382706761053e-07
1.647916666666666430e+01 1.006588644311636305e+00 -7.772610179598597388e-04
1.650000000000000000e+01 1.002807291386965227e+00 2.684260078088518601e-05
1.652083333333333215e+01 1.003842212703288439e+00 2.545144056884833268e-03
1.654166666666666430e+01 1.001867292422277789e+00 -6.553247338459038465e-04
1.656250000000000000e+01 9.998528345423619568e-01 -2.423524395979967383e-03
1.658333333333333215e+01 9.890272821104153511e-01 -9.479481651479107528e-04
1.660416666666666430e+01 9.813028331374068491e-01 -1.156917361271576601e-03
1.662500000000000000e+01 9.789942400093790686e-01 6.159053162527709660e-04
1.664583333333333215e+01 9.810031671437849932e-01 8.637273442707592318e-05
1.666666666666666430e+01 1.000744991145215756e+00 2.013127218466016842e-04
1.668750000000000000e+01 1.020250756389705638e+00 -1.588551966272410071e-03
1.670833333333333215e+01 1.029391092198612023e+00 4.873470609838567122e-05
1.672916666666666430e+01 1.018700518062558347e+00 1.455586251769115734e-04
1.675000000000000000e+01 1.008419053341072624e+00 -1.587494060446928770e-03
1.677083333333333215e+01 1.001779854194861930e+00 -5.028734080049590636e-04
1.679166666666666430e+01 9.904437254890871012e-01 -3.692557100364100126e-04
1.681250000000000000e+01 9.895857851210966283e-01 2.289667431786289020e-03
1.683333333333333215e+01 9.990404779262622714e-01 2.252161405043489256e-05
1.685416666666666430e+01 1.004370708364829223e+00 -1.265917380454681081e-03
1.687500000000000000e+01 1.011068428456984192e+00 1.923889934318818030e-04
1.689583333333333215e+01 1.010079835090071265e+00 9.802571608082810825e-05
1.691666666666666430e+01 1.000577086615135336e+00 -1.291833509314154263e-03
1.693750000000000000e+01 9.927045724576689656e-01 -8.959136877861719004e-04
1.695833333333333215e+01 9.951197413129084790e-01 -1.595442070132316054e-03
1.697916666666666430e+01 9.974690128868062278e-01 2.007002719669548970e-04
1.700000000000000000e+01 1.003967795710383859e+00 -1.062989202615712264e-03
1.702083333333333215e+01 9.982620192041697926e-01 -2.768013163126360667e-03
1.704166666666666430e+01 9.883163329541853059e-01 -1.016304253281388693e-03
1.706250000000000000e+01 9.819406316945804569e-01 1.077097341205313519e-03
1.708333333333333215e+01 9.811358638847312852e-01 1.422880167522380798e-03
1.710416666666666430e+01 9.952229860036515552e-01 8.770707595343782935e-04
1.712500000000000000e+01 1.018962206381310409e+00 2.163977032103698260e-03
1.714583333333333215e+01 1.023561503846224019e+00 3.758651971092329277e-04
1.716666666666666430e+01 1.017994247634746996e+00 2.626779321741811129e-04
1.718750000000000000e+01 1.013057147097440103e+00 -2.045287637949786547e-03
1.720833333333333215e+01 1.005660210945930721e+00 8.762929505373384881e-04
1.722916666666666430e+01 1.006510213028292577e+00 1.254877824827581615e-03
1.725000000000000000e+01 1.010070609440311351e+00 -6.145769348957122024e-04
1.727083333333333215e+01 1.006487229906316783e+00 -2.007730831890041766e-03
1.729166666666666430e+01 9.930854560673619824e-01 -1.638729163438182052e-03
1.731250000000000000e+01 9.815971574138555589e-01 1.787665080924283898e-03
1.733333333333333215e+01 9.757361189992512784e-01 1.047057017873271982e-03
1.735416666666666430e+01 9.788498569645249781e-01 -2.040906463575728577e-04
1.737500000000000000e+01 9.904708698951515400e-01 -1.778869502366476956e-03
1.739583333333333215e+01 1.012508894631908296e+00 -2.425951522334478163e-03
1.741666666666666430e+01 1.021287438512255008e+00 -3.152799845551137212e-04
1.743750000000000000e+01 1.029188961461574348e+00 -1.424847434368152043e-03
1.745833333333333215e+01 1.014588867434992991e+00 -6.609499077187314282e-04
1.747916666666666430e+01 1.002817493569485352e+00 8.117484585170432840e-04
1.750000000000000000e+01 9.882357132947378053e-01 5.169859926170682502e-05
1.752083333333333215e+01 9.970870361442920604e-01 1.098498198898589058e-03
1.754166666666666430e+01 1.005463401548911229e+00 -1.307182062550179061e-03
1.756250000000000000e+01 1.015572726041380713e+00 8.070176264360009880e-04
1.758333333333333215e+01 1.018937298173817840e+00 -8.195425130968894201e-05
1.760416666666666430e+01 1.003615731048097981e+00 4.644178022935480663e-04
1.762500000000000000e+01 9.799413407408950061e-01 8.858245367483121458e-04
1.764583333333333215e+01 9.760754669704281294e-01 1.486883374130357595e-03
1.766666666666666430e+01 9.876934236528056577e-01 -8.172905451171104440e-04
1.768750000000000000e+01 9.968852151816320895e-01 -1.615989555933259789e-04
1.770833333333333215e+01 1.006199361499881428e+00 4.409041140707902948e-04
1.772916666666666430e+01 1.009179396072406698e+00 -7.968763722335825720e-04
1.775000000000000000e+01 1.015037748965005981e+00 6.489594523166993456e-04
1.777083333333333215e+01 1.021044062482575399e+00 8.439750622689261902e-04
1.779166666666666430e+01 1.028569558401204898e+00 -1.643688781239696986e-03
1.781250000000000000e+01 1.023930855817781094e+00 5.020028739579513464e-04
1.783333333333333215e+01 9.995877883193191593e-01 -6.630950918538869570e-04
1.785416666666666430e+01 9.843852201909306654e-01 -4.352918487907278788e-05
1.787500000000000000e+01 9.787836465287199639e-01 -2.061443145529614064e-04
1.789583333333333215e+01 9.831539961159642127e-01 2.484842901336895222e-04
1.791666666666666430e+01 9.907177165389334794e-01 -4.016336504358848647e-03
1.793750000000000000e+01 1.000123714310060086e+00 -1.027823493126259202e-03
1.795833333333333215e+01 1.001709698043181884e+00 5.362002736180026272e-04
1.797916666666666430e+01 9.920444852896951327e-01 -1.331086772596692122e-03
1.800000000000000000e+01 9.882245654407575408e-01 -3.394468688624269464e-03
1.802083333333333215e+01 9.959934713127006622e-01 7.728069372723735510e-04
1.804166666666666430e+01 1.008378514122522995e+00 9.518760864049079055e-04
1.806250000000000000e+01 1.020935608655299198e+00 -1.949613945570002720e-03
1.808333333333333215e+01 1.027856472960182899e+00 -8.786060934720649239e-04
1.810416666666666430e+01 1.025812320224070318e+00 3.832202865869574228e-06
1.812500000000000000e+01 1.015856946801785288e+00 -9.996980591037347465e-04
1.814583333333333215e+01 1.005831582306304428e+00 2.209854019006303829e-04
1.816666666666666430e+01 9.965791427922527923e-01 -7.120947874450863800e-04
1.818750000000000000e+01 9.845791238261888401e-01 4.831120883147387197e-04
1.820833333333333215e+01 9.815409393602680943e-01 1.632322301570698171e-03
1.822916666666666430e+01 9.892671839774861420e-01 6.872169723457188491e-04
1.825000000000000000e+01 9.961524691090474226e-01 3.422820766756106445e-04
1.827083333333333215e+01 9.891136766632989685e-01 2.973719432535839604e-04
1.829166666666666430e+01 9.864353134356150798e-01 8.831612821443271446e-04
1.831250000000000000e+01 9.838492564613939839e-01 -1.307678666837611223e-03
1.833333333333333215e+01 9.963278764369873919e-01 1.441885610568483531e-03
1.835416666666666430e+01 1.011135290367323192e+00 1.330571168186649676e-04
1.837500000000000000e+01 1.022420505236328436e+00 -1.580754054538037251e-03
1.839583333333333215e+01 1.027712459819641877e+00 1.209946544421144389e-03
1.841666666666666430e+01 1.026169433993733504e+00 1.266017603495568980e-03
1.843750000000000000e+01 1.011836709912981913e+00 9.653528941749301269e-06
1.845833333333333215e+01 1.005989116231970071e+00 5.889308827067697531e-04
1.847916666666666430e+01 1.001140538311323880e+00 2.331584534197444786e-03
1.850000000000000000e+01 9.971730536679598300e-01 -2.081979775961276431e-03
1.852083333333333215e+01 9.872797366677046327e-01 7.876085848814866385e-04
1.854166666666666430e+01 9.672316704398628007e-01 6.618453284464755190e-04
1.856250000000000000e+01 9.683905000162160714e-01 -1.736869234291363697e-03
1.858333333333333215e+01 9.868454696085573463e-01 -2.462438859336133455e-03
1.860416666666666430e+01 1.006596064229837273e+00 2.927214649342489423e-04
1.862500000000000000e+01 1.037064580320619989e+00 1.306955714828255614e-04
1.864583333333333215e+01 1.032849403230981844e+00 -1.843405794155844601e-03
1.866666666666666430e+01 1.015508395010781495e+00 -9.682466101056283166e-04
1.868750000000000000e+01 9.900596749478866032e-01 6.848058850657014196e-04
1.870833333333333215e+01 9.846681376937508334e-01 2.208460479445720735e-03
1.872916666666666430e+01 9.925198917173803093e-01 4.116513661956639814e-04
1.875000000000000000e+01 1.008862591554809729e+00 -5.407423249965629536e-04
1.877083333333333215e+01 1.009564257042936619e+00 -1.610789348141205808e-03
1.879166666666666430e+01 9.932024841113584746e-01 7.365718826281047104e-04
1.881250000000000000e+01 9.777915864042830973e-01 -1.153848327779950740e-04
1.883333333333333215e+01 9.819543545988042021e-01 3.324750578795659310e-04
1.885416666666666430e+01 1.007157040885164001e+00 1.275943112223440262e-03
1.887500000000000000e+01 1.029649388906182850e+00 2.600807497333887516e-04
1.889583333333333215e+01 1.039585998844610559e+00 8.443960368563298616e-05
1.891666666666666430e+01 1.021763613193626297e+00 -1.420689426421349556e-03
1.893750000000000000e+01 9.975425500817434177e-01 -3.652838288185971879e-04
1.895833333333333215e+01 9.731205956489928921e-01 -1.855291282382863147e-04
1.897916666666666430e+01 9.635921382745605834e-01 -5.285187299551142139e-04
1.900000000000000000e+01 9.675733545747866593e-01 2.659419783365239535e-03
1.902083333333333215e+01 9.805556537127346761e-01 6.447905893953093711e-04
1.904166666666666430e+01 9.992571799575914460e-01 9.480235140930065411e-04
1.906250000000000000e+01 1.006211208875722019e+00 4.930226061122574676e-04
1.908333333333333215e+01 1.017912693218263831e+00 6.831720536467523076e-04
1.910416666666666430e+01 1.016611083232250579e+00 4.127669530345571538e-04
1.912500000000000000e+01 1.009325644048351567e+00 2.016929280826579643e-03
1.914583333333333215e+01 1.007117291541943960e+00 -8.386134405341606800e-04
1.916666666666666430e+01 1.004673323255461215e+00 1.386783836679030034e-03
1.918750000000000000e+01 1.011611249090469178e+00 5.965078799492755813e-04
1.920833333333333215e+01 1.015968423425655631e+00 -4.211961354671693125e-04
1.922916666666666430e+01 9.974037494349816679e-01 -6.286559982850125608e-05
1.925000000000000000e+01 9.861170311583805637e-01 -1.064050997169553722e-03
1.927083333333333215e+01 9.812140460100297057e-01 2.335106226657621045e-03
1.929166666666666430e+01 9.834492826685329314e-01 -5.814717863996272376e-04
1.931250000000000000e+01 9.895714678019046362e-01 1.732335964504191353e-03
1.933333333333333215e+01 9.992953577667330611e-01 6.794337661823471796e-04
1.935416666666666430e+01 1.004607315707286563e+00 1.203148101041915091e-03
1.937500000000000000e+01 1.008530586316564337e+00 4.557308042140409583e-04
1.939583333333333215e+01 1.014015353131754171e+00 -5.787955984228792470e-05
1.941666666666666430e+01 1.015652387002561774e+00 3.612343623059971519e-04
1.943750000000000000e+01 1.017598936841737967e+00 2.815380524557327836e-03
1.945833333333333215e+01 1.008147857995263186e+00 -1.270860474456657081e-03
1.947916666666666430e+01 9.908337650998069179e-01 -1.231779514277140525e-03
1.950000000000000000e+01 9.775743426562277794e-01 8.805605906935311559e-04
1.952083333333333215e+01 9.803600047218860025e-01 -4.048220484102018398e-04
1.954166666666666430e+01 9.955676811991055475e-01 -3.480595824216909631e-04
1.956250000000000000e+01 1.015861880636686587e+00 -1.914834950004611216e-05
1.958333333333333215e+01 1.025198883040675968e+00 -1.294706399693012480e-03
1.960416666666666430e+01 1.020519525936184113e+00 7.006996215264500380e-04
1.962500000000000000e+01 9.911399225634759391e-01 -2.084870928407399359e-04
1.964583333333333215e+01 9.698366765196748673e-01 -1.704138272193454848e-03
1.966666666666666430e+01 9.645694546548205794e-01 -9.100296649162724566e-04
1.968750000000000000e+01 9.828086179215946849e-01 -2.605821115064246786e-04
1.970833333333333215e+01 1.006066601255636739e+00 -7.455555330893247042e-04
1.972916666666666430e+01 1.024553570240108735e+00 9.743488929286039848e-04
1.975000000000000000e+01 1.028458061976292193e+00 -4.594566936966907613e-04
1.977083333333333215e+01 1.017778082512396320e+00 6.028031634658757723e-04
1.979166666666666430e+01 1.014891207612547808e+00 1.538987292823035149e-04
1.981250000000000000e+01 1.015092304524670253e+00 1.145675121051279105e-03
1.983333333333333215e+01 1.008056181294815890e+00 -1.642964928950589154e-04
1.985416666666666430e+01 1.004704699966020964e+00 -2.775608379005639528e-03
1.987500000000000000e+01 9.819099720681312427e-01 2.475230594298199333e-03
1.989583333333333215e+01 9.686460377588810289e-01 -1.816413596993556815e-03
1.991666666666666430e+01 9.739833439404520510e-01 1.826695119089741628e-04
1.993750000000000000e+01 9.868391836919029325e-01 -1.284373520319489863e-03
1.995833333333333215e+01 9.988181524676650325e-01 -3.176577756311283330e-05
1.997916666666666430e+01 1.008663157797414778e+00 -9.929614051548130962e-05
2.000000000000000000e+01 1.007737110914229017e+00 7.321935391466186408e-04
2.002083333333333215e+01 1.003941920273436539e+00 -3.227805447503801200e-03
2.004166666666666430e+01 1.009947512048003482e+00 3.873136370307844289e-04
2.006250000000000000e+01 1.015509708346020501e+00 1.414994112445980626e-03
2.008333333333333215e+01 1.018617816381781838e+00 2.251655202254435710e-05
2.010416666666666430e+01 1.016184436152434367e+00 2.901976265715161475e-04
2.012500000000000000e+01 1.011501611977587700e+00 -1.094670433984603957e-03
2.014583333333333215e+01 1.003544759439853662e+00 -1.811864385548919449e-03
2.016666666666666430e+01 9.890718229394602767e-01 -1.550395528429963400e-03
2.018750000000000000e+01 9.841071660633277096e-01 -3.838386332029213098e-04
2.020833333333333215e+01 9.747880327152139701e-01 -1.089459831491464392e-04
2.022916666666666430e+01 9.810060175272069527e-01 8.039993459142592705e-04
2.025000000000000000e+01 9.879796437616203963e-01 2.997602430428525973e-04
2.027083333333333215e+01 9.956913036007686291e-01 -6.730817441300670969e-04
2.029166666666666430e+01 1.006868884426993516e+00 -3.811085746780048470e-04
2.031250000000000000e+01 1.003192496664490729e+00 1.952304974781824244e-03
2.033333333333333215e+01 1.004339271614513196e+00 7.165813598714325557e-04
2.035416666666666430e+01 9.996177477964577340e-01 -1.375391179352748532e-04
2.037500000000000000e+01 1.009624968181881632e+00 -3.136032427864561133e-04
2.039583333333333215e+01 1.014570552557061189e+00 -2.382536721687593026e-04
2.041666666666666430e+01 1.015469610221154895e+00 -5.746769544395255534e-04
2.043750000000000000e+01 1.007190627005984940e+00 4.221741964953802835e-04
2.045833333333333215e+01 1.004112356348170199e+00 -1.565518902160478168e-03
2.047916666666666430e+01 9.978991780046720939e-01 2.554197796298748749e-04
2.050000000000000000e+01 1.001119393292881243e+00 -5.108128660643724813e-04
2.052083333333333215e+01 9.978505954920807719e-01 2.256556620265300929e-04
2.054166666666666430e+01 1.001907772178115996e+00 -1.423911091854567065e-03
2.056250000000000000e+01 9.998903397591009101e-01 5.576352523533126271e-04
2.058333333333333215e+01 9.897268072317719767e-01 -5.500864154782449935e-04
2.060416666666666430e+01 9.863911776222228367e-01 2.077025508098476951e-04
2.062500000000000000e+01 9.885541073919439370e-01 8.944755549145904511e-04
2.064583333333333215e+01 9.963226538039360314e-01 6.319805379449268618e-04
2.066666666666666430e+01 9.991213934174697497e-01 5.406490591052096929e-04
2.068750000000000000e+01 1.000689785010310251e+00 -1.361640579078354340e-04
2.070833333333333215e+01 1.000356319713185727e+00 1.317592550842096354e-03
2.072916666666666430e+01 1.003933384663114436e+00 -1.285183506909121738e-03
2.075000000000000000e+01 1.005947188360401645e+00 8.674804892003760721e-04
2.077083333333333215e+01 1.020100634510729964e+00 4.763111970693661296e-04
2.079166666666666430e+01 1.028069832166386810e+00 1.649970995974773527e-03
2.081250000000000000e+01 1.015221815040960207e+00 4.691656901448080673e-04
2.083333333333333215e+01 1.000994913876966264e+00 -1.512067416920601960e-03
2.085416666666666430e+01 9.905187271536496363e-01 8.351002271251605543e-04
2.087500000000000000e+01 9.878235646721513774e-01 4.572234165882690178e-04
2.089583333333333215e+01 9.942287196887842349e-01 -5.383793236570847112e-04
2.091666666666666430e+01 9.994249781084643125e-01 1.073077218964149545e-04
2.093750000000000000e+01 1.000685295583111367e+00 -1.202024619809510461e-03
2.095833333333333215e+01 9.956494243749133277e-01 -1.839021121196332141e-04
2.097916666666666430e+01 9.966886431108656907e-01 -8.589543162734329966e-04
2.100000000000000000e+01 1.004509039254454894e+00 8.423107637231645479e-04
2.102083333333333215e+01 1.006991908133433533e+00 -7.423721814685813047e-04
2.104166666666666430e+01 1.015048919178634490e+00 7.485204458481338257e-04
2.106250000000000000e+01 1.006240063000390705e+00 3.542019744563966834e-05
2.108333333333333215e+01 9.957511314441618300e-01 -4.219678058227949191e-04
2.110416666666666430e+01 9.938326019817210755e-01 -1.340639949966265343e-05
2.112500000000000000e+01 9.992133385189821970e-01 2.102421649963199732e-03
2.114583333333333215e+01 1.006390158714942640e+00 -1.036242018569051397e-03
2.116666666666666430e+01 1.002341989547029577e+00 2.304054099700883658e-03
2.118750000000000000e+01 1.003221316360184856e+00 -4.269308688822211163e-04
2.120833333333333215e+01 9.954624088592474163e-01 -2.964987428776856993e-03
2.122916666666666430e+01 9.993165128873016112e-01 2.132858783919349961e-04
2.125000000000000000e+01 1.008964844026632557e+00 3.685353990477129585e-05
2.127083333333333215e+01 1.015371702858763436e+00 -1.088175551313221457e-03
2.129166666666666430e+01 1.012561858193732789e+00 -3.737096584669695985e-04
2.131250000000000000e+01 1.001231911162452137e+00 -6.507158500105912711e-04
2.133333333333333215e+01 9.946025865974826852e-01 -1.606336512477825676e-03
2.135416666666666430e+01 9.825676938953294970e-01 -1.571781274666678955e-04
2.137500000000000000e+01 9.820881467135942344e-01 1.484375316571252086e-03
2.139583333333333215e+01 9.935488246847838933e-01 8.619910683938620741e-04
2.141666666666666430e+01 1.001969800921471032e+00 3.192840062737045117e-04
2.143750000000000000e+01 1.011779268871148441e+00 -8.596779881145861276e-04
2.145833333333333215e+01 1.016628777689295049e+00 1.321675905959229748e-03
2.147916666666666430e+01 1.008445596657434384e+00 -2.390441068385899738e-04
2.150000000000000000e+01 9.957201294877982001e-01 2.856409309372026552e-03
2.152083333333333215e+01 1.002623874680256266e+00 3.265428739169239938e-04
2.154166666666666430e+01 1.008196038316598653e+00 4.043604091619509410e-04
2.156250000000000000e+01 1.014596582562800053e+00 2.131692009368912032e-03
2.158333333333333215e+01 1.010204626663621541e+00 -8.677224878319830586e-04
2.160416666666666430e+01 9.951198250090627084e-01 -5.221261055552655185e-04
2.162500000000000000e+01 9.847352263040032305e-01 -1.779543413551065538e-03
2.164583333333333215e+01 9.822544999063755888e-01 -8.565786254633389824e-04
2.166666666666666430e+01 9.917485281102226269e-01 4.595602320028586269e-04
2.168750000000000000e+01 1.008012328209328956e+00 -1.329105313810567722e-03
2.170833333333333215e+01 1.019534785887494355e+00 -9.243190401291848579e-04
2.172916666666666430e+01 1.014489555494085815e+00 1.747886448333368621e-03
2.175000000000000000e+01 1.003356734069693834e+00 -1.628979139014815735e-03
2.177083333333333215e+01 9.871575527904882241e-01 -8.410886071668081856e-04
2.179166666666666430e+01 9.778723111117070266e-01 3.871619637059867586e-05
2.181250000000000000e+01 9.850534919237691200e-01 -8.919477866910451285e-04
2.183333333333333215e+01 9.978970922627109497e-01 -6.547293768591054986e-04
2.185416666666666430e+01 1.013538278411910021e+00 -1.681670804531296961e-03
2.187500000000000000e+01 1.022845277442996581e+00 -2.262180187623535985e-03
2.189583333333333215e+01 1.012954755052859479e+00 1.582783507840156145e-03
2.191666666666666430e+01 1.005631518275911684e+00 -1.031637131993388837e-03
2.193750000000000000e+01 1.000595787941811254e+00 2.225288640620339941e-04
2.195833333333333215e+01 1.011117016624377252e+00 5.579046998231003114e-04
2.197916666666666430e+01 1.015986966189186713e+00 -1.351499445942650575e-03
2.200000000000000000e+01 1.018956384072232213e+00 2.980266325706991729e-04
2.202083333333333215e+01 1.011600393160681621e+00 -3.483526875889324205e-04
2.204166666666666430e+01 9.855941618785837299e-01 -1.237220369115134755e-03
2.206250000000000000e+01 9.576336424136844272e-01 2.975590197800074134e-04
2.208333333333333215e+01 9.602102592997258101e-01 -2.990760814575741354e-03
2.210416666666666430e+01 9.791404342644610681e-01 -1.644791819459793473e-03
2.212500000000000000e+01 1.008536753959530463e+00 -1.174868690026718409e-03
2.214583333333333215e+01 1.025282530423638816e+00 -1.765957244397261833e-03
2.216666666666666430e+01 1.031469791630618582e+00 -8.720633530486231752e-04
2.218750000000000000e+01 1.022802212641686692e+00 5.369469384563198755e-04
2.220833333333333215e+01 1.013148684097223695e+00 2.388025673468195057e-03
2.222916666666666430e+01 1.009183282281435723e+00 -3.785877826537903135e-05
2.225000000000000000e+01 1.008046104745984106e+00 -8.906433705993736620e-04
2.227083333333333215e+01 1.000121213308496460e+00 -7.553620322687699951e-04
2.229166666666666430e+01 9.875405169985707055e-01 1.648850604023354436e-03
2.231250000000000000e+01 9.805361783064446835e-01 -5.080745818815292488e-04
2.233333333333333215e+01 9.818676912968253845e-01 5.476759504517033066e-04
2.235416666666666430e+01 9.867349500601398926e-01 -1.082141772991339346e-03
2.237500000000000000e+01 9.984482506856466877e-01 1.852063200943427409e-03
2.239583333333333215e+01 1.000492680636375198e+00 7.768383976556622692e-04
2.241666666666666430e+01 9.983426059027408206e-01 7.020435734486420469e-04
2.243750000000000000e+01 1.009552349345620437e+00 1.425913440890110994e-04
2.245833333333333215e+01 1.017623204878125964e+00 5.356749498068195470e-04
2.247916666666666430e+01 1.026027856141116024e+00 7.455490155470464791e-04
2.250000000000000000e+01 1.028374510754620719e+00 2.742101101770100854e-03
2.252083333333333215e+01 1.016407454455114712e+00 3.570492131212809478e-04
2.254166666666666430e+01 1.000778553275692762e+00 -1.047888952715471476e-03
2.256250000000000000e+01 9.796529061384305903e-01 1.570961096369752298e-03
2.258333333333333215e+01 9.663806558960994497e-01 2.897172677111857302e-04
2.260416666666666430e+01 9.766895581973504825e-01 -4.714401052326767927e-04
2.262500000000000000e+01 9.953493384593523619e-01 -1.346562782165264835e-04
2.264583333333333215e+01 1.005439620438750570e+00 1.667013222006514042e-03
2.266666666666666430e+01 1.006004015701135623e+00 7.442119083453254097e-05
2.268750000000000000e+01 1.000751210776857025e+00 2.709156249790650186e-04
2.270833333333333215e+01 1.005212189401237355e+00 1.726509605149934056e-03
2.272916666666666430e+01 1.007498284397395860e+00 8.426162818383233204e-04
2.275000000000000000e+01 1.010564060486424331e+00 -1.785631028557813104e-04
2.277083333333333215e+01 1.017404266633283205e+00 3.941713327525072069e-04
2.279166666666666430e+01 1.011768829172278172e+00 2.155260434679883222e-03
2.281250000000000000e+01 1.004522523846324900e+00 -3.389155460124817186e-03
2.283333333333333215e+01 1.002956968550224204e+00 -3.109551429723905253e-05
2.285416666666666430e+01 9.931150548861228389e-01 -2.747762349572238833e-04
2.287500000000000000e+01 9.829527286481164472e-01 6.459501951528123743e-04
2.289583333333333215e+01 9.729147647516207531e-01 3.140661855590980329e-04
2.291666666666666430e+01 9.823611137492884726e-01 -1.653025702695449595e-03
2.293750000000000000e+01 1.003666974650097687e+00 9.702440868302379760e-04
2.295833333333333215e+01 1.023502514418586751e+00 3.723135522392558819e-04
2.297916666666666430e+01 1.029032497649058353e+00 -1.333743812575656149e-03
2.300000000000000000e+01 1.014464602715216435e+00 1.341227374325001020e-04
2.302083333333333215e+01 9.915738425388728183e-01 1.605287717440588682e-05
2.304166666666666430e+01 9.815408328149128891e-01 -1.188895153456458837e-03
2.306250000000000000e+01 9.938786581963706679e-01 3.376702393292211387e-03
2.308333333333333215e+01 1.005538864169781776e+00 2.123811760096164149e-03
2.310416666666666430e+01 1.018168442556381947e+00 -8.640214961589268508e-04
2.312500000000000000e+01 1.006671262349526419e+00 -1.402109650116628624e-03
2.314583333333333215e+01 9.950916366785849121e-01 6.228884836621843488e-04
2.316666666666666430e+01 9.900907998358693396e-01 -1.202789749054528805e-03
2.318750000000000000e+01 1.001625692495573539e+00 8.097440383645227585e-05
2.320833333333333215e+01 1.001840639658743370e+00 -1.567250272595147151e-04
2.322916666666666430e+01 1.003160749846285116e+00 1.002356066192158996e-03
2.325000000000000000e+01 9.871723574922139921e-01 -4.647302649767078974e-04
2.327083333333333215e+01 9.903855757662248793e-01 -7.509719428959067689e-04
2.329166666666666430e+01 9.972060489952478957e-01 -4.333207786553174208e-04
2.331250000000000000e+01 1.005829138759730679e+00 -6.738428700283144923e-04
2.333333333333333215e+01 1.010794004974217231e+00 3.227164236940747435e-04
2.335416666666666430e+01 1.003468816507915751e+00 -1.472049426044893822e-03
2.337500000000000000e+01 9.967575064178517685e-01 2.879997098931692725e-03
2.339583333333333215e+01 9.954860117148297549e-01 -2.897097969455546176e-03
2.341666666666666430e+01 1.004756002270092985e+00 1.492490078296247486e-03
2.343750000000000000e+01 1.013527101974045719e+00 -1.638957022128421622e-03
2.345833333333333215e+01 1.017456847469724757e+00 -3.543985244826156674e-04
2.347916666666666430e+01 1.012510425072786990e+00 -2.488669632161561265e-04
2.350000000000000000e+01 1.001660933927347008e+00 -1.478548455078856861e-03
2.352083333333333215e+01 9.924940494335388053e-01 5.668004972047086193e-04
2.354166666666666430e+01 9.912892946342899414e-01 1.055351310826657110e-03
2.356250000000000000e+01 9.877140918985904960e-01 2.370324458670519413e-04
2.358333333333333215e+01 9.842769304158014432e-01 2.279330284152839264e-03
2.360416666666666430e+01 9.887300185423667509e-01 -1.547709987262552286e-03
2.362500000000000000e+01 1.000077888361608602e+00 6.164253226492136424e-05
2.364583333333333215e+01 1.021178468913265247e+00 1.400970076851669856e-03
2.366666666666666430e+01 1.031036167771142376e+00 -1.274102791502817978e-03
2.368750000000000000e+01 1.026007002228454645e+00 1.316092442580800827e-03
2.370833333333333215e+01 1.013341539100691913e+00 3.160983542983327160e-03
2.372916666666666430e+01 9.840524332323170587e-01 -1.012313697667472333e-03
2.375000000000000000e+01 9.770364518062875092e-01 1.942827554797996008e-03
2.377083333333333215e+01 9.822645306704326229e-01 7.234173362731295296e-04
2.379166666666666430e+01 1.001966084343026475e+00 1.979830529709160781e-03
2.381250000000000000e+01 1.013483178606773949e+00 5.209443013821360088e-05
2.383333333333333215e+01 1.013213959927853791e+00 -1.895315433556813128e-03
2.385416666666666430e+01 1.001323695032970029e+00 2.369750781737141928e-03
2.387500000000000000e+01 1.002598401246542315e+00 3.129900888564940507e-03
2.389583333333333215e+01 1.000475190039766815e+00 6.831437770942106911e-04
2.391666666666666430e+01 1.006140818660671288e+00 3.911378143620766940e-04
2.393750000000000000e+01 1.005758546219352567e+00 1.841034373051626122e-03
2.395833333333333215e+01 9.918051272114639660e-01 1.187023048160790835e-03
2.397916666666666430e+01 9.866904597832413248e-01 1.717750138848383405e-03
2.400000000000000000e+01 9.887414155369130819e-01 -3.278871815507327400e-04
2.402083333333333215e+01 1.003974081978099342e+00 1.284893016160088301e-03
2.404166666666666430e+01 1.019280613799508295e+00 -2.467166434668141128e-03
2.406250000000000000e+01 1.017856719244270014e+00 -1.845781870538115070e-04
2.408333333333333215e+01 1.020039548811112917e+00 -3.984376847623717177e-04
2.410416666666666430e+01 1.001666274762441189e+00 1.685315051433884659e-04
2.412500000000000000e+01 9.970962009890921296e-01 4.276144031174294001e-04
2.414583333333333215e+01 9.881025084238732603e-01 2.219906747116039396e-03
2.416666666666666430e+01 9.890586326012860141e-01 -1.781229571038783700e-04
2.418750000000000000e+01 9.871554083898761434e-01 9.559347480412243130e-04
2.420833333333333215e+01 9.946731763689130590e-01 -2.307230309986155626e-03
2.422916666666666430e+01 1.000966443497293357e+00 3.440993565742604069e-04
2.425000000000000000e+01 9.983733920509624271e-01 -1.028296988392220224e-03
2.427083333333333215e+01 9.983920714016362163e-01 7.763534713625313080e-05
2.429166666666666430e+01 9.971385469444877803e-01 -6.014474650293922349e-04
2.431250000000000000e+01 9.977023204189250372e-01 -1.124382018829577163e-03
2.433333333333333215e+01 1.009011491054144560e+00 -2.286826085131295726e-03
2.435416666666666430e+01 1.021308891012512987e+00 -2.169076172727979306e-03
2.437500000000000000e+01 1.025016476020562450e+00 -4.627536650549773358e-04
2.439583333333333215e+01 1.016254753661234744e+00 2.344178550763387735e-03
2.441666666666666430e+01 1.000729216742993533e+00 1.694806355480868451e-05
2.443750000000000000e+01 9.908207588925886933e-01 -1.193219442469953826e-03
2.445833333333333215e+01 9.924905210282842782e-01 -5.340182183360355937e-04
2.447916666666666430e+01 9.975396515097958439e-01 3.082958636003794561e-04
2.450000000000000000e+01 9.986808532892373913e-01 -6.493117300265304013e-04
2.452083333333333215e+01 9.922642189435916249e-01 -7.516919948315686556e-04
2.454166666666666430e+01 9.816385191678564937e-01 -1.482629163677111643e-03
2.456250000000000000e+01 9.781441372143777624e-01 1.663381707210614252e-04
2.458333333333333215e+01 9.894893147974717085e-01 -5.596338750590368685e-05
2.460416666666666430e+01 1.005048012678336322e+00 3.792276207173287121e-04
2.462500000000000000e+01 1.024302005584641906e+00 2.436547399801189395e-03
2.464583333333333215e+01 1.026593309826599132e+00 -1.042758481370504838e-03
2.466666666666666430e+01 1.025695235064675082e+00 -1.545423686659547994e-03
2.468750000000000000e+01 1.011616606411942509e+00 -1.242872652533970768e-03
2.470833333333333215e+01 1.002351404582626948e+00 -6.060391830980969624e-04
2.472916666666666430e+01 9.891315070451882629e-01 1.216325913634707908e-03
2.475000000000000000e+01 9.882843653243705839e-01 -2.625004311920771990e-04
2.477083333333333215e+01 9.807064672327547861e-01 -2.161091037688817312e-03
2.479166666666666430e+01 9.877303615628352240e-01 -1.366129252006884542e-03
2.481250000000000000e+01 9.917453025645061038e-01 -8.126675259449359220e-04
2.483333333333333215e+01 1.006233873992214978e+00 1.333201855784126076e-03
2.485416666666666430e+01 1.015114904596391421e+00 9.795756469491124444e-04
2.487500000000000000e+01 1.014943962680091794e+00 -1.345002282454978116e-03
2.489583333333333215e+01 1.010576293325996300e+00 -5.256134342470007411e-04
2.491666666666666430e+01 1.000757565395166360e+00 -1.222820342665707338e-04
2.493750000000000000e+01 9.853250037100206304e-01 2.371161739948952310e-04
2.495833333333333215e+01 9.836432101231986636e-01 -8.088338389973261620e-04
2.497916666666666430e+01 9.882022194191519837e-01 4.208514355104596991e-04
2.500000000000000000e+01 1.000532586364150767e+00 -5.570763066009653099e-04
2.502083333333333215e+01 1.017173270566004151e+00 5.406838320939136560e-04
2.504166666666666430e+01 1.018326069347115448e+00 -8.541442142784214358e-04
2.506250000000000000e+01 1.015768406110728383e+00 -9.400369343281648549e-05
2.508333333333333215e+01 9.970003020008150196e-01 -1.463231083827203484e-04
2.510416666666666430e+01 9.934078193852650118e-01 -4.531039343772202922e-04
2.512500000000000000e+01 1.004906151766942424e+00 1.487104388308868889e-04
2.514583333333333215e+01 1.017004656870784896e+00 1.615012634297850009e-03
2.516666666666666430e+01 1.025300445560867635e+00 -5.023529456374087277e-04
2.518750000000000000e+01 1.014503904298165837e+00 -3.278963166248628227e-04
2.520833333333333215e+01 9.915669964675047909e-01 -1.183402435533149324e-03
2.522916666666666430e+01 9.798643293776078123e-01 7.982861877429967608e-04
2.525000000000000000e+01 9.826301790730089802e-01 -9.174097671013400749e-05
2.527083333333333215e+01 1.000100068698112299e+00 -1.493666106796006331e-03
2.529166666666666430e+01 1.009025018765079329e+00 2.326271631980384239e-03
2.531250000000000000e+01 1.007564469292690834e+00 2.270526107142117802e-03
2.533333333333333215e+01 9.925059731356452586e-01 1.790675454967534603e-03
2.535416666666666430e+01 9.830223262698416509e-01 -4.119136268764640664e-04
2.537500000000000000e+01 9.805579755689648458e-01 -2.689968653955677851e-04
2.539583333333333215e+01 9.905798183530788448e-01 5.339049074242475891e-04
2.541666666666666430e+01 1.009115440531015206e+00 -1.982564632015299857e-06
2.543750000000000000e+01 1.016398599261143731e+00 1.839984941295721294e-03
2.545833333333333215e+01 1.016843247078123680e+00 -5.983218891934563534e-04
2.547916666666666430e+01 1.012659586452071547e+00 -1.173360579420827318e-03
2.550000000000000000e+01 1.002674740844965884e+00 -7.524511819146991343e-04
2.552083333333333215e+01 1.008327278099434121e+00 -1.691772044174590225e-03
2.554166666666666430e+01 1.015439277863621870e+00 1.617287330463556389e-04
2.556250000000000000e+01 1.012378363301257522e+00 -3.080092286619700941e-04
2.558333333333333215e+01 1.008952101844568183e+00 -1.045970239426607679e-03
2.560416666666666430e+01 1.001830309501944294e+00 3.361983999489083648e-04
2.562500000000000000e+01 9.847728556918454723e-01 6.499464660107733601e-04
2.564583333333333215e+01 9.797503053722751432e-01 4.310509573197473339e-04
2.566666666666666430e+01 9.758682271561827104e-01 -8.872209571974013984e-04
2.568750000000000000e+01 9.722757628446404565e-01 -6.955779322701080743e-04
2.570833333333333215e+01 9.801444872905827888e-01 -1.022863368051793844e-03
2.572916666666666430e+01 9.902800107455088652e-01 1.552717876841059729e-03
2.575000000000000000e+01 1.003009156020703951e+00 -2.363157223330995468e-03
2.577083333333333215e+01 1.019624824187367329e+00 8.589027228213954408e-04
2.579166666666666430e+01 1.024768701904066326e+00 4.608255379464058386e-04
2.581250000000000000e+01 1.024453581002750857e+00 1.732315926066529130e-03
2.583333333333333215e+01 1.027718064070371140e+00 -1.208497183059092190e-03
2.585416666666666430e+01 1.026457206725852389e+00 -1.269243284416836197e-03
2.587500000000000000e+01 1.022803705719708800e+00 1.628158706214812967e-03
2.589583333333333215e+01 9.977365976780997459e-01 3.146679173812890720e-04
2.591666666666666430e+01 9.736711714839104692e-01 4.004593936039418478e-04
2.593750000000000000e+01 9.663314225250165812e-01 6.979319517006192953e-04
2.595833333333333215e+01 9.719830355295577817e-01 -2.201833003550387081e-04
2.597916666666666430e+01 9.981090649480802712e-01 1.497860372085577790e-03
