0.000000000000000000e+00 1.013230531202764073e+00 -5.277178079213077928e-04
2.083333333333333218e-02 1.006675062065723214e+00 -6.205222035097931977e-04
4.166666666666666435e-02 1.005676263111255020e+00 5.653929485268928369e-04
6.250000000000000000e-02 9.969913614277916558e-01 -1.590261704018760321e-03
8.333333333333332871e-02 1.000460567586372251e+00 -2.380581317662722619e-03
1.041666666666666574e-01 1.001173132465775772e+00 -7.105517685130221216e-04
1.250000000000000000e-01 1.003951275255589248e+00 2.678677636122851410e-04
1.458333333333333148e-01 1.005173548057422650e+00 -2.974077040685620121e-03
1.666666666666666574e-01 1.001643581019934004e+00 1.614678880409081826e-03
1.875000000000000000e-01 9.982476208976526211e-01 3.214789269112192614e-05
2.083333333333333148e-01 1.004147441990340894e+00 6.445787276894613489e-04
2.291666666666666574e-01 1.009224262427003360e+00 -1.143855191587888178e-03
2.500000000000000000e-01 1.011499039023340929e+00 -1.378110606698811731e-04
2.708333333333333148e-01 1.009885170785526531e+00 2.214650241401937367e-03
2.916666666666666297e-01 1.005723265624678620e+00 2.267452945444371759e-03
3.125000000000000000e-01 1.004531835241870397e+00 7.109052987886240078e-04
3.333333333333333148e-01 1.003187944895041150e+00 -4.271178463866466112e-04
3.541666666666666297e-01 1.000363396568250574e+00 -2.141111629656420766e-04
3.750000000000000000e-01 9.972560721577216070e-01 1.589438493956356595e-03
3.958333333333333148e-01 9.983113211354708305e-01 -9.747827401608975166e-04
4.166666666666666297e-01 1.001044071579108463e+00 -1.254044595656795755e-03
4.375000000000000000e-01 9.934417622358143740e-01 -2.529022737880478417e-04
4.583333333333333148e-01 9.960579406600925667e-01 1.064693960514056332e-03
4.791666666666666297e-01 1.002331772134154031e+00 -1.437669801196335547e-03
5.000000000000000000e-01 1.003014676875500610e+00 3.612029395470363921e-04
5.208333333333332593e-01 1.002519188198811806e+00 3.806380732541454629e-04
5.416666666666666297e-01 1.007206557012902071e+00 7.579085790624621056e-05
5.625000000000000000e-01 1.008641521846065370e+00 -2.870103066954396930e-04
5.833333333333332593e-01 1.010311527094548856e+00 1.076395024394872580e-03
6.041666666666666297e-01 1.003821617615843209e+00 6.294469408484171637e-04
6.250000000000000000e-01 9.998885391766511033e-01 -1.943579280619054652e-03
6.458333333333332593e-01 9.996083260778205748e-01 1.923240274432044903e-03
6.666666666666666297e-01 1.001783290648561087e+00 4.692880271891821092e-04
6.875000000000000000e-01 9.986645653172164794e-01 2.868302540107619310e-04
7.083333333333332593e-01 9.959406317141217269e-01 -5.663559004357762282e-04
7.291666666666666297e-01 9.957135180061199575e-01 -4.898009970469766440e-04
7.500000000000000000e-01 9.981973037649096714e-01 -3.308474427083919495e-03
7.708333333333332593e-01 1.000650556480417563e+00 -4.221026072672158340e-04
7.916666666666666297e-01 9.928763507898834551e-01 6.155225848194846886e-04
8.125000000000000000e-01 1.004729069430800648e+00 6.411359876671004826e-04
8.333333333333332593e-01 1.008820974711519769e+00 -9.954922121869482984e-04
8.541666666666666297e-01 1.009808681710056444e+00 -3.124844648827752695e-03
8.750000000000000000e-01 1.009885522613391817e+00 -1.572355267153524886e-03
8.958333333333332593e-01 1.008244024448196940e+00 -5.392105228807494771e-04
9.166666666666666297e-01 1.011980538591150003e+00 1.471422724749712292e-03
9.375000000000000000e-01 1.007269329618277309e+00 -2.191051134672341270e-03
9.583333333333332593e-01 1.007424122727182070e+00 -1.246405227658226272e-04
9.791666666666666297e-01 1.004460055787536499e+00 5.997704166940783432e-04
1.000000000000000000e+00 1.000766698570920710e+00 6.402352175722002313e-04
1.020833333333333259e+00 1.002395858384182104e+00 -2.623079823090919047e-04
1.041666666666666519e+00 1.003033243411443287e+00 -3.659724713373303621e-03
1.062500000000000000e+00 9.996579675510859353e-01 6.191682152217722803e-04
1.083333333333333259e+00 1.003469577469794149e+00 1.846808199491440167e-05
1.104166666666666519e+00 1.009009521724180569e+00 5.391692947326342817e-04
1.125000000000000000e+00 1.012377250806242301e+00 -1.335891779284430463e-03
1.145833333333333259e+00 1.011288614688761855e+00 -7.447008787058738465e-04
1.166666666666666519e+00 1.014609436923096020e+00 1.767404345232592711e-03
1.187500000000000000e+00 1.011981214723103095e+00 -2.446658564613368855e-04
1.208333333333333259e+00 1.013496790870601627e+00 -1.344833209078994491e-04
1.229166666666666519e+00 1.011218350509664798e+00 -1.028893141045556653e-03
1.250000000000000000e+00 1.004896039591494317e+00 1.469155451070340785e-03
1.270833333333333259e+00 1.014719026700716675e+00 -2.195701886665843601e-03
1.291666666666666519e+00 1.010175339210936496e+00 -7.745760218967913651e-04
1.312500000000000000e+00 1.007041653401096193e+00 4.341011029466261550e-04
1.333333333333333259e+00 1.007286548452424713e+00 -1.570743969402849430e-04
1.354166666666666519e+00 1.000131723733222344e+00 1.011076050804203584e-03
1.375000000000000000e+00 1.004427653415826960e+00 4.355346714477859970e-04
1.395833333333333259e+00 1.010941819343833536e+00 1.726627682278556244e-03
1.416666666666666519e+00 1.004283768502002516e+00 -3.763343506546850629e-04
1.437500000000000000e+00 1.008572772080182034e+00 -2.546165589339572126e-04
1.458333333333333259e+00 1.014363136701604384e+00 2.688682210620789762e-04
1.479166666666666519e+00 1.012933256446617580e+00 -2.333133405670312268e-03
1.500000000000000000e+00 1.008516997729054676e+00 1.712777862218564954e-03
1.520833333333333259e+00 1.006579883556942612e+00 -1.224842891147469260e-03
1.541666666666666519e+00 1.012182627711633920e+00 1.367209117418062775e-03
1.562500000000000000e+00 1.012512238587620628e+00 1.759495281540326235e-03
1.583333333333333259e+00 1.007339735271839620e+00 1.220924879439533534e-03
1.604166666666666519e+00 9.998041725363696619e-01 1.943250397603940539e-04
1.625000000000000000e+00 9.994378044464500288e-01 -8.552658979388481865e-04
1.645833333333333259e+00 9.971409590938884460e-01 -2.749997822281183800e-03
1.666666666666666519e+00 1.002056225070250717e+00 6.634104126336311680e-04
1.687500000000000000e+00 9.954135350088958445e-01 -3.482640127650886669e-04
1.708333333333333259e+00 1.006616887259090820e+00 2.127992786543015605e-03
1.729166666666666519e+00 1.013974837968032672e+00 -4.174779646734446694e-04
1.750000000000000000e+00 1.005810178005114963e+00 7.519032760870234151e-04
1.770833333333333259e+00 1.002060295306703930e+00 -5.534145784758726832e-04
1.791666666666666519e+00 1.001116561041577091e+00 5.036903512166978659e-04
1.812500000000000000e+00 1.006681285381939350e+00 -4.814590450149679895e-04
1.833333333333333259e+00 1.002633882335227877e+00 -2.552513725626360825e-04
1.854166666666666519e+00 1.000977248752571658e+00 -2.423589474704774486e-03
1.875000000000000000e+00 9.976607796000024342e-01 -9.438492275620432876e-04
1.895833333333333259e+00 9.988700984361972290e-01 -2.319905839557823905e-04
1.916666666666666519e+00 1.001657892488600154e+00 1.576883213536106826e-03
1.937500000000000000e+00 9.919132541714990037e-01 3.061023439953446243e-04
1.958333333333333259e+00 9.932265147107293135e-01 -1.589187989244819025e-03
1.979166666666666519e+00 9.989952557351924334e-01 1.973365021324193207e-03
2.000000000000000000e+00 1.006866524564882237e+00 4.110616680565663383e-04
2.020833333333333037e+00 1.002710248062694598e+00 1.378204705008543793e-03
2.041666666666666519e+00 1.006732305329883337e+00 -1.186112388036883675e-03
2.062500000000000000e+00 1.005655056905300659e+00 -4.202490039750881104e-03
2.083333333333333037e+00 1.008974091670518991e+00 -1.013403277124435989e-03
2.104166666666666519e+00 1.005986262503946405e+00 -1.337928854068968706e-03
2.125000000000000000e+00 9.984737990032411803e-01 2.986771547875119773e-04
2.145833333333333037e+00 1.000561079431700806e+00 -1.993690070030683294e-03
2.166666666666666519e+00 1.006025732939439976e+00 -1.168550381591311471e-03
2.187500000000000000e+00 1.002077551478727679e+00 -1.772755458459891785e-03
2.208333333333333037e+00 9.956391903561064849e-01 1.364467337643273759e-04
2.229166666666666519e+00 9.969938489414054139e-01 -1.210800280773991671e-03
2.250000000000000000e+00 1.001504879650711777e+00 1.714525116898493436e-03
2.270833333333333037e+00 1.000997428599449179e+00 9.728064349881126918e-04
2.291666666666666519e+00 1.007757063594601155e+00 1.042639091902754656e-03
2.312500000000000000e+00 9.991967465883093702e-01 -2.963727735221465508e-04
2.333333333333333037e+00 1.003150947753779221e+00 2.800185697692344393e-04
2.354166666666666519e+00 1.014040180763367882e+00 1.078099219710622857e-03
2.375000000000000000e+00 1.010129058506973765e+00 -1.092709326655372107e-03
2.395833333333333037e+00 1.009717754282024371e+00 1.563503572485433566e-03
2.416666666666666519e+00 1.011184607837994687e+00 -1.116534080241188829e-04
2.437500000000000000e+00 1.013184032166221105e+00 1.591146265864722478e-03
2.458333333333333037e+00 1.013629616937443023e+00 2.847262884531716245e-03
2.479166666666666519e+00 1.005816280453956324e+00 1.976615953780281026e-03
2.500000000000000000e+00 9.970872357983651124e-01 -1.378521468071430963e-03
2.520833333333333037e+00 1.001670493641326543e+00 1.535588569783525106e-03
2.541666666666666519e+00 1.002187264298449065e+00 -4.092692114068021401e-04
2.562500000000000000e+00 1.005299010958096373e+00 -5.460192428857200183e-04
2.583333333333333037e+00 9.994644437305248985e-01 -3.077917994151157773e-04
2.604166666666666519e+00 1.008117297713595706e+00 -1.503920324142624804e-03
2.625000000000000000e+00 1.011378666059702391e+00 2.993737214418696994e-04
2.645833333333333037e+00 1.011010117482737058e+00 -9.146288921407592833e-04
2.666666666666666519e+00 1.013603282496795543e+00 1.408484738474052303e-03
2.687500000000000000e+00 1.013329817245220976e+00 4.023436921792047883e-04
2.708333333333333037e+00 1.015940831060136773e+00 -3.296660442754090203e-03
2.729166666666666519e+00 1.017472330627127386e+00 -1.234251462066605692e-03
2.750000000000000000e+00 1.014841071470194978e+00 -1.296462052655142578e-03
2.770833333333333037e+00 1.007630287117611267e+00 -8.903351254389051594e-04
2.791666666666666519e+00 1.008356509773099985e+00 -8.568521259796023620e-04
2.812500000000000000e+00 1.009306634729804308e+00 2.448369550140896316e-04
2.833333333333333037e+00 1.002459271586467970e+00 -2.188937571332062076e-04
2.854166666666666519e+00 9.996575541387245911e-01 -1.402350243215604248e-03
2.875000000000000000e+00 1.003441880330694591e+00 5.360973231827749486e-04
2.895833333333333037e+00 1.007657558150611976e+00 1.135442402417486231e-03
2.916666666666666519e+00 1.002393966869047359e+00 -4.712365370470281516e-06
2.937500000000000000e+00 1.006746612541267183e+00 1.478148478949605545e-03
2.958333333333333037e+00 1.007946428069817157e+00 5.290760586734470292e-04
2.979166666666666519e+00 1.011306412540666333e+00 -7.244339149069117540e-04
3.000000000000000000e+00 1.007905814125777955e+00 -5.167344889135764294e-04
3.020833333333333037e+00 1.007946934821062124e+00 -1.056883171015731983e-05
3.041666666666666519e+00 1.011963355089529282e+00 6.582944862173129626e-04
3.062500000000000000e+00 1.011962887344853401e+00 2.029608124311773406e-04
3.083333333333333037e+00 1.005511377398735640e+00 1.223839127924812023e-03
3.104166666666666519e+00 1.000937721669225011e+00 1.445663849453854939e-03
3.125000000000000000e+00 9.998241681449990814e-01 -1.292463524350949151e-03
3.145833333333333037e+00 9.990096464968355461e-01 -1.482256502022418800e-03
3.166666666666666519e+00 1.001303572969925115e+00 -1.475811008804315129e-04
3.187500000000000000e+00 9.984671672284647359e-01 5.596059031791198379e-04
3.208333333333333037e+00 9.966477460757064977e-01 1.134717239467505868e-03
3.229166666666666519e+00 1.003967773882101566e+00 8.032771863726118153e-04
3.250000000000000000e+00 1.005063379312048033e+00 7.659981173650604264e-04
3.270833333333333037e+00 1.003160688653539800e+00 -1.187503078454778390e-03
3.291666666666666519e+00 9.989269054441863860e-01 4.611935040106498259e-04
3.312500000000000000e+00 1.003016447374157183e+00 -8.271191293122960803e-04
3.333333333333333037e+00 1.008521987974293710e+00 5.117273609589462332e-04
3.354166666666666519e+00 1.004360390875716824e+00 1.122467535815086783e-03
3.375000000000000000e+00 9.993108658448541792e-01 -8.592368188814762837e-04
3.395833333333333037e+00 9.949528338104191016e-01 -3.166285272468524650e-04
3.416666666666666519e+00 1.000084944604619164e+00 3.089326207783411882e-03
3.437500000000000000e+00 1.003299492078455257e+00 -9.652445789960508414e-04
3.458333333333333037e+00 1.001114621154616025e+00 -6.492626926931305623e-04
3.479166666666666519e+00 1.002416410936173063e+00 -1.390283175913580114e-03
3.500000000000000000e+00 1.002448633928458177e+00 -1.826681950277649026e-03
3.520833333333333037e+00 1.005644192473412746e+00 1.243387114159855708e-03
3.541666666666666519e+00 9.995930035521811696e-01 -8.667311117210509553e-04
3.562500000000000000e+00 1.002330652118914811e+00 -7.959761516571811678e-04
3.583333333333333037e+00 1.003872070850587495e+00 -1.023306204379217411e-03
3.604166666666666519e+00 1.007842401223413731e+00 -3.560899776546088032e-03
3.625000000000000000e+00 1.005758341146410828e+00 9.321961754626493374e-04
3.645833333333333037e+00 1.004788187680072387e+00 -7.127565715642907333e-04
3.666666666666666519e+00 1.002250811352809912e+00 -8.058809159503528931e-05
3.687500000000000000e+00 1.002028361833358527e+00 1.712507003503322247e-03
3.708333333333333037e+00 9.962917191404598860e-01 -1.981311403650163401e-04
3.729166666666666519e+00 9.970238156790575124e-01 1.452765101933671912e-04
3.750000000000000000e+00 9.955863746794207936e-01 2.056324454414676188e-04
3.770833333333333037e+00 1.008343641323279360e+00 1.597936644862677467e-03
3.791666666666666519e+00 1.005925162654075278e+00 -1.716450517172851426e-03
3.812500000000000000e+00 1.004172345415697887e+00 -7.270694442942727057e-04
3.833333333333333037e+00 1.003425610647853405e+00 -2.761373622304813709e-03
3.854166666666666519e+00 1.004690401033770497e+00 2.014269545634982112e-05
3.875000000000000000e+00 1.009479744465122009e+00 7.989789835159562779e-04
3.895833333333333037e+00 1.012530273408015935e+00 -5.448628518375540691e-04
3.916666666666666519e+00 1.014998106025146729e+00 2.517940488214475119e-03
3.937500000000000000e+00 1.009125672465449375e+00 1.238926763180282211e-03
3.958333333333333037e+00 1.009158380050126258e+00 2.475956292703951865e-03
3.979166666666666519e+00 1.005244008103132858e+00 2.182203968443717436e-04
4.000000000000000000e+00 9.959608118714786684e-01 2.299922113459206691e-03
4.020833333333333037e+00 9.969726020057416704e-01 -6.296789836662993996e-04
4.041666666666666075e+00 1.004557529381386205e+00 5.488404140908262818e-04
4.062500000000000000e+00 1.006316525682258600e+00 1.894176346544940170e-04
4.083333333333333037e+00 1.003123489384131650e+00 -5.000305665155416667e-04
4.104166666666666075e+00 1.008490817630177672e+00 2.130975583249425549e-03
4.125000000000000000e+00 1.008570361883723399e+00 1.713111327856454459e-03
4.145833333333333037e+00 1.012828279520539887e+00 -8.152696217589997310e-04
4.166666666666666075e+00 1.016108865272108863e+00 9.297704157482051873e-04
4.187500000000000000e+00 1.018203857773350540e+00 1.869161205419847570e-04
4.208333333333333037e+00 1.014160280443160644e+00 2.694358106887761442e-04
4.229166666666666075e+00 1.017663957773270234e+00 8.360627189321314301e-04
4.250000000000000000e+00 1.015399864960947252e+00 -5.537192849268802010e-04
4.270833333333333037e+00 1.002429353973383952e+00 3.218152983605872481e-04
4.291666666666666075e+00 1.002327925161408562e+00 4.629733199937849288e-04
4.312500000000000000e+00 1.002586620653408200e+00 -6.785493794501686309e-04
4.333333333333333037e+00 1.000637357836026142e+00 -5.552138540318251160e-04
4.354166666666666075e+00 9.981097827464194827e-01 1.177666845864601191e-03
4.375000000000000000e+00 1.001830295364951162e+00 1.275217953799683641e-04
4.395833333333333037e+00 1.007215582462006598e+00 3.069433241573920040e-03
4.416666666666666075e+00 1.007879009937172388e+00 2.779902883452706717e-03
4.437500000000000000e+00 1.002734478715890942e+00 -8.433271074222964793e-04
4.458333333333333037e+00 1.000816918876235029e+00 4.618308941513927265e-04
4.479166666666666075e+00 1.012474076142146906e+00 -2.490489828841308765e-03
4.500000000000000000e+00 1.014968014247897621e+00 -7.800308569568958775e-04
4.520833333333333037e+00 1.013261233289517671e+00 -1.097130182607938950e-03
4.541666666666666075e+00 1.007649627748088861e+00 -9.462691927150657101e-04
4.562500000000000000e+00 1.002436255020414002e+00 -2.688910693493836226e-03
4.583333333333333037e+00 1.007007985055599741e+00 3.499664700498036083e-04
4.604166666666666075e+00 9.967504359663754698e-01 1.920199614903160816e-04
4.625000000000000000e+00 9.966874798206470931e-01 -1.016342702628520193e-03
4.645833333333333037e+00 1.000017174836900891e+00 -9.558906802692711821e-05
4.666666666666666075e+00 1.001610485344650803e+00 1.168032537521288602e-03
4.687500000000000000e+00 1.001878464998986029e+00 2.027869447309726871e-03
4.708333333333333037e+00 9.881379861569520306e-01 -1.679119135498349270e-03
4.729166666666666075e+00 9.966126763898890406e-01 2.005774861895575842e-03
4.750000000000000000e+00 1.003931616812879124e+00 -2.172354788650601894e-03
4.770833333333333037e+00 1.005412360966759344e+00 -1.045590271930939459e-03
4.791666666666666075e+00 1.007375865875429044e+00 -5.019609220646201577e-04
4.812500000000000000e+00 1.002789128211411196e+00 1.945187230032965463e-03
4.833333333333333037e+00 1.008731290510886947e+00 7.572229765145287389e-04
4.854166666666666075e+00 1.007393251039744086e+00 7.325795227229998886e-04
4.875000000000000000e+00 9.987936773222174658e-01 1.962873416684180611e-03
4.895833333333333037e+00 9.967289421101811486e-01 2.782736437840705921e-04
4.916666666666666075e+00 1.000176147098885693e+00 -5.743483983608746934e-04
4.937500000000000000e+00 1.001049339200775101e+00 1.845109341693137485e-03
4.958333333333333037e+00 1.002076661751872821e+00 -2.833633851699596923e-04
4.979166666666666075e+00 9.952834401995784841e-01 -1.610687737747138523e-03
5.000000000000000000e+00 9.984703338015018526e-01 -2.193781225479453801e-03
5.020833333333333037e+00 1.002110410609471813e+00 1.935062595388109617e-04
5.041666666666666075e+00 1.001461413929653377e+00 2.353164332745234615e-03
5.062500000000000000e+00 1.001314617128455042e+00 9.329863561572681891e-04
5.083333333333333037e+00 1.002469616246981055e+00 5.373717879755867191e-05
5.104166666666666075e+00 1.007086193270777530e+00 1.525547918091801729e-03
5.125000000000000000e+00 1.006700809306417366e+00 -1.889950080635381235e-03
5.145833333333333037e+00 1.004617084323407017e+00 5.379151153253875070e-04
5.166666666666666075e+00 9.990843085566206705e-01 -6.854925637593885668e-04
5.187500000000000000e+00 1.004335796478470488e+00 1.732720362351833961e-03
5.208333333333333037e+00 1.007030601894573163e+00 -1.065787868713890000e-03
5.229166666666666075e+00 1.003019600454769344e+00 1.006400958532399463e-03
5.250000000000000000e+00 1.000777800412276486e+00 2.461835820743935380e-04
5.270833333333333037e+00 1.005620980671291020e+00 1.512837543208089387e-05
5.291666666666666075e+00 1.007976784547110816e+00 8.706421585883684878e-04
5.312500000000000000e+00 1.001350571417783941e+00 -1.703397723841440124e-04
5.333333333333333037e+00 1.002612320432832327e+00 1.807756400505500282e-03
5.354166666666666075e+00 1.006813369342690168e+00 -2.676957688897241110e-04
5.375000000000000000e+00 1.013150727309265253e+00 -2.752531780007186780e-03
5.395833333333333037e+00 1.018196365834679984e+00 1.819164139680877175e-03
5.416666666666666075e+00 1.011589334490706538e+00 1.676971839389296108e-03
5.437500000000000000e+00 1.010581834871046691e+00 6.345666275626284190e-04
5.458333333333333037e+00 1.013462664851337847e+00 1.752439301838580338e-03
5.479166666666666075e+00 1.008398911624315719e+00 8.675036644375803052e-04
5.500000000000000000e+00 1.006232093856102239e+00 -1.055608422057680885e-03
5.520833333333333037e+00 1.005180606109457475e+00 -2.592275335361901231e-03
5.541666666666666075e+00 1.009398373287631712e+00 -1.323614369081537769e-03
5.562500000000000000e+00 1.007188918311141990e+00 -3.678710203484671353e-04
5.583333333333333037e+00 1.005813579439091443e+00 6.509158236175693934e-04
5.604166666666666075e+00 1.005404380220167759e+00 -1.801776462740164271e-03
5.625000000000000000e+00 1.010033609889314787e+00 -1.150107556083910078e-03
5.645833333333333037e+00 1.014983390667038687e+00 1.906016914316119087e-03
5.666666666666666075e+00 1.013726454326599358e+00 -8.912364460431865471e-04
5.687500000000000000e+00 1.009569821753286023e+00 -9.336404202172086985e-04
5.708333333333333037e+00 1.015538515378960005e+00 -1.211005301435166565e-03
5.729166666666666075e+00 1.014699139355428770e+00 2.039268640777774054e-03
5.750000000000000000e+00 1.009024722425459597e+00 9.865874393357070612e-04
5.770833333333333037e+00 1.005451260691588411e+00 1.116138705846318486e-03
5.791666666666666075e+00 1.004025446970521873e+00 2.076176137646518639e-03
5.812500000000000000e+00 1.002901475650266550e+00 1.205490450382075635e-03
5.833333333333333037e+00 1.006973359629242282e+00 1.683158007489585911e-03
5.854166666666666075e+00 9.989167357095954936e-01 4.546641634794830120e-04
5.875000000000000000e+00 9.963884331299566188e-01 1.091150882266864533e-03
5.895833333333333037e+00 1.001671262041681443e+00 7.851212550509573031e-04
5.916666666666666075e+00 1.004605465862961511e+00 8.746386281797092696e-04
5.937500000000000000e+00 1.008174058217761404e+00 -1.482389998152493574e-03
5.958333333333333037e+00 1.008590612869494363e+00 -2.805283947961968683e-04
5.979166666666666075e+00 1.010704187773245444e+00 -4.690861393608200449e-04
6.000000000000000000e+00 1.013360155088199210e+00 -8.296828251765296343e-04
6.020833333333333037e+00 1.015309052958907055e+00 -6.429326902473214071e-05
6.041666666666666075e+00 1.005125456045133037e+00 2.269050425137761253e-03
6.062500000000000000e+00 1.008511093549489424e+00 1.177546241096421925e-03
6.083333333333333037e+00 1.004414651428635175e+00 1.082657278270979148e-04
6.104166666666666075e+00 1.007320731436355699e+00 4.099608693092368574e-04
6.125000000000000000e+00 9.998201090477506492e-01 1.758474468832397705e-03
6.145833333333333037e+00 9.928123071340779759e-01 -1.544766814578079836e-03
6.166666666666666075e+00 9.880782350098555877e-01 4.733092308914663105e-04
6.187500000000000000e+00 9.996924762234642436e-01 2.072835814708168852e-03
6.208333333333333037e+00 9.921582394048124032e-01 2.246447050032717059e-03
6.229166666666666075e+00 9.941651608209306490e-01 1.114876894609004819e-03
6.250000000000000000e+00 1.002953990597358791e+00 6.763843329169893668e-04
6.270833333333333037e+00 1.007966781386932631e+00 -2.298763965632186733e-03
6.291666666666666075e+00 1.007607000697156696e+00 -9.179489755298545156e-04
6.312500000000000000e+00 1.002899338400318863e+00 -7.752529327602056188e-05
6.333333333333333037e+00 1.000435791996476809e+00 4.515484507819003809e-04
6.354166666666666075e+00 1.009664261727035273e+00 4.917704363011849485e-04
6.375000000000000000e+00 1.004947813306347637e+00 -2.909519308044910060e-03
6.395833333333333037e+00 1.003580661302415855e+00 -7.038609094009914144e-04
6.416666666666666075e+00 1.001679776703080282e+00 3.192119345518669546e-04
6.437500000000000000e+00 1.002771954525481846e+00 -9.949891799397370985e-04
6.458333333333333037e+00 9.968356204126460618e-01 -3.136846715520377206e-04
6.479166666666666075e+00 9.921466343944160826e-01 6.117488107870621208e-04
6.500000000000000000e+00 9.920319265728880787e-01 3.539475417348566990e-04
6.520833333333333037e+00 9.939425280239700955e-01 1.883400514474425544e-04
6.541666666666666075e+00 1.002348091607544678e+00 8.936275104991616347e-04
6.562500000000000000e+00 1.001987805473714355e+00 1.384803984271657873e-03
6.583333333333333037e+00 1.000291184269912703e+00 -3.977860201312274848e-04
6.604166666666666075e+00 1.005866346003151834e+00 -1.353275156103545809e-03
6.625000000000000000e+00 1.008243804950951450e+00 -9.068068667629852969e-04
6.645833333333333037e+00 1.013077708322487558e+00 -6.496239717147573754e-04
6.666666666666666075e+00 1.011058502821146288e+00 -8.532388635378906677e-05
6.687500000000000000e+00 1.003582358617710835e+00 -1.922807223222739673e-03
6.708333333333333037e+00 1.010325043629303199e+00 -9.865902403771130424e-04
6.729166666666666075e+00 1.004466892047068294e+00 -3.450505563898728797e-04
6.750000000000000000e+00 1.001921447131668197e+00 1.676184219008362928e-03
6.770833333333333037e+00 9.986278663337744277e-01 6.296468711571482453e-04
6.791666666666666075e+00 1.004402868743465627e+00 -2.136548522497667415e-04
6.812500000000000000e+00 1.006660125949959017e+00 1.084545213762236338e-03
6.833333333333333037e+00 1.007800082962624133e+00 2.048432550763530419e-04
6.854166666666666075e+00 1.005242465757691050e+00 2.722327570708781746e-04
6.875000000000000000e+00 1.002885058819717123e+00 1.317738804397258160e-03
6.895833333333333037e+00 1.008593266317818760e+00 4.040359813957523872e-04
6.916666666666666075e+00 1.007820354679158648e+00 1.745968810259016272e-04
6.937500000000000000e+00 1.007249564936454345e+00 8.879773507633228731e-04
6.958333333333333037e+00 1.008981418939843389e+00 -7.001304540941973367e-04
6.979166666666666075e+00 1.019257534744188121e+00 4.466981135116207280e-05
7.000000000000000000e+00 1.012636096555535881e+00 -2.645761163280809826e-03
7.020833333333333037e+00 1.010212808114891114e+00 -5.350053474413160245e-04
7.041666666666666075e+00 1.003257207564146603e+00 1.920161527673248936e-03
7.062500000000000000e+00 1.009775872437538968e+00 -4.591862256540855773e-04
7.083333333333333037e+00 1.003485161590146113e+00 -8.863570174126999621e-06
7.104166666666666075e+00 1.006902728381812828e+00 -5.364708595253190205e-04
7.125000000000000000e+00 1.003454486738617035e+00 -1.293317528382833355e-03
7.145833333333333037e+00 1.012317100225746502e+00 6.053992973043952498e-04
7.166666666666666075e+00 1.016897343054772307e+00 -3.310096803217889636e-05
7.187500000000000000e+00 1.005543597224367813e+00 1.361964673588203457e-03
7.208333333333333037e+00 1.004982325385720188e+00 -1.115918240291024956e-03
7.229166666666666075e+00 1.010578951414183413e+00 4.433230931279501052e-05
7.250000000000000000e+00 1.013016018835610543e+00 -4.287745561877300796e-04
7.270833333333333037e+00 1.008344718217110580e+00 -7.402096097806549254e-04
7.291666666666666075e+00 1.009894875125488145e+00 1.352378958397614525e-03
7.312500000000000000e+00 1.004887562478097518e+00 -9.184987723790387793e-04
7.333333333333333037e+00 1.007592502796810674e+00 -9.048133591235685280e-04
7.354166666666666075e+00 1.002492684404281853e+00 3.164644426110320083e-03
7.375000000000000000e+00 9.956319787084826345e-01 -8.961694842158202362e-05
7.395833333333333037e+00 9.991263348345449380e-01 -2.564319589804483807e-04
7.416666666666666075e+00 1.009546254623451267e+00 5.806915134762060402e-04
7.437500000000000000e+00 1.005116616661839268e+00 -1.256780190053069513e-03
7.458333333333333037e+00 1.004683804450094975e+00 4.428112709075321244e-04
7.479166666666666075e+00 1.005554457894647813e+00 -1.473026182000368662e-03
7.500000000000000000e+00 1.009330819588232897e+00 -5.909170582686976408e-04
7.520833333333333037e+00 1.011548257409470297e+00 -7.136623975499817567e-04
7.541666666666666075e+00 1.004255697897951771e+00 1.691253248977523044e-03
7.562500000000000000e+00 1.010502736431736492e+00 7.960868269601722091e-04
7.583333333333333037e+00 1.004660961196057078e+00 2.314601100553737977e-03
7.604166666666666075e+00 1.004099574291441366e+00 2.101853704135406981e-03
7.625000000000000000e+00 9.984874123383598032e-01 -8.524265894638294056e-04
7.645833333333333037e+00 9.919263683278138899e-01 6.660479034373197613e-04
7.666666666666666075e+00 9.903597073359726721e-01 -5.366038029094853971e-04
7.687500000000000000e+00 9.969399092481361357e-01 -7.858226337055492297e-04
7.708333333333333037e+00 1.003587003073347805e+00 1.505985116000848082e-03
7.729166666666666075e+00 9.957216936566692933e-01 1.803335335236929890e-03
7.750000000000000000e+00 9.936234124254215150e-01 1.672985718231550394e-04
7.770833333333333037e+00 1.004926330062485551e+00 4.281965064138014009e-04
7.791666666666666075e+00 1.006823339393833505e+00 3.724561710916910124e-04
7.812500000000000000e+00 1.006848765839278848e+00 4.115225309108923920e-04
7.833333333333333037e+00 1.009643340774953435e+00 4.475450098136390898e-04
7.854166666666666075e+00 1.006960529754819866e+00 -1.257552695147681494e-03
7.875000000000000000e+00 1.010157739684342193e+00 7.748100868229057612e-04
7.895833333333333037e+00 1.005342704986143865e+00 -8.530306901987031593e-04
7.916666666666666075e+00 1.000096030309775674e+00 -1.482667510099358382e-03
7.937500000000000000e+00 9.978083077430857095e-01 -1.702125830409899343e-04
7.958333333333333037e+00 9.950492432931965503e-01 3.427599363652117565e-04
7.979166666666666075e+00 9.937635360947871810e-01 1.058288685688925455e-03
8.000000000000000000e+00 9.953318829446248239e-01 4.803266943103373003e-04
8.020833333333332149e+00 9.941580079134780812e-01 3.724781953089034161e-04
8.041666666666666075e+00 1.005523957927656920e+00 -8.286599812707641163e-04
8.062500000000000000e+00 1.003310510652597909e+00 5.025869174705307162e-04
8.083333333333332149e+00 1.002200403733142231e+00 2.684371225998918322e-04
8.104166666666666075e+00 1.003017509051611800e+00 3.674199221201699490e-04
8.125000000000000000e+00 1.015574421424157991e+00 -9.304731643228060338e-04
8.145833333333332149e+00 1.016431265937926653e+00 2.130019136394653307e-03
8.166666666666666075e+00 1.011934551389912951e+00 9.477909818284695502e-04
8.187500000000000000e+00 1.009836800735439688e+00 8.521469698985790087e-04
8.208333333333332149e+00 1.006565212919707131e+00 1.189590338926191636e-04
8.229166666666666075e+00 1.007512706591964013e+00 -3.548022925487095774e-04
8.250000000000000000e+00 1.005940901612724758e+00 1.164588152725979904e-03
8.270833333333332149e+00 9.992000207279576607e-01 -1.657637956215108612e-03
8.291666666666666075e+00 1.003317099802055967e+00 -5.781592602248973676e-04
8.312500000000000000e+00 1.007171931467618187e+00 -3.678094498269031312e-04
8.333333333333332149e+00 1.008495250388049769e+00 7.118826374546724338e-04
8.354166666666666075e+00 1.004213619671392443e+00 -3.914957529671341235e-04
8.375000000000000000e+00 1.004171819461218362e+00 1.773658692375582871e-03
8.395833333333332149e+00 1.008716730654335425e+00 -2.206188232469197957e-03
8.416666666666666075e+00 1.015532738862191531e+00 1.954827867774436637e-03
8.437500000000000000e+00 1.011972266965397216e+00 3.910110518933723853e-04
8.458333333333332149e+00 1.015556043640496231e+00 1.170607163101287625e-03
8.479166666666666075e+00 1.015128376644219843e+00 -6.501517126482628467e-04
8.500000000000000000e+00 1.015041410893443352e+00 1.289887297645620802e-03
8.520833333333332149e+00 1.006834062527405038e+00 -4.165613633482717973e-04
8.541666666666666075e+00 1.001985820864797594e+00 3.128154718707399436e-04
8.562500000000000000e+00 1.003396069398706736e+00 -1.864950886070807206e-03
8.583333333333332149e+00 1.011519859649521846e+00 6.737667440283123896e-04
8.604166666666666075e+00 1.006574334165079465e+00 1.458025185180815777e-04
8.625000000000000000e+00 1.002509304901544773e+00 -2.370646619327939318e-03
8.645833333333332149e+00 9.985007194072226255e-01 -1.367352048983920337e-04
8.666666666666666075e+00 1.006341099693408569e+00 -4.086399830414319772e-04
8.687500000000000000e+00 9.996111766138163768e-01 1.018404647411089679e-03
8.708333333333332149e+00 1.011324788611249081e+00 -8.591134456729718335e-04
8.729166666666666075e+00 1.009256717248357305e+00 2.301812271787158999e-04
8.750000000000000000e+00 1.013642581110169916e+00 1.604410367211018228e-03
8.770833333333332149e+00 1.009420989569511651e+00 -1.105422517288837201e-03
8.791666666666666075e+00 1.004172130691352027e+00 2.343335068186565978e-03
8.812500000000000000e+00 1.003746479269110425e+00 2.958106980177881845e-04
8.833333333333332149e+00 1.002727121378541142e+00 -2.972960715002286513e-04
8.854166666666666075e+00 1.006372358891594931e+00 -1.724743788072824165e-03
8.875000000000000000e+00 1.006581184005660878e+00 -2.240468451433599503e-03
8.895833333333332149e+00 1.002078332451978193e+00 1.186410903782467424e-03
8.916666666666666075e+00 9.961755118448416546e-01 -5.932892543926521168e-04
8.937500000000000000e+00 1.000263313789759412e+00 -7.944129769051694800e-04
8.958333333333332149e+00 9.987135146961059196e-01 1.321687689334545383e-03
8.979166666666666075e+00 9.975663660001382604e-01 8.359922555315036459e-04
9.000000000000000000e+00 9.976120507975713148e-01 1.411617033409574417e-04
9.020833333333332149e+00 1.003168610441495190e+00 -1.855185980993746602e-03
9.041666666666666075e+00 1.007078082173261668e+00 -2.464099191562969457e-03
9.062500000000000000e+00 1.002333425208942863e+00 1.173124924481353665e-03
9.083333333333332149e+00 1.000974422300009437e+00 -6.917270493632510079e-05
9.104166666666666075e+00 9.989058946010922480e-01 -3.404931688708342347e-04
9.125000000000000000e+00 1.003177102802750964e+00 2.392394107940285126e-03
9.145833333333332149e+00 9.921893297084997121e-01 -5.379624030410263451e-04
9.166666666666666075e+00 9.917146112234689337e-01 4.427756924601715209e-04
9.187500000000000000e+00 9.982586582750495596e-01 2.694822550560875465e-03
9.208333333333332149e+00 9.988856298143322654e-01 7.629122057831588810e-04
9.229166666666666075e+00 9.946543306135955387e-01 -6.975712777838286201e-04
9.250000000000000000e+00 9.966597754117767494e-01 -1.064170609438101897e-03
9.270833333333332149e+00 1.000935042772724604e+00 1.522794312472572614e-03
9.291666666666666075e+00 1.007988501893162026e+00 -1.555531091207507230e-03
9.312500000000000000e+00 1.006030194864750094e+00 1.046292222107965799e-03
9.333333333333332149e+00 1.004755241381031450e+00 2.032891343330714331e-03
9.354166666666666075e+00 1.003912973296295252e+00 -1.199071030080011113e-04
9.375000000000000000e+00 1.003740624575584439e+00 1.040555453341990115e-03
9.395833333333332149e+00 1.003746183520862312e+00 9.579172597015259605e-05
9.416666666666666075e+00 9.949466805718638618e-01 1.788004187017568471e-03
9.437500000000000000e+00 9.953233095012805620e-01 3.544918345142552434e-04
9.458333333333332149e+00 9.919217703865338409e-01 -8.688173895142715583e-04
9.479166666666666075e+00 1.001082341690677779e+00 4.616763319808819691e-04
9.500000000000000000e+00 1.000118356305322198e+00 1.977324468412109207e-04
9.520833333333332149e+00 9.931141470490219003e-01 -7.607328883902780836e-04
9.541666666666666075e+00 9.987202788187562463e-01 -2.850656344862721519e-04
9.562500000000000000e+00 9.976541673011143363e-01 -1.502002088247397782e-03
9.583333333333332149e+00 1.003786263892629371e+00 -1.042571463158227865e-03
9.604166666666666075e+00 1.001761287114811383e+00 8.197183312518097151e-04
9.625000000000000000e+00 1.009476682750181986e+00 -2.307414959905588429e-03
9.645833333333332149e+00 1.012859487995219965e+00 3.606264015404451128e-04
9.666666666666666075e+00 1.005600133821276110e+00 2.806656900466787842e-05
9.687500000000000000e+00 9.910114552787226971e-01 -7.285496115776640474e-04
9.708333333333332149e+00 9.654398785157509710e-01 1.778228349848800507e-03
9.729166666666666075e+00 9.430029832428519221e-01 8.803699479216454613e-04
9.750000000000000000e+00 9.014645608816246325e-01 -7.337938140469398279e-04
9.770833333333332149e+00 8.634714621970303039e-01 2.670465833214358091e-04
9.791666666666666075e+00 8.327029096034376243e-01 1.163199121851072595e-03
9.812500000000000000e+00 8.167378228978684485e-01 -1.964420263395521248e-03
9.833333333333332149e+00 8.147593196143609884e-01 2.827358283992277370e-04
9.854166666666666075e+00 8.239033101371482370e-01 -2.984435801565791515e-04
9.875000000000000000e+00 8.512148186083469126e-01 5.074475481127257341e-04
9.895833333333332149e+00 8.955276308290602838e-01 2.659862561082171860e-03
9.916666666666666075e+00 9.337156467301720442e-01 -8.062189228054810483e-04
9.937500000000000000e+00 9.656653118405884584e-01 -4.170733888192566406e-04
9.958333333333332149e+00 9.862254008171736919e-01 -1.494617026191569914e-03
9.979166666666666075e+00 1.004071659970259489e+00 2.859769743388476822e-04
1.000000000000000000e+01 1.007797354247958133e+00 7.909345444879617437e-04
1.002083333333333215e+01 1.005350985236408423e+00 -3.079817867306763185e-03
1.004166666666666607e+01 1.004969222868337564e+00 1.858132922348320953e-03
1.006250000000000000e+01 9.985436478283464812e-01 2.017929271152582495e-03
1.008333333333333215e+01 9.998349634750055559e-01 -3.343695592187647704e-03
1.010416666666666607e+01 1.000995839278431498e+00 -1.890223247024893066e-03
1.012500000000000000e+01 9.953351686515654606e-01 6.086257506769792444e-04
1.014583333333333215e+01 9.967085172293430606e-01 1.336982075799980239e-04
1.016666666666666607e+01 9.990154548610437057e-01 1.493695069898770761e-03
1.018750000000000000e+01 1.004984299246578505e+00 -3.342747728794915447e-04
1.020833333333333215e+01 1.008298101911410338e+00 1.648559833432155716e-03
1.022916666666666607e+01 1.005797923664456306e+00 -1.689875135092552567e-03
1.025000000000000000e+01 1.008911497137098934e+00 5.504223762422204942e-04
1.027083333333333215e+01 1.008948099827841061e+00 -5.119480905356165725e-04
1.029166666666666607e+01 1.006498702556314351e+00 -5.562227570548079368e-04
1.031250000000000000e+01 1.004310614261674006e+00 -2.189668964355924625e-03
1.033333333333333215e+01 1.004522924885055124e+00 -4.748774581978945164e-04
1.035416666666666607e+01 1.001835287642996564e+00 1.765073405141830273e-03
1.037500000000000000e+01 1.002032859601978076e+00 -7.751940911214181282e-04
1.039583333333333215e+01 9.951914663042189524e-01 -2.492677187120464306e-04
1.041666666666666607e+01 9.957900669625846524e-01 2.091228854171455886e-04
1.043750000000000000e+01 9.947779924692059517e-01 -1.172524055703221641e-03
1.045833333333333215e+01 1.002901836103852862e+00 3.794144987399645933e-04
1.047916666666666607e+01 9.978044757923894004e-01 7.518442443705300980e-04
1.050000000000000000e+01 1.000994173315277624e+00 -2.519686770715400936e-04
1.052083333333333215e+01 1.006686694703998741e+00 -2.286979229660704698e-03
1.054166666666666607e+01 1.005507866810827711e+00 1.975174859596726812e-03
1.056250000000000000e+01 1.006612583537982442e+00 1.170181029499742936e-04
1.058333333333333215e+01 9.954088142749727419e-01 2.724510156995315973e-05
1.060416666666666607e+01 1.001997664066565763e+00 -2.106971274919135705e-04
1.062500000000000000e+01 1.005931547139729210e+00 -6.878973382080101314e-04
1.064583333333333215e+01 1.004112719678934784e+00 -2.035188570788274559e-03
1.066666666666666607e+01 9.951370136064083827e-01 -4.740531152465029666e-06
1.068750000000000000e+01 9.974607714202342601e-01 2.455249469842212397e-04
1.070833333333333215e+01 9.914397013049850438e-01 1.299182207250957136e-03
1.072916666666666607e+01 1.001021116541555234e+00 2.112629320349848627e-03
1.075000000000000000e+01 9.988073166682792658e-01 -8.551859799599378009e-04
1.077083333333333215e+01 1.002212740529131896e+00 2.082480256267546515e-03
1.079166666666666607e+01 1.004304559171563582e+00 1.694874431773856437e-04
1.081250000000000000e+01 1.005108305795792800e+00 7.971188126824559246e-04
1.083333333333333215e+01 1.003724479475899711e+00 -1.217135345973941818e-03
1.085416666666666607e+01 1.000373594066094940e+00 4.970925001516778626e-04
1.087500000000000000e+01 1.004602784753131806e+00 -1.119315068755980360e-03
1.089583333333333215e+01 1.005872913335152274e+00 9.108216328374991186e-04
1.091666666666666607e+01 1.007053806767517878e+00 -1.508824138942413753e-03
1.093750000000000000e+01 1.003492186486101057e+00 1.146971328874705484e-04
1.095833333333333215e+01 1.004443264641027067e+00 -4.622547027037984661e-04
1.097916666666666607e+01 9.967690630646073302e-01 5.134067914502117884e-04
1.100000000000000000e+01 9.994231231969374907e-01 3.857327312691280550e-04
1.102083333333333215e+01 9.996500317650673928e-01 2.704016501417892833e-04
1.104166666666666607e+01 1.001804257192549619e+00 -5.627266586442158198e-04
1.106250000000000000e+01 1.005624012394687794e+00 1.159497607816998340e-03
1.108333333333333215e+01 1.010855462613372557e+00 7.928066149327504027e-04
1.110416666666666607e+01 1.009828138936860853e+00 -9.059054195357715009e-04
1.112500000000000000e+01 1.008284041497616856e+00 1.017474217914693651e-03
1.114583333333333215e+01 1.008345360499650178e+00 -7.299740593464552549e-04
1.116666666666666607e+01 1.010402666695625395e+00 1.920109406938512919e-04
1.118750000000000000e+01 1.007637823533249044e+00 -3.851846384085769019e-05
1.120833333333333215e+01 1.006783334266608598e+00 -3.214704216146805835e-05
1.122916666666666607e+01 1.011466225039632905e+00 1.086404484982294140e-03
1.125000000000000000e+01 1.006095361044949232e+00 -2.177594749953273671e-03
1.127083333333333215e+01 1.006856299949052902e+00 1.690355000975079765e-03
1.129166666666666607e+01 1.003819758845583054e+00 -2.133320520321248075e-03
1.131250000000000000e+01 9.997115542482934991e-01 1.656372325032300476e-03
1.133333333333333215e+01 1.010895213970604001e+00 8.082138710715829283e-04
1.135416666666666607e+01 1.008930996850390560e+00 -1.768832029777039037e-03
1.137500000000000000e+01 1.013608473899602291e+00 5.552695418290009904e-04
1.139583333333333215e+01 1.010014283480526132e+00 -2.893325241223928396e-04
1.141666666666666607e+01 1.010467219978411046e+00 -1.375508828875022550e-03
1.143750000000000000e+01 1.015990742147539594e+00 1.638140529270943647e-03
1.145833333333333215e+01 1.017429795863241226e+00 1.527379767514168473e-03
1.147916666666666607e+01 1.009507754150287262e+00 6.030565861112137426e-04
1.150000000000000000e+01 1.014300431684729498e+00 2.242363011592937803e-03
1.152083333333333215e+01 1.011662151312451519e+00 3.199656902539329672e-04
1.154166666666666607e+01 1.006786375500200892e+00 -2.137641575557840882e-04
1.156250000000000000e+01 1.002629306422505584e+00 1.793253944592337586e-03
1.158333333333333215e+01 9.983393698797202731e-01 -7.936914928265899902e-04
1.160416666666666607e+01 1.001982826991007602e+00 1.149603793733792361e-03
1.162500000000000000e+01 1.004491938866244993e+00 1.550619403453918103e-03
1.164583333333333215e+01 9.977624698853529983e-01 4.280700629503335439e-04
1.166666666666666607e+01 1.001430649815893803e+00 2.843922105083167891e-04
1.168750000000000000e+01 1.008187090719093959e+00 7.640863405039832745e-04
1.170833333333333215e+01 1.015458643387875393e+00 4.643903147963025953e-04
1.172916666666666607e+01 1.006259695344739358e+00 -7.230106940455511243e-04
1.175000000000000000e+01 1.005311341239943035e+00 -4.359095313236616663e-03
1.177083333333333215e+01 1.011756985679701737e+00 -4.898227804875343030e-04
1.179166666666666607e+01 1.018802399115716906e+00 -1.691843480930594560e-03
1.181250000000000000e+01 1.008705556290110383e+00 1.391618504005472188e-03
1.183333333333333215e+01 1.003543346353094723e+00 -4.164044903896254386e-04
1.185416666666666607e+01 1.001531079059551077e+00 4.625568072945227156e-04
1.187500000000000000e+01 1.001861334686031668e+00 1.112058715510900932e-03
1.189583333333333215e+01 1.001735324848695319e+00 1.457409878320677912e-03
1.191666666666666607e+01 9.899730759524857371e-01 -1.012069261014779224e-03
1.193750000000000000e+01 9.911366764895008785e-01 2.895027995565045871e-03
1.195833333333333215e+01 1.000801741595635175e+00 1.326841280184320668e-03
1.197916666666666607e+01 1.002920084001257983e+00 9.780902445378051886e-04
1.200000000000000000e+01 9.932355932287687539e-01 -9.877064775555086801e-04
1.202083333333333215e+01 9.972951780336573036e-01 2.718203073021376471e-03
1.204166666666666607e+01 1.006017423821560897e+00 1.000398996113436309e-03
1.206250000000000000e+01 1.006059513827932239e+00 1.581848311656528557e-03
1.208333333333333215e+01 1.007805688811198586e+00 -2.107263293295374377e-04
1.210416666666666607e+01 1.005508260100648865e+00 2.573263405351853758e-03
1.212500000000000000e+01 1.007212338015871955e+00 2.034112752430329227e-03
1.214583333333333215e+01 1.005404319878086872e+00 3.780213983478378882e-05
1.216666666666666607e+01 9.992664642721299506e-01 2.691441849503419144e-03
1.218750000000000000e+01 9.967900768588979776e-01 -1.174370981135952315e-03
1.220833333333333215e+01 9.936765255438190225e-01 1.266491629294959906e-03
1.222916666666666607e+01 9.998118094017686142e-01 9.793395607748764820e-04
1.225000000000000000e+01 1.002951615878738378e+00 1.029170040747227682e-03
1.227083333333333215e+01 9.962357979627983751e-01 -7.435938401104139278e-04
1.229166666666666607e+01 9.971015558308112814e-01 -3.189722754056355204e-04
1.231250000000000000e+01 9.999797452003745812e-01 1.350672464280786586e-03
1.233333333333333215e+01 1.001684452746189891e+00 1.477266985593220184e-03
1.235416666666666607e+01 1.008688501237975155e+00 5.209676941336853869e-05
1.237500000000000000e+01 1.006475583604175661e+00 -2.176132858361235064e-04
1.239583333333333215e+01 1.014235159592718372e+00 -5.499310070087477798e-04
1.241666666666666607e+01 1.012079204530654586e+00 1.792663192071404250e-03
1.243750000000000000e+01 1.005123422269548872e+00 -9.582182291476195734e-05
1.245833333333333215e+01 9.991837620737966663e-01 -6.062788396252233227e-04
1.247916666666666607e+01 1.001275114300060887e+00 -2.328895371696798004e-03
1.452083333333333215e+01 1.006343452313446463e+00 -2.189214623320435722e-03
1.454166666666666607e+01 1.011042838676226019e+00 -1.365061252467257916e-03
1.456250000000000000e+01 1.005819973758564689e+00 -2.530668882407658034e-03
1.458333333333333215e+01 1.004663280955694571e+00 -4.806496649925589963e-04
1.460416666666666607e+01 1.003845511995630213e+00 -3.557625507959894114e-04
1.462500000000000000e+01 1.003140556415438089e+00 -1.245413494403952359e-03
1.464583333333333215e+01 1.002050573589691629e+00 -5.216726125716632505e-04
1.466666666666666607e+01 1.000815080466032736e+00 -1.058388856432659984e-04
1.468750000000000000e+01 1.001562606238779241e+00 -2.228613252329163588e-03
1.470833333333333215e+01 1.006025499571300719e+00 9.004160951366428330e-04
1.472916666666666607e+01 1.010930569424631331e+00 -3.492715771621362694e-03
1.475000000000000000e+01 1.008018285483595289e+00 2.471126975577772351e-03
1.477083333333333215e+01 1.007241676912767891e+00 -1.868125782943681886e-03
1.479166666666666607e+01 1.005236332807142530e+00 3.528486373596883901e-05
1.481250000000000000e+01 1.002253518330070259e+00 -4.582802313161069853e-04
1.483333333333333215e+01 1.002682331478428113e+00 4.724938765242692271e-04
1.485416666666666607e+01 1.001279617284255963e+00 -9.596273745108924646e-04
1.487500000000000000e+01 1.000349165439520016e+00 6.758545794791817997e-04
1.489583333333333215e+01 9.987694998142974123e-01 -1.993382971657014103e-03
1.491666666666666607e+01 1.000074924072299920e+00 9.579760358842837487e-04
1.493750000000000000e+01 9.945272184488858080e-01 -3.663259949942102066e-04
1.495833333333333215e+01 9.941139467648680839e-01 4.712575235331971455e-04
1.497916666666666607e+01 1.002065795877930876e+00 1.288719825982874564e-03
1.500000000000000000e+01 1.002541471264063455e+00 -1.514970548350775843e-03
1.502083333333333215e+01 1.005745095473144834e+00 -7.585632788089952810e-04
1.504166666666666607e+01 1.004090688447802027e+00 -9.604427051413950804e-04
1.506250000000000000e+01 1.009946943904576733e+00 -1.319877958934896449e-04
1.508333333333333215e+01 1.011402613915921567e+00 2.019332217615316160e-04
1.510416666666666607e+01 1.006235061212572557e+00 9.102105562151903894e-04
1.512500000000000000e+01 1.003524953482533233e+00 2.676249111261421419e-04
1.514583333333333215e+01 1.000917647924119303e+00 -2.073251222242044830e-04
1.516666666666666607e+01 1.006474224437908571e+00 6.819068664111595322e-04
1.518750000000000000e+01 9.986137104894432515e-01 1.297484237135188880e-03
1.520833333333333215e+01 1.000677573419550326e+00 1.219401059638081531e-03
1.522916666666666607e+01 9.960290144024116499e-01 2.649718190312158085e-03
1.525000000000000000e+01 9.921069228386008021e-01 -8.022119819612489071e-04
1.527083333333333215e+01 9.916714750021455860e-01 2.903646985261383400e-04
1.529166666666666607e+01 1.002440293502958601e+00 -1.702019685712518162e-03
1.531250000000000000e+01 1.000606653705949700e+00 -8.757489795177500914e-04
1.533333333333333215e+01 1.010341632658603217e+00 7.814744527078337777e-04
1.535416666666666607e+01 1.008597196125704976e+00 1.589148418118172109e-03
1.537500000000000000e+01 1.009429399085282508e+00 -6.252581941415685535e-04
1.539583333333333215e+01 1.005668436324685722e+00 5.914358462268374823e-04
1.541666666666666607e+01 1.011635133969916778e+00 1.017782182416256722e-04
1.543750000000000000e+01 1.012297619799855886e+00 6.458036629958852125e-04
1.545833333333333215e+01 1.014438378355968284e+00 2.793602690892465264e-04
1.547916666666666607e+01 1.003711354751601004e+00 -5.997056407704587930e-04
1.550000000000000000e+01 1.006534414173801517e+00 -2.835967937964999509e-03
1.552083333333333215e+01 1.002971567989578983e+00 -1.892190818366039189e-03
1.554166666666666607e+01 1.001948400919407733e+00 4.878143992186259191e-04
1.556250000000000000e+01 9.943199761055457886e-01 -1.072671172043544453e-04
1.558333333333333215e+01 9.969695288230880914e-01 2.632844348376177802e-03
1.560416666666666607e+01 1.010879159436585795e+00 6.289462700332911025e-05
1.562500000000000000e+01 1.008573704423326722e+00 1.158398928008708660e-03
1.564583333333333215e+01 1.008997120755814159e+00 -1.488080938297837779e-03
1.566666666666666607e+01 1.008298519756574807e+00 -1.757833640596634427e-03
1.568750000000000000e+01 1.010379361105683493e+00 2.578440371653294280e-04
1.570833333333333215e+01 1.016172473216000460e+00 2.114616941034847420e-03
1.572916666666666607e+01 1.010840952423804229e+00 5.161423861009764190e-04
1.575000000000000000e+01 1.009159425980488134e+00 -3.958962906711027663e-04
1.577083333333333215e+01 1.014631383067428949e+00 5.162546053841892378e-04
1.579166666666666607e+01 1.009462138273182541e+00 7.840920059223916057e-04
1.581250000000000000e+01 1.007841554820459118e+00 5.723294496836662821e-04
1.583333333333333215e+01 1.001984550416134434e+00 3.462485336550519884e-05
1.585416666666666607e+01 1.004749647485059239e+00 -1.326409428608877738e-03
1.587500000000000000e+01 1.007013220641244100e+00 -1.432395153405639906e-03
1.589583333333333215e+01 1.003331535344683667e+00 -6.451653942712358382e-04
1.591666666666666607e+01 1.004569657336413124e+00 -1.601130953896699077e-04
1.593750000000000000e+01 1.005164830002967191e+00 -1.652430550822217136e-03
1.595833333333333215e+01 1.012267543519750346e+00 2.013525720709439127e-03
1.597916666666666607e+01 1.011280130814419032e+00 7.563790870579822998e-04
1.600000000000000000e+01 1.007251011316006473e+00 -6.604946245387690847e-04
1.602083333333333215e+01 1.009307059061587131e+00 9.666472677557423317e-04
1.604166666666666430e+01 1.010456667189302493e+00 3.067775930453270870e-03
1.606250000000000000e+01 1.013415648782023615e+00 3.137750822181727779e-04
1.608333333333333215e+01 1.006909050739422273e+00 2.877429590861948594e-04
1.610416666666666430e+01 1.002908145306920629e+00 1.302104086753438960e-03
1.612500000000000000e+01 1.000081028407556083e+00 -1.700862245471046518e-03
1.614583333333333215e+01 1.004192096637396725e+00 -7.043069368127535942e-04
1.616666666666666430e+01 1.001871202106641601e+00 -9.587474160002866551e-04
1.618750000000000000e+01 1.002395467707524634e+00 9.746861615005001462e-04
1.620833333333333215e+01 1.001898135687822267e+00 -2.109698525771339789e-03
1.622916666666666430e+01 1.007123365221805456e+00 4.143879306554984140e-04
1.625000000000000000e+01 1.005581591438774236e+00 -5.993360237499060226e-04
1.627083333333333215e+01 1.001280957959669093e+00 -3.507557160899128020e-04
1.629166666666666430e+01 1.000569993032067506e+00 -6.935918472992933567e-04
1.631250000000000000e+01 1.005328929799654158e+00 1.854547041674479632e-03
1.633333333333333215e+01 1.009137345255044504e+00 -1.076064926948583052e-03
1.635416666666666430e+01 9.981599897529188636e-01 -1.493664961053249368e-03
1.637500000000000000e+01 1.002061837746608397e+00 3.950483635899368611e-04
1.639583333333333215e+01 9.920278485220224152e-01 -7.214525881824794236e-04
1.641666666666666430e+01 9.976609071699764630e-01 6.467461280721708335e-04
1.643750000000000000e+01 9.952996521183432588e-01 -6.847499263643830564e-05
1.645833333333333215e+01 9.969991842861869458e-01 4.936074634117697924e-05
1.647916666666666430e+01 9.996522798814366784e-01 7.188637112573819624e-05
1.650000000000000000e+01 1.003928847908416300e+00 -2.124471733824004772e-03
1.652083333333333215e+01 1.004162194016745335e+00 -2.534336333603164938e-03
1.654166666666666430e+01 1.003084130418790521e+00 2.527091026499922888e-03
1.656250000000000000e+01 1.007074307075801478e+00 -1.474372369235564919e-03
1.658333333333333215e+01 1.006734429667451636e+00 6.512537200410116987e-04
1.660416666666666430e+01 1.002849845467673751e+00 -1.412128108079614176e-03
1.662500000000000000e+01 1.004559345219288247e+00 -1.153531940461248494e-04
1.664583333333333215e+01 1.004353646182275295e+00 -3.362845923991574599e-04
1.666666666666666430e+01 1.011547931874842154e+00 1.818057138215977168e-03
1.668750000000000000e+01 9.995214614459694280e-01 -2.624509228695025070e-04
1.670833333333333215e+01 9.954448715431643002e-01 -1.933329467380667278e-03
1.672916666666666430e+01 9.952750492024512452e-01 -1.790069787660201420e-03
1.675000000000000000e+01 9.987297144662100612e-01 3.733412459350715857e-04
1.677083333333333215e+01 1.000167275182409332e+00 1.088099208953525413e-03
1.679166666666666430e+01 1.006694954753115212e+00 2.518560939064528811e-03
1.681250000000000000e+01 9.994903932375100997e-01 2.665600636794790684e-03
1.683333333333333215e+01 1.004089794729876584e+00 -1.786820861746532367e-03
1.685416666666666430e+01 1.012701369828511000e+00 -1.525827166196073070e-04
1.687500000000000000e+01 1.008009843980109954e+00 -1.536394442304422209e-03
1.689583333333333215e+01 1.009672955158253060e+00 3.458868936743261118e-04
1.691666666666666430e+01 1.015834097784368284e+00 1.003381985486040883e-03
1.693750000000000000e+01 1.013441440941700966e+00 -2.300773627824738259e-03
1.695833333333333215e+01 1.009348448914894059e+00 1.069010284397577983e-03
1.697916666666666430e+01 1.003349830695651423e+00 9.006176342206980269e-04
1.700000000000000000e+01 1.001971427351898036e+00 -3.234212421383362429e-04
1.702083333333333215e+01 9.973625098877733075e-01 -7.578001779414834764e-04
1.704166666666666430e+01 1.002571166421946769e+00 2.079448224573210088e-03
1.706250000000000000e+01 1.000039503400657948e+00 -1.918249186584787677e-04
1.708333333333333215e+01 9.999379989619806564e-01 -1.371512053055072783e-03
1.710416666666666430e+01 1.008933678892071306e+00 1.356840416928236292e-04
1.712500000000000000e+01 1.009357423512549978e+00 1.297208172236035762e-03
1.714583333333333215e+01 1.008933842273036063e+00 8.602890049054228317e-04
1.716666666666666430e+01 1.010757796862478131e+00 -2.461673504061732184e-03
1.718750000000000000e+01 1.011772687267630477e+00 -1.710996373608910087e-03
1.720833333333333215e+01 1.016070429039881873e+00 -5.215104936448927437e-04
1.722916666666666430e+01 1.021887276320918359e+00 1.801712682214780888e-04
1.725000000000000000e+01 1.015209456459578607e+00 1.784818243061023538e-04
1.727083333333333215e+01 1.005928222472812106e+00 -1.584257073644812193e-03
1.729166666666666430e+01 1.008934039913233160e+00 1.144231774329782479e-03
1.731250000000000000e+01 1.009748440677275205e+00 5.856039952056691462e-04
1.733333333333333215e+01 1.003831100086846728e+00 -1.983487834440005298e-03
1.735416666666666430e+01 1.002242372568410866e+00 -1.212887231716955252e-03
1.737500000000000000e+01 1.000534099032598823e+00 -1.482247988372808252e-04
1.739583333333333215e+01 1.005398861609783090e+00 -1.915866665739890526e-03
1.741666666666666430e+01 9.988547442590673953e-01 2.914304279844487434e-05
1.743750000000000000e+01 1.004467702537684914e+00 2.079814976053860273e-04
1.745833333333333215e+01 1.005216718451553692e+00 -5.539818048705052534e-04
1.747916666666666430e+01 1.015502202104508145e+00 7.197017177116316619e-04
1.750000000000000000e+01 1.012216968744103607e+00 2.267399284045757205e-03
1.752083333333333215e+01 1.013775827093567949e+00 -8.292698338586481374e-04
1.754166666666666430e+01 1.005890389666068474e+00 5.942772217893784641e-04
1.756250000000000000e+01 1.008580021734024612e+00 -5.669186700787993277e-04
1.758333333333333215e+01 1.007833874931952645e+00 1.925061085011065942e-03
1.760416666666666430e+01 1.001790846786221989e+00 1.571703402867114267e-03
1.762500000000000000e+01 9.987090052916179905e-01 -5.428485141310345443e-07
1.764583333333333215e+01 9.974073584176537111e-01 -7.714191326045981680e-04
1.766666666666666430e+01 1.005951242085870501e+00 9.828804408213225822e-04
1.768750000000000000e+01 1.000411656717847597e+00 -7.771435073233996218e-05
1.770833333333333215e+01 9.982491717889097060e-01 -1.537931916953937670e-03
1.772916666666666430e+01 1.000510234411727151e+00 -1.258466743085854753e-03
1.775000000000000000e+01 1.001347134031429720e+00 -2.028101415884975636e-04
1.777083333333333215e+01 1.004859727095803290e+00 2.725802003292827642e-03
1.779166666666666430e+01 1.010551980525811189e+00 1.372263160628616396e-03
1.781250000000000000e+01 1.004098759886072223e+00 1.739464436467563291e-03
1.783333333333333215e+01 1.009384465451208523e+00 1.186129927947108869e-03
1.785416666666666430e+01 1.003915257809633754e+00 1.735953908826095909e-03
1.787500000000000000e+01 1.003795631947408840e+00 1.891953284660753123e-03
1.789583333333333215e+01 9.981162711310092028e-01 -1.383796572463469061e-03
1.791666666666666430e+01 9.981572714874229479e-01 7.689932299336048587e-04
1.793750000000000000e+01 1.000489648255030062e+00 7.937382109182238542e-04
1.795833333333333215e+01 9.952381573816191374e-01 6.258714519632447822e-04
1.797916666666666430e+01 9.905847861274651445e-01 5.300028764857980150e-04
1.800000000000000000e+01 9.912153058441828257e-01 -3.157252658107700862e-03
1.802083333333333215e+01 9.983311894681898835e-01 2.333876787019054067e-04
1.804166666666666430e+01 9.968208438456394038e-01 -1.697386037574936382e-03
1.806250000000000000e+01 1.000766112454163359e+00 1.202683101530582733e-03
1.808333333333333215e+01 1.003289367038077362e+00 -6.463437393506191002e-04
1.810416666666666430e+01 1.010328447412641717e+00 -3.429461366008349247e-04
1.812500000000000000e+01 1.012227653811184958e+00 -6.977983411920416499e-05
1.814583333333333215e+01 9.994074306174038913e-01 -2.563436643063284580e-03
1.816666666666666430e+01 9.977408677021907257e-01 -2.185664080544295277e-04
1.818750000000000000e+01 1.005524883265935587e+00 -1.591553340261782183e-03
1.820833333333333215e+01 1.009295293526847548e+00 1.195595300819613828e-03
1.822916666666666430e+01 9.987712371998442862e-01 -6.689577042170221245e-04
1.825000000000000000e+01 9.964873071228230739e-01 -1.429704171177472111e-03
1.827083333333333215e+01 1.002776715552715414e+00 1.548732830684650119e-03
1.829166666666666430e+01 1.003214578387985112e+00 -3.782146318943452605e-04
1.831250000000000000e+01 1.003644656089521137e+00 -1.224322602132809235e-03
1.833333333333333215e+01 9.995742463762322672e-01 -1.387859148092027758e-04
1.835416666666666430e+01 1.007697347480649874e+00 -2.527263969782309874e-04
1.837500000000000000e+01 1.013338112189064999e+00 2.865780572495316733e-04
1.839583333333333215e+01 1.009754456915560095e+00 -1.264844248482845188e-03
1.841666666666666430e+01 1.006310622919589282e+00 1.332626471961180807e-03
1.843750000000000000e+01 1.010502672535278368e+00 3.982778182208677911e-04
1.845833333333333215e+01 1.011140456513308639e+00 2.030723013656433960e-03
1.847916666666666430e+01 1.005186258058011983e+00 6.989246301948823540e-04
1.850000000000000000e+01 1.007579124223488387e+00 -1.231167440394154980e-03
1.852083333333333215e+01 1.006474830374774809e+00 1.324444055774979612e-03
1.854166666666666430e+01 1.008415509315083280e+00 -3.249436592362397167e-04
1.856250000000000000e+01 1.008331951269856308e+00 1.279879100040931094e-04
1.858333333333333215e+01 1.003620099230093654e+00 -3.080656007750806266e-03
1.860416666666666430e+01 1.003914385282625998e+00 -1.569573519366454896e-03
1.862500000000000000e+01 1.009632551127336519e+00 1.718032967784582487e-03
1.864583333333333215e+01 1.013111054718456083e+00 1.381499025936786581e-03
1.866666666666666430e+01 1.008898964441832025e+00 -2.199763432391319776e-03
1.868750000000000000e+01 1.013675308241669404e+00 4.189308802604492510e-04
1.870833333333333215e+01 1.013848626644131778e+00 4.350381503218459043e-04
1.872916666666666430e+01 1.013187053831282380e+00 1.567101396389115973e-03
1.875000000000000000e+01 1.013002996681397816e+00 -1.360251040178661868e-03
1.877083333333333215e+01 1.001651828654485099e+00 -2.173971877666260218e-03
1.879166666666666430e+01 1.008068728394070579e+00 3.939480028150284599e-04
1.881250000000000000e+01 1.006511292598368135e+00 -8.223319393048377250e-04
1.883333333333333215e+01 1.002993402724907668e+00 -7.313111953988248384e-04
1.885416666666666430e+01 9.983871410518043721e-01 -1.115699367835659879e-03
1.887500000000000000e+01 1.004283892723904392e+00 1.563440352476676027e-03
1.889583333333333215e+01 1.004708589294384558e+00 -1.071312637889396948e-03
1.891666666666666430e+01 1.002736298616524246e+00 1.218801957495464468e-03
1.893750000000000000e+01 1.006742410036831625e+00 7.852798936127813748e-04
1.895833333333333215e+01 1.011270122851921638e+00 -8.095342894242580972e-04
1.897916666666666430e+01 1.010143720714041127e+00 1.238597904045861094e-03
1.900000000000000000e+01 1.014119913508687576e+00 1.602397343167244817e-03
1.902083333333333215e+01 1.013281501317399469e+00 4.663215735801993513e-04
1.904166666666666430e+01 1.007226717504380087e+00 -2.720579814393421503e-04
1.906250000000000000e+01 1.005276597936071381e+00 9.681914750584494746e-04
1.908333333333333215e+01 1.011943821717671277e+00 -9.152486874100712643e-04
1.910416666666666430e+01 1.006441716775794637e+00 6.403099244872162031e-04
1.912500000000000000e+01 1.001892339304551349e+00 1.942430502495517833e-03
1.914583333333333215e+01 1.003561931114585137e+00 -1.663636548667370672e-03
1.916666666666666430e+01 9.987534421738765156e-01 -2.241313223442840605e-03
1.918750000000000000e+01 1.002379270232787833e+00 9.326928416140290584e-04
1.920833333333333215e+01 9.938443982638697216e-01 -1.086674113818485166e-03
1.922916666666666430e+01 9.951533573005973965e-01 -5.522084203606312820e-04
1.925000000000000000e+01 1.003088426417425572e+00 2.068950217063133320e-04
1.927083333333333215e+01 1.009408633758441809e+00 -7.572766819863354379e-04
1.929166666666666430e+01 1.007292121703889043e+00 1.740623385653863669e-04
1.931250000000000000e+01 1.004484511776365663e+00 -1.213925228715319934e-03
1.933333333333333215e+01 1.001399278014482919e+00 -6.491977076977997882e-04
1.935416666666666430e+01 1.004166946463162180e+00 -9.197379936200628353e-05
1.937500000000000000e+01 1.004133558665766701e+00 7.096538686831992430e-04
1.939583333333333215e+01 1.003712967873614748e+00 -5.051732542026286018e-04
1.941666666666666430e+01 1.005701576179325096e+00 4.433038508987606117e-04
1.943750000000000000e+01 9.960851224364069001e-01 7.761143562448032454e-04
1.945833333333333215e+01 9.975616836560952105e-01 6.494825438528610204e-04
1.947916666666666430e+01 9.913555718492461644e-01 -1.242048838415793163e-04
1.950000000000000000e+01 9.927268040522869708e-01 1.653117364484472072e-03
1.952083333333333215e+01 9.993310774046106904e-01 -9.501510007468515727e-04
1.954166666666666430e+01 1.000560580874589656e+00 1.332585719487295326e-03
1.956250000000000000e+01 9.992378808268680412e-01 1.265896009385413315e-03
1.958333333333333215e+01 1.005811883144987595e+00 1.137597494338568301e-03
1.960416666666666430e+01 1.008365964834428974e+00 -6.192559673802334064e-04
1.962500000000000000e+01 1.006755059278508613e+00 1.229717179552787965e-03
1.964583333333333215e+01 1.005172233776397084e+00 6.253676705489176523e-04
1.966666666666666430e+01 1.002646107378156515e+00 -1.377814575382587704e-03
1.968750000000000000e+01 1.003968354873062907e+00 -3.607722519243212285e-04
1.970833333333333215e+01 1.011387444332965346e+00 -1.616675294868689505e-03
1.972916666666666430e+01 1.004221015407012363e+00 5.017792258813180391e-04
1.975000000000000000e+01 9.973564696861195733e-01 1.774894445521544087e-03
1.977083333333333215e+01 9.979000813166301054e-01 1.185938903056039983e-03
1.979166666666666430e+01 1.006859123867127170e+00 -1.217845835428423224e-03
1.981250000000000000e+01 1.005454017504259001e+00 -1.225375391050707342e-03
1.983333333333333215e+01 1.004912962466688597e+00 -2.064743285354934358e-04
1.985416666666666430e+01 1.007198998823140013e+00 -1.588223495687798793e-04
1.987500000000000000e+01 1.013632980332425770e+00 9.593161801172871758e-04
1.989583333333333215e+01 1.013848879957577998e+00 -3.705619234933312228e-04
1.991666666666666430e+01 1.004995525851041016e+00 1.439029805382814565e-03
1.993750000000000000e+01 1.006479752726455734e+00 -6.277545212932258241e-04
1.995833333333333215e+01 1.009151642289741968e+00 1.331081342160333721e-03
1.997916666666666430e+01 1.014048596599381291e+00 -1.775209522227999374e-03
2.000000000000000000e+01 1.010445642470203964e+00 -6.526260817054134944e-04
2.002083333333333215e+01 1.001079806287168195e+00 8.738934928759885745e-05
2.004166666666666430e+01 1.008291667546373782e+00 1.074874956852395246e-03
2.006250000000000000e+01 1.006726279243541633e+00 6.973351139288333717e-04
2.008333333333333215e+01 1.000096940562036574e+00 -1.040995181727479924e-03
2.010416666666666430e+01 1.006418846663846178e+00 -1.584768181266984349e-03
2.012500000000000000e+01 1.007759823440693037e+00 1.365590488376889163e-05
2.014583333333333215e+01 1.014503187390054961e+00 -6.604535336806649276e-05
2.016666666666666430e+01 1.014215580822607876e+00 -4.458621591741577898e-04
2.018750000000000000e+01 1.010792372491813307e+00 1.571276012081040206e-05
2.020833333333333215e+01 1.007642581030274265e+00 -1.615951749232235300e-03
2.022916666666666430e+01 1.007404404967533473e+00 6.815113889811054513e-04
2.025000000000000000e+01 1.011364528302773680e+00 1.283664776466137379e-03
2.027083333333333215e+01 1.010430626463601156e+00 -1.066167154955100210e-03
2.029166666666666430e+01 1.007105054116435916e+00 -1.021352240094794851e-03
2.031250000000000000e+01 1.008419879832268995e+00 1.579079556992293160e-03
2.033333333333333215e+01 1.005051027700226474e+00 1.381860324210442510e-03
2.035416666666666430e+01 9.944569493293075046e-01 -9.474020442967055929e-04
2.037500000000000000e+01 9.986123682702064963e-01 -8.061273530897950478e-04
2.039583333333333215e+01 9.979716330244478018e-01 -2.138941095736853447e-03
2.041666666666666430e+01 1.002636055380476066e+00 6.575963450246533623e-04
2.043750000000000000e+01 1.006990182894771602e+00 2.932675201000874512e-04
2.045833333333333215e+01 1.002563476720750080e+00 7.903985175265634778e-05
2.047916666666666430e+01 1.007445565548620081e+00 2.860190779545211236e-03
2.050000000000000000e+01 1.007037214439489015e+00 -1.818065934082216905e-04
2.052083333333333215e+01 1.014543431601976797e+00 -1.017606145248652272e-04
2.054166666666666430e+01 1.006145924489989518e+00 3.637672247862222172e-04
2.056250000000000000e+01 1.004513792188665322e+00 -1.906653541645369088e-04
2.058333333333333215e+01 1.005865258508949811e+00 1.428778320863296775e-03
2.060416666666666430e+01 1.000153936003251198e+00 -1.604672537467929667e-04
2.062500000000000000e+01 9.962136321166242814e-01 2.072922280559727406e-04
2.064583333333333215e+01 9.905972297637045676e-01 2.859853846329602628e-03
2.066666666666666430e+01 9.923541304812125707e-01 -6.702572969092803140e-04
2.068750000000000000e+01 9.909756071346393913e-01 -1.441835050691617822e-03
2.070833333333333215e+01 9.975243322960634096e-01 2.508576050035256854e-04
2.072916666666666430e+01 1.000679755504254809e+00 -7.160582715065147473e-04
2.075000000000000000e+01 9.995599036593162401e-01 -7.383521541851120057e-04
2.077083333333333215e+01 1.004653370699299941e+00 3.279811799436779351e-04
2.079166666666666430e+01 1.006001606722624286e+00 1.115216255326979648e-03
2.081250000000000000e+01 1.000943876021861412e+00 -1.862783615008960876e-03
2.083333333333333215e+01 1.003730803502360214e+00 -1.993238763829575260e-04
2.085416666666666430e+01 1.011940449563215605e+00 -2.563363394132102749e-03
2.087500000000000000e+01 1.010287723019370087e+00 1.190592465240916187e-03
2.089583333333333215e+01 1.000877012841437264e+00 -1.251740342530562825e-03
2.091666666666666430e+01 9.939718090941979112e-01 8.401745416181069818e-04
2.093750000000000000e+01 1.003165235380347742e+00 2.275669195039021087e-03
2.095833333333333215e+01 9.980696115122433820e-01 1.706335658599252405e-03
2.097916666666666430e+01 9.905384439100168859e-01 5.492052784182557736e-04
2.100000000000000000e+01 9.945438354104857437e-01 -2.461924010754177813e-03
2.102083333333333215e+01 1.000276133140641566e+00 2.381062222098007282e-03
2.104166666666666430e+01 1.003379370366317413e+00 -5.021148191633914267e-04
2.106250000000000000e+01 9.979445215517653844e-01 1.011200421817312492e-03
2.108333333333333215e+01 1.005591583105279518e+00 -6.156063740869538925e-04
2.110416666666666430e+01 1.005655624504010248e+00 -2.873259893260814569e-04
2.112500000000000000e+01 1.009964579970943799e+00 2.027593067315567026e-03
2.114583333333333215e+01 1.014765407490846760e+00 -2.062918086833488707e-03
2.116666666666666430e+01 1.010251963370364159e+00 -1.533237285636893489e-03
2.118750000000000000e+01 1.008176559614258005e+00 -3.574312220534480171e-04
2.120833333333333215e+01 1.011209164731541099e+00 1.329446250505464215e-03
2.122916666666666430e+01 1.001324112139401867e+00 -3.119548474713868674e-03
2.125000000000000000e+01 1.003608501947182319e+00 1.580512539681421576e-03
2.127083333333333215e+01 1.000136720521619393e+00 -5.105049356818968211e-04
2.129166666666666430e+01 1.004919590468894119e+00 8.755685574864367510e-04
2.131250000000000000e+01 1.008945115467267728e+00 3.292494339922280838e-03
2.133333333333333215e+01 1.009171843917783695e+00 6.462977462655854557e-04
2.135416666666666430e+01 1.006539382975185859e+00 1.381858666989497619e-03
2.137500000000000000e+01 1.007462653123601726e+00 1.731694583710007614e-03
2.139583333333333215e+01 1.009015585091405098e+00 -3.638910010448438205e-04
2.141666666666666430e+01 1.013604060854450983e+00 1.899968103304432642e-04
2.143750000000000000e+01 1.010458844653248534e+00 -2.000496387269116072e-04
2.145833333333333215e+01 1.011281920357425257e+00 2.821396971301620184e-04
2.147916666666666430e+01 1.017354668168789500e+00 -3.649075314073068656e-04
2.150000000000000000e+01 1.014497050720945648e+00 -6.394475410036790488e-04
2.152083333333333215e+01 1.010082689892160657e+00 -7.453885931298449754e-04
2.154166666666666430e+01 9.985798823849629802e-01 9.654174405541209513e-04
2.156250000000000000e+01 1.008200960471507868e+00 -1.657386197330602655e-03
2.158333333333333215e+01 1.010621187339356020e+00 1.395716662972594274e-04
2.160416666666666430e+01 1.007258086686440457e+00 1.725483851543059251e-03
2.162500000000000000e+01 1.008815950052735833e+00 -1.729687832464057258e-03
2.164583333333333215e+01 1.004614137048898792e+00 -2.191972801367181312e-03
2.166666666666666430e+01 1.009813676928690285e+00 8.522836581507785714e-04
2.168750000000000000e+01 1.006939420262985552e+00 -9.960216904350833837e-04
2.170833333333333215e+01 1.007114712572760418e+00 -9.099126538157492877e-04
2.172916666666666430e+01 1.008381790829116387e+00 8.039164993878984439e-04
2.175000000000000000e+01 1.014679818498721797e+00 3.907912310227797158e-04
2.177083333333333215e+01 1.014869431348413675e+00 -8.473240657007537506e-04
2.179166666666666430e+01 1.007170225427650889e+00 -4.099578537960633820e-04
2.181250000000000000e+01 1.004331556623712318e+00 -1.848477029079912152e-03
2.183333333333333215e+01 1.002394113949329313e+00 -7.295350159982582879e-04
2.185416666666666430e+01 1.008366421077243835e+00 -9.655169052708542676e-05
2.187500000000000000e+01 1.000115514757512925e+00 6.910084403714640208e-04
2.189583333333333215e+01 1.001583278896483131e+00 7.404075237804840469e-04
2.191666666666666430e+01 1.006038246441235406e+00 2.179536377491571569e-03
2.193750000000000000e+01 1.005255611918730141e+00 -8.365851096560987499e-05
2.195833333333333215e+01 1.004680933524374264e+00 1.252664787692740582e-03
2.197916666666666430e+01 1.001727249990669311e+00 3.445469252567665941e-04
2.200000000000000000e+01 1.009711960336784120e+00 -1.226001063354348461e-03
2.202083333333333215e+01 1.011766522115338462e+00 4.041015008594515956e-04
2.204166666666666430e+01 1.010769014900252616e+00 4.448319541118909179e-04
2.206250000000000000e+01 1.003364178106101567e+00 8.510972658549210718e-04
2.208333333333333215e+01 1.004271672428150852e+00 6.257784481672241548e-04
2.210416666666666430e+01 1.005028693063019896e+00 1.722549866566384924e-04
2.212500000000000000e+01 1.000420329051350476e+00 -1.110954115582019584e-03
2.214583333333333215e+01 9.927883926131957359e-01 -3.767813297461961920e-04
2.216666666666666430e+01 9.939806856230870569e-01 3.662413796024568415e-04
2.218750000000000000e+01 9.989160365680131992e-01 8.179937671082137965e-04
2.220833333333333215e+01 1.000920846870314129e+00 1.023431562975927155e-03
2.222916666666666430e+01 9.942552614576694037e-01 4.574756511950834725e-04
2.225000000000000000e+01 1.001286697250405977e+00 8.023450364746940230e-04
2.227083333333333215e+01 1.000705762001481425e+00 1.797346303821533483e-03
2.229166666666666430e+01 1.006449289314157891e+00 2.626047058282797160e-04
2.231250000000000000e+01 1.006114587360340762e+00 -6.654712027512652657e-04
2.233333333333333215e+01 1.006565455392365971e+00 -1.771154342635684409e-03
2.235416666666666430e+01 1.012874062574833367e+00 4.705808434779199125e-05
2.237500000000000000e+01 1.005827606747902614e+00 7.785682374970358081e-04
2.239583333333333215e+01 1.002055349966729736e+00 -4.672233336629900958e-04
2.241666666666666430e+01 9.946227758722480106e-01 1.850221810090496620e-03
2.243750000000000000e+01 9.950795435141885914e-01 -1.085321321734989113e-03
2.245833333333333215e+01 1.003656457505952115e+00 -4.681106608927499660e-04
2.247916666666666430e+01 9.987057492586658425e-01 -5.594153788272726889e-05
2.250000000000000000e+01 9.959197621535397227e-01 -1.558056492487239512e-03
2.252083333333333215e+01 9.915745454403765979e-01 1.250590482100324930e-03
2.254166666666666430e+01 9.988909204657463459e-01 -9.520391134805435487e-04
2.256250000000000000e+01 1.003963492182133654e+00 -1.495645293336445719e-03
2.258333333333333215e+01 1.003282744728594356e+00 -2.307986334698960539e-03
2.260416666666666430e+01 1.006161599203943879e+00 1.127592955635660626e-03
2.262500000000000000e+01 1.015069241897621710e+00 1.570548830424500168e-03
2.264583333333333215e+01 1.017763109068134497e+00 -1.298066911765476984e-03
2.266666666666666430e+01 1.012646791190112472e+00 -1.815940063673951574e-03
2.268750000000000000e+01 1.005252732915465019e+00 -6.011043796258395359e-04
2.270833333333333215e+01 1.002213825376877754e+00 -5.491776183636026224e-05
2.272916666666666430e+01 1.011844969610323997e+00 -7.125695409910371520e-04
2.275000000000000000e+01 1.002347343075604691e+00 5.600545753436161076e-04
2.277083333333333215e+01 1.004136015897139966e+00 -1.370624311575491076e-03
2.279166666666666430e+01 1.001104754890137727e+00 2.541040771892171760e-03
2.281250000000000000e+01 1.001674763565637782e+00 4.115248935472139483e-04
2.283333333333333215e+01 1.005687958587260011e+00 1.231788935308075934e-03
2.285416666666666430e+01 9.997743856920051631e-01 -5.386121721803687574e-04
2.287500000000000000e+01 1.007182778607297546e+00 1.173205114324585470e-03
2.289583333333333215e+01 1.008942338977475428e+00 2.052095818533263612e-03
2.291666666666666430e+01 1.018337809846965536e+00 -9.281724928054445670e-04
2.293750000000000000e+01 1.019375426920915428e+00 1.454686430796180369e-04
2.295833333333333215e+01 1.010786820796239605e+00 1.234389331391076488e-03
2.297916666666666430e+01 1.018591591527924223e+00 5.031261475875811609e-04
2.300000000000000000e+01 1.016061344619872298e+00 -1.068374894957908319e-03
2.302083333333333215e+01 1.005436999866126113e+00 -5.966932881294064296e-04
2.304166666666666430e+01 1.010795814724550379e+00 7.196403880964950600e-04
2.306250000000000000e+01 1.012126928949747651e+00 4.045042764490513966e-04
2.308333333333333215e+01 1.007903363189217361e+00 -8.356061959749899477e-04
2.310416666666666430e+01 1.005067243063711091e+00 4.058202719585284383e-04
2.312500000000000000e+01 1.001183423851854659e+00 -2.787861564546668513e-03
2.314583333333333215e+01 9.950897770104769613e-01 8.380224469113179916e-05
2.316666666666666430e+01 1.005652577089528599e+00 1.191364820932282317e-03
2.318750000000000000e+01 1.012035006747370680e+00 1.159236503060861534e-03
2.320833333333333215e+01 1.008434257396271017e+00 -5.471018245613382949e-04
2.322916666666666430e+01 1.012541263124542290e+00 3.053956011994045220e-04
2.325000000000000000e+01 1.017431700742951861e+00 2.742596392402090019e-04
2.327083333333333215e+01 1.007211619615140386e+00 -1.608176619747985197e-04
2.329166666666666430e+01 1.003560587733055565e+00 -1.035023234512079176e-03
2.331250000000000000e+01 1.002969298555121735e+00 -1.825946584524079696e-03
2.333333333333333215e+01 1.007881827352563819e+00 -8.109007039984099472e-04
2.335416666666666430e+01 1.009403277065657578e+00 -1.615572095679788760e-03
2.337500000000000000e+01 1.002955633647020228e+00 -2.746145494557529661e-03
2.339583333333333215e+01 9.964635245702686550e-01 1.374363040779125276e-03
2.341666666666666430e+01 9.956645534550911947e-01 -1.992351980911733628e-03
2.343750000000000000e+01 1.004307251273468315e+00 -1.011702183741202549e-03
2.345833333333333215e+01 9.991161826190403383e-01 -1.032149392811404281e-03
2.347916666666666430e+01 9.996730096805136467e-01 -2.437171460278163802e-03
2.350000000000000000e+01 1.005580235527967270e+00 1.354652390159205046e-04
2.352083333333333215e+01 1.006778389893615344e+00 -2.439863647741336711e-03
2.354166666666666430e+01 1.005487743538146850e+00 1.898128838340828409e-03
2.356250000000000000e+01 1.006910763668698472e+00 -2.081018043022589848e-03
2.358333333333333215e+01 1.000753179360016398e+00 -1.339603899436350460e-03
2.360416666666666430e+01 1.000157479022148355e+00 -5.607911655779280417e-04
2.362500000000000000e+01 1.003420805951401595e+00 -5.220705065719467375e-04
2.364583333333333215e+01 1.004490243490318679e+00 -3.542446740350054684e-04
2.366666666666666430e+01 9.971578545080127531e-01 1.063962720911293012e-03
2.368750000000000000e+01 9.980252542599208354e-01 1.405442127794022779e-03
2.370833333333333215e+01 1.000780291463173599e+00 2.746028600991119468e-03
2.372916666666666430e+01 9.999264396663942733e-01 -1.538629960482549956e-03
2.375000000000000000e+01 9.915029998768097874e-01 1.334892317853697856e-03
2.377083333333333215e+01 9.985392974452006465e-01 8.918347416785456054e-04
2.379166666666666430e+01 1.005459208010175187e+00 -3.216030864530521863e-04
2.381250000000000000e+01 1.008618485931607189e+00 -1.583785179031626860e-03
2.383333333333333215e+01 1.006752680742028394e+00 3.110299668883112923e-03
2.385416666666666430e+01 1.005189375004983177e+00 1.608560863224537622e-03
2.387500000000000000e+01 1.002726175822501453e+00 -2.155486098274449636e-03
2.389583333333333215e+01 1.002252227487815173e+00 2.009176672433098457e-03
2.391666666666666430e+01 1.002994858220544350e+00 6.889878120088876014e-04
2.393750000000000000e+01 9.986331626162934239e-01 4.001056626368728816e-04
2.395833333333333215e+01 1.005456403130680521e+00 1.102680165316532578e-03
2.397916666666666430e+01 1.002537219697112736e+00 -6.675036763964120341e-04
2.400000000000000000e+01 9.983307982583189411e-01 -7.271398585361686087e-05
2.402083333333333215e+01 9.977666810056625701e-01 1.300164465531937789e-03
2.404166666666666430e+01 9.971614918225339963e-01 -1.370858591804388453e-03
2.406250000000000000e+01 1.005244652381859671e+00 -1.642003032087952907e-03
2.408333333333333215e+01 1.009305347026679955e+00 -2.049303783978471700e-03
2.410416666666666430e+01 1.010693665565987276e+00 1.032349061084618380e-03
2.412500000000000000e+01 1.012711058236539063e+00 -1.263525180287124574e-03
2.414583333333333215e+01 1.013880042143890714e+00 -3.792201780259464063e-04
2.416666666666666430e+01 1.013660736791437644e+00 -5.734156212840733121e-04
2.418750000000000000e+01 1.007701980489062121e+00 8.002010823360490620e-04
2.420833333333333215e+01 1.007666991176323634e+00 5.035944454472561244e-04
2.422916666666666430e+01 1.008230625295317262e+00 -9.787041808178003482e-04
2.425000000000000000e+01 1.011666175779296628e+00 1.818958373549382475e-03
2.427083333333333215e+01 1.001686364050292211e+00 5.875709840748056254e-04
2.429166666666666430e+01 9.977875435351903910e-01 4.818878500636452505e-04
2.431250000000000000e+01 9.995145049966920325e-01 -5.057443830587452340e-04
2.433333333333333215e+01 1.005383207770293330e+00 -3.878692672945493916e-04
2.435416666666666430e+01 1.003910757391288211e+00 -2.838417329680333360e-04
2.437500000000000000e+01 1.006124960775969024e+00 6.145721889954592807e-05
2.439583333333333215e+01 1.008300175751209782e+00 5.742995551307770790e-04
2.441666666666666430e+01 1.011422465895026157e+00 5.781548677514611757e-04
2.443750000000000000e+01 1.017343000924294749e+00 -2.900170036042076967e-04
2.445833333333333215e+01 1.012140301658734032e+00 -1.260582713391592761e-04
2.447916666666666430e+01 1.006668125058217456e+00 9.194488148286342633e-04
2.450000000000000000e+01 1.011203022603492485e+00 1.540430966440017174e-03
2.452083333333333215e+01 1.015324036502111893e+00 1.608467362696111569e-03
2.454166666666666430e+01 1.006777011883691619e+00 -1.282444051228213988e-06
2.456250000000000000e+01 9.996739333957024298e-01 -1.568318451107655973e-03
2.458333333333333215e+01 1.003738735456621622e+00 2.331331785907557420e-04
2.460416666666666430e+01 9.990431844832390329e-01 2.400523778945666705e-04
2.462500000000000000e+01 9.971758617379674616e-01 1.329262973679224487e-04
2.464583333333333215e+01 9.989705944769414758e-01 6.780849783077068935e-04
2.466666666666666430e+01 1.000326008161684266e+00 -6.001016261347109394e-04
2.468750000000000000e+01 1.007508987371668940e+00 1.748981901169536384e-04
2.470833333333333215e+01 1.007879742867433981e+00 -2.889989560790038898e-03
2.472916666666666430e+01 1.006209548789885888e+00 2.266561354167114743e-03
2.475000000000000000e+01 1.002967284227616496e+00 6.554403021781561676e-05
2.477083333333333215e+01 1.011574662269069780e+00 -3.774476980278078028e-04
2.479166666666666430e+01 1.010880965178415414e+00 6.789398965557011389e-04
2.481250000000000000e+01 1.011041263323093409e+00 -2.913264428227901100e-04
2.483333333333333215e+01 1.003840998622895997e+00 -8.984425925747559216e-04
2.485416666666666430e+01 1.000847615693274406e+00 1.070784523441190104e-03
2.487500000000000000e+01 9.977776535590355822e-01 9.444434388523854180e-05
2.489583333333333215e+01 9.901450045186320770e-01 -8.403305502763478438e-04
2.491666666666666430e+01 9.873241854584479116e-01 8.852253570483119326e-04
2.493750000000000000e+01 9.732692148508266250e-01 5.746340304549732610e-04
2.495833333333333215e+01 9.519090622991073225e-01 4.914888356448921447e-04
2.497916666666666430e+01 9.151910844753904373e-01 -3.649013228230694864e-04
2.500000000000000000e+01 8.747525200623426089e-01 1.368455947125539864e-03
2.502083333333333215e+01 8.487017596089670990e-01 -1.123224448938280572e-03
2.504166666666666430e+01 8.254198817761704277e-01 1.069000899551987007e-03
2.506250000000000000e+01 8.174427007537924394e-01 1.924656125742680874e-03
2.508333333333333215e+01 8.230452600990404433e-01 -1.139004297319657060e-03
2.510416666666666430e+01 8.413881430728055166e-01 2.975006316214010905e-04
2.512500000000000000e+01 8.672142689879192012e-01 -2.251137525013061514e-03
2.514583333333333215e+01 9.011272009079015488e-01 4.683767280863234664e-05
2.516666666666666430e+01 9.334827613727261220e-01 -2.149136600000958047e-03
2.518750000000000000e+01 9.600401194514224246e-01 -1.680489082640945590e-03
2.520833333333333215e+01 9.839449753806163157e-01 2.512495881094554419e-04
2.522916666666666430e+01 9.966091193010339078e-01 1.359828284515746241e-03
2.525000000000000000e+01 9.886107316374854737e-01 6.324307663096510575e-04
2.527083333333333215e+01 9.924598150277291753e-01 -2.788446937080886283e-04
2.529166666666666430e+01 9.921328452382949248e-01 -9.911660201104293029e-04
2.531250000000000000e+01 9.970566513678121856e-01 1.740309468234078026e-05
2.533333333333333215e+01 9.969191875052620944e-01 3.035397726254840996e-03
2.535416666666666430e+01 9.977065829456061019e-01 1.781628003753153115e-03
2.537500000000000000e+01 1.002612592832236027e+00 -1.686557958735776302e-03
2.539583333333333215e+01 1.006595029246825090e+00 -9.044393309292847807e-04
2.541666666666666430e+01 1.005068134168331850e+00 -1.815712508953949006e-03
2.543750000000000000e+01 9.982046524040526503e-01 6.971687461830039121e-04
2.545833333333333215e+01 9.990248032792784505e-01 -3.749346624959556083e-04
2.547916666666666430e+01 9.977657565185391597e-01 -1.948831653469886320e-03
2.550000000000000000e+01 9.939158715105760322e-01 -2.323789089536383665e-04
2.552083333333333215e+01 9.972700634038341727e-01 -6.240557024041260611e-04
2.554166666666666430e+01 9.997357823005845745e-01 -1.350716755829035713e-03
2.556250000000000000e+01 1.000877494618340968e+00 -4.601999534504400222e-04
2.558333333333333215e+01 1.007180615299829496e+00 1.082601914629301642e-03
2.560416666666666430e+01 1.008711097838339343e+00 -1.185938743398568494e-03
2.562500000000000000e+01 1.002399928009741092e+00 -4.657431682471683296e-04
2.564583333333333215e+01 1.006325350801628549e+00 -1.810161216448111622e-03
2.566666666666666430e+01 1.011657521385803227e+00 -5.317314389206735919e-04
2.568750000000000000e+01 1.009819778049505956e+00 1.714517260739210859e-03
2.570833333333333215e+01 1.007487471433508031e+00 6.796859691332649261e-04
2.572916666666666430e+01 1.004124555251115325e+00 -9.056970779363718868e-04
2.575000000000000000e+01 1.005895104089883585e+00 -7.657512203804988510e-04
2.577083333333333215e+01 1.002348978735911667e+00 1.578739922464381801e-03
2.579166666666666430e+01 1.003051861708827319e+00 -1.662540438682251172e-04
2.581250000000000000e+01 1.000948131135347863e+00 -6.432632886290023553e-04
2.583333333333333215e+01 1.008882553269881965e+00 1.452043859648147238e-03
2.585416666666666430e+01 1.007145737275545017e+00 -4.926873402670906617e-04
2.587500000000000000e+01 1.008585694049058512e+00 -8.851737915572815843e-04
2.589583333333333215e+01 1.008527895697874488e+00 5.478522605192664638e-04
2.591666666666666430e+01 1.012071908970950451e+00 -1.598308858223421256e-03
2.593750000000000000e+01 1.013110668612806409e+00 -4.983182041911388051e-04
2.595833333333333215e+01 1.014792755007300595e+00 -9.322508809906885231e-04
2.597916666666666430e+01 1.013717989279067089e+00 2.386282345989779998e-04
