0.000000000000000000e+00 9.781695290267369280e-01 -1.725662486290677417e-03
2.083333333333333218e-02 9.943811344111727069e-01 1.366918884550579003e-03
4.166666666666666435e-02 1.007044408274228697e+00 -2.446519076564823356e-03
6.250000000000000000e-02 1.009670215048683373e+00 -9.872298348316400733e-04
8.333333333333332871e-02 1.015783074390929963e+00 3.066470070203725605e-03
1.041666666666666574e-01 1.010142598887841858e+00 1.874166269728432270e-04
1.250000000000000000e-01 1.004794807008957847e+00 1.016830048720396241e-03
1.458333333333333148e-01 9.995097743265652923e-01 2.145581316930880982e-03
1.666666666666666574e-01 9.974677283304423936e-01 -1.689537149288328514e-03
1.875000000000000000e-01 9.878168356552642360e-01 1.166457006988223886e-04
2.083333333333333148e-01 9.921863020951341428e-01 -1.735634338709285450e-03
2.291666666666666574e-01 1.001880991821244571e+00 7.069783682343589457e-04
2.500000000000000000e-01 1.008674977363783087e+00 1.775182538984447121e-05
2.708333333333333148e-01 1.010705786429178188e+00 -4.572241923035441131e-05
2.916666666666666297e-01 1.010533464683868399e+00 -1.015591410816303435e-03
3.125000000000000000e-01 1.009719955357798460e+00 1.686161742794768659e-03
3.333333333333333148e-01 1.008012678531802653e+00 -1.038483628241650743e-03
3.541666666666666297e-01 9.946702433818280786e-01 1.596441673241289633e-03
3.750000000000000000e-01 9.737149394251939372e-01 -2.858297940117362525e-03
3.958333333333333148e-01 9.710865102026797757e-01 2.483559049219948630e-03
4.166666666666666297e-01 9.923804428730378380e-01 2.781241024243849818e-04
4.375000000000000000e-01 1.023070287360960506e+00 -7.036279479939361358e-04
4.583333333333333148e-01 1.038176210240284503e+00 1.240898161732257839e-03
4.791666666666666297e-01 1.017451362578042140e+00 -4.198287751372059605e-04
5.000000000000000000e-01 9.924205335147915363e-01 -1.668052229391603098e-03
5.208333333333332593e-01 9.817749053715938423e-01 4.090583609856617313e-04
5.416666666666666297e-01 9.912370238975389825e-01 -5.548319463577570118e-04
5.625000000000000000e-01 9.981419237762320096e-01 -1.637452502563301699e-03
5.833333333333332593e-01 1.004376793975060522e+00 3.064204021730021054e-04
6.041666666666666297e-01 9.992930380630340448e-01 -9.617256460299892411e-04
6.250000000000000000e-01 9.873723628641019046e-01 5.750136537875414440e-04
6.458333333333332593e-01 9.892152435199290661e-01 -1.663389150224267631e-03
6.666666666666666297e-01 1.002347194773528738e+00 3.296939482752230910e-05
6.875000000000000000e-01 1.007852610597253173e+00 -1.960668504124873836e-03
7.083333333333332593e-01 1.015389256942318408e+00 6.383456478137625005e-04
7.291666666666666297e-01 1.012502323751392597e+00 2.320656271706877851e-03
7.500000000000000000e-01 9.953040918735801545e-01 1.092642932122547773e-03
7.708333333333332593e-01 9.974755969564734759e-01 1.076827465643004226e-03
7.916666666666666297e-01 9.998673685386204601e-01 -1.558359985061835967e-03
8.125000000000000000e-01 1.009311614511410715e+00 -6.661380619294883770e-04
8.333333333333332593e-01 1.006198425399302598e+00 -4.682278544030768139e-04
8.541666666666666297e-01 9.924336906742791120e-01 -1.537432315890148058e-04
8.750000000000000000e-01 9.793520096063501601e-01 1.704847274697964248e-03
8.958333333333332593e-01 9.811822517403518962e-01 1.462027055706366678e-03
9.166666666666666297e-01 1.009524889819227500e+00 1.672488326970310388e-03
9.375000000000000000e-01 1.016261384031730719e+00 -2.876738387379553993e-04
9.583333333333332593e-01 1.013525714696917657e+00 -3.124417508120736452e-03
9.791666666666666297e-01 9.984981684822102910e-01 7.785141747791081857e-04
1.000000000000000000e+00 9.980433322316134559e-01 4.569789319550842592e-04
1.020833333333333259e+00 1.002259050811909580e+00 -6.311446416707953153e-04
1.041666666666666519e+00 1.008990807890852492e+00 -1.810107802082141625e-03
1.062500000000000000e+00 1.004273511165274968e+00 1.171377684972511575e-03
1.083333333333333259e+00 9.906390477811813922e-01 5.795629847372435082e-04
1.104166666666666519e+00 9.830857456370677427e-01 -8.351176239000631708e-05
1.125000000000000000e+00 9.884721724857612468e-01 -4.337070498353851945e-04
1.145833333333333259e+00 1.010008654344715318e+00 7.022984306501639301e-05
1.166666666666666519e+00 1.010269964514712404e+00 3.068720192970786961e-03
1.187500000000000000e+00 1.009852187189894668e+00 -2.003451363703099598e-03
1.208333333333333259e+00 9.948181726495947119e-01 2.034405397292584283e-04
1.229166666666666519e+00 9.936636502723960040e-01 -1.631182809574332603e-03
1.250000000000000000e+00 9.917726276914065053e-01 -6.882308587394310884e-04
1.270833333333333259e+00 1.003733623892679727e+00 -1.033820421572829128e-03
1.291666666666666519e+00 1.015476001869364264e+00 1.847781368388378559e-03
1.312500000000000000e+00 1.013716993617309825e+00 -1.520899204188316898e-03
1.333333333333333259e+00 1.000865949535789001e+00 1.453515523151840917e-04
1.354166666666666519e+00 9.938283918831012365e-01 2.264198843722743833e-03
1.375000000000000000e+00 9.914308236971877131e-01 -6.076693347724406976e-04
1.395833333333333259e+00 1.002070356732683853e+00 -2.005251923513565583e-04
1.416666666666666519e+00 1.005671203999117802e+00 3.745969333690069643e-04
1.437500000000000000e+00 9.998263742925105335e-01 -9.312429025826238606e-04
1.458333333333333259e+00 9.828168847464096025e-01 2.205458388632992688e-04
1.479166666666666519e+00 9.770403476991307290e-01 -7.528822108394913389e-04
1.500000000000000000e+00 9.933338140805303418e-01 2.301727520239965196e-04
1.520833333333333259e+00 1.012863073138212444e+00 -2.668737636456702355e-04
1.541666666666666519e+00 1.026981862904108533e+00 -6.284359021613934379e-04
1.562500000000000000e+00 1.023260334506933100e+00 -1.394410692965243137e-03
1.583333333333333259e+00 1.002436804986964969e+00 2.189725867547916757e-04
1.604166666666666519e+00 9.959618030394281618e-01 -1.528654451601281061e-03
1.625000000000000000e+00 9.977402652698207364e-01 -8.263942986807275466e-04
1.645833333333333259e+00 9.826265704888210717e-01 1.456836969983115945e-03
1.666666666666666519e+00 9.838224298538668089e-01 1.118040413403550645e-04
1.687500000000000000e+00 9.863014791851826280e-01 -4.695692908375730221e-04
1.708333333333333259e+00 1.000699762243643764e+00 4.546467607167572296e-04
1.729166666666666519e+00 1.014637807328644836e+00 1.942287561473604813e-03
1.750000000000000000e+00 1.013332404918570351e+00 1.647195819112269718e-03
1.770833333333333259e+00 1.006849162376797446e+00 -4.745571408560128514e-04
1.791666666666666519e+00 9.996876949319857264e-01 -8.287585873908236665e-04
1.812500000000000000e+00 1.001008876018484983e+00 -7.324028273187889416e-04
1.833333333333333259e+00 1.003901410310354070e+00 -1.183550688295552291e-03
1.854166666666666519e+00 1.007140248676803074e+00 1.144479672738608856e-03
1.875000000000000000e+00 1.015792493887994308e+00 1.418478996954656559e-03
1.895833333333333259e+00 1.000893908784673769e+00 2.012079251093342250e-03
1.916666666666666519e+00 9.818770987668373751e-01 1.054511412697365594e-03
1.937500000000000000e+00 9.740724127619082573e-01 -2.366497217016601262e-03
1.958333333333333259e+00 9.812696408022645311e-01 -6.846460052236543175e-04
1.979166666666666519e+00 1.004348452375627865e+00 2.027386418565720183e-05
2.000000000000000000e+00 1.020395776819778888e+00 4.465602483357268538e-04
2.020833333333333037e+00 1.021285141141697439e+00 -1.256063541781180437e-03
2.041666666666666519e+00 1.009894880527981043e+00 -4.246942097999739261e-04
2.062500000000000000e+00 9.933836506625561835e-01 -4.233761413974167177e-04
2.083333333333333037e+00 1.001375977187488164e+00 2.483961281492242951e-03
2.104166666666666519e+00 1.004108502620824517e+00 1.172929245272186721e-04
2.125000000000000000e+00 9.954523809035614734e-01 7.399525978742110691e-04
2.145833333333333037e+00 9.945019493512213815e-01 5.237489952489002070e-04
2.166666666666666519e+00 9.888868112479410888e-01 7.619656770388405454e-04
2.187500000000000000e+00 1.001467669767134749e+00 2.080287256897116860e-04
2.208333333333333037e+00 1.004788284446838986e+00 1.086011032678167254e-03
2.229166666666666519e+00 1.001530884230662721e+00 -1.678005128866603361e-03
2.250000000000000000e+00 9.991657155088294884e-01 -5.898255172860503506e-04
2.270833333333333037e+00 1.004179349095718043e+00 7.718580120225214825e-04
2.291666666666666519e+00 1.016141773564434914e+00 1.658735367837184047e-03
2.312500000000000000e+00 1.013512222338238900e+00 4.688360525858181142e-04
2.333333333333333037e+00 1.003152978221858893e+00 -3.836583369792686995e-04
2.354166666666666519e+00 9.829383495809653759e-01 -2.947323898529286630e-04
2.375000000000000000e+00 9.784431290768679235e-01 1.179518195205193866e-03
2.395833333333333037e+00 9.881021783167105443e-01 -1.346152496222283732e-03
2.416666666666666519e+00 1.009383288175065951e+00 6.303999099135911086e-04
2.437500000000000000e+00 1.023343867047979083e+00 -7.724280046658611878e-06
2.458333333333333037e+00 1.021820405512764429e+00 6.839472298777243484e-04
2.479166666666666519e+00 9.978752941355779615e-01 6.299367784134765743e-04
2.500000000000000000e+00 9.877229299856039590e-01 1.310485663422059706e-04
2.520833333333333037e+00 9.812140720736506339e-01 6.208330804610459716e-05
2.541666666666666519e+00 9.999413142683162281e-01 -1.895916847804983429e-03
2.562500000000000000e+00 1.011482261946466288e+00 1.660494694895248754e-03
2.583333333333333037e+00 1.008886615411181076e+00 2.987365522119834636e-04
2.604166666666666519e+00 1.000232741565752814e+00 1.685436946978604374e-04
2.625000000000000000e+00 9.846739605514156501e-01 2.821215879532739355e-03
2.645833333333333037e+00 9.948406286225428552e-01 1.588359829819885674e-03
2.666666666666666519e+00 1.017719644804483625e+00 -3.416195525077410388e-04
2.687500000000000000e+00 1.020154611915527809e+00 -3.145492436750052089e-03
2.708333333333333037e+00 1.003376207568412504e+00 -1.500342603368893472e-03
2.729166666666666519e+00 9.866869208981541295e-01 1.125030194641166419e-03
2.750000000000000000e+00 9.879722657121486895e-01 -1.358515952742400949e-04
2.770833333333333037e+00 1.003282889581501358e+00 -3.463212177029711763e-04
2.791666666666666519e+00 1.012721573117949525e+00 -2.637798623515967165e-04
2.812500000000000000e+00 1.005910036751429537e+00 -3.196797550231339144e-03
2.833333333333333037e+00 9.898647058814883382e-01 -4.311877470102539237e-05
2.854166666666666519e+00 9.926409799760000929e-01 7.516975861364286280e-05
2.875000000000000000e+00 9.972405300220110735e-01 1.603954502588478368e-04
2.895833333333333037e+00 9.978807536310645432e-01 -4.574530074762734650e-05
2.916666666666666519e+00 9.995473429178709512e-01 -5.318314628059748019e-05
2.937500000000000000e+00 9.993332710383703299e-01 -4.757080180679890873e-04
2.958333333333333037e+00 1.006353790404797000e+00 -1.801199999503730071e-03
2.979166666666666519e+00 1.015520581684822732e+00 1.185662097195721828e-03
3.000000000000000000e+00 1.012515371457739288e+00 -2.002558488910253197e-03
3.020833333333333037e+00 9.974636233268598939e-01 4.453965471009048655e-04
3.041666666666666519e+00 9.815650307892158644e-01 1.441729265595817575e-03
3.062500000000000000e+00 9.691190844205678223e-01 1.440579259193671942e-03
3.083333333333333037e+00 9.772838387778237657e-01 -7.133112673390637568e-04
3.104166666666666519e+00 9.972109685266946633e-01 -2.897502027397155550e-04
3.125000000000000000e+00 1.013910653037134457e+00 7.131291350080794320e-04
3.145833333333333037e+00 1.021653696050370153e+00 -7.003979917611981049e-05
3.166666666666666519e+00 1.020171133003915820e+00 -5.095401610533809760e-04
3.187500000000000000e+00 1.000480945970090740e+00 9.791664740676274490e-04
3.208333333333333037e+00 9.929618829677890890e-01 2.618887467859950732e-04
3.229166666666666519e+00 9.927000940159984577e-01 -1.746076654883888055e-03
3.250000000000000000e+00 9.913364731546758790e-01 -3.030001059830282812e-04
3.270833333333333037e+00 9.900973716341937569e-01 7.171004193986168845e-05
3.291666666666666519e+00 9.895021039279980890e-01 3.117644962367826958e-04
3.312500000000000000e+00 9.994611464809721735e-01 -1.043159874482939503e-03
3.333333333333333037e+00 1.016417503852178550e+00 1.066625856114599433e-03
3.354166666666666519e+00 1.023726492398701282e+00 9.422503020152931449e-04
3.375000000000000000e+00 1.005108964901704427e+00 -7.354933297414431755e-04
3.395833333333333037e+00 9.792760602031354011e-01 -2.577102448628057290e-04
3.416666666666666519e+00 9.647995417203816260e-01 -2.489413763375268162e-03
3.437500000000000000e+00 9.879134544433136877e-01 -3.728702732913549592e-04
3.458333333333333037e+00 1.021014687507740604e+00 4.584513666098834477e-05
3.479166666666666519e+00 1.032784665808857971e+00 7.002016795940550894e-04
3.500000000000000000e+00 1.016842545319705193e+00 -1.700301633620552710e-03
3.520833333333333037e+00 9.963703981943660137e-01 7.991018984040987056e-05
3.541666666666666519e+00 9.879488113617915790e-01 -8.320316174331341373e-04
3.562500000000000000e+00 9.963188950240656760e-01 3.883152442262730302e-03
3.583333333333333037e+00 1.001771181768272845e+00 -2.503403769354051352e-04
3.604166666666666519e+00 9.939291931913092348e-01 -3.308093751482904673e-04
3.625000000000000000e+00 9.776477693178825534e-01 8.192131775092288378e-04
3.645833333333333037e+00 9.838483732484953892e-01 -2.639376325806999136e-03
3.666666666666666519e+00 9.937573973454136844e-01 -5.891921234480799845e-04
3.687500000000000000e+00 1.010026291032678269e+00 2.074428334909330480e-04
3.708333333333333037e+00 1.026532150006555399e+00 -7.368691374435289111e-04
3.729166666666666519e+00 1.023623362923032909e+00 -1.051674688229760997e-03
3.750000000000000000e+00 1.003658048002554315e+00 -8.334716372399821526e-04
3.770833333333333037e+00 9.901670269041373817e-01 2.064038307010373097e-03
3.791666666666666519e+00 9.860920116104020527e-01 -1.316417375011878169e-03
3.812500000000000000e+00 9.945346363198096507e-01 3.606273118218807365e-04
3.833333333333333037e+00 9.976516432508346632e-01 -1.503337926570869065e-03
3.854166666666666519e+00 9.892773383335734527e-01 -1.212060748101004240e-05
3.875000000000000000e+00 9.845342839760981013e-01 6.735412231115647536e-04
3.895833333333333037e+00 9.865936638786376722e-01 -3.761673404251825148e-04
3.916666666666666519e+00 1.003102839889025599e+00 -8.719166874322506141e-05
3.937500000000000000e+00 1.021030648805254515e+00 5.910082728795707906e-04
3.958333333333333037e+00 1.029890231625124386e+00 -7.510295352821401546e-05
3.979166666666666519e+00 1.017519072221052090e+00 -5.680590009501256020e-04
4.000000000000000000e+00 1.003127797363248641e+00 1.809613560679343783e-04
4.020833333333333037e+00 9.899402550254478017e-01 -3.652897601478218362e-04
4.041666666666666075e+00 9.809711304211599092e-01 -7.773935024424667305e-05
4.062500000000000000e+00 9.826553825747985638e-01 -1.924939239994040777e-04
4.083333333333333037e+00 9.808053228164258508e-01 -2.008121057968377792e-03
4.104166666666666075e+00 9.912430617032095270e-01 3.442755569563272556e-04
4.125000000000000000e+00 1.012648646796342256e+00 1.043396049448434316e-03
4.145833333333333037e+00 1.025528570658654992e+00 -1.467036410880043001e-03
4.166666666666666075e+00 1.014694405219570550e+00 -1.289619878122675369e-06
4.187500000000000000e+00 1.000839328682571638e+00 7.729101451834000493e-04
4.208333333333333037e+00 9.899003885519788160e-01 -4.645036624806178974e-04
4.229166666666666075e+00 9.909431841312335010e-01 1.486040530452185969e-03
4.250000000000000000e+00 1.001156810131532682e+00 -1.972911220541527250e-03
4.270833333333333037e+00 1.000232540764420364e+00 1.074297342389141877e-03
4.291666666666666075e+00 9.916137476980450005e-01 -3.398999028563905677e-04
4.312500000000000000e+00 9.927352731438461308e-01 -3.267506180192746891e-03
4.333333333333333037e+00 9.923211918559442513e-01 -2.140475431989063255e-04
4.354166666666666075e+00 9.943353880949101775e-01 -4.896470614722954169e-04
4.375000000000000000e+00 9.995938495857512596e-01 2.103897064949215683e-03
4.395833333333333037e+00 1.009736793193702686e+00 -5.339172290154976103e-04
4.416666666666666075e+00 1.021168369557152067e+00 2.611365735512906263e-03
4.437500000000000000e+00 1.012892695051216485e+00 -8.703738741859414320e-04
4.458333333333333037e+00 1.001909276286548023e+00 6.098541598621048422e-04
4.479166666666666075e+00 9.887786863222112199e-01 -1.510962741789812760e-03
4.500000000000000000e+00 9.831753719167453109e-01 1.533307073522653706e-03
4.520833333333333037e+00 9.889714211002592625e-01 3.736140886894938232e-04
4.541666666666666075e+00 9.916668190667806693e-01 2.946620877969408601e-03
4.562500000000000000e+00 9.942496906403386348e-01 -1.170013836853267802e-03
4.583333333333333037e+00 1.001437811756448637e+00 -6.592957132212430875e-04
4.604166666666666075e+00 1.011101701283029897e+00 -1.082081210646483908e-03
4.625000000000000000e+00 1.019124423064464491e+00 3.072403871284790002e-03
4.645833333333333037e+00 1.011052910201963417e+00 -2.518795632654472968e-03
4.666666666666666075e+00 9.984937758581652334e-01 -2.440392738748408796e-03
4.687500000000000000e+00 9.935580018321439333e-01 2.928307963707053613e-03
4.708333333333333037e+00 9.860019104881123653e-01 -1.448797508047988865e-04
4.729166666666666075e+00 9.834054145770536604e-01 1.777127722552100057e-03
4.750000000000000000e+00 9.922637706346418840e-01 9.267020313062524633e-04
4.770833333333333037e+00 1.003265873228202931e+00 7.583970390136103319e-04
4.791666666666666075e+00 1.008223469794152338e+00 -7.932373045928053186e-04
4.812500000000000000e+00 1.006689377965090948e+00 -2.233770476171994136e-03
4.833333333333333037e+00 9.979655980540055316e-01 2.380575694906605900e-04
4.854166666666666075e+00 9.881551742213670053e-01 2.490852506152124984e-03
4.875000000000000000e+00 9.935376089437107927e-01 -3.507931032849962924e-03
4.895833333333333037e+00 1.006347700497911113e+00 -1.065089217224345465e-03
4.916666666666666075e+00 1.018286081010839395e+00 6.830940370779252325e-04
4.937500000000000000e+00 1.011648260603697391e+00 1.415363039818793005e-03
4.958333333333333037e+00 9.974246500818730876e-01 -5.152562718481068114e-04
4.979166666666666075e+00 9.865520762301361879e-01 1.083632179945431123e-03
5.000000000000000000e+00 9.911902249606917570e-01 2.085818728481875217e-03
5.020833333333333037e+00 9.930495446720504216e-01 -1.536685881282135032e-03
5.041666666666666075e+00 9.891339435276587100e-01 -5.431385931872663588e-05
5.062500000000000000e+00 9.863822550907460629e-01 -1.556396576194004656e-03
5.083333333333333037e+00 9.969795096783155008e-01 -1.551123888407866108e-03
5.104166666666666075e+00 1.019022251164216852e+00 2.809703701091308039e-03
5.125000000000000000e+00 1.032189554152646682e+00 1.664388233891816657e-03
5.145833333333333037e+00 1.026973524633621571e+00 5.503206261580403241e-04
5.166666666666666075e+00 1.004282670479849759e+00 -1.238612315835988268e-03
5.187500000000000000e+00 9.795627365269174991e-01 2.397634468299891970e-03
5.208333333333333037e+00 9.697160019094657191e-01 4.735942553714575748e-04
5.229166666666666075e+00 9.763149533751770415e-01 3.729135706717872766e-04
5.250000000000000000e+00 9.955000491526450057e-01 9.751605625508789075e-04
5.270833333333333037e+00 1.008151469863834304e+00 2.497412764904821843e-03
5.291666666666666075e+00 1.015189914419540873e+00 2.319031164907071549e-03
5.312500000000000000e+00 1.010137485552205838e+00 1.426456643141343558e-03
5.333333333333333037e+00 1.002204713996045937e+00 -1.993740150451129775e-03
5.354166666666666075e+00 9.992875968393268860e-01 -6.322646402057438900e-04
5.375000000000000000e+00 9.991013008893206981e-01 -8.662535408507074158e-04
5.395833333333333037e+00 1.002678074834595590e+00 7.191166707529077565e-04
5.416666666666666075e+00 1.007115824160549122e+00 7.609767049842209707e-05
5.437500000000000000e+00 1.003639004865428230e+00 -1.592843985828694539e-03
5.458333333333333037e+00 9.948579287786125658e-01 5.212533753044860479e-05
5.479166666666666075e+00 9.917220979456518037e-01 -7.388866107433293771e-05
5.500000000000000000e+00 9.895906382610429874e-01 1.679970035770274144e-03
5.520833333333333037e+00 9.917268829056659074e-01 -7.288106643995466470e-04
5.541666666666666075e+00 9.954362465107563507e-01 1.292000930385220868e-04
5.562500000000000000e+00 1.006149257345690051e+00 -5.623085441983463633e-05
5.583333333333333037e+00 1.013871948579377236e+00 -1.090337898271281827e-03
5.604166666666666075e+00 1.017797493933176867e+00 4.045194983384862476e-03
5.625000000000000000e+00 9.992567041558126917e-01 -9.060705541936814279e-04
5.645833333333333037e+00 9.835718351952338345e-01 -2.061039896341826415e-04
5.666666666666666075e+00 9.868492116213629650e-01 -4.212037012491749244e-04
5.687500000000000000e+00 1.003582128156408348e+00 -4.143073873147141983e-04
5.708333333333333037e+00 1.011174472931156920e+00 -2.243847885013048292e-03
5.729166666666666075e+00 1.006499032890754153e+00 -7.828217839040591290e-04
5.750000000000000000e+00 9.948904629215115092e-01 6.795328955869561023e-04
5.770833333333333037e+00 9.896659247354772093e-01 2.645881826488393667e-04
5.791666666666666075e+00 9.960014493184119466e-01 -5.353286872942266935e-04
5.812500000000000000e+00 1.000804598261852529e+00 1.356342031694481422e-03
5.833333333333333037e+00 1.005720828553734458e+00 -6.988219703146804612e-04
5.854166666666666075e+00 9.918083400515912418e-01 -2.818084489296257805e-03
5.875000000000000000e+00 9.886306894440717308e-01 2.506021379660675497e-04
5.895833333333333037e+00 1.000061718680752332e+00 -1.282666199851156905e-03
5.916666666666666075e+00 1.014726013936796400e+00 7.931115693312335143e-04
5.937500000000000000e+00 1.015336836785575070e+00 1.957459518122493195e-03
5.958333333333333037e+00 1.023269074702142234e+00 7.103777497721229062e-05
5.979166666666666075e+00 1.010043482048776475e+00 2.504887701959924128e-03
6.000000000000000000e+00 9.871765620663589536e-01 5.340452038868205402e-04
6.020833333333333037e+00 9.702331921206763798e-01 -9.105667499661195029e-04
6.041666666666666075e+00 9.680822796396338914e-01 1.191360033669601210e-03
6.062500000000000000e+00 9.894353907671684656e-01 7.258174901223021119e-05
6.083333333333333037e+00 1.002402410902586194e+00 5.236669884224793865e-04
6.104166666666666075e+00 1.018410839215491581e+00 -5.731845075838539827e-04
6.125000000000000000e+00 1.014893741919314252e+00 9.040763570011159204e-04
6.145833333333333037e+00 1.014812783017594811e+00 -9.504341698281598911e-04
6.166666666666666075e+00 1.014710150650742770e+00 6.341535968187293499e-04
6.187500000000000000e+00 1.009452020011721629e+00 -1.707330002409163322e-03
6.208333333333333037e+00 9.976085830953379530e-01 7.965165669298030588e-04
6.229166666666666075e+00 9.864164135980370007e-01 -1.240331506551043631e-03
6.250000000000000000e+00 9.829383531644777516e-01 8.068350030971294280e-04
6.270833333333333037e+00 9.791448033389589245e-01 1.026281232849997728e-03
6.291666666666666075e+00 9.791094391091313964e-01 -1.346333486244482951e-03
6.312500000000000000e+00 9.876816974958492201e-01 1.206730211380416685e-03
6.333333333333333037e+00 9.990766113015229211e-01 -2.261524620181106990e-03
6.354166666666666075e+00 1.018964410988701053e+00 -2.189076799290575435e-03
6.375000000000000000e+00 1.032278896603801899e+00 1.451785100121410436e-03
6.395833333333333037e+00 1.026894809054041069e+00 -1.367254205674717530e-03
6.416666666666666075e+00 1.008983313922567904e+00 -6.108108762524227684e-04
6.437500000000000000e+00 9.894447072167182888e-01 6.810839500266407682e-04
6.458333333333333037e+00 9.733857212168862683e-01 1.721501001197558393e-04
6.479166666666666075e+00 9.706451865591739780e-01 2.146296969943086851e-04
6.500000000000000000e+00 9.772971932930799577e-01 -1.602250579188140369e-04
6.520833333333333037e+00 9.847132100271424049e-01 7.681929107637998876e-04
6.541666666666666075e+00 1.013525478285890458e+00 7.212215061595514181e-04
6.562500000000000000e+00 1.027598623382184106e+00 9.712593131490005242e-05
6.583333333333333037e+00 1.027890435323756124e+00 -6.761037586527198027e-04
6.604166666666666075e+00 1.010179982087851425e+00 -1.586982574880690380e-03
6.625000000000000000e+00 9.865686353030814759e-01 2.001473648054160389e-03
6.645833333333333037e+00 9.796021916032487953e-01 -1.215610598001993841e-03
6.666666666666666075e+00 9.959317124984774505e-01 -1.115618299046129301e-03
6.687500000000000000e+00 1.001167150063377198e+00 8.683635169037305732e-04
6.708333333333333037e+00 1.008638086153401892e+00 7.723835358187713723e-04
6.729166666666666075e+00 1.003970691016904837e+00 -1.986992760084998718e-04
6.750000000000000000e+00 9.912272499990623098e-01 -7.739058197800585855e-04
6.770833333333333037e+00 9.892085535437971089e-01 9.388475084175366189e-04
6.791666666666666075e+00 9.942529091716871825e-01 -7.094572687775845335e-04
6.812500000000000000e+00 1.007120614876763298e+00 -1.642938106989972691e-03
6.833333333333333037e+00 1.022331613276292295e+00 -1.353819476477417880e-03
6.854166666666666075e+00 1.017386221734346119e+00 6.951114118579475873e-04
6.875000000000000000e+00 1.005414043224014176e+00 8.953143555307080371e-05
6.895833333333333037e+00 9.868918388792496943e-01 1.598497714618633521e-03
6.916666666666666075e+00 9.941805283657549897e-01 3.510061527366473383e-04
6.937500000000000000e+00 1.001371397776701144e+00 5.499773044936637862e-04
6.958333333333333037e+00 1.001179210638575512e+00 7.364436809098347378e-04
6.979166666666666075e+00 9.931585907651409029e-01 8.912503496324310865e-04
7.000000000000000000e+00 9.766797387008947506e-01 -1.358216522194604053e-04
7.020833333333333037e+00 9.797654126658579266e-01 -1.446767033814824212e-04
7.041666666666666075e+00 1.001861105408361485e+00 1.590859432671112503e-03
7.062500000000000000e+00 1.017903664325860547e+00 1.475134185328509390e-03
7.083333333333333037e+00 1.024114348275110498e+00 9.117551615199393378e-04
7.104166666666666075e+00 1.011502537430995829e+00 9.065060567259597153e-04
7.125000000000000000e+00 1.006173906439779664e+00 -1.024433662650505589e-03
7.145833333333333037e+00 9.896518611445870306e-01 2.935546802942855683e-03
7.166666666666666075e+00 9.888768926065596432e-01 -7.084665180968635232e-04
7.187500000000000000e+00 9.850545094571051541e-01 1.547007760904859502e-03
7.208333333333333037e+00 9.996984795697358983e-01 2.084503276871475970e-03
7.229166666666666075e+00 1.004396872151720466e+00 8.351393611013694426e-04
7.250000000000000000e+00 1.003126648318918734e+00 1.876933055174669421e-03
7.270833333333333037e+00 9.999030621001194774e-01 1.149291003213226842e-04
7.291666666666666075e+00 9.938787636536420278e-01 1.254475829045540022e-03
7.312500000000000000e+00 9.933658178876940692e-01 -8.918239422456750685e-04
7.333333333333333037e+00 1.009761752843498117e+00 1.078610584411318412e-03
7.354166666666666075e+00 1.024103911878128548e+00 -4.105908557550126529e-04
7.375000000000000000e+00 1.025100060584962058e+00 -7.051672620350311850e-04
7.395833333333333037e+00 1.011833261527348204e+00 2.361978142995853694e-03
7.416666666666666075e+00 9.891459565751608007e-01 2.544311430010485066e-04
7.437500000000000000e+00 9.810738440133762728e-01 3.730681317400266024e-04
7.458333333333333037e+00 9.797504040954758686e-01 9.151552397706782084e-04
7.479166666666666075e+00 9.795386846690691263e-01 9.566935499494673640e-04
7.500000000000000000e+00 9.962974101914121583e-01 2.804662986604655479e-04
7.520833333333333037e+00 1.008975333587956991e+00 6.168626249090844709e-04
7.541666666666666075e+00 1.019967556870786662e+00 1.457562748121200326e-03
7.562500000000000000e+00 1.016351069284603836e+00 -1.834322852991926650e-03
7.583333333333333037e+00 1.014960573619659190e+00 1.680497802788270953e-03
7.604166666666666075e+00 1.008546403807783598e+00 -5.215290657120984826e-04
7.625000000000000000e+00 1.006113585397277355e+00 -4.687557381893068349e-04
7.645833333333333037e+00 9.897842322780948665e-01 -1.547857797858244455e-03
7.666666666666666075e+00 9.795212598900212564e-01 -1.465943975254467395e-03
7.687500000000000000e+00 9.782560063553679131e-01 -1.921859339635793168e-03
7.708333333333333037e+00 9.896156965915078318e-01 6.546750021922466715e-04
7.729166666666666075e+00 9.975522670715907259e-01 1.493443616198922514e-03
7.750000000000000000e+00 1.007308887253329566e+00 -2.369732669662179703e-03
7.770833333333333037e+00 1.012897977378707903e+00 -1.415744119987768883e-03
7.791666666666666075e+00 1.010343672177051122e+00 8.623077377078215700e-04
7.812500000000000000e+00 1.016331119636334268e+00 -9.724463326995587322e-04
7.833333333333333037e+00 1.021576658368686275e+00 -6.652633460119840693e-04
7.854166666666666075e+00 1.009422835989734146e+00 6.413265014603959993e-05
7.875000000000000000e+00 9.916231695919017763e-01 7.417919583450607792e-05
7.895833333333333037e+00 9.759509394230390100e-01 1.933056379818395539e-03
7.916666666666666075e+00 9.808588438582829250e-01 1.853891526721027343e-03
7.937500000000000000e+00 9.887198626289747105e-01 -1.235582951020547837e-04
7.958333333333333037e+00 1.005269687466732842e+00 5.703513296117828290e-04
7.979166666666666075e+00 1.017288048068393236e+00 3.569255244072903942e-04
8.000000000000000000e+00 1.021703181047765474e+00 -1.030388551677446050e-03
8.020833333333332149e+00 1.013677766168206817e+00 -1.588531731987863349e-03
8.041666666666666075e+00 1.004405663974892837e+00 -1.561246719870374106e-03
8.062500000000000000e+00 9.903033797670623972e-01 2.055442960174986167e-03
8.083333333333332149e+00 9.876885178494255735e-01 -1.177669940152348120e-04
8.104166666666666075e+00 9.955107070645440315e-01 -2.044432281349646378e-03
8.125000000000000000e+00 1.000379672960191479e+00 -1.612539767250673658e-03
8.145833333333332149e+00 9.967618576204738678e-01 1.164957385706258050e-03
8.166666666666666075e+00 1.001578438598050846e+00 2.476007797302995340e-04
8.187500000000000000e+00 1.000351786819983158e+00 7.587728507699884268e-04
8.208333333333332149e+00 1.003656527016853151e+00 -1.417482066595846749e-03
8.229166666666666075e+00 1.010030041754345298e+00 -1.819385755343344699e-03
8.250000000000000000e+00 1.008073689255332139e+00 -1.617690188881908348e-03
8.270833333333332149e+00 9.940948079956473116e-01 1.482030032670039266e-03
8.291666666666666075e+00 9.892190439412565928e-01 -6.936487788297343712e-04
8.312500000000000000e+00 9.975806076764293095e-01 -6.231577784471526013e-04
8.333333333333332149e+00 1.002643764066582399e+00 1.321869361651573094e-03
8.354166666666666075e+00 1.014349324743250458e+00 7.831846138188682666e-04
8.375000000000000000e+00 1.008325817736530627e+00 -1.482919266953637658e-03
8.395833333333332149e+00 9.903536845061086114e-01 5.408101714352095283e-04
8.416666666666666075e+00 9.810664426351189960e-01 -4.175352222986848509e-04
8.437500000000000000e+00 9.675423234243698545e-01 -6.460399856021647959e-06
8.458333333333332149e+00 9.875501255759262520e-01 5.770464713854308019e-04
8.479166666666666075e+00 1.021643429214817989e+00 1.293473236901093422e-03
8.500000000000000000e+00 1.047877569901641825e+00 -2.811750291696265571e-04
8.520833333333332149e+00 1.039549598046832779e+00 9.800483959990767026e-04
8.541666666666666075e+00 1.005633872651611860e+00 3.016716717184790304e-03
8.562500000000000000e+00 9.667083260497343344e-01 -3.788966999669258915e-05
8.583333333333332149e+00 9.517295772907257145e-01 1.814567405631377014e-03
8.604166666666666075e+00 9.751228922295386292e-01 -1.074207112381394755e-03
8.625000000000000000e+00 9.984949165762873058e-01 -7.731775744353281896e-04
8.645833333333332149e+00 1.012456779458095646e+00 -3.539166894097996109e-04
8.666666666666666075e+00 1.021866405315203341e+00 -1.505487230936826100e-03
8.687500000000000000e+00 1.010825088303084263e+00 3.097196498280646972e-05
8.708333333333332149e+00 1.012856440128855118e+00 -9.738423271138568803e-04
8.729166666666666075e+00 1.004559832826016352e+00 5.728705946121282481e-05
8.750000000000000000e+00 1.008126567931711515e+00 -2.089097126147482913e-03
8.770833333333332149e+00 1.000919172434308502e+00 -1.245067628920140885e-03
8.791666666666666075e+00 9.902579868941370211e-01 2.917844135944777737e-03
8.812500000000000000e+00 9.828212408169065828e-01 -1.293383660709784789e-03
8.833333333333332149e+00 9.824810648684061398e-01 5.674179523743938714e-05
8.854166666666666075e+00 9.868130948962644533e-01 -2.652422913948814832e-04
8.875000000000000000e+00 1.003007791285076555e+00 5.582033619405630870e-05
8.895833333333332149e+00 1.012445861044904971e+00 -5.838493652384387769e-04
8.916666666666666075e+00 1.011412160969961338e+00 1.598681534678882783e-03
8.937500000000000000e+00 1.007990887806547553e+00 8.050244552151942026e-04
8.958333333333332149e+00 1.007827408499728294e+00 1.358093937970335024e-04
8.979166666666666075e+00 1.009181465465118110e+00 7.567913969878381497e-04
9.000000000000000000e+00 1.014560285472581258e+00 1.730020632595550244e-03
9.020833333333332149e+00 1.003879934741581437e+00 -9.080282564678727238e-04
9.041666666666666075e+00 9.882071779497112463e-01 -8.706900142092721326e-04
9.062500000000000000e+00 9.800844641054249351e-01 2.113926290486376185e-03
9.083333333333332149e+00 9.834827549174646188e-01 -6.697956777911861798e-04
9.104166666666666075e+00 9.884851393028984967e-01 -6.841497472659445423e-04
9.125000000000000000e+00 9.985084397357476549e-01 9.761422038012353749e-04
9.145833333333332149e+00 1.010729935508144717e+00 -1.731793988975903042e-03
9.166666666666666075e+00 1.012493816693343485e+00 -1.093425949573678885e-03
9.187500000000000000e+00 1.024450771413678574e+00 -1.359358804736641221e-03
9.208333333333332149e+00 1.018948163571384402e+00 2.164718445017658078e-03
9.229166666666666075e+00 1.007275450056213328e+00 -2.362016891985119649e-04
9.250000000000000000e+00 9.912887517846094010e-01 1.177766449641368205e-03
9.270833333333332149e+00 9.849376126984792368e-01 8.640540482181733282e-04
9.291666666666666075e+00 9.850612934083238237e-01 -1.937654864932860982e-04
9.312500000000000000e+00 9.856840758186591334e-01 -1.328978920797619116e-03
9.333333333333332149e+00 9.957625255284358046e-01 2.297583012404907574e-03
9.354166666666666075e+00 9.985603313511656198e-01 5.414016237345097363e-04
9.375000000000000000e+00 1.008847229681548274e+00 1.168424705132719513e-03
9.395833333333332149e+00 1.013850136039077476e+00 -1.510581297710814161e-04
9.416666666666666075e+00 1.016011405310509152e+00 -3.890491427457965011e-04
9.437500000000000000e+00 1.009924892813130803e+00 3.812517762264429171e-04
9.458333333333332149e+00 1.001844369792692868e+00 -3.225188227222190642e-04
9.479166666666666075e+00 9.946321160138162920e-01 1.011052050611101379e-03
9.500000000000000000e+00 9.822834362951778919e-01 -7.506133837077580764e-04
9.520833333333332149e+00 9.841614241109444272e-01 -2.027210017909819237e-03
9.541666666666666075e+00 9.909068407335495099e-01 -1.553886774306199002e-03
9.562500000000000000e+00 1.001095285476489627e+00 -8.636232053205414880e-04
9.583333333333332149e+00 1.008712069605773198e+00 7.350233821198223425e-04
9.604166666666666075e+00 1.009563382745692017e+00 -5.298360254354445497e-04
9.625000000000000000e+00 1.007496928216470966e+00 6.074299679511076548e-04
9.645833333333332149e+00 1.014758091503348725e+00 2.164167533103788371e-03
9.666666666666666075e+00 1.012698191549485260e+00 4.565657290361566155e-04
9.687500000000000000e+00 9.932862003456223166e-01 -4.060753259669977423e-04
9.708333333333332149e+00 9.824428562982867597e-01 -1.334986524975849225e-04
9.729166666666666075e+00 9.725022618836375310e-01 2.604964828940539885e-03
9.750000000000000000e+00 9.879337079467632732e-01 -4.037358759815795465e-04
9.770833333333332149e+00 1.019640385227984503e+00 2.154080438779468979e-03
9.791666666666666075e+00 1.036356541885858906e+00 -1.004857155976228954e-03
9.812500000000000000e+00 1.023900069972515370e+00 -2.436815748207536887e-03
9.833333333333332149e+00 9.922040315960505286e-01 1.006059940892181344e-03
9.854166666666666075e+00 9.779218377175512567e-01 1.612327143282496586e-04
9.875000000000000000e+00 9.777166297029019626e-01 6.727046753198204524e-04
9.895833333333332149e+00 9.917119479296471196e-01 -1.554534701390814563e-03
9.916666666666666075e+00 1.002029556078223971e+00 3.135641384711270862e-03
9.937500000000000000e+00 1.017984721738319109e+00 -2.316463996518512019e-04
9.958333333333332149e+00 1.022947212761185831e+00 -2.308955834196717088e-04
9.979166666666666075e+00 1.015297184564751376e+00 2.533213623712494175e-04
1.000000000000000000e+01 1.000305331458736235e+00 1.313015616013323689e-04
1.002083333333333215e+01 9.920953767498198461e-01 2.095001604922690208e-04
1.004166666666666607e+01 9.802068748538624865e-01 1.353825645570456808e-03
1.006250000000000000e+01 9.799873994070287253e-01 9.748767512506549549e-04
1.008333333333333215e+01 9.871861040275584642e-01 -1.988596962923448036e-03
1.010416666666666607e+01 1.005875164948961453e+00 -9.207858632547629481e-04
1.012500000000000000e+01 1.019472709045649905e+00 1.779197763995357152e-03
1.014583333333333215e+01 1.027091586876748064e+00 4.265614059065074592e-04
1.016666666666666607e+01 1.019305587497543186e+00 9.811605033608256955e-04
1.018750000000000000e+01 9.982661810199209285e-01 -8.231204698338677678e-04
1.020833333333333215e+01 9.792126409011150390e-01 4.500218355133344555e-04
1.022916666666666607e+01 9.807583221389689632e-01 -4.518426441257619936e-04
1.025000000000000000e+01 9.979211422232976414e-01 -9.016483693873545910e-04
1.027083333333333215e+01 1.007591890371321242e+00 5.116152555694233580e-04
1.029166666666666607e+01 1.000113406365373381e+00 -1.888855690138217238e-03
1.031250000000000000e+01 9.942656716958632179e-01 -7.374514196305904457e-05
1.033333333333333215e+01 9.949235656295608576e-01 1.514044011497154120e-03
1.035416666666666607e+01 1.005623557378152899e+00 1.372795768572765114e-03
1.037500000000000000e+01 1.006795064520014993e+00 -9.882495617658758596e-04
1.039583333333333215e+01 1.003708310414769045e+00 -7.789481919942846302e-04
1.041666666666666607e+01 9.968046921327691212e-01 -1.067386686717526406e-03
1.043750000000000000e+01 1.006676180152675126e+00 5.153541559879901970e-04
1.045833333333333215e+01 1.011543523875583217e+00 -1.974453723501807222e-04
1.047916666666666607e+01 1.004326278968605157e+00 9.430878341031332475e-04
1.050000000000000000e+01 9.866716297278517178e-01 -9.139400617739247557e-04
1.052083333333333215e+01 9.717398795565428404e-01 4.274818344489765597e-04
1.054166666666666607e+01 9.790658200875886896e-01 8.077014291986417665e-04
1.056250000000000000e+01 1.005275205889454515e+00 -1.481743144631128030e-03
1.058333333333333215e+01 1.018842597439577169e+00 1.805911457386109777e-04
1.060416666666666607e+01 1.028923232456431691e+00 6.613067883186612853e-04
1.062500000000000000e+01 1.022958141017033862e+00 9.465217842397649520e-05
1.064583333333333215e+01 1.006271208618731983e+00 -7.469285897393230242e-05
1.066666666666666607e+01 9.880033170061610637e-01 1.955693488358281541e-04
1.068750000000000000e+01 9.731224171254705402e-01 4.896385181319138150e-04
1.070833333333333215e+01 9.759548121223593498e-01 1.809402665115280662e-03
1.072916666666666607e+01 9.858884990835899975e-01 -3.408526821395810357e-04
1.075000000000000000e+01 9.984844132123394944e-01 -9.075315543877803069e-04
1.077083333333333215e+01 1.013733258602182330e+00 -2.121757838827997237e-03
1.079166666666666607e+01 1.017476004568369952e+00 -3.415123873599082340e-04
1.081250000000000000e+01 1.017448304701351613e+00 8.620954309531352706e-04
1.083333333333333215e+01 1.012800389009359314e+00 -1.440283902411815514e-03
1.085416666666666607e+01 9.953237432910817528e-01 -1.949888829656129920e-03
1.087500000000000000e+01 9.824510077913567452e-01 -1.560600971549521267e-03
1.089583333333333215e+01 9.867711554983931155e-01 2.566286578667213952e-04
1.091666666666666607e+01 9.927854831605359420e-01 -1.206672742344374119e-03
1.093750000000000000e+01 1.003826435573539788e+00 -9.008169582807826637e-04
1.095833333333333215e+01 9.991710164609883815e-01 4.694417726853894338e-04
1.097916666666666607e+01 9.931915587314029681e-01 1.381557755585742790e-04
1.100000000000000000e+01 9.920289062407894320e-01 -2.804802455913448390e-03
1.102083333333333215e+01 1.013398948763149843e+00 6.805020102636096619e-04
1.104166666666666607e+01 1.025474871461847126e+00 -5.041301297272987136e-05
1.106250000000000000e+01 1.011759132680074558e+00 2.013184249741289933e-04
1.108333333333333215e+01 9.906680328858084028e-01 1.569481480778414217e-03
1.110416666666666607e+01 9.751810527893148839e-01 2.612471896314185198e-04
1.112500000000000000e+01 9.793796242149126474e-01 -1.234286815471239166e-03
1.114583333333333215e+01 9.932754527354058505e-01 1.071039827286378266e-05
1.116666666666666607e+01 9.957893217890757542e-01 1.872448093627425013e-04
1.118750000000000000e+01 9.973827604790951318e-01 1.165730166788195689e-03
1.120833333333333215e+01 1.005564954447350612e+00 -6.536322887827368923e-04
1.122916666666666607e+01 1.013754010820837825e+00 -6.484201849832846873e-04
1.125000000000000000e+01 1.027177361788990106e+00 -4.803841713454975104e-05
1.127083333333333215e+01 1.023960755112682142e+00 -3.356836904518412947e-04
1.129166666666666607e+01 1.003804633665931423e+00 -1.351194132283219107e-03
1.131250000000000000e+01 9.794000359570642633e-01 1.265897366909764276e-03
1.133333333333333215e+01 9.606506120748885547e-01 -3.997705730926774019e-04
1.135416666666666607e+01 9.641891226176882990e-01 1.080184065261049695e-03
1.137500000000000000e+01 9.873027921152786046e-01 -1.025945422004895984e-03
1.139583333333333215e+01 1.020267679255740578e+00 -2.585844348206790561e-03
1.141666666666666607e+01 1.031851892245850832e+00 -2.168905748781653920e-03
1.143750000000000000e+01 1.033298043010419498e+00 -5.359139385933292012e-04
1.145833333333333215e+01 1.012790938202721591e+00 -3.665041996802853542e-04
1.147916666666666607e+01 1.005909637940612944e+00 7.725741248948336717e-04
1.150000000000000000e+01 9.969939918308238225e-01 -1.525244952110483805e-03
1.152083333333333215e+01 9.889520301756467013e-01 9.949008483711311500e-06
1.154166666666666607e+01 9.786674168464216672e-01 1.751021291010449420e-03
1.156250000000000000e+01 9.726343563588054630e-01 -1.481058811493896109e-03
1.158333333333333215e+01 9.836249407545009094e-01 1.226170779838973296e-03
1.160416666666666607e+01 1.003666846398779233e+00 -1.399793471585703084e-03
1.162500000000000000e+01 1.024247156387257274e+00 -1.326157336844872587e-04
1.164583333333333215e+01 1.014882412358138364e+00 3.407749276468504079e-04
1.166666666666666607e+01 1.002077439850514340e+00 -2.298676124883394518e-04
1.168750000000000000e+01 9.976787129849851166e-01 1.714859812436184084e-03
1.170833333333333215e+01 1.010972558862865966e+00 1.752579371307229957e-03
1.172916666666666607e+01 1.018094617843620320e+00 -1.219137613634527001e-03
1.175000000000000000e+01 1.005280808805871118e+00 -6.736382186937368973e-04
1.177083333333333215e+01 9.899895164670879932e-01 -4.284563419248335180e-04
1.179166666666666607e+01 9.743305555790393591e-01 -9.428062761488759276e-04
1.181250000000000000e+01 9.764893317690808150e-01 4.426354098307245665e-04
1.183333333333333215e+01 9.814924368974953239e-01 -2.028533967584778691e-03
1.185416666666666607e+01 9.897205525993233444e-01 -4.677689633828360414e-04
1.187500000000000000e+01 1.003125997207093167e+00 -1.705446923511043031e-03
1.189583333333333215e+01 1.025305080665793067e+00 2.216899697327385545e-03
1.191666666666666607e+01 1.047698808718852348e+00 7.754451827834341537e-04
1.193750000000000000e+01 1.034939869083005837e+00 -4.211369948872920846e-04
1.195833333333333215e+01 1.013474791708885547e+00 1.004148505754142839e-03
1.197916666666666607e+01 9.758515157783465011e-01 1.127177997081149456e-03
1.200000000000000000e+01 9.490287769970512377e-01 -9.386366461935197712e-04
1.202083333333333215e+01 9.542339029584064880e-01 1.053647924043333173e-03
1.204166666666666607e+01 9.790788759185193868e-01 -1.669488026868804278e-03
1.206250000000000000e+01 1.013844112012564080e+00 -1.090574848547324824e-03
1.208333333333333215e+01 1.039440818760804852e+00 -1.797932534820172006e-03
1.210416666666666607e+01 1.033353495104536446e+00 -8.609491977198662632e-04
1.212500000000000000e+01 1.006768671570565266e+00 -1.235767150772555981e-04
1.214583333333333215e+01 9.792264677168540654e-01 -4.958429776968031021e-05
1.216666666666666607e+01 9.861698144077168937e-01 -1.021246981493361154e-03
1.218750000000000000e+01 1.000178962509750136e+00 6.502588430530922012e-04
1.220833333333333215e+01 1.014279459699880981e+00 -7.799416120673582009e-04
1.222916666666666607e+01 1.008072840115755264e+00 5.326475020933173600e-04
1.225000000000000000e+01 9.944183805557779143e-01 2.724823606052010792e-04
1.227083333333333215e+01 9.809568112802619089e-01 -1.099324438515164115e-03
1.229166666666666607e+01 9.868054890295853143e-01 -1.471602628698492595e-03
1.231250000000000000e+01 9.949582791622515465e-01 -3.051320290348087422e-04
1.233333333333333215e+01 1.001431412840990243e+00 -6.949845750398839271e-04
1.235416666666666607e+01 1.003640435839947553e+00 -1.585622491932839372e-03
1.237500000000000000e+01 1.006506345467359287e+00 1.234611980644127196e-04
1.239583333333333215e+01 1.011533907724069259e+00 2.079594699588372623e-03
1.241666666666666607e+01 1.012302542444144526e+00 1.260586152838461026e-03
1.243750000000000000e+01 1.010523053670222993e+00 -1.170671722977479831e-03
1.245833333333333215e+01 1.001963345956133677e+00 -1.036122416520878983e-03
1.247916666666666607e+01 9.918335618716885849e-01 -5.845070723656502079e-04
1.452083333333333215e+01 9.998077845126348562e-01 -1.647889759491587497e-03
1.454166666666666607e+01 1.001809991608196171e+00 -3.921041996036876351e-04
1.456250000000000000e+01 9.941254882123127246e-01 1.965136080576787136e-03
1.458333333333333215e+01 9.942192686159861958e-01 4.122134037374272034e-04
1.460416666666666607e+01 1.002997339500787177e+00 -8.511336836638612111e-04
1.462500000000000000e+01 1.015813913290790405e+00 -1.694713109595764140e-03
1.464583333333333215e+01 1.009923963764480570e+00 5.121454323444825721e-04
1.466666666666666607e+01 9.925603062451910930e-01 2.203741883988900255e-03
1.468750000000000000e+01 9.787645855353424018e-01 1.333180162236299046e-03
1.470833333333333215e+01 9.783019380786868169e-01 3.482181639249183635e-04
1.472916666666666607e+01 1.004056119372555678e+00 -1.082474431135302525e-03
1.475000000000000000e+01 1.023588294638294149e+00 7.973604899570694866e-04
1.477083333333333215e+01 1.023597163693820811e+00 -1.105371271487826752e-03
1.479166666666666607e+01 1.006257539750326169e+00 -2.959259929050659862e-03
1.481250000000000000e+01 9.892558691740743759e-01 -1.608636171544545156e-03
1.483333333333333215e+01 9.787829854876924918e-01 -2.877789211252509052e-05
1.485416666666666607e+01 9.907378871581858926e-01 -4.180212108147741946e-04
1.487500000000000000e+01 1.006641478241190102e+00 1.194756627962026072e-03
1.489583333333333215e+01 1.016372519920840212e+00 -1.891609032973326965e-04
1.491666666666666607e+01 1.007233325070958863e+00 6.294523330440833769e-04
1.493750000000000000e+01 9.954267327969497092e-01 -1.644385270411146110e-03
1.495833333333333215e+01 9.877888036228221758e-01 2.500004858719351926e-04
1.497916666666666607e+01 9.924533845926590825e-01 -1.579879300038011759e-03
1.500000000000000000e+01 9.998506850136942292e-01 2.831082087495595360e-04
1.502083333333333215e+01 1.004500530427252292e+00 1.555264559355405848e-04
1.504166666666666607e+01 9.997039446720054068e-01 -1.051296321327684904e-03
1.506250000000000000e+01 9.865092637777815865e-01 -8.808758138743464283e-04
1.508333333333333215e+01 9.931387139753109494e-01 3.865921339428222210e-04
1.510416666666666607e+01 1.007761959911859240e+00 -4.320096831736019625e-04
1.512500000000000000e+01 1.019749188823828145e+00 -8.196969938108979083e-04
1.514583333333333215e+01 1.011558149408272156e+00 -3.643909837740838152e-04
1.516666666666666607e+01 9.982346886106728823e-01 1.768173903972583907e-03
1.518750000000000000e+01 9.931970893832030578e-01 4.094176318313154578e-05
1.520833333333333215e+01 9.836853600278522292e-01 1.268207707032471560e-03
1.522916666666666607e+01 9.838087794885903570e-01 -5.595136445808160039e-05
1.525000000000000000e+01 9.886818162572498236e-01 2.556844976602768663e-04
1.527083333333333215e+01 1.013229067210561940e+00 1.558827749022580656e-04
1.529166666666666607e+01 1.023444435024221999e+00 -1.237569698256289590e-03
1.531250000000000000e+01 1.023518928495033453e+00 1.778997114464785350e-03
1.533333333333333215e+01 1.005676810105379237e+00 -2.655312394850093977e-03
1.535416666666666607e+01 9.851867248098739038e-01 -6.993096926691021252e-05
1.537500000000000000e+01 9.781878702108003365e-01 2.016736551354150796e-04
1.539583333333333215e+01 9.923200287962048449e-01 -2.728687452475854350e-04
1.541666666666666607e+01 1.003750695162852979e+00 1.147398687924886538e-03
1.543750000000000000e+01 1.005370650709567437e+00 -1.266477793119014702e-03
1.545833333333333215e+01 1.001438128385932158e+00 -1.556274225555107646e-03
1.547916666666666607e+01 9.994172325334707008e-01 -7.008909068588169014e-04
1.550000000000000000e+01 1.009331689877256855e+00 -1.543572038997938342e-03
1.552083333333333215e+01 1.011520912921775706e+00 -1.523326913798182065e-03
1.554166666666666607e+01 1.005745895513027621e+00 -1.521045294231792092e-03
1.556250000000000000e+01 9.908692183021824418e-01 1.375409051143175162e-03
1.558333333333333215e+01 9.864449972290780799e-01 -2.526075178344029237e-04
1.560416666666666607e+01 9.906706471950723625e-01 -7.024292469700268602e-04
1.562500000000000000e+01 9.991097758040924370e-01 8.707610600457547792e-04
1.564583333333333215e+01 1.010371515855721158e+00 -2.075876430914527955e-03
1.566666666666666607e+01 1.020193274315717380e+00 -2.520709711426226082e-04
1.568750000000000000e+01 1.016219345745884794e+00 2.645984425141744822e-03
1.570833333333333215e+01 1.000876566279782498e+00 -2.096436169903053619e-04
1.572916666666666607e+01 9.814759800798100731e-01 -1.388150283030112689e-03
1.575000000000000000e+01 9.801671887472851452e-01 -5.410948814005686538e-05
1.577083333333333215e+01 9.924713497535999629e-01 1.043567726990749737e-03
1.579166666666666607e+01 1.009496433081664257e+00 8.155989538059313241e-04
1.581250000000000000e+01 1.017146573366429552e+00 -3.509386176785556761e-04
1.583333333333333215e+01 1.006680143627822099e+00 2.358057227625783394e-04
1.585416666666666607e+01 9.932398593652896901e-01 -5.611055926318463767e-04
1.587500000000000000e+01 9.864252048000082818e-01 2.063859013028567944e-04
1.589583333333333215e+01 1.001700521690243706e+00 1.398136096191166270e-03
1.591666666666666607e+01 1.017751893717756539e+00 -1.387678928079279488e-03
1.593750000000000000e+01 1.014039513875620635e+00 1.292181149957972140e-03
1.595833333333333215e+01 1.001544231115510053e+00 8.877079030885459514e-04
1.597916666666666607e+01 9.889713155191007798e-01 -5.210817673872853968e-04
1.600000000000000000e+01 9.773614193457276222e-01 1.599768026983995985e-04
1.602083333333333215e+01 9.849858900321014632e-01 6.159361071582425450e-04
1.604166666666666430e+01 1.001494685177702015e+00 1.250598895723972759e-03
1.606250000000000000e+01 1.018486725584281327e+00 -4.727105040385873899e-04
1.608333333333333215e+01 1.022498254900612524e+00 -3.869637221530782640e-04
1.610416666666666430e+01 1.013080303495355494e+00 -8.944783746645959619e-05
1.612500000000000000e+01 9.978973961456649722e-01 5.365078851200614238e-04
1.614583333333333215e+01 9.860355488549590319e-01 -6.589204435584695898e-04
1.616666666666666430e+01 9.951959060461376128e-01 8.851507255313257943e-04
1.618750000000000000e+01 9.969860542187405361e-01 6.307545296856910053e-04
1.620833333333333215e+01 9.945527825148900991e-01 3.530768545555155406e-03
1.622916666666666430e+01 9.873876297857597795e-01 7.509345823534430055e-04
1.625000000000000000e+01 9.900053372920299966e-01 -5.635452855527310232e-04
1.627083333333333215e+01 1.009699683977099971e+00 -1.979276037712853972e-03
1.629166666666666430e+01 1.029912865948356071e+00 8.248429841958979580e-04
1.631250000000000000e+01 1.024876796963522185e+00 7.371032652008129363e-04
1.633333333333333215e+01 1.003243826340215250e+00 3.362317099018843881e-05
1.635416666666666430e+01 9.858895419753798128e-01 5.313477378778018760e-04
1.637500000000000000e+01 9.791876224995811340e-01 -1.363337316789346276e-04
1.639583333333333215e+01 9.989837517672857103e-01 7.788313546221862279e-04
1.641666666666666430e+01 1.009499499047498583e+00 9.548729133447099232e-04
1.643750000000000000e+01 1.012085166688217797e+00 -7.339711517434927002e-04
1.645833333333333215e+01 9.956214951697947013e-01 7.323102518947442535e-05
1.647916666666666430e+01 9.903704539416748887e-01 -6.409628713419481590e-04
1.650000000000000000e+01 9.871604052068242430e-01 2.369564133171542643e-04
1.652083333333333215e+01 9.998250979189432508e-01 -2.184874137484594408e-04
1.654166666666666430e+01 1.021316221206521213e+00 6.266594721590559988e-04
1.656250000000000000e+01 1.031132993928425723e+00 8.907288964254752184e-04
1.658333333333333215e+01 1.014026611318563864e+00 -6.923270234719269443e-04
1.660416666666666430e+01 9.911862277736238624e-01 1.723174952859901068e-03
1.662500000000000000e+01 9.709090017136304818e-01 2.319640799432446006e-03
1.664583333333333215e+01 9.673981946855118030e-01 1.228971381139904936e-03
1.666666666666666430e+01 9.888732126183601423e-01 -1.536981896979272523e-04
1.668750000000000000e+01 1.008060602632864899e+00 -5.274679176157350208e-04
1.670833333333333215e+01 1.020017252451199452e+00 -8.858121172860644685e-04
1.672916666666666430e+01 1.016562035107656969e+00 1.749816146095553853e-04
1.675000000000000000e+01 1.008807447926892253e+00 -7.464013408735556713e-04
1.677083333333333215e+01 1.012109456823558240e+00 6.380844922387772435e-05
1.679166666666666430e+01 1.006680239061890303e+00 2.711172124009428351e-04
1.681250000000000000e+01 9.959943160171806920e-01 -4.438549400483670797e-05
1.683333333333333215e+01 9.821048512607648551e-01 1.452852183862746996e-03
1.685416666666666430e+01 9.785603853644130323e-01 -7.062808483625316941e-04
1.687500000000000000e+01 9.829843922365327780e-01 -9.643748392309540107e-05
1.689583333333333215e+01 9.939202436872168755e-01 -6.639818466436906591e-05
1.691666666666666430e+01 1.005295282007464541e+00 -2.954381383506306745e-04
1.693750000000000000e+01 1.024870682536951794e+00 -8.449724798053257196e-04
1.695833333333333215e+01 1.029062144841507376e+00 9.132602310757455006e-04
1.697916666666666430e+01 1.021177241944032366e+00 -7.088365767917195444e-04
1.700000000000000000e+01 9.948299735799179810e-01 1.203260569774461603e-03
1.702083333333333215e+01 9.777988442407563596e-01 -3.245440525822156693e-04
1.704166666666666430e+01 9.676445817029178942e-01 -1.828753313769586938e-03
1.706250000000000000e+01 9.884171705227986493e-01 3.595739771999904898e-04
1.708333333333333215e+01 1.009430564709206113e+00 -9.435157422768119780e-04
1.710416666666666430e+01 1.018677720004742326e+00 -9.631500704778737194e-04
1.712500000000000000e+01 1.018801642831892895e+00 -4.811961012513922857e-04
1.714583333333333215e+01 1.012789908497977676e+00 -5.653575345472205624e-04
1.716666666666666430e+01 9.979951428774068711e-01 1.083518834384929533e-03
1.718750000000000000e+01 9.917773256252458980e-01 -7.095125035696587699e-05
1.720833333333333215e+01 9.903985513370905380e-01 5.657736010957704811e-04
1.722916666666666430e+01 9.952413770460520892e-01 6.382658242212179171e-04
1.725000000000000000e+01 1.008314133966000004e+00 7.137820479075247804e-04
1.727083333333333215e+01 9.993465516538819760e-01 2.969385588413719500e-04
1.729166666666666430e+01 9.969153649769989523e-01 -7.596853412877278573e-04
1.731250000000000000e+01 1.001256434568653209e+00 3.296436042193425973e-04
1.733333333333333215e+01 1.014948513551442666e+00 2.041319361633073520e-03
1.735416666666666430e+01 1.020062743819784012e+00 -9.239124466496957851e-04
1.737500000000000000e+01 1.007410536162091974e+00 6.922542135062995572e-04
1.739583333333333215e+01 9.797838096446835898e-01 -1.251031662114889496e-03
1.741666666666666430e+01 9.784049773128302707e-01 3.083056619349356666e-04
1.743750000000000000e+01 9.948433296458837338e-01 -9.545197278566749152e-04
1.745833333333333215e+01 1.011254606157297786e+00 -2.346363835864334092e-03
1.747916666666666430e+01 1.014799691340316778e+00 -1.031804981724690788e-03
1.750000000000000000e+01 9.951491013184664558e-01 5.490778668090509976e-04
1.752083333333333215e+01 9.809633115865572517e-01 9.460113409427198770e-04
1.754166666666666430e+01 9.848275435437162662e-01 1.302540051893886575e-03
1.756250000000000000e+01 1.009400757264509618e+00 4.196914232063968784e-04
1.758333333333333215e+01 1.030251472792718115e+00 -5.525202004861753252e-04
1.760416666666666430e+01 1.036257458934915388e+00 -7.894130815698486257e-04
1.762500000000000000e+01 1.006764206630072156e+00 -6.001814753510971131e-04
1.764583333333333215e+01 9.809592997012528404e-01 5.993931343699804596e-04
1.766666666666666430e+01 9.679009994019968088e-01 -5.446802495632799496e-04
1.768750000000000000e+01 9.752092467805760778e-01 7.374107166816159381e-04
1.770833333333333215e+01 9.959145774616323665e-01 3.919947777441604164e-04
1.772916666666666430e+01 1.013985710086289904e+00 -4.481860471728438185e-05
1.775000000000000000e+01 1.012005754256467993e+00 -2.144986654543525485e-03
1.777083333333333215e+01 1.001549894296635879e+00 1.315187596151306268e-03
1.779166666666666430e+01 9.935232682419917749e-01 1.959733743778115014e-03
1.781250000000000000e+01 1.007653702222512937e+00 1.706757679707650343e-03
1.783333333333333215e+01 1.017890206433031963e+00 -5.699266183102931612e-04
1.785416666666666430e+01 1.010682099139360135e+00 -9.924898445266001185e-05
1.787500000000000000e+01 9.907772133126199199e-01 -2.476985104210690548e-03
1.789583333333333215e+01 9.802915968800495206e-01 -3.584839678417639703e-04
1.791666666666666430e+01 9.863144920307105323e-01 6.094834587551420206e-04
1.793750000000000000e+01 1.004199258001580608e+00 -2.373143744075341573e-03
1.795833333333333215e+01 1.008083003119627730e+00 2.127780702569815761e-04
1.797916666666666430e+01 9.959913110851137397e-01 1.155753669691894202e-03
1.800000000000000000e+01 9.870141329404343855e-01 -5.586469652747677681e-04
1.802083333333333215e+01 9.953233658682297813e-01 -4.959991982915952806e-04
1.804166666666666430e+01 1.012117818783762058e+00 4.751315601032370670e-04
1.806250000000000000e+01 1.022397272760147136e+00 -2.090946785682934884e-04
1.808333333333333215e+01 1.011969884790125507e+00 4.739134394625575588e-04
1.810416666666666430e+01 9.964073250898078937e-01 -1.868669817792445139e-04
1.812500000000000000e+01 9.887523566915651374e-01 1.532488528129380976e-03
1.814583333333333215e+01 9.932477064252624999e-01 -1.575742226925891040e-03
1.816666666666666430e+01 1.003572397996433718e+00 -1.012214439963971555e-04
1.818750000000000000e+01 1.006213392408538798e+00 1.332590697881522786e-03
1.820833333333333215e+01 1.000933930737696542e+00 1.642875102830424969e-03
1.822916666666666430e+01 9.923530934702136097e-01 6.652680197565435157e-04
1.825000000000000000e+01 9.872259182184313087e-01 -1.591841072990189936e-03
1.827083333333333215e+01 9.925193741523024027e-01 -2.227874557397696489e-03
1.829166666666666430e+01 1.007046738341438763e+00 1.374983879219514283e-04
1.831250000000000000e+01 1.012995296918593802e+00 -5.283212127117273543e-04
1.833333333333333215e+01 1.020023800102468847e+00 2.474370749201094868e-04
1.835416666666666430e+01 1.004420870728262694e+00 -2.082084525644906938e-04
1.837500000000000000e+01 9.989354276752557826e-01 2.817061028767327432e-04
1.839583333333333215e+01 9.937585730708872189e-01 -1.247336249267185816e-04
1.841666666666666430e+01 9.908360795542181521e-01 1.996848981660340541e-03
1.843750000000000000e+01 9.890447781702955687e-01 1.361598312362553463e-04
1.845833333333333215e+01 9.853173777170901593e-01 -4.107196279733008374e-04
1.847916666666666430e+01 9.955554613047016277e-01 -2.253877124751849580e-04
1.850000000000000000e+01 1.009998938305458172e+00 -2.883936084476074169e-04
1.852083333333333215e+01 1.013068889498538239e+00 -1.125846197372624112e-03
1.854166666666666430e+01 1.006553945071547718e+00 2.303750590788556773e-03
1.856250000000000000e+01 9.938437821581576070e-01 -4.049413380033157692e-03
1.858333333333333215e+01 9.973803012555707559e-01 -7.949102867728032214e-04
1.860416666666666430e+01 1.014147267164163146e+00 -3.791824158409348635e-04
1.862500000000000000e+01 1.019221545962419651e+00 1.555604957443335263e-03
1.864583333333333215e+01 1.008865719972078301e+00 -1.028872396003519376e-03
1.866666666666666430e+01 9.776627961474819717e-01 -3.909016019332359248e-04
1.868750000000000000e+01 9.705978961033669972e-01 1.603725880692338356e-03
1.870833333333333215e+01 9.851049188915249610e-01 -2.232624883637807350e-03
1.872916666666666430e+01 1.007735905470668047e+00 2.129860623950822075e-04
1.875000000000000000e+01 1.019854828646728606e+00 -1.115452401476456313e-03
1.877083333333333215e+01 1.016119136941020740e+00 -3.827484557493363027e-04
1.879166666666666430e+01 1.008721364255370956e+00 7.630457225433158247e-04
1.881250000000000000e+01 1.002380978824123359e+00 6.309273589496418051e-04
1.883333333333333215e+01 1.002336107826619749e+00 1.244685468865578510e-04
1.885416666666666430e+01 9.983442668937867470e-01 1.135478319137171212e-03
1.887500000000000000e+01 9.899545949952152091e-01 -9.288586126171373197e-04
1.889583333333333215e+01 9.830192251624391142e-01 8.684352088366107400e-04
1.891666666666666430e+01 9.782344877345966472e-01 5.792990152149840285e-04
1.893750000000000000e+01 9.918396593351490598e-01 -1.524925088412598315e-03
1.895833333333333215e+01 1.013893802340764427e+00 -9.950030060017923256e-04
1.897916666666666430e+01 1.031865882014634916e+00 -1.933124994151391241e-03
1.900000000000000000e+01 1.024766035770246386e+00 -1.743075587970752995e-03
1.902083333333333215e+01 1.003097538723461968e+00 -3.144668381676124502e-03
1.904166666666666430e+01 9.754777140489558906e-01 1.048959567390197242e-03
1.906250000000000000e+01 9.778222957100851653e-01 7.946668932935504288e-04
1.908333333333333215e+01 9.997159910092435764e-01 -3.548055258932658672e-04
1.910416666666666430e+01 1.013781619131783884e+00 -2.863572912612201947e-03
1.912500000000000000e+01 1.005936638556948148e+00 -8.298243148643716111e-04
1.914583333333333215e+01 9.960581780069880375e-01 -2.979727404364495929e-04
1.916666666666666430e+01 9.936820848578993282e-01 2.859548493163681284e-03
1.918750000000000000e+01 1.011543711368640075e+00 -1.484999225133870398e-03
1.920833333333333215e+01 1.029662448024710297e+00 8.256479826077316089e-05
1.922916666666666430e+01 1.028898861707440382e+00 3.097535982203574335e-03
1.925000000000000000e+01 1.002723029911740005e+00 -1.768237312227627410e-03
1.927083333333333215e+01 9.726045174925918024e-01 -7.619780936110295876e-04
1.929166666666666430e+01 9.715725285933093369e-01 -1.054715504890793793e-03
1.931250000000000000e+01 9.798747877247562243e-01 3.492398034014074074e-04
1.933333333333333215e+01 9.963334585863127257e-01 -2.458115994550159216e-04
1.935416666666666430e+01 1.020125195727787926e+00 -1.819653540739703517e-03
1.937500000000000000e+01 1.023090630154695813e+00 -4.543884185816901566e-04
1.939583333333333215e+01 1.021854428258632819e+00 5.805871743557079615e-04
1.941666666666666430e+01 1.014597533534627782e+00 1.746168189152679613e-03
1.943750000000000000e+01 1.005003209703951628e+00 1.628031629633511180e-03
1.945833333333333215e+01 1.000215304242652703e+00 5.105747063303888930e-04
1.947916666666666430e+01 9.850739475819705326e-01 -1.094892373396770676e-04
1.950000000000000000e+01 9.812718678526466398e-01 -1.564097053442736751e-03
1.952083333333333215e+01 9.721106489633143388e-01 1.934670967575892984e-03
1.954166666666666430e+01 9.817658312060774106e-01 3.275098430037534712e-04
1.956250000000000000e+01 9.992239808774144860e-01 -1.141665109118232936e-03
1.958333333333333215e+01 1.029946578934388235e+00 8.328722903755276770e-04
1.960416666666666430e+01 1.034664698575631814e+00 -2.794029627260043234e-04
1.962500000000000000e+01 1.026944278248314468e+00 -1.243713391621403081e-03
1.964583333333333215e+01 9.998032113577965951e-01 4.162936982399574235e-04
1.966666666666666430e+01 9.860879838726218649e-01 -1.280734005578626272e-03
1.968750000000000000e+01 9.774011827419010201e-01 3.066632649576331868e-04
1.970833333333333215e+01 9.753004707674403084e-01 6.815210737338021408e-05
1.972916666666666430e+01 9.856152664739230573e-01 -1.398689785426222593e-03
1.975000000000000000e+01 1.001412634425906223e+00 -2.728603423697868583e-04
1.977083333333333215e+01 1.014173537236498612e+00 -2.434513938643226207e-03
1.979166666666666430e+01 1.026306960760819509e+00 7.075139151658026235e-04
1.981250000000000000e+01 1.020529143739541178e+00 1.171930145750722319e-03
1.983333333333333215e+01 1.014899970383374095e+00 -3.293230436488913011e-03
1.985416666666666430e+01 1.001534270926498049e+00 3.016226640455407565e-04
1.987500000000000000e+01 9.892283970114880143e-01 6.516659754531652386e-04
1.989583333333333215e+01 9.785741357834475407e-01 2.622394332155564452e-03
1.991666666666666430e+01 9.703643611419586756e-01 2.257938974620439607e-03
1.993750000000000000e+01 9.804136597213476412e-01 1.793581061663367809e-03
1.995833333333333215e+01 1.008287620546370222e+00 -3.548387874778503501e-04
1.997916666666666430e+01 1.029345615946409165e+00 -6.959755367496648325e-04
2.000000000000000000e+01 1.036662415768268453e+00 5.552142814126145116e-04
2.002083333333333215e+01 1.019699740659269827e+00 1.053932263581329768e-03
2.004166666666666430e+01 9.945024529040356054e-01 4.207873450343290107e-04
2.006250000000000000e+01 9.775463023197930035e-01 -1.836491051866786790e-04
2.008333333333333215e+01 9.730596566221597632e-01 -3.457715623677587316e-04
2.010416666666666430e+01 9.873879987707577799e-01 -1.329187818016670417e-04
2.012500000000000000e+01 1.002173700917801114e+00 -7.599727590234302971e-04
2.014583333333333215e+01 1.012782857108294632e+00 -4.344753973598125649e-05
2.016666666666666430e+01 1.011447892826698114e+00 -4.046832455170937173e-04
2.018750000000000000e+01 9.969148818408648527e-01 -1.790298874480861268e-03
2.020833333333333215e+01 9.858985047764636800e-01 4.960783736472848277e-04
2.022916666666666430e+01 9.936136443624778991e-01 8.760645531473487463e-04
2.025000000000000000e+01 1.021359549046005455e+00 -5.636984226547519725e-04
2.027083333333333215e+01 1.034138633170300858e+00 -3.005262874312240526e-03
2.029166666666666430e+01 1.009744896070841946e+00 2.051121385278089314e-03
2.031250000000000000e+01 9.781109808349583989e-01 6.528565022779417304e-04
2.033333333333333215e+01 9.649289755529988355e-01 -6.202407997809853465e-04
2.035416666666666430e+01 9.697620857158529839e-01 -3.602382432901600744e-04
2.037500000000000000e+01 1.004988790380625163e+00 8.688908918159441558e-05
2.039583333333333215e+01 1.017946641321540779e+00 3.175995227389263160e-04
2.041666666666666430e+01 1.020173559420986642e+00 9.293746065739388190e-04
2.043750000000000000e+01 1.007412472070375209e+00 3.972526111630641241e-04
2.045833333333333215e+01 9.994466586501846717e-01 -1.259007747151994492e-03
2.047916666666666430e+01 1.002686143715024070e+00 2.328943156031758246e-03
2.050000000000000000e+01 1.004468478658908648e+00 1.367382886529016749e-03
2.052083333333333215e+01 1.003846077546211912e+00 -2.672241641352477532e-04
2.054166666666666430e+01 9.893746819613101762e-01 -4.151612153147012270e-04
2.056250000000000000e+01 9.775071649629565318e-01 -2.787893449445017716e-04
2.058333333333333215e+01 9.820275532589687328e-01 8.802263085060324727e-04
2.060416666666666430e+01 1.006532025645337169e+00 -9.952750317314962292e-04
2.062500000000000000e+01 1.025728613850178439e+00 1.309195290358191243e-03
2.064583333333333215e+01 1.027688663832186489e+00 1.377694131657567064e-03
2.066666666666666430e+01 1.007654281734046808e+00 1.524586111066312481e-03
2.068750000000000000e+01 9.800412240818515697e-01 -1.167287386401833713e-04
2.070833333333333215e+01 9.820364680848625571e-01 -4.941646073717229646e-04
2.072916666666666430e+01 9.980426450805190974e-01 1.568927310141937865e-03
2.075000000000000000e+01 1.014511893183466462e+00 1.014292463040666545e-03
2.077083333333333215e+01 1.013563174090335917e+00 -1.579567611760655192e-03
2.079166666666666430e+01 9.972740814299672074e-01 -1.576677070127944320e-03
2.081250000000000000e+01 9.824332175241934362e-01 1.686004351326605239e-03
2.083333333333333215e+01 9.911105987415668173e-01 1.643768049769908125e-03
2.085416666666666430e+01 1.006712509810932188e+00 -1.303578970575884968e-03
2.087500000000000000e+01 1.011498693825337192e+00 -1.787207126844816301e-04
2.089583333333333215e+01 9.982211684800346152e-01 1.641079190432717921e-03
2.091666666666666430e+01 9.895119374808276635e-01 1.097549858364962405e-03
2.093750000000000000e+01 9.961883712780541522e-01 1.194893283028970743e-03
2.095833333333333215e+01 1.005395719217621942e+00 -1.479526759610941310e-03
2.097916666666666430e+01 1.008346926551570100e+00 2.264700785061902284e-04
2.100000000000000000e+01 1.007329721252921972e+00 -8.297690541191321935e-04
2.102083333333333215e+01 9.919461225493383383e-01 2.947595716808650425e-04
2.104166666666666430e+01 9.876176178179277843e-01 -5.613418215337695385e-04
2.106250000000000000e+01 9.948266850242138970e-01 -7.165598819944412083e-04
2.108333333333333215e+01 9.918616753513466167e-01 -8.013076046205411512e-04
2.110416666666666430e+01 9.898701492287038661e-01 3.731677920859446181e-04
2.112500000000000000e+01 9.988552926858756953e-01 -5.081991878213799538e-04
2.114583333333333215e+01 1.011847330417695368e+00 -1.234088191772361438e-04
2.116666666666666430e+01 1.015075603421677020e+00 2.165429157265244358e-04
2.118750000000000000e+01 1.017355395108406446e+00 1.203553881469323098e-03
2.120833333333333215e+01 1.004300758752163958e+00 -8.233819841312938013e-04
2.122916666666666430e+01 9.902987143355866939e-01 3.273348428222528327e-04
2.125000000000000000e+01 9.774203507887004871e-01 -1.495154597085563721e-04
2.127083333333333215e+01 9.708372671529915676e-01 1.411172683180861092e-03
2.129166666666666430e+01 9.872234854684120986e-01 -9.020252444758950243e-04
2.131250000000000000e+01 1.004322768619164474e+00 -1.271228977426051561e-04
2.133333333333333215e+01 1.008490719377494349e+00 1.193529749580661678e-03
2.135416666666666430e+01 1.010592157091077858e+00 4.496157479101513428e-04
2.137500000000000000e+01 1.011870824781681222e+00 -1.614848618965740099e-03
2.139583333333333215e+01 1.017973712655903196e+00 -1.442585963882634867e-03
2.141666666666666430e+01 1.020928456855082267e+00 -1.699368274801711914e-03
2.143750000000000000e+01 1.007555092320491896e+00 4.058340387016909313e-04
2.145833333333333215e+01 9.796757191698193257e-01 3.372570207587102754e-04
2.147916666666666430e+01 9.520170323238900112e-01 -1.217510869587345480e-03
2.150000000000000000e+01 9.579053613365806630e-01 -1.030997813601460802e-03
2.152083333333333215e+01 9.964401367919384356e-01 -2.203682240565677073e-04
2.154166666666666430e+01 1.026741900183552492e+00 1.534869836090491666e-03
2.156250000000000000e+01 1.026809194777441814e+00 7.539145915615594546e-04
2.158333333333333215e+01 1.010490734290157899e+00 -2.039423639739120029e-03
2.160416666666666430e+01 1.005360049706180536e+00 5.949312204867427279e-04
2.162500000000000000e+01 1.014689836426887704e+00 -4.757441716616795583e-04
2.164583333333333215e+01 1.018408925710712953e+00 2.082202399264511221e-03
2.166666666666666430e+01 1.002947297172431584e+00 -2.951587875360067725e-03
2.168750000000000000e+01 9.694719993576510486e-01 1.227218353696768677e-03
2.170833333333333215e+01 9.544063448154684881e-01 -7.987607611977238337e-05
2.172916666666666430e+01 9.670827373589457876e-01 -1.769007319622301023e-05
2.175000000000000000e+01 9.990375309391020808e-01 1.079562586953244745e-03
2.177083333333333215e+01 1.031700386713164441e+00 1.423517872361445029e-03
2.179166666666666430e+01 1.039384197940950161e+00 -1.544970868427855129e-03
2.181250000000000000e+01 1.019740481992593706e+00 4.866554528378304475e-04
2.183333333333333215e+01 9.966974834512828396e-01 -2.683614510592253447e-04
2.185416666666666430e+01 9.875618227582898534e-01 -1.093857231872840969e-03
2.187500000000000000e+01 9.901766821939714802e-01 -6.312068784358043898e-04
2.189583333333333215e+01 1.006873644689908476e+00 7.164643954624544397e-04
2.191666666666666430e+01 1.006076629700355829e+00 -9.821870178709406554e-04
2.193750000000000000e+01 9.876567239958675692e-01 -4.308726701253053076e-05
2.195833333333333215e+01 9.779453493244014695e-01 -6.817066986523343582e-04
2.197916666666666430e+01 9.739807463682246258e-01 1.453193992616206003e-03
2.200000000000000000e+01 9.988662908973928722e-01 8.780619900472383865e-04
2.202083333333333215e+01 1.012430435237328341e+00 -1.675265960588880575e-03
2.204166666666666430e+01 1.017872009948079803e+00 -1.227661152235888075e-03
2.206250000000000000e+01 1.007793025927864239e+00 -7.273186567689960856e-04
2.208333333333333215e+01 1.005788763749096537e+00 3.940808209072342599e-05
2.210416666666666430e+01 1.005704400509162655e+00 -1.285984320752231523e-04
2.212500000000000000e+01 1.006026843219840039e+00 -2.517082047934270724e-04
2.214583333333333215e+01 9.950678587834173028e-01 8.927693526351022880e-04
2.216666666666666430e+01 9.851791155435577485e-01 1.889419805284427883e-05
2.218750000000000000e+01 9.894886261376495407e-01 8.813142638703196498e-05
2.220833333333333215e+01 9.941404251770773470e-01 -1.360308886344542643e-03
2.222916666666666430e+01 1.002647679523475333e+00 -1.585799995662579877e-03
2.225000000000000000e+01 1.001112709857962635e+00 -1.841996329576666997e-03
2.227083333333333215e+01 9.994566532219909538e-01 2.098750959657948081e-03
2.229166666666666430e+01 1.007801698108823585e+00 -1.854371535717786053e-04
2.231250000000000000e+01 1.012390377108681294e+00 4.110627121203683319e-04
2.233333333333333215e+01 1.013825339755938915e+00 3.164094927332498225e-03
2.235416666666666430e+01 1.005536569960645554e+00 2.224612680371461371e-03
2.237500000000000000e+01 9.991766217721750332e-01 6.342092864387642538e-04
2.239583333333333215e+01 9.997680817305417689e-01 -2.030167703617794561e-05
2.241666666666666430e+01 9.981097168296602096e-01 -4.344167937642030982e-04
2.243750000000000000e+01 9.916797627593672004e-01 6.695906203161535505e-04
2.245833333333333215e+01 9.846805579123195651e-01 -9.844580434858577701e-06
2.247916666666666430e+01 9.878467501095274939e-01 8.240053259547414381e-04
2.250000000000000000e+01 9.959004489105387492e-01 -1.522071693766170438e-03
2.252083333333333215e+01 1.003948820794468233e+00 -7.155645642191627324e-04
2.254166666666666430e+01 1.005391847469848665e+00 -3.504621203327391681e-04
2.256250000000000000e+01 1.008670273264400841e+00 -9.983825977834673900e-04
2.258333333333333215e+01 1.007161441492402387e+00 -1.023643374038568318e-04
2.260416666666666430e+01 1.000923411619447201e+00 3.653740351619939918e-04
2.262500000000000000e+01 9.962155054370248619e-01 6.580735479167769582e-04
2.264583333333333215e+01 9.953554942161135788e-01 -9.325689196020331873e-05
2.266666666666666430e+01 9.988558319443970879e-01 -2.469960017007670223e-03
2.268750000000000000e+01 9.988466041305722465e-01 -1.245489929338534744e-03
2.270833333333333215e+01 9.955418709778377506e-01 1.846951507143528015e-03
2.272916666666666430e+01 9.821051774149919256e-01 -7.245818078296094875e-04
2.275000000000000000e+01 9.794195703948631593e-01 -3.447250754744816893e-04
2.277083333333333215e+01 9.946241476571079376e-01 1.189430954673166910e-03
2.279166666666666430e+01 1.017142878162759834e+00 -3.588427165866454947e-04
2.281250000000000000e+01 1.028253444022784624e+00 8.647940726754173345e-04
2.283333333333333215e+01 1.018543337707767060e+00 1.270253215882745325e-03
2.285416666666666430e+01 9.999282287552628823e-01 1.968107374772197284e-05
2.287500000000000000e+01 9.904559354479103295e-01 -4.458679154075496399e-04
2.289583333333333215e+01 9.850302188728953245e-01 -4.930607896092566677e-05
2.291666666666666430e+01 9.893781182860535983e-01 -3.516444427580439017e-04
2.293750000000000000e+01 9.916703036611862476e-01 4.562224998651867830e-04
2.295833333333333215e+01 9.954901381463170384e-01 1.818902696566508962e-03
2.297916666666666430e+01 1.000578237653850566e+00 -4.318234426562972232e-03
2.300000000000000000e+01 1.007123084116027245e+00 -2.831377120786623481e-04
2.302083333333333215e+01 1.011392005444613940e+00 -1.563414820685954691e-03
2.304166666666666430e+01 1.009587062162466520e+00 -1.673318885118359114e-04
2.306250000000000000e+01 1.012172470187517881e+00 -7.879946442831622802e-04
2.308333333333333215e+01 1.002470573817527688e+00 -2.585485063739898122e-03
2.310416666666666430e+01 9.883915918713136461e-01 -1.632043673289974893e-03
2.312500000000000000e+01 9.688174073070516812e-01 -9.910429318752353185e-04
2.314583333333333215e+01 9.794721738110591103e-01 2.002758087875496258e-03
2.316666666666666430e+01 1.000804282462906425e+00 -2.029017247326150158e-03
2.318750000000000000e+01 1.026551274798407354e+00 8.247258278695871218e-04
2.320833333333333215e+01 1.036035456999658599e+00 -1.253519731794261721e-03
2.322916666666666430e+01 1.015146975626060044e+00 -3.048905855510008079e-03
2.325000000000000000e+01 9.870421356001110036e-01 1.069590277406602501e-04
2.327083333333333215e+01 9.828539496014452315e-01 4.449509702282336381e-04
2.329166666666666430e+01 9.897635154119512890e-01 -3.292693202169250056e-04
2.331250000000000000e+01 9.932878850440038931e-01 1.005381864960560928e-03
2.333333333333333215e+01 1.001905039747718495e+00 1.470392728750594211e-03
2.335416666666666430e+01 9.992167057340425318e-01 -1.400980865911220894e-04
2.337500000000000000e+01 9.908088206999300374e-01 5.640425588789175961e-04
2.339583333333333215e+01 9.974130592782232130e-01 -1.822697691993234708e-04
2.341666666666666430e+01 1.005543919781429762e+00 -1.782793854422038077e-03
2.343750000000000000e+01 1.018727050981389270e+00 1.017137507223064537e-03
2.345833333333333215e+01 1.020362402240416078e+00 -1.322789904386315182e-03
2.347916666666666430e+01 1.004804246465610840e+00 -6.629939800352885586e-04
2.350000000000000000e+01 9.871347706125874755e-01 1.119295892557257456e-03
2.352083333333333215e+01 9.781343505342222633e-01 1.161575933829579017e-04
2.354166666666666430e+01 9.885174287392286541e-01 2.886457870787390804e-03
2.356250000000000000e+01 9.999361770733444787e-01 -1.086136338930378985e-04
2.358333333333333215e+01 1.006350673043460597e+00 3.305072213227512623e-04
2.360416666666666430e+01 1.007591460303300934e+00 1.062212070540614244e-03
2.362500000000000000e+01 9.929752262633453341e-01 2.613125816734054949e-04
2.364583333333333215e+01 1.000692244657914731e+00 -8.262628822096666726e-04
2.366666666666666430e+01 1.008784319581273126e+00 2.510702025387395167e-04
2.368750000000000000e+01 1.014213521534275797e+00 -2.419147730192127213e-03
2.370833333333333215e+01 1.010575279898225487e+00 -7.656914429634124625e-04
2.372916666666666430e+01 9.947760545222910089e-01 2.905519088755111919e-05
2.375000000000000000e+01 9.920582513175164596e-01 -1.571354669807418960e-04
2.377083333333333215e+01 9.905006809839855819e-01 -2.415706998241696493e-04
2.379166666666666430e+01 9.907473254659585615e-01 1.036743837002308518e-03
2.381250000000000000e+01 9.967970365328856497e-01 1.326299213230285609e-03
2.383333333333333215e+01 1.001778199819282955e+00 -1.417890475011930173e-03
2.385416666666666430e+01 1.013061411958305458e+00 2.722274281010883052e-06
2.387500000000000000e+01 1.013547025152893299e+00 7.008537214022943261e-04
2.389583333333333215e+01 1.001559229166052889e+00 3.463544410426620248e-04
2.391666666666666430e+01 9.854608604095436153e-01 -5.906441270856801736e-04
2.393750000000000000e+01 9.817194086006276743e-01 3.986090913139243765e-04
2.395833333333333215e+01 9.884600622774880607e-01 6.399011700580040400e-04
2.397916666666666430e+01 1.008548109121025771e+00 1.084293518627656725e-03
2.400000000000000000e+01 1.020802903126002192e+00 -1.626933993217854427e-03
2.402083333333333215e+01 1.021179008763916540e+00 -8.179722569248803858e-04
2.404166666666666430e+01 1.009755182535444717e+00 2.178428574489487280e-03
2.406250000000000000e+01 9.917743011753057392e-01 4.339251462517725098e-04
2.408333333333333215e+01 9.810494029428521445e-01 1.238795804875736698e-04
2.410416666666666430e+01 9.782164378674182981e-01 -2.329301607665974598e-03
2.412500000000000000e+01 9.938451960365608517e-01 -1.341578502993491647e-03
2.414583333333333215e+01 1.009306013939657909e+00 3.388676276303523598e-05
2.416666666666666430e+01 1.018566850254527312e+00 2.639479278942840311e-04
2.418750000000000000e+01 1.008598190851462961e+00 1.302322435480381211e-03
2.420833333333333215e+01 1.004197882952177823e+00 5.393507366738340943e-04
2.422916666666666430e+01 1.008822512915316105e+00 -1.501760696415564309e-04
2.425000000000000000e+01 1.001960860064740944e+00 -1.319804029545468011e-03
2.427083333333333215e+01 9.939613404084749471e-01 -9.454746703684239334e-04
2.429166666666666430e+01 9.874746296488922104e-01 1.304497880223366149e-03
2.431250000000000000e+01 9.890815625931922428e-01 2.195859651400251973e-03
2.433333333333333215e+01 1.000712675234315396e+00 2.213770389055841250e-03
2.435416666666666430e+01 1.013911552065589028e+00 1.686497853890924891e-03
2.437500000000000000e+01 1.020291307755357701e+00 -7.093809490641239082e-05
2.439583333333333215e+01 9.990468848640998711e-01 6.416730106386495146e-04
2.441666666666666430e+01 9.887778856676959771e-01 1.721391343835321339e-04
2.443750000000000000e+01 9.957104249749070268e-01 2.636762646761590424e-04
2.445833333333333215e+01 1.001598653194744060e+00 1.116058552661184028e-03
2.447916666666666430e+01 1.006321021081172384e+00 4.425049340523850563e-04
2.450000000000000000e+01 1.006696629800567511e+00 1.911034784653423818e-04
2.452083333333333215e+01 9.991734670610961100e-01 1.554576084499795837e-03
2.454166666666666430e+01 9.908912406229672953e-01 1.702689639733084067e-03
2.456250000000000000e+01 9.951875261629625768e-01 -6.339280091068905543e-04
2.458333333333333215e+01 1.000741923779537412e+00 8.678528977538224110e-05
2.460416666666666430e+01 1.004616601012891408e+00 -2.869738772470642072e-04
2.462500000000000000e+01 1.007151599538100850e+00 -9.038891726954926975e-06
2.464583333333333215e+01 9.985201312162098608e-01 -2.213846403772586871e-04
2.466666666666666430e+01 9.976019113017886575e-01 5.050948871114736751e-04
2.468750000000000000e+01 9.878144729365316845e-01 1.232125170157897034e-03
2.470833333333333215e+01 9.936242314339510662e-01 8.355103729804580709e-04
2.472916666666666430e+01 1.001415474740994460e+00 3.232786107044907116e-05
2.475000000000000000e+01 1.003067477294617094e+00 -8.449358562556392413e-06
2.477083333333333215e+01 9.991989670097989329e-01 4.230091310470411809e-04
2.479166666666666430e+01 9.975554042525310861e-01 1.135052381064954359e-04
2.481250000000000000e+01 1.011417431886014073e+00 -1.641301213727797625e-04
2.483333333333333215e+01 1.014535462221840323e+00 -8.025568403385826329e-04
2.485416666666666430e+01 1.011829196225580541e+00 -2.788906269181319012e-03
2.487500000000000000e+01 9.925217546703302141e-01 -9.504742356853552185e-04
2.489583333333333215e+01 9.807002844145394915e-01 -2.491666822762351216e-04
2.491666666666666430e+01 9.802850423260345281e-01 2.509490212817932077e-04
2.493750000000000000e+01 9.900224710968391628e-01 1.178328631274627595e-03
2.495833333333333215e+01 9.981699707026899793e-01 1.368643279734614820e-04
2.497916666666666430e+01 1.001162173853230808e+00 -4.446366001651553559e-04
2.500000000000000000e+01 1.010809611200984115e+00 -6.069741703316764228e-04
2.502083333333333215e+01 1.017167316982606984e+00 -6.809886629817605208e-04
2.504166666666666430e+01 1.013811220776740907e+00 -8.932771312612394462e-04
2.506250000000000000e+01 1.006049404224394372e+00 -7.677815263364065742e-04
2.508333333333333215e+01 9.985679910747612409e-01 3.142254911713907202e-03
2.510416666666666430e+01 9.875071927522193205e-01 1.012558022270306900e-03
2.512500000000000000e+01 9.876625076962158856e-01 -1.782181779179459538e-04
2.514583333333333215e+01 1.001032752903625145e+00 1.910551996840673073e-03
2.516666666666666430e+01 1.008690888582215228e+00 5.222765725255170246e-04
2.518750000000000000e+01 1.007511084425298131e+00 1.776268392145664799e-03
2.520833333333333215e+01 1.004943520367417298e+00 -1.333769460103317048e-03
2.522916666666666430e+01 9.961593173449733163e-01 2.046926084311219158e-04
2.525000000000000000e+01 9.862160925898050268e-01 -1.072977476208859479e-04
2.527083333333333215e+01 9.952636312875901003e-01 -8.586294496633131712e-04
2.529166666666666430e+01 1.010815420165946721e+00 2.919852072666502172e-04
2.531250000000000000e+01 1.018515816334266466e+00 -7.763998628677889298e-04
2.533333333333333215e+01 1.018283148859088216e+00 -1.243148307405286031e-04
2.535416666666666430e+01 9.985739550784434870e-01 -3.529256254138429198e-04
2.537500000000000000e+01 9.914043898494900864e-01 3.382646614867206090e-04
2.539583333333333215e+01 9.929626717095066946e-01 1.267592167912615997e-03
2.541666666666666430e+01 9.955534972151640627e-01 -9.631723450629624565e-04
2.543750000000000000e+01 9.957695541590529942e-01 -3.316971066410109772e-03
2.545833333333333215e+01 9.833462615952096586e-01 -1.091627316985643425e-03
2.547916666666666430e+01 9.818435669591221160e-01 5.719453482619613971e-04
2.550000000000000000e+01 9.921858363546685045e-01 1.367365526688140093e-03
2.552083333333333215e+01 1.020048661602375395e+00 1.778819642825708088e-03
2.554166666666666430e+01 1.029390337525403876e+00 -8.250145258189824299e-04
2.556250000000000000e+01 1.021885876738140242e+00 6.139153868313841243e-04
2.558333333333333215e+01 1.008276024308052188e+00 4.145428269139057875e-04
2.560416666666666430e+01 9.974610940077609511e-01 4.991118499499375789e-04
2.562500000000000000e+01 9.948568727030356884e-01 -8.179822689717528321e-04
2.564583333333333215e+01 9.859108875420695695e-01 2.355763036420625677e-06
2.566666666666666430e+01 9.788066142183284857e-01 3.444991362824757655e-04
2.568750000000000000e+01 9.791486417314529955e-01 6.158622634400762652e-05
2.570833333333333215e+01 9.918882287928091346e-01 -2.243041598547837738e-04
2.572916666666666430e+01 1.003263940995675618e+00 9.639346510949123098e-04
2.575000000000000000e+01 1.010248112484770200e+00 7.926590524119402677e-04
2.577083333333333215e+01 1.022505208859205927e+00 5.768116665656865347e-04
2.579166666666666430e+01 1.027757543250339189e+00 2.242832545268879686e-03
2.581250000000000000e+01 1.021001702822959212e+00 4.586314642392288533e-04
2.583333333333333215e+01 1.008455178982029743e+00 3.527256131790023193e-05
2.585416666666666430e+01 9.888651171768434445e-01 1.473931089738127784e-04
2.587500000000000000e+01 9.785644799469410682e-01 -4.924586149748162766e-04
2.589583333333333215e+01 9.716247708736468480e-01 1.026836694691180170e-03
2.591666666666666430e+01 9.720308398026727970e-01 -5.239859930502804939e-04
2.593750000000000000e+01 9.883408140108433937e-01 -3.386150385663111353e-03
2.595833333333333215e+01 1.016540191093517675e+00 -1.127886399922595293e-03
2.597916666666666430e+01 1.037373401127918759e+00 -4.593384260092214419e-04
