0.000000000000000000e+00 1.003813368983612397e+00 -1.418065512228817830e-04
2.083333333333333218e-02 1.018031727849982637e+00 -1.359573197702777314e-03
4.166666666666666435e-02 9.988718835319739808e-01 -1.045748728718568117e-03
6.250000000000000000e-02 9.723601913300364830e-01 5.463679116294957103e-04
8.333333333333332871e-02 9.815903863265785789e-01 7.573615914899769130e-04
1.041666666666666574e-01 1.001718884551840549e+00 9.712669140883824952e-04
1.250000000000000000e-01 1.012814122459275712e+00 3.692598369918522199e-05
1.458333333333333148e-01 1.000070436701822496e+00 -2.622642767844054080e-03
1.666666666666666574e-01 9.951858903614957397e-01 5.136541144238741287e-04
1.875000000000000000e-01 1.002096599769360941e+00 -5.750495786841741501e-04
2.083333333333333148e-01 1.006387813794456854e+00 1.417779790745560048e-03
2.291666666666666574e-01 9.984008004673079473e-01 -4.987246765188905811e-04
2.500000000000000000e-01 1.000505500726754260e+00 -1.433501061226981821e-03
2.708333333333333148e-01 1.020739747440012835e+00 -1.993442490740563421e-03
2.916666666666666297e-01 1.031049298218265520e+00 6.913474673291800533e-04
3.125000000000000000e-01 1.003183067394818107e+00 1.704748485065261466e-03
3.333333333333333148e-01 9.788985570715451612e-01 -1.045761686380322457e-04
3.541666666666666297e-01 9.727866245763431285e-01 2.553544212926525192e-04
3.750000000000000000e-01 9.998911672105783577e-01 -1.649584333104456291e-03
3.958333333333333148e-01 1.013772500646811459e+00 1.235475038969455739e-04
4.166666666666666297e-01 9.975908841240622715e-01 4.124450129424247461e-04
4.375000000000000000e-01 9.962187726177333946e-01 -1.629957071598634811e-03
4.583333333333333148e-01 1.002824549661290643e+00 -1.917163550356628700e-03
4.791666666666666297e-01 1.009289785108782089e+00 -6.617278240933428032e-04
5.000000000000000000e-01 9.921362546887200207e-01 -1.407392888980152877e-04
5.208333333333332593e-01 9.842332215366881298e-01 1.126697454869820484e-03
5.416666666666666297e-01 1.003271378318017160e+00 -1.118125085186027481e-03
5.625000000000000000e-01 1.011076941795526762e+00 -1.024096308155779921e-03
5.833333333333332593e-01 9.921032846686197448e-01 1.623077136070884274e-03
6.041666666666666297e-01 9.704756920500713369e-01 3.281889882963132804e-03
6.250000000000000000e-01 9.990357769116152697e-01 2.041363275650567291e-04
6.458333333333332593e-01 1.025149249953303920e+00 1.728711124819141964e-03
6.666666666666666297e-01 1.025229675152762976e+00 2.552159085439088988e-03
6.875000000000000000e-01 9.948052455428055829e-01 1.370333379991797848e-03
7.083333333333332593e-01 9.828593338408876390e-01 1.008414158899183536e-03
7.291666666666666297e-01 9.927035328322022512e-01 6.484540263565385563e-06
7.500000000000000000e-01 9.965256018794853565e-01 -2.718550357085670526e-06
7.708333333333332593e-01 9.820472997501135115e-01 -1.413388017400642790e-03
7.916666666666666297e-01 9.857401148810360780e-01 6.866336444790369477e-04
8.125000000000000000e-01 1.016500096216815363e+00 1.728162576740123208e-03
8.333333333333332593e-01 1.023193898409435754e+00 1.467377044336774881e-03
8.541666666666666297e-01 1.007481511302002586e+00 -1.808862667719355341e-03
8.750000000000000000e-01 9.913961976898637563e-01 2.293613126801247789e-03
8.958333333333332593e-01 1.008319089760741027e+00 5.784299650562538974e-07
9.166666666666666297e-01 1.023180186873344777e+00 -1.373846538826358334e-04
9.375000000000000000e-01 1.010422780590872982e+00 2.767647562974876602e-03
9.583333333333332593e-01 9.898910906984138558e-01 1.778086356850143738e-03
9.791666666666666297e-01 9.933792608949737479e-01 -2.489070189007812025e-04
1.000000000000000000e+00 1.000206322196508735e+00 5.028548275580373497e-04
1.020833333333333259e+00 1.001520943878820846e+00 1.356995208813333324e-03
1.041666666666666519e+00 9.881333592966420332e-01 -9.286504396646163943e-04
1.062500000000000000e+00 9.959957591325593329e-01 -1.279319475609150920e-03
1.083333333333333259e+00 1.001495266557975938e+00 -2.367065407057813899e-03
1.104166666666666519e+00 9.959548798040305240e-01 -7.798870966131811553e-04
1.125000000000000000e+00 9.823668475805534817e-01 1.315856121381283727e-03
1.145833333333333259e+00 9.883070502783550815e-01 1.049273268095591172e-03
1.166666666666666519e+00 1.003036871730491386e+00 2.543572586474081017e-04
1.187500000000000000e+00 1.016832703323273579e+00 -6.387927567782709145e-04
1.208333333333333259e+00 1.010936218024504951e+00 2.254381838751234012e-03
1.229166666666666519e+00 1.006417564956392008e+00 -2.580833101009105961e-04
1.250000000000000000e+00 9.982396364126814303e-01 3.839043821166427057e-04
1.270833333333333259e+00 9.992036937514260364e-01 -1.115842746259935710e-03
1.291666666666666519e+00 9.902303007009055635e-01 4.848654583510365553e-04
1.312500000000000000e+00 9.851458184903056914e-01 -1.933413672911262881e-03
1.333333333333333259e+00 9.906566433424170981e-01 -5.700766746152771420e-04
1.354166666666666519e+00 9.949214103947624510e-01 1.153049320991403988e-03
1.375000000000000000e+00 1.001020585518436867e+00 1.046335675260941797e-03
1.395833333333333259e+00 1.006264185964031554e+00 -1.514431737835590696e-03
1.416666666666666519e+00 1.016872441100042934e+00 1.368311675969592785e-04
1.437500000000000000e+00 1.017997079470263078e+00 2.077342920742602204e-03
1.458333333333333259e+00 1.014166081995001578e+00 2.514360875108615553e-03
1.479166666666666519e+00 1.011967299756274086e+00 1.192910837165184331e-03
1.500000000000000000e+00 1.002295888194260964e+00 -8.338787243590600664e-04
1.520833333333333259e+00 9.917805226843551258e-01 1.487948511235505974e-03
1.541666666666666519e+00 9.826935845795372604e-01 -3.262459279240300042e-04
1.562500000000000000e+00 9.880898537625920630e-01 1.042595627488525443e-03
1.583333333333333259e+00 1.010781232499924354e+00 -9.363706047810837823e-04
1.604166666666666519e+00 1.008929858753356168e+00 3.105905996352172592e-04
1.625000000000000000e+00 1.005501016873465492e+00 1.178227525105860710e-03
1.645833333333333259e+00 1.007072162393050752e+00 1.193710757485478809e-03
1.666666666666666519e+00 1.008084422871162733e+00 -7.297911199358518650e-04
1.687500000000000000e+00 9.962547107725485684e-01 1.179733115480869742e-03
1.708333333333333259e+00 9.823555970868866893e-01 -1.140245089918066716e-03
1.729166666666666519e+00 9.860436438987439933e-01 1.455555426955834055e-03
1.750000000000000000e+00 9.912616645301888241e-01 8.986876709680639971e-04
1.770833333333333259e+00 9.999625611013065463e-01 -3.208203006109288714e-04
1.791666666666666519e+00 1.002585765574692367e+00 1.716077785847405421e-04
1.812500000000000000e+00 9.932451999268664400e-01 5.253774432545102934e-04
1.833333333333333259e+00 1.003187152277645655e+00 -5.631727687888230563e-05
1.854166666666666519e+00 1.008217256933745531e+00 2.573116164057454545e-03
1.875000000000000000e+00 9.968822878167206136e-01 1.263079994959630595e-03
1.895833333333333259e+00 9.897872207565040492e-01 1.628241343429786886e-03
1.916666666666666519e+00 9.916716092716804098e-01 5.548826063794986196e-04
1.937500000000000000e+00 1.004135235034065765e+00 1.188532772906957305e-04
1.958333333333333259e+00 9.995519783254760426e-01 2.085356616278813153e-04
1.979166666666666519e+00 9.969152670707109865e-01 -1.890613461866283689e-03
2.000000000000000000e+00 1.007253850215611202e+00 1.471565316026292574e-03
2.020833333333333037e+00 1.012733877662118198e+00 2.526822535282692377e-04
2.041666666666666519e+00 1.006407119612668932e+00 -1.030502946686378575e-03
2.062500000000000000e+00 9.970160578419896558e-01 2.115368004697837888e-03
2.083333333333333037e+00 9.820885860200121442e-01 8.299925361786730663e-04
2.104166666666666519e+00 9.897361046826986808e-01 -3.115335238395529121e-04
2.125000000000000000e+00 1.000231538320971891e+00 1.439928301972898334e-03
2.145833333333333037e+00 1.008986022188873344e+00 -1.542653527786630539e-03
2.166666666666666519e+00 1.015130373382627571e+00 2.255355474555456249e-03
2.187500000000000000e+00 1.016050243799353270e+00 5.046398564637842024e-04
2.208333333333333037e+00 1.011880499098215092e+00 -1.280189828719946769e-03
2.229166666666666519e+00 1.000382137810103211e+00 -6.145649584104616227e-04
2.250000000000000000e+00 9.844279511241664782e-01 -2.779172537956449678e-03
2.270833333333333037e+00 9.829402261189643664e-01 8.687598666847534592e-04
2.291666666666666519e+00 9.994696106803717672e-01 -1.108098699114928561e-03
2.312500000000000000e+00 9.973414056900868907e-01 -1.825272170135393095e-04
2.333333333333333037e+00 9.986675696764969468e-01 -2.131776285379429880e-03
2.354166666666666519e+00 9.964716279555019263e-01 -7.178155577459692125e-04
2.375000000000000000e+00 9.964940223184287627e-01 -7.305319259407020175e-04
2.395833333333333037e+00 1.005721362202548708e+00 -5.146671235451977374e-04
2.416666666666666519e+00 1.006530577533353954e+00 1.825246234543601107e-03
2.437500000000000000e+00 9.997279178449381964e-01 -8.583992297258229241e-04
2.458333333333333037e+00 9.892134718015966888e-01 3.864646015808365694e-04
2.479166666666666519e+00 9.918574409088537491e-01 1.789992537018990706e-03
2.500000000000000000e+00 9.964127299761208478e-01 -3.483492973595832135e-04
2.520833333333333037e+00 9.939915138131319994e-01 -1.378316883054083505e-03
2.541666666666666519e+00 1.001645362883843982e+00 2.018469596376496096e-03
2.562500000000000000e+00 1.018695146349672731e+00 7.372823553962103106e-04
2.583333333333333037e+00 1.022950744434601988e+00 -1.345600873618586725e-03
2.604166666666666519e+00 1.003137097567729175e+00 2.262024473180341329e-03
2.625000000000000000e+00 9.876546927636636886e-01 7.364742230463545893e-04
2.645833333333333037e+00 9.860266368132709625e-01 -4.299492673519103716e-05
2.666666666666666519e+00 1.000114058874847389e+00 9.101040859518363729e-04
2.687500000000000000e+00 1.006289927897658920e+00 1.269051586386812577e-03
2.708333333333333037e+00 1.005855915571708170e+00 2.158180606401894838e-03
2.729166666666666519e+00 1.002250615875994955e+00 -2.520394851804504555e-03
2.750000000000000000e+00 1.002729237665450857e+00 -1.015404848738228269e-03
2.770833333333333037e+00 9.988096605038926379e-01 -1.790232693074737900e-03
2.791666666666666519e+00 9.955287074532898073e-01 1.615183092046252634e-03
2.812500000000000000e+00 9.999869609760991818e-01 4.503282828629954528e-04
2.833333333333333037e+00 1.009357793317723795e+00 5.340173240361420146e-04
2.854166666666666519e+00 1.013360025073411164e+00 -1.578000406169304762e-03
2.875000000000000000e+00 1.001680792561647104e+00 -2.219287608063094143e-03
2.895833333333333037e+00 9.974683008742974977e-01 -3.713860537617554892e-03
2.916666666666666519e+00 9.958457560923075214e-01 -2.437330537889100316e-04
2.937500000000000000e+00 1.000913628747134299e+00 -1.744229037366847816e-03
2.958333333333333037e+00 9.969673501890689016e-01 -6.261423743175627277e-04
2.979166666666666519e+00 9.906799003971218376e-01 -2.239013792750755487e-04
3.000000000000000000e+00 9.884944714316067360e-01 -1.637169978860213973e-03
3.020833333333333037e+00 9.920960639549170068e-01 1.571532974154707689e-03
3.041666666666666519e+00 9.871760979521180257e-01 -2.149016565741071732e-03
3.062500000000000000e+00 9.939831571392478970e-01 4.232230832651353702e-04
3.083333333333333037e+00 1.009086027665023089e+00 8.567163144429399899e-04
3.104166666666666519e+00 1.014134969574797651e+00 5.146703902243353248e-04
3.125000000000000000e+00 1.005678806692432259e+00 -8.193738726413745017e-04
3.145833333333333037e+00 9.982273256333029643e-01 1.000376191573177194e-04
3.166666666666666519e+00 9.912465904537350880e-01 -2.058224918969374113e-03
3.187500000000000000e+00 9.890453660588769402e-01 -1.086811741261836444e-03
3.208333333333333037e+00 9.988958445907009098e-01 -6.967916041860024341e-04
3.229166666666666519e+00 1.016701261052953109e+00 7.903731141766531885e-04
3.250000000000000000e+00 1.016330044054701398e+00 -1.761256079035694328e-03
3.270833333333333037e+00 1.006971916999520156e+00 -7.679607224701321538e-04
3.291666666666666519e+00 9.982049491970793609e-01 1.922841150360278051e-03
3.312500000000000000e+00 9.966634416900825855e-01 -1.564592377109059324e-03
3.333333333333333037e+00 9.963177720362276224e-01 -1.232488290529801505e-03
3.354166666666666519e+00 1.002627599310913942e+00 -1.064412001049644353e-03
3.375000000000000000e+00 9.963790514591103209e-01 3.308687964202948429e-04
3.395833333333333037e+00 1.001556688431624265e+00 1.236140352228381816e-03
3.416666666666666519e+00 1.006983264941816003e+00 2.839316998442820432e-04
3.437500000000000000e+00 1.004328178181040476e+00 -1.219793277195267873e-03
3.458333333333333037e+00 1.002339481189687520e+00 -1.519390080614425962e-04
3.479166666666666519e+00 1.005864351324315509e+00 8.841850864837250265e-04
3.500000000000000000e+00 1.019440988315548857e+00 -5.365694966093324109e-04
3.520833333333333037e+00 1.009369974586259211e+00 5.585059804003500352e-04
3.541666666666666519e+00 9.928584157409303668e-01 -1.307991178399851634e-03
3.562500000000000000e+00 9.733799778602149066e-01 5.812443650745011950e-04
3.583333333333333037e+00 9.802045758854290858e-01 2.770086190914982554e-04
3.604166666666666519e+00 1.003857922260614322e+00 -5.521510344673682697e-04
3.625000000000000000e+00 1.000669465860932306e+00 -2.184107969711307582e-03
3.645833333333333037e+00 9.987421653572191582e-01 -1.364433383576373103e-03
3.666666666666666519e+00 9.986047761293616043e-01 3.380990027322912437e-04
3.687500000000000000e+00 9.997700447379231914e-01 5.758233332134312862e-04
3.708333333333333037e+00 9.914790678143100555e-01 -2.799032344566902480e-04
3.729166666666666519e+00 9.898286721343819705e-01 1.543024097546505423e-03
3.750000000000000000e+00 1.003689261607148886e+00 -1.712644154375170412e-05
3.770833333333333037e+00 1.020197021016882033e+00 1.321960730178336259e-03
3.791666666666666519e+00 1.017757349491832164e+00 1.557105509276812000e-04
3.812500000000000000e+00 1.000364127400936720e+00 -5.978030113479767529e-04
3.833333333333333037e+00 9.900638452562313674e-01 6.358657985304763324e-04
3.854166666666666519e+00 1.003197814224281892e+00 4.464218394419654430e-04
3.875000000000000000e+00 1.006715300476253905e+00 1.270907506428544439e-03
3.895833333333333037e+00 1.003067960735960495e+00 -1.373669158092140938e-04
3.916666666666666519e+00 9.944326181328393410e-01 9.780828100303767499e-05
3.937500000000000000e+00 9.969106665640397047e-01 2.896053345125009946e-04
3.958333333333333037e+00 9.967779917221428754e-01 -8.866696788416997353e-04
3.979166666666666519e+00 9.909546941364564265e-01 1.342762467625732139e-03
4.000000000000000000e+00 1.003493224996417910e+00 4.214883689322792312e-04
4.020833333333333037e+00 1.011752003900111552e+00 1.045913594800498879e-03
4.041666666666666075e+00 1.019590874545620585e+00 3.799481351260405263e-04
4.062500000000000000e+00 1.015758711019221439e+00 5.802669152088734935e-04
4.083333333333333037e+00 1.007712718246498662e+00 6.814226420268746937e-04
4.104166666666666075e+00 9.980300199327031274e-01 -8.480982337281756317e-04
4.125000000000000000e+00 9.923231652633623945e-01 4.773917397404880188e-04
4.145833333333333037e+00 9.977612667931456958e-01 1.529944209987768805e-03
4.166666666666666075e+00 1.003915191994736666e+00 5.679043876180146604e-04
4.187500000000000000e+00 9.956695440604889091e-01 3.302564947184404714e-03
4.208333333333333037e+00 9.829991910390819543e-01 8.246067560336216382e-04
4.229166666666666075e+00 9.933169926136654615e-01 7.359126099466549486e-04
4.250000000000000000e+00 9.961641532051874748e-01 -3.093496924103911715e-03
4.270833333333333037e+00 9.975014591903819117e-01 -7.383188238683901367e-04
4.291666666666666075e+00 9.905996393297449298e-01 -2.016898194157563170e-04
4.312500000000000000e+00 9.978644513793188953e-01 5.660371024678327503e-04
4.333333333333333037e+00 1.017372671524460204e+00 5.676490802048802121e-04
4.354166666666666075e+00 1.007325961630830324e+00 1.191705231478654104e-03
4.375000000000000000e+00 1.002827443639796146e+00 -1.139613591106835612e-03
4.395833333333333037e+00 9.985413950637536118e-01 7.554941982456663571e-05
4.416666666666666075e+00 1.012159073089954342e+00 2.263386430661363819e-03
4.437500000000000000e+00 1.016020914496486238e+00 1.388383872074818370e-03
4.458333333333333037e+00 9.953142738065575701e-01 1.082590409223087953e-03
4.479166666666666075e+00 9.783530903422524849e-01 -8.657577302440746126e-04
4.500000000000000000e+00 9.825886498106334299e-01 -2.970024060803679294e-03
4.520833333333333037e+00 1.006746752898923569e+00 -7.236528839691456876e-04
4.541666666666666075e+00 1.005342718392063128e+00 -4.955210654922101400e-04
4.562500000000000000e+00 1.009562063167567691e+00 2.172337202103989673e-04
4.583333333333333037e+00 1.021376466643078684e+00 2.343543484582815296e-03
4.604166666666666075e+00 1.025550837102626733e+00 -9.996407791155832376e-04
4.625000000000000000e+00 1.013180641726214137e+00 1.369547877419070381e-03
4.645833333333333037e+00 9.858811699797258576e-01 -6.314744841819821923e-04
4.666666666666666075e+00 9.728774976093499394e-01 -1.550684587390175869e-03
4.687500000000000000e+00 9.908510198088420484e-01 2.025149381204332383e-03
4.708333333333333037e+00 9.980250070413378971e-01 1.919392252752055535e-05
4.729166666666666075e+00 9.913897220658525189e-01 -1.298398009691302318e-03
4.750000000000000000e+00 9.927571714888068222e-01 1.478175935715570974e-03
4.770833333333333037e+00 1.018571439338421314e+00 1.118578247922585303e-03
4.791666666666666075e+00 1.028116643474686231e+00 -1.923956473261013165e-03
4.812500000000000000e+00 1.018218994663127042e+00 7.110323742004884175e-04
4.833333333333333037e+00 9.983327378150549380e-01 1.031274221043230804e-03
4.854166666666666075e+00 9.925589220309126715e-01 -2.343907972572557483e-04
4.875000000000000000e+00 9.898848123867268756e-01 1.782424091631533154e-04
4.895833333333333037e+00 9.792958247149424755e-01 -1.802626597230827825e-03
4.916666666666666075e+00 9.666854021372562888e-01 1.351894668554712645e-03
4.937500000000000000e+00 9.804408978261417440e-01 -4.914003948812826388e-04
4.958333333333333037e+00 1.013876285656219567e+00 1.361184576857455341e-03
4.979166666666666075e+00 1.030731461935921578e+00 -3.593904718947472498e-04
5.000000000000000000e+00 1.025017231299184761e+00 3.454963009519183750e-04
5.020833333333333037e+00 1.009660241354532362e+00 2.297878439179556163e-03
5.041666666666666075e+00 1.003951215590702439e+00 7.838754224504765767e-04
5.062500000000000000e+00 1.003071039576675316e+00 7.511820620843155313e-04
5.083333333333333037e+00 9.879340778913638932e-01 -6.657563075810911174e-04
5.104166666666666075e+00 9.845482506836733538e-01 8.886057895138394988e-04
5.125000000000000000e+00 9.956672508095467666e-01 -1.554816950636944640e-04
5.145833333333333037e+00 1.004011100136599222e+00 -8.919216747939897293e-04
5.166666666666666075e+00 1.011665237140877638e+00 -4.603891354780048585e-06
5.187500000000000000e+00 9.952849975040697350e-01 -7.809636198130828809e-04
5.208333333333333037e+00 1.003932519772505527e+00 -6.019773078047488792e-04
5.229166666666666075e+00 1.007091534977997860e+00 1.153558601554229880e-03
5.250000000000000000e+00 1.018036654299854682e+00 2.844304118567102507e-03
5.270833333333333037e+00 1.006222347024564590e+00 -2.825020997623508461e-05
5.291666666666666075e+00 9.890275220924052979e-01 -8.025151470087833576e-04
5.312500000000000000e+00 9.988781384169833633e-01 3.831916500404912267e-04
5.333333333333333037e+00 1.009184914016436396e+00 3.259329799217157208e-05
5.354166666666666075e+00 1.004395473971285702e+00 1.966892775079989806e-03
5.375000000000000000e+00 9.983714020230554098e-01 -6.052018227067177281e-04
5.395833333333333037e+00 9.998207443014649476e-01 -7.898843130278766517e-04
5.416666666666666075e+00 9.982724534566204122e-01 9.027821672721070582e-04
5.437500000000000000e+00 9.969220954425148662e-01 -2.400325517689699730e-03
5.458333333333333037e+00 9.810354902154722057e-01 7.342474835164411245e-04
5.479166666666666075e+00 9.804605744771349718e-01 4.513070694996681401e-04
5.500000000000000000e+00 1.007721415327865744e+00 -3.928689938048962800e-04
5.520833333333333037e+00 1.017475957932842734e+00 4.293831561857646578e-04
5.541666666666666075e+00 1.006707105940837232e+00 -1.025145297277165867e-03
5.562500000000000000e+00 9.869562491709360508e-01 4.223536105137857253e-04
5.583333333333333037e+00 9.918735803984781718e-01 -2.931599553625153652e-04
5.604166666666666075e+00 1.003585271106686605e+00 -7.517260400611703967e-04
5.625000000000000000e+00 9.994275289373523163e-01 8.614543915397060349e-04
5.645833333333333037e+00 9.961551085306896702e-01 9.425047227948481036e-04
5.666666666666666075e+00 1.000016127851956815e+00 -5.470058938971558791e-04
5.687500000000000000e+00 1.012616021749248363e+00 4.928559356088999758e-04
5.708333333333333037e+00 1.008245328670132945e+00 -1.103083357111796659e-03
5.729166666666666075e+00 9.952597878655328190e-01 2.914763834645643951e-04
5.750000000000000000e+00 9.970690190930143748e-01 -9.791911626776108810e-04
5.770833333333333037e+00 1.005739764490991339e+00 -1.060940702737515765e-03
5.791666666666666075e+00 1.012078983794078457e+00 9.387342205659436438e-04
5.812500000000000000e+00 9.965561431264127190e-01 -6.506329709616244170e-04
5.833333333333333037e+00 9.913738948608038504e-01 -9.880983449482283725e-04
5.854166666666666075e+00 1.004091514832448517e+00 -1.281934896096703223e-04
5.875000000000000000e+00 1.012043697725524716e+00 -4.880886168495856994e-04
5.895833333333333037e+00 1.006085339505440990e+00 2.065094953145752007e-04
5.916666666666666075e+00 1.009334808282754237e+00 8.343255058142064022e-04
5.937500000000000000e+00 1.004283733286995162e+00 -8.554484439688007143e-04
5.958333333333333037e+00 1.003085322385592004e+00 9.053337560180005090e-04
5.979166666666666075e+00 9.833975218154384912e-01 -3.594519037853468528e-04
6.000000000000000000e+00 9.844544312172700540e-01 6.494357577576025066e-04
6.020833333333333037e+00 9.956957550472108620e-01 -2.351564953804171493e-03
6.041666666666666075e+00 1.008111060962093575e+00 -1.051882811792327448e-03
6.062500000000000000e+00 1.009923555400512374e+00 1.283669895708853094e-03
6.083333333333333037e+00 1.001890236772581488e+00 1.283101750568891360e-03
6.104166666666666075e+00 1.002857758931918086e+00 2.387532560397683055e-03
6.125000000000000000e+00 9.995195843251715173e-01 -5.501259959701030981e-04
6.145833333333333037e+00 9.887091179774777361e-01 3.726040468750977964e-05
6.166666666666666075e+00 9.972774759556816138e-01 3.442161925116151957e-05
6.187500000000000000e+00 9.937724326580977818e-01 -1.420363483106549347e-03
6.208333333333333037e+00 9.961562679341572357e-01 2.288017218778675343e-04
6.229166666666666075e+00 9.962211701650371953e-01 -2.616882183256951776e-03
6.250000000000000000e+00 9.967766873026606689e-01 -1.523386564902065067e-03
6.270833333333333037e+00 1.004096630054953865e+00 2.321135866662322415e-04
6.291666666666666075e+00 1.011305548132931831e+00 -1.348281546673607643e-03
6.312500000000000000e+00 1.010532948688974031e+00 -1.554982245795908801e-05
6.333333333333333037e+00 1.005774057896443363e+00 8.713822435402463460e-05
6.354166666666666075e+00 1.009588823228900534e+00 6.295128258782116707e-04
6.375000000000000000e+00 1.002630544520889400e+00 2.124357042574772161e-03
6.395833333333333037e+00 9.970120284094604601e-01 -2.238585219915799514e-03
6.416666666666666075e+00 9.961386372317024840e-01 1.296176153798895181e-04
6.437500000000000000e+00 1.007880614852158407e+00 -1.078565387167532271e-03
6.458333333333333037e+00 1.015540483018210205e+00 -9.245767707652882694e-04
6.479166666666666075e+00 1.001619919635801770e+00 7.470100356209984386e-04
6.500000000000000000e+00 9.968896733871618343e-01 1.185900697518485827e-03
6.520833333333333037e+00 9.951565177773713522e-01 8.676277371406192077e-04
6.541666666666666075e+00 1.005106944510930855e+00 -1.373781700220399972e-04
6.562500000000000000e+00 1.003640978454398924e+00 1.005645030046193721e-03
6.583333333333333037e+00 9.928937272201461273e-01 -2.641048226108939304e-03
6.604166666666666075e+00 9.943141078366285468e-01 -7.870294851657608269e-04
6.625000000000000000e+00 9.989786942754407262e-01 1.570785935347332463e-03
6.645833333333333037e+00 1.000656040141276071e+00 -1.204908534405601346e-03
6.666666666666666075e+00 9.967073370896786244e-01 -1.377394955932169677e-03
6.687500000000000000e+00 9.999103269934863647e-01 1.264762278664334234e-03
6.708333333333333037e+00 1.005821554194322953e+00 -1.904591969499925402e-03
6.729166666666666075e+00 1.013251369217118114e+00 2.219390297460504483e-04
6.750000000000000000e+00 9.993336851580434388e-01 1.202619670288956975e-03
6.770833333333333037e+00 9.899287479741263329e-01 1.349321321854489572e-03
6.791666666666666075e+00 9.871214082564894188e-01 -2.882085778805126234e-03
6.812500000000000000e+00 9.954517059967333825e-01 6.626176206367209460e-04
6.833333333333333037e+00 9.940398321252275071e-01 -1.327527287510812471e-03
6.854166666666666075e+00 9.951165572838294171e-01 -8.682190976268025192e-04
6.875000000000000000e+00 9.950382113801986561e-01 1.269361733113244474e-03
6.895833333333333037e+00 1.007157132327833438e+00 -1.790297743691567469e-03
6.916666666666666075e+00 1.018204909195273844e+00 1.048709241124851956e-03
6.937500000000000000e+00 1.012950486827456142e+00 2.378720264048921583e-03
6.958333333333333037e+00 1.003453523850001972e+00 3.451171661177202020e-04
6.979166666666666075e+00 1.009260922287205098e+00 1.669875484519906103e-03
7.000000000000000000e+00 1.016064437947955534e+00 -6.637134690656766199e-04
7.020833333333333037e+00 1.007785510787557071e+00 -2.085555177467894768e-03
7.041666666666666075e+00 9.955015535765915358e-01 -9.709175333198371465e-04
7.062500000000000000e+00 9.832646735967411900e-01 6.773391234566121218e-04
7.083333333333333037e+00 9.959090188623137552e-01 -5.347492467271364961e-04
7.104166666666666075e+00 9.954648721199197414e-01 1.185631792694179752e-03
7.125000000000000000e+00 9.945552867350313520e-01 9.937228041972754472e-04
7.145833333333333037e+00 9.968262587889440418e-01 3.110197807248809556e-04
7.166666666666666075e+00 1.009722361849000105e+00 -8.811163241473766224e-04
7.187500000000000000e+00 1.016513122809599823e+00 -1.781762322338396312e-04
7.208333333333333037e+00 1.004863888239490022e+00 -4.858823091821733338e-04
7.229166666666666075e+00 9.923292859266565902e-01 -6.370033203141064288e-04
7.250000000000000000e+00 9.913004009956477569e-01 1.587878320621849632e-03
7.270833333333333037e+00 1.001980595388279660e+00 1.629167241876330213e-04
7.291666666666666075e+00 9.988542872991242882e-01 9.517014492040782323e-04
7.312500000000000000e+00 9.871524639559157155e-01 6.089335485854055962e-04
7.333333333333333037e+00 9.823249809402341270e-01 -6.355398489479069423e-04
7.354166666666666075e+00 1.003267094409320714e+00 1.201721576711345721e-04
7.375000000000000000e+00 1.015061330188848476e+00 -2.481310549298965280e-03
7.395833333333333037e+00 1.005526045481754505e+00 -1.045762831248633288e-03
7.416666666666666075e+00 9.925901129394644196e-01 2.796335433947539414e-04
7.437500000000000000e+00 1.004633513277470858e+00 -2.091609922410828462e-04
7.458333333333333037e+00 9.991709743886074691e-01 -1.029756445358077644e-04
7.479166666666666075e+00 9.789673452496310269e-01 -1.938107180080559950e-04
7.500000000000000000e+00 9.689669808914991300e-01 -5.011385447952230792e-04
7.520833333333333037e+00 9.908678061085502975e-01 3.725502988722464797e-05
7.541666666666666075e+00 1.018090394230132922e+00 3.105494212650979709e-04
7.562500000000000000e+00 1.026738899917578385e+00 1.269737642154526443e-04
7.583333333333333037e+00 1.010931973994076083e+00 1.371715286737553536e-03
7.604166666666666075e+00 1.012854891056998774e+00 -7.906321214034532511e-04
7.625000000000000000e+00 1.016010236835969360e+00 3.654101216960606476e-03
7.645833333333333037e+00 1.004276292253149627e+00 1.108720809557661030e-03
7.666666666666666075e+00 9.841695991357901629e-01 3.120937244328897669e-03
7.687500000000000000e+00 9.882320400395958604e-01 1.286450085526198608e-04
7.708333333333333037e+00 9.925954701644369438e-01 1.705589573102431157e-03
7.729166666666666075e+00 9.963919321646882432e-01 5.731975380126130924e-04
7.750000000000000000e+00 9.906523615013429485e-01 -2.108454819988549774e-03
7.770833333333333037e+00 1.001140763328365768e+00 1.730296681091851628e-03
7.791666666666666075e+00 1.009636284986325627e+00 2.534383215039244844e-04
7.812500000000000000e+00 1.018266239043247534e+00 3.787266376182408319e-04
7.833333333333333037e+00 1.000282231717741332e+00 1.940135689984159981e-04
7.854166666666666075e+00 9.854662749118588971e-01 1.638722725888264002e-03
7.875000000000000000e+00 9.808376247310371943e-01 -4.204026516335652677e-05
7.895833333333333037e+00 9.875748973784947982e-01 1.681169482545423477e-03
7.916666666666666075e+00 1.001756472879794746e+00 -1.859203426401612885e-04
7.937500000000000000e+00 1.011495845520741010e+00 8.647331560819091325e-04
7.958333333333333037e+00 1.015943151674344458e+00 3.345466674841102660e-04
7.979166666666666075e+00 1.013820331740532765e+00 7.216911846230027574e-04
8.000000000000000000e+00 9.950894251258527445e-01 9.782588793652710005e-04
8.020833333333332149e+00 9.844800122032366652e-01 2.403330478239784108e-03
8.041666666666666075e+00 9.782255790820986174e-01 7.291536867116558181e-04
8.062500000000000000e+00 9.796085031371716267e-01 -1.283424873159347366e-03
8.083333333333332149e+00 9.946730830921368671e-01 -8.159478670477490541e-04
8.104166666666666075e+00 1.000852968722613534e+00 -9.122730131694628059e-06
8.125000000000000000e+00 1.004553658948485362e+00 1.601306382236880425e-03
8.145833333333332149e+00 1.010885793667561261e+00 4.238256017358750646e-04
8.166666666666666075e+00 1.017436827073016525e+00 -1.068600159096996056e-03
8.187500000000000000e+00 1.016076708058308853e+00 -9.150343643248004793e-04
8.208333333333332149e+00 1.024327524791174282e+00 -4.670377888916947074e-04
8.229166666666666075e+00 1.007875696803143928e+00 -4.026823583098975042e-04
8.250000000000000000e+00 9.895995834100899113e-01 -2.467845599535579688e-04
8.270833333333332149e+00 9.883636477875159532e-01 -1.347323984261429401e-03
8.291666666666666075e+00 9.905099745596516181e-01 -1.035954277438571854e-03
8.312500000000000000e+00 9.930920075029875393e-01 -1.037742273837226358e-04
8.333333333333332149e+00 9.993905175213878556e-01 6.505613395069943707e-04
8.354166666666666075e+00 1.001532187463051837e+00 5.663685020955526710e-04
8.375000000000000000e+00 1.006623504963690907e+00 -1.471943878813373715e-03
8.395833333333332149e+00 9.977143717460444927e-01 1.327374273632738301e-03
8.416666666666666075e+00 9.842461591013154099e-01 5.370501411786043596e-04
8.437500000000000000e+00 9.950320652494278884e-01 4.679126925394941914e-04
8.458333333333332149e+00 1.013484439717794450e+00 4.571368919542195992e-04
8.479166666666666075e+00 1.017685921794869941e+00 4.799008509386825370e-04
8.500000000000000000e+00 1.004247254621707608e+00 -2.240690052031620375e-04
8.520833333333332149e+00 9.890774341032979589e-01 -9.419742696697007856e-04
8.541666666666666075e+00 9.918390891132465859e-01 2.860928507809558721e-03
8.562500000000000000e+00 9.943937750953445454e-01 -7.481325780679297724e-04
8.583333333333332149e+00 9.928490607943079027e-01 -5.539206917595077039e-04
8.604166666666666075e+00 9.928032853404712421e-01 7.026649440585530995e-04
8.625000000000000000e+00 9.984188262306495920e-01 -7.297825731228405272e-04
8.645833333333332149e+00 1.006092786149171303e+00 -1.659027432910067370e-03
8.666666666666666075e+00 1.007012277126629884e+00 3.558910961931115798e-04
8.687500000000000000e+00 1.000194249351953779e+00 4.212534720866492458e-04
8.708333333333332149e+00 1.006828609428304766e+00 -6.205491729540910421e-05
8.729166666666666075e+00 1.016169125038266952e+00 -1.810957789978692245e-03
8.750000000000000000e+00 1.005582961356911165e+00 2.924159545070387656e-03
8.770833333333332149e+00 9.908173262141611870e-01 -6.859952998883807372e-04
8.791666666666666075e+00 9.811558929725270328e-01 3.812306125123609071e-04
8.812500000000000000e+00 9.912357140349999929e-01 1.947469823284764918e-04
8.833333333333332149e+00 1.005970257535102164e+00 1.436736112076245943e-03
8.854166666666666075e+00 1.019101604157617524e+00 5.678183069265565347e-04
8.875000000000000000e+00 1.014409398382604577e+00 -1.057768410968779136e-03
8.895833333333332149e+00 1.016665676723776945e+00 -6.686231701028896987e-04
8.916666666666666075e+00 1.013380119803888979e+00 -1.007521090322795838e-03
8.937500000000000000e+00 1.005820181972128413e+00 -1.740697457293487183e-03
8.958333333333332149e+00 9.930577210225356444e-01 -1.830255979517339667e-03
8.979166666666666075e+00 9.835109650000767312e-01 -4.614711348268568192e-05
9.000000000000000000e+00 9.927412070738849126e-01 7.045866720219866623e-04
9.020833333333332149e+00 1.000381884229121443e+00 1.471441004597100622e-04
9.041666666666666075e+00 9.946646686229932977e-01 -6.995357303911459374e-04
9.062500000000000000e+00 9.853983399778183383e-01 1.317644005094151098e-04
9.083333333333332149e+00 9.959938354316217879e-01 -8.546999802834109742e-04
9.104166666666666075e+00 1.016017252446947738e+00 -6.965167077700352852e-04
9.125000000000000000e+00 1.021907913247664057e+00 -8.904544887416197081e-04
9.145833333333332149e+00 1.002035067918627176e+00 7.118815416711285273e-07
9.166666666666666075e+00 9.870866952935241079e-01 7.972642819518785135e-04
9.187500000000000000e+00 9.920645772163381171e-01 -1.212252336750723668e-04
9.208333333333332149e+00 1.000206083295911652e+00 5.222819685858674180e-04
9.229166666666666075e+00 9.900904610468327371e-01 5.994090362474275516e-04
9.250000000000000000e+00 9.846608429645964389e-01 -1.010874475978099313e-03
9.270833333333332149e+00 1.002993599107145251e+00 5.513935613483236841e-04
9.291666666666666075e+00 1.010980359482995805e+00 -1.872219636537562947e-03
9.312500000000000000e+00 1.005972833929382970e+00 -6.254899582394956876e-04
9.333333333333332149e+00 9.901133538190058925e-01 -2.853951021945798881e-03
9.354166666666666075e+00 1.002108182205853737e+00 -7.179497295943461539e-04
9.375000000000000000e+00 1.021385588458596727e+00 5.118032656664492944e-05
9.395833333333332149e+00 1.010736415317060599e+00 2.212263565300225370e-03
9.416666666666666075e+00 9.908107899348762571e-01 -1.251289906243441014e-03
9.437500000000000000e+00 9.844458714453994119e-01 2.665145728005109595e-03
9.458333333333332149e+00 9.999702881721346248e-01 1.188094110387187888e-04
9.479166666666666075e+00 1.016342424769817621e+00 1.209742937633473663e-03
9.500000000000000000e+00 1.004916331213340897e+00 1.199188020541617572e-03
9.520833333333332149e+00 1.002217159300011762e+00 -1.468780726241595115e-03
9.541666666666666075e+00 1.013837862201579565e+00 -9.428478295998820842e-04
9.562500000000000000e+00 1.010962539363665202e+00 -2.362626372530754124e-03
9.583333333333332149e+00 9.894215898964531242e-01 -1.659570611169733714e-03
9.604166666666666075e+00 9.802259820121056455e-01 -8.808754704077636436e-05
9.625000000000000000e+00 1.000004671946832513e+00 -1.427511258023064734e-03
9.645833333333332149e+00 1.015067659846214276e+00 -5.058809998583943231e-04
9.666666666666666075e+00 9.979124531423815281e-01 4.165829765337708697e-04
9.687500000000000000e+00 9.851399194738612586e-01 8.514566190402525448e-04
9.708333333333332149e+00 9.925993244753962275e-01 1.386473313585425467e-03
9.729166666666666075e+00 1.009389416907146675e+00 1.112180786126763018e-03
9.750000000000000000e+00 1.002708638073604996e+00 -3.703417898666587840e-04
9.770833333333332149e+00 9.927618121328569689e-01 1.141037894530891978e-03
9.791666666666666075e+00 9.927176601890240759e-01 -1.317970869938871496e-04
9.812500000000000000e+00 1.002098063398340955e+00 -2.633055456402933706e-03
9.833333333333332149e+00 1.001843299006624832e+00 1.646702033685677399e-03
9.854166666666666075e+00 9.968261174077116538e-01 2.210144448960049083e-03
9.875000000000000000e+00 9.986083666420757510e-01 -1.200247381489151239e-03
9.895833333333332149e+00 1.010020410407195701e+00 1.247115578857319962e-03
9.916666666666666075e+00 1.008731579638915354e+00 6.161730048763321100e-04
9.937500000000000000e+00 9.965667684320731468e-01 -8.048250002276245664e-04
9.958333333333332149e+00 9.870765335020985631e-01 -3.140367575652908941e-04
9.979166666666666075e+00 9.935567829957839825e-01 1.775158686249523449e-04
1.000000000000000000e+01 1.004591288815616990e+00 -3.462496227821013051e-04
1.002083333333333215e+01 1.002172446511380821e+00 2.704009360175171212e-03
1.004166666666666607e+01 1.005812323563796795e+00 1.639138149952629143e-03
1.006250000000000000e+01 1.004123269508249150e+00 -1.414975833876130863e-03
1.008333333333333215e+01 1.000566433661346011e+00 -1.492800504601459865e-03
1.010416666666666607e+01 1.001555848958464168e+00 -3.612434947440231175e-04
1.012500000000000000e+01 9.997520117379629090e-01 1.119597037677450387e-04
1.014583333333333215e+01 1.003622378584846819e+00 8.053016775495434008e-04
1.016666666666666607e+01 1.007080465502641298e+00 1.305652295543161369e-03
1.018750000000000000e+01 1.002739494443172896e+00 -1.164861808930076027e-03
1.020833333333333215e+01 9.987829655251458938e-01 -1.064954156769003929e-03
1.022916666666666607e+01 9.958144740360734826e-01 1.411681904503813778e-03
1.025000000000000000e+01 9.993475797624524759e-01 2.010491404740563214e-03
1.027083333333333215e+01 9.994207818751728034e-01 1.569109121222503995e-03
1.029166666666666607e+01 9.991640125771337200e-01 2.225025785714905731e-03
1.031250000000000000e+01 9.965631951036288960e-01 4.567566232561813674e-04
1.033333333333333215e+01 9.922485067918254131e-01 -2.532775013210590413e-04
1.035416666666666607e+01 9.846026094646681548e-01 1.263423421094637738e-03
1.037500000000000000e+01 9.897097136791442873e-01 -1.500794941065321491e-04
1.039583333333333215e+01 1.006266418077994773e+00 6.763614143460392478e-04
1.041666666666666607e+01 1.007042929039849488e+00 -1.231527459632925634e-04
1.043750000000000000e+01 9.986428175648883743e-01 -7.468266397488282620e-04
1.045833333333333215e+01 9.953085328194025694e-01 -1.991862935129347009e-04
1.047916666666666607e+01 9.952921781664550993e-01 3.366296961929838286e-05
1.050000000000000000e+01 1.002952153999582929e+00 -1.813793987165446297e-04
1.052083333333333215e+01 1.001219908777320811e+00 2.238899237631125205e-03
1.054166666666666607e+01 1.009202998077552094e+00 1.118477586042103183e-03
1.056250000000000000e+01 1.008847351317902818e+00 1.310115293703291222e-03
1.058333333333333215e+01 1.004161915269769612e+00 7.847300692368510376e-04
1.060416666666666607e+01 9.940021641575714773e-01 -6.721755412927592124e-04
1.062500000000000000e+01 9.898269781570534498e-01 -8.837984701769934599e-04
1.064583333333333215e+01 9.904757843548041008e-01 -1.106019969384989783e-03
1.066666666666666607e+01 9.939366267388730636e-01 3.730016795484283540e-04
1.068750000000000000e+01 1.002814912739837805e+00 -6.719757955958080954e-04
1.070833333333333215e+01 1.005397586145028832e+00 7.446517543117986068e-04
1.072916666666666607e+01 1.007453786579261878e+00 -1.716168057812025090e-04
1.075000000000000000e+01 1.011953423117915696e+00 6.885620087264319967e-04
1.077083333333333215e+01 1.013243283000561989e+00 1.509562717756664316e-03
1.079166666666666607e+01 1.017370911262570843e+00 -3.875152457328599016e-04
1.081250000000000000e+01 1.006327570666015303e+00 -8.203780178801253027e-04
1.083333333333333215e+01 9.925663194476805895e-01 -3.379422306873911029e-04
1.085416666666666607e+01 9.861082685790917290e-01 -9.094044438042795091e-04
1.087500000000000000e+01 9.868685771648099125e-01 2.068638704656814917e-03
1.089583333333333215e+01 9.955480070676487880e-01 3.690066710354195155e-05
1.091666666666666607e+01 9.963123805512525966e-01 2.947143957682133407e-03
1.093750000000000000e+01 1.001585772665632312e+00 -1.149950148385229945e-03
1.095833333333333215e+01 1.003193340161566249e+00 -6.973640163217491956e-04
1.097916666666666607e+01 9.965169274639134045e-01 4.398525239288048711e-05
1.100000000000000000e+01 9.855568262997115303e-01 5.965424528888488547e-04
1.102083333333333215e+01 9.892543850136779060e-01 4.446257649903481192e-04
1.104166666666666607e+01 1.001450700471436139e+00 2.181230758265139194e-03
1.106250000000000000e+01 1.014097655385136854e+00 -5.165020593562905625e-04
1.108333333333333215e+01 9.995911897894944609e-01 9.735644928585843530e-04
1.110416666666666607e+01 1.000689166327837443e+00 -4.886879923569912096e-05
1.112500000000000000e+01 1.005527911839382949e+00 -1.741901808514610965e-04
1.114583333333333215e+01 1.013211454983741877e+00 1.254769423875942355e-03
1.116666666666666607e+01 9.979118360463165027e-01 -1.156240542610752773e-03
1.118750000000000000e+01 9.828185611267263866e-01 1.736404776111578636e-03
1.120833333333333215e+01 9.912375434816089737e-01 -7.147541631207543792e-04
1.122916666666666607e+01 9.983214891886449394e-01 -5.422835993607328639e-05
1.125000000000000000e+01 9.920887836171038421e-01 -8.860020113304945043e-05
1.127083333333333215e+01 9.899109348580468204e-01 -1.503347413019542325e-03
1.129166666666666607e+01 1.011322914842817999e+00 1.310501750620360947e-03
1.131250000000000000e+01 1.026016223138220163e+00 -6.050438141186896589e-04
1.133333333333333215e+01 1.022337258495474854e+00 7.567911467420209174e-04
1.135416666666666607e+01 9.995474730693066912e-01 8.200036213542573555e-04
1.137500000000000000e+01 9.920959854067818995e-01 -1.595768303225693916e-03
1.139583333333333215e+01 9.991141722028379357e-01 -4.549265877406613438e-04
1.141666666666666607e+01 1.002715063830420528e+00 -1.563048416197871781e-03
1.143750000000000000e+01 9.960969065080750307e-01 -1.475231759927031483e-04
1.145833333333333215e+01 9.955900027606449099e-01 1.652402033723932148e-03
1.147916666666666607e+01 1.003636509420787304e+00 3.398593949696849690e-04
1.150000000000000000e+01 1.009615120921814047e+00 6.627091800869703338e-04
1.152083333333333215e+01 9.967152636661773535e-01 9.916716127442461431e-04
1.154166666666666607e+01 9.933168611078606602e-01 -4.617971189891866240e-04
1.156250000000000000e+01 9.995518998170457303e-01 -9.337268015789598492e-04
1.158333333333333215e+01 1.004597120107521446e+00 5.166093969856387115e-04
1.160416666666666607e+01 9.966216816475673701e-01 7.353108227333717516e-04
1.162500000000000000e+01 9.812593875272629385e-01 -1.029028227711518127e-04
1.164583333333333215e+01 9.899420326861793074e-01 7.386418291312111216e-04
1.166666666666666607e+01 1.002455546612519788e+00 -1.606033341779481436e-03
1.168750000000000000e+01 1.014452318383464835e+00 -1.179806576770936173e-04
1.170833333333333215e+01 1.011152517753954427e+00 -4.259027370538644771e-04
1.172916666666666607e+01 9.998650190296402007e-01 -1.946982934278415145e-03
1.175000000000000000e+01 9.985506261138046291e-01 1.413941314306131842e-03
1.177083333333333215e+01 1.003787974595589549e+00 6.464241615624519372e-04
1.179166666666666607e+01 1.001288392819393636e+00 -4.034138740586522601e-04
1.181250000000000000e+01 9.998501193967722633e-01 4.722639166338711163e-05
1.183333333333333215e+01 9.953543290803085197e-01 1.734067041348867199e-03
1.185416666666666607e+01 9.951876584875600784e-01 8.317072607550282442e-04
1.187500000000000000e+01 9.962627776545156522e-01 4.526991546992237378e-04
1.189583333333333215e+01 9.935755390415023092e-01 2.188671725512566796e-03
1.191666666666666607e+01 9.934871619311883562e-01 -4.288827718454784150e-06
1.193750000000000000e+01 1.008405609775771650e+00 5.689581373510211237e-04
1.195833333333333215e+01 1.016482041433392158e+00 -1.293876388191468564e-03
1.197916666666666607e+01 1.016566802464402341e+00 1.093338276780948543e-03
1.200000000000000000e+01 1.000242196089411895e+00 -5.905487813977849758e-05
1.202083333333333215e+01 9.961542184397199629e-01 1.453614364617425003e-03
1.204166666666666607e+01 1.008634701231788222e+00 -1.142585773435715943e-04
1.206250000000000000e+01 1.015266584868415700e+00 -2.357497463791674509e-04
1.208333333333333215e+01 1.009578147844316431e+00 4.837043685502182867e-05
1.210416666666666607e+01 9.913101985258843118e-01 6.321161020446876451e-04
1.212500000000000000e+01 9.921119254375811991e-01 2.631305942744105453e-03
1.214583333333333215e+01 9.929599343194077665e-01 -9.054826134626151404e-05
1.216666666666666607e+01 9.849124420471431218e-01 3.407911119113700470e-04
1.218750000000000000e+01 9.798067550906369716e-01 -1.815358617874813856e-04
1.220833333333333215e+01 9.949149527982921182e-01 -1.833850537515622494e-04
1.222916666666666607e+01 1.015862328760057443e+00 -1.706499616403383407e-03
1.225000000000000000e+01 1.004628000520598530e+00 -1.358646636320018407e-03
1.227083333333333215e+01 9.944021222343708555e-01 -1.939720769882066005e-04
1.229166666666666607e+01 9.949154974889397041e-01 -9.734476572155162811e-04
1.231250000000000000e+01 1.016952300717981927e+00 3.123508604044353265e-03
1.233333333333333215e+01 1.017014025249168396e+00 1.269995030161203287e-04
1.235416666666666607e+01 9.990591656985811086e-01 -2.083963289163545630e-04
1.237500000000000000e+01 9.813497747824813100e-01 -2.102784075315853229e-04
1.239583333333333215e+01 9.913162561296910980e-01 2.285279687803668978e-04
1.241666666666666607e+01 9.992901306565232789e-01 4.679644371481079488e-05
1.243750000000000000e+01 9.945320598587851224e-01 6.245112105483991479e-05
1.245833333333333215e+01 9.973824720563365664e-01 1.664408396038299194e-03
1.247916666666666607e+01 1.016615260558931366e+00 6.956359516683773524e-04
1.452083333333333215e+01 1.003084720136750985e+00 -4.815951904738654393e-05
1.454166666666666607e+01 9.965722214529499912e-01 -1.365111096065004491e-03
1.456250000000000000e+01 1.000239174822841859e+00 3.221711220868158330e-03
1.458333333333333215e+01 1.015047361866567410e+00 -3.381129776872858440e-04
1.460416666666666607e+01 1.017762955629001764e+00 1.964981620785876890e-03
1.462500000000000000e+01 1.000004864745073441e+00 -9.014786430314421575e-04
1.464583333333333215e+01 9.963480016029996333e-01 -1.328560219086673830e-03
1.466666666666666607e+01 1.000930552241289018e+00 -1.371219787271141200e-03
1.468750000000000000e+01 1.002284173617516760e+00 -1.615443017959140295e-03
1.470833333333333215e+01 9.830457026363317308e-01 2.162286269083149234e-03
1.472916666666666607e+01 9.811721371853749929e-01 -1.062350154708527989e-03
1.475000000000000000e+01 9.943750337164847242e-01 2.385369004395958021e-03
1.477083333333333215e+01 1.001729471956758877e+00 -2.086600403060170830e-03
1.479166666666666607e+01 9.970695999884057192e-01 -3.306457137241451227e-04
1.481250000000000000e+01 9.918073556816874303e-01 -2.855385501331222193e-04
1.483333333333333215e+01 1.005590372696301804e+00 2.229970236956853834e-03
1.485416666666666607e+01 1.008131118602042964e+00 1.148679595169537621e-04
1.487500000000000000e+01 1.000825442097084794e+00 8.105160491493653536e-05
1.489583333333333215e+01 1.004422582163501110e+00 1.082371437817162239e-03
1.491666666666666607e+01 1.012275559332560304e+00 -1.159143578314187504e-05
1.493750000000000000e+01 1.014279908735788993e+00 -8.092671678943541428e-04
1.495833333333333215e+01 1.000528371150189333e+00 -2.053693673884526838e-03
1.497916666666666607e+01 9.945991079937243073e-01 1.355175819969771465e-03
1.500000000000000000e+01 1.001839461380353846e+00 1.397813815959652033e-04
1.502083333333333215e+01 1.010702551150449713e+00 -2.163971569980817800e-04
1.504166666666666607e+01 9.994579769967859573e-01 2.889654412203522798e-03
1.506250000000000000e+01 9.888378108006079525e-01 2.449535014577251379e-03
1.508333333333333215e+01 9.930885353316273312e-01 -1.409755615184435677e-03
1.510416666666666607e+01 1.005444794499627870e+00 1.360740215251259131e-03
1.512500000000000000e+01 1.000837417481060143e+00 -1.210622852286205326e-03
1.514583333333333215e+01 9.985971760869669644e-01 -5.837846429982399997e-04
1.516666666666666607e+01 1.008232417895074784e+00 3.194147474041243912e-04
1.518750000000000000e+01 1.022633846312284156e+00 -2.210774305868449478e-03
1.520833333333333215e+01 1.017879000283021806e+00 -1.100329351439316167e-03
1.522916666666666607e+01 9.932030576608256167e-01 -2.080035810444043516e-03
1.525000000000000000e+01 9.906457219569263506e-01 5.405951676747646406e-04
1.527083333333333215e+01 1.006238307086939399e+00 9.789286928961676100e-05
1.529166666666666607e+01 1.007217565878795185e+00 4.696529235671905887e-04
1.531250000000000000e+01 9.807938354538042747e-01 5.615644273767767284e-04
1.533333333333333215e+01 9.760517133671519074e-01 4.623007912894756908e-04
1.535416666666666607e+01 9.827389435996322087e-01 -2.142993563270176750e-03
1.537500000000000000e+01 9.969777694143442393e-01 -1.268271389611277987e-03
1.539583333333333215e+01 9.963703975235882471e-01 8.301460344841122109e-04
1.541666666666666607e+01 1.003974843478272705e+00 2.848128494468824185e-04
1.543750000000000000e+01 1.019083504534820328e+00 7.590139053382760322e-04
1.545833333333333215e+01 1.029025936830495702e+00 2.840143351338126829e-03
1.547916666666666607e+01 1.009641518668622728e+00 6.102976436495038005e-04
1.550000000000000000e+01 9.868895634911020176e-01 -1.517726126714277475e-05
1.552083333333333215e+01 9.880782931801966873e-01 5.143431530513090447e-04
1.554166666666666607e+01 9.998749295943967219e-01 1.447693200106562727e-03
1.556250000000000000e+01 1.000766426525003139e+00 -4.238042479759117874e-04
1.558333333333333215e+01 9.880802421561065696e-01 3.951915944621921771e-04
1.560416666666666607e+01 9.885634960597833309e-01 -3.965756491472808274e-04
1.562500000000000000e+01 1.011133240302909631e+00 -1.062835218613059551e-03
1.564583333333333215e+01 1.025771504813365098e+00 -6.137810952417339710e-04
1.566666666666666607e+01 1.018023535215157427e+00 2.686048827829347839e-04
1.568750000000000000e+01 9.990376715764194282e-01 -1.601254401647968879e-03
1.570833333333333215e+01 1.007802895678869382e+00 -1.976431657349093842e-03
1.572916666666666607e+01 1.002643835454612775e+00 -1.339872124779499106e-04
1.575000000000000000e+01 9.831214832917394286e-01 -1.469067624604269463e-03
1.577083333333333215e+01 9.702163896375153307e-01 1.749051974640915014e-03
1.579166666666666607e+01 9.916512322866065654e-01 4.923273286237826772e-04
1.581250000000000000e+01 1.024887764436492876e+00 -1.401119867035012078e-03
1.583333333333333215e+01 1.022655252201534637e+00 9.738349994665320797e-05
1.585416666666666607e+01 1.009706000699560402e+00 -2.525883047354824415e-04
1.587500000000000000e+01 9.937156340598815030e-01 -1.323400752067139651e-03
1.589583333333333215e+01 9.987046558171723820e-01 -1.722314403497123914e-03
1.591666666666666607e+01 1.004904466432441801e+00 -4.583941038120686851e-04
1.593750000000000000e+01 9.892507766507152578e-01 -9.147661402817463053e-04
1.595833333333333215e+01 9.775930557100009910e-01 4.639390691213945528e-04
1.597916666666666607e+01 9.891024132121676304e-01 -7.285625989021443302e-04
1.600000000000000000e+01 9.962739348730526023e-01 -8.464477537581237970e-04
1.602083333333333215e+01 9.947988339012636683e-01 5.062389877390947261e-04
1.604166666666666430e+01 9.887668837550710466e-01 3.473066613858957828e-04
1.606250000000000000e+01 1.008485756442230485e+00 1.438596946049740385e-03
1.608333333333333215e+01 1.030257328905331393e+00 1.061038459162369626e-03
1.610416666666666430e+01 1.021614714191656947e+00 -2.249500884313109590e-04
1.612500000000000000e+01 9.905439577180548127e-01 -1.049828576244315114e-03
1.614583333333333215e+01 9.845533848180507697e-01 -1.038056307193073344e-04
1.616666666666666430e+01 1.002823348047966689e+00 -3.877761883158581282e-05
1.618750000000000000e+01 1.012247453083139570e+00 9.381873580588394627e-04
1.620833333333333215e+01 9.992538502067356276e-01 1.036301826543472660e-03
1.622916666666666430e+01 9.925467525130987623e-01 -1.668367012803786704e-03
1.625000000000000000e+01 1.011414673472876391e+00 -1.330804417419307988e-03
1.627083333333333215e+01 1.008249505221743059e+00 -1.123259357933141175e-03
1.629166666666666430e+01 9.922987902408100247e-01 -1.348875100043586510e-03
1.631250000000000000e+01 9.859528204661655026e-01 -1.835922535653197393e-03
1.633333333333333215e+01 1.003636921150869554e+00 -4.380438689328644032e-05
1.635416666666666430e+01 1.023435599532583895e+00 1.599867637627189155e-03
1.637500000000000000e+01 1.005770988125845644e+00 3.096535883081135213e-03
1.639583333333333215e+01 9.950225239900659657e-01 1.978988007666466088e-03
1.641666666666666430e+01 9.943933778645741572e-01 -3.585535954851820596e-04
1.643750000000000000e+01 1.009213418695361630e+00 3.388595285920563589e-04
1.645833333333333215e+01 1.009378018782591591e+00 -9.980537663783829218e-05
1.647916666666666430e+01 1.003947067916751257e+00 6.848183833693710946e-04
1.650000000000000000e+01 1.000243585722150108e+00 1.726259626748122972e-04
1.652083333333333215e+01 1.001318371509200889e+00 -1.362728280673414748e-03
1.654166666666666430e+01 9.984505093778366369e-01 -9.904711787108051984e-04
1.656250000000000000e+01 9.865925280558879296e-01 -2.185459573595811529e-04
1.658333333333333215e+01 9.871659920044423275e-01 -5.928056186474990738e-04
1.660416666666666430e+01 9.994958843737169474e-01 6.506146617224824614e-04
1.662500000000000000e+01 1.012610862278372936e+00 -7.125951627712249960e-04
1.664583333333333215e+01 1.002397372448022406e+00 -4.610032269453468373e-05
1.666666666666666430e+01 9.999580925148642274e-01 -6.801404663480760176e-04
1.668750000000000000e+01 9.973196569552537083e-01 -6.772228016058845371e-04
1.670833333333333215e+01 1.004156245311705220e+00 -8.322387123204143602e-04
1.672916666666666430e+01 1.005202606331796256e+00 -1.030330563067757875e-03
1.675000000000000000e+01 1.001876404586873992e+00 -2.679799281287253542e-03
1.677083333333333215e+01 1.005737932439170645e+00 9.783890044379607142e-04
1.679166666666666430e+01 9.932912630524431963e-01 2.658784435764955344e-03
1.681250000000000000e+01 9.915864528007767298e-01 1.537398553561538338e-03
1.683333333333333215e+01 1.006633142646840229e+00 -1.428562969470284244e-04
1.685416666666666430e+01 1.004025969732873946e+00 -1.966505126885589340e-04
1.687500000000000000e+01 1.008868989272201588e+00 -3.266545630107106505e-04
1.689583333333333215e+01 1.014307718745247611e+00 -5.393695868277982879e-05
1.691666666666666430e+01 1.012342288407292124e+00 -3.213229142364900314e-05
1.693750000000000000e+01 1.000042445959409276e+00 1.317723294789982166e-03
1.695833333333333215e+01 9.932857698638507538e-01 3.366877394425439249e-03
1.697916666666666430e+01 9.896090040006821908e-01 -3.111198403281756862e-03
1.700000000000000000e+01 1.000861029897633925e+00 -6.861915178548745999e-04
1.702083333333333215e+01 1.013946339252811191e+00 3.393929433048014505e-04
1.704166666666666430e+01 1.000783348960351260e+00 -2.718141915811766464e-04
1.706250000000000000e+01 9.917552449532317516e-01 -7.920633636306123517e-04
1.708333333333333215e+01 9.947432095467957369e-01 1.052278315859194970e-04
1.710416666666666430e+01 1.001402282732625659e+00 -8.134213952765631528e-04
1.712500000000000000e+01 9.979191783617731293e-01 -2.885789973650532744e-03
1.714583333333333215e+01 9.911740679501559459e-01 -3.200056353795878179e-03
1.716666666666666430e+01 9.995335465856123314e-01 -9.654997123585766202e-04
1.718750000000000000e+01 1.007472107660734473e+00 -8.117296502386457712e-04
1.720833333333333215e+01 1.003652873741744722e+00 1.522921448264721346e-03
1.722916666666666430e+01 9.801177616896566969e-01 -9.188104241477190563e-04
1.725000000000000000e+01 9.884103689374916790e-01 -1.451188894565037238e-03
1.727083333333333215e+01 1.009425473873901691e+00 4.175624292245393995e-05
1.729166666666666430e+01 1.010377034157621923e+00 7.854659142440677689e-04
1.731250000000000000e+01 9.971234091009724132e-01 -1.133516519661115782e-03
1.733333333333333215e+01 9.874943265211924004e-01 4.722444748027088417e-04
1.735416666666666430e+01 1.001632128199501315e+00 -9.239481403360647743e-04
1.737500000000000000e+01 1.007871412305193282e+00 -2.096389877157483518e-03
1.739583333333333215e+01 1.000980213449363498e+00 -4.499265308376858893e-04
1.741666666666666430e+01 1.006251035071130451e+00 1.707874642688516405e-03
1.743750000000000000e+01 1.010102347120917399e+00 -2.513230057487810930e-03
1.745833333333333215e+01 1.012109451397391391e+00 -6.110845065322061728e-04
1.747916666666666430e+01 9.965288042616587960e-01 -5.618257699736585713e-04
1.750000000000000000e+01 9.921691628802499219e-01 9.636841309869557904e-04
1.752083333333333215e+01 9.993719705415796684e-01 -1.127998365376194643e-03
1.754166666666666430e+01 1.015145230157498135e+00 -2.579821379446367493e-04
1.756250000000000000e+01 1.016326847946664502e+00 -3.234307704832228890e-04
1.758333333333333215e+01 1.006060042677775490e+00 -4.147528807514682878e-04
1.760416666666666430e+01 9.958151200768884381e-01 -1.203841577136454061e-03
1.762500000000000000e+01 9.975536032040865919e-01 -3.438061048090491293e-03
1.764583333333333215e+01 9.898886088835561203e-01 5.098167268153821433e-04
1.766666666666666430e+01 9.844628417356283689e-01 5.411946112524442182e-04
1.768750000000000000e+01 9.914068120658147132e-01 5.577442533118863238e-04
1.770833333333333215e+01 9.999469508742075963e-01 7.649557052601444439e-04
1.772916666666666430e+01 1.004933857729025437e+00 -2.087495422291005308e-04
1.775000000000000000e+01 1.000326390136221155e+00 -2.327675466292044009e-03
1.777083333333333215e+01 1.003523371465372405e+00 7.725236374710105517e-04
1.779166666666666430e+01 1.008171046583311581e+00 1.410172344869089784e-03
1.781250000000000000e+01 1.009563332735003760e+00 -7.749265299351454893e-05
1.783333333333333215e+01 1.007898420925899874e+00 6.313478799534804004e-04
1.785416666666666430e+01 9.994453883019126517e-01 -2.833859782608829508e-03
1.787500000000000000e+01 9.866031335714793293e-01 -1.102500834878066384e-03
1.789583333333333215e+01 9.780673378921170835e-01 4.498497530250364189e-04
1.791666666666666430e+01 9.826541177887277989e-01 1.013703557612738665e-03
1.793750000000000000e+01 9.934065876086335400e-01 1.225755145356600918e-03
1.795833333333333215e+01 1.006086590737639064e+00 -9.937744855557494733e-04
1.797916666666666430e+01 1.010292886471824803e+00 -1.387307971280163452e-03
1.800000000000000000e+01 1.012601735798595248e+00 -1.590816823500412281e-03
1.802083333333333215e+01 1.008030975385807215e+00 5.747477201181654203e-04
1.804166666666666430e+01 1.006608482542427740e+00 -4.115222496354252815e-04
1.806250000000000000e+01 1.004582073941516995e+00 -1.084723460537570863e-03
1.808333333333333215e+01 1.008590204902521270e+00 -1.000091757331093931e-03
1.810416666666666430e+01 1.005733790882736400e+00 6.582882887874179530e-04
1.812500000000000000e+01 1.002982526346809511e+00 2.060242957883458206e-03
1.814583333333333215e+01 9.908932618100246836e-01 1.190141309960764766e-03
1.816666666666666430e+01 9.836203569395802759e-01 2.842194029181271259e-03
1.818750000000000000e+01 9.942474410794158723e-01 -7.256618176929121363e-04
1.820833333333333215e+01 1.004140981898018925e+00 1.331341409911962438e-03
1.822916666666666430e+01 1.014424677404164754e+00 6.870590492881796128e-04
1.825000000000000000e+01 1.010700952264981689e+00 -5.770195405739768704e-04
1.827083333333333215e+01 1.002778336233617784e+00 -1.095044337258619348e-03
1.829166666666666430e+01 9.963342420798630972e-01 -7.021664533095812229e-04
1.831250000000000000e+01 9.938072382799935101e-01 -1.755623864519207950e-03
1.833333333333333215e+01 9.857460394084612831e-01 -2.089983509331142051e-03
1.835416666666666430e+01 9.879479262692498764e-01 -1.093828598266534217e-03
1.837500000000000000e+01 9.955355424813082665e-01 -1.768663986221289276e-04
1.839583333333333215e+01 1.004717132542089386e+00 5.348749742110773305e-04
1.841666666666666430e+01 1.004505347774211632e+00 -1.550216024938509685e-03
1.843750000000000000e+01 9.971107671373828918e-01 7.066807630285664409e-04
1.845833333333333215e+01 1.006916719357422441e+00 2.523243684352421729e-04
1.847916666666666430e+01 1.009056331778252380e+00 2.271751925315529895e-04
1.850000000000000000e+01 1.010829306644360770e+00 -4.132740937998379606e-05
1.852083333333333215e+01 9.935294749174086171e-01 7.093481716815623573e-04
1.854166666666666430e+01 9.814308051176569014e-01 -1.838445308769909563e-03
1.856250000000000000e+01 9.800224522098026636e-01 1.010152129133128291e-03
1.858333333333333215e+01 9.938486317608890008e-01 -3.419364517209580435e-04
1.860416666666666430e+01 1.002827684643132322e+00 1.698938512688580923e-04
1.862500000000000000e+01 1.003788642792189156e+00 8.113466212534752118e-04
1.864583333333333215e+01 1.014478021756999082e+00 -1.084909918691626899e-03
1.866666666666666430e+01 1.019246785343399742e+00 9.201644314166685648e-05
1.868750000000000000e+01 1.013598197601826678e+00 2.471042581317132569e-03
1.870833333333333215e+01 9.911594268814526432e-01 2.245787892043729585e-04
1.872916666666666430e+01 9.945432487297753976e-01 -5.823000968979908298e-04
1.875000000000000000e+01 1.006889443872431400e+00 -6.930173647350264515e-05
1.877083333333333215e+01 1.017382272244861330e+00 -2.116078973759350900e-03
1.879166666666666430e+01 1.009156994038343136e+00 -4.499607865392933940e-04
1.881250000000000000e+01 9.902688298217211527e-01 6.244273804880895928e-04
1.883333333333333215e+01 9.977623246099242005e-01 1.381370380488006590e-03
1.885416666666666430e+01 1.006487814893363142e+00 3.971315925564969287e-04
1.887500000000000000e+01 9.975122238300575539e-01 5.145734082762426151e-04
1.889583333333333215e+01 9.836104306552484466e-01 -1.830870638518555154e-04
1.891666666666666430e+01 9.915053064494158130e-01 -1.824329732294580845e-03
1.893750000000000000e+01 9.983288848246764102e-01 -4.658684716317020957e-04
1.895833333333333215e+01 9.980801648495665201e-01 1.658918715195990216e-03
1.897916666666666430e+01 9.877309951485845341e-01 1.260188021762836356e-04
1.900000000000000000e+01 1.001316594111340219e+00 -2.000645793487015357e-03
1.902083333333333215e+01 1.024832137413591360e+00 9.833858165344351501e-04
1.904166666666666430e+01 1.028430938198979128e+00 -3.087121447167785401e-05
1.906250000000000000e+01 9.974582990693668938e-01 2.568370794608343909e-03
1.908333333333333215e+01 9.818416035239515560e-01 2.137743739443487289e-04
1.910416666666666430e+01 9.893681785076894331e-01 -1.892883416905457520e-04
1.912500000000000000e+01 9.987332173695089299e-01 3.669605590158299337e-05
1.914583333333333215e+01 9.862466074630621415e-01 1.457244498717769673e-03
1.916666666666666430e+01 9.825936691848867754e-01 2.363627871860519633e-03
1.918750000000000000e+01 1.002686682905788995e+00 4.063943323126963347e-05
1.920833333333333215e+01 1.016095809987622056e+00 2.092543862280791568e-03
1.922916666666666430e+01 1.000201564651610697e+00 6.922871888945182801e-04
1.925000000000000000e+01 9.852958653738547179e-01 -9.692460243866072049e-05
1.927083333333333215e+01 1.004575974198187893e+00 2.639200749424498553e-03
1.929166666666666430e+01 1.023265223196250240e+00 -1.190895136574652061e-04
1.931250000000000000e+01 1.021401142261651795e+00 8.084929959438682395e-04
1.933333333333333215e+01 9.985825624210210583e-01 -5.103110151169895289e-04
1.935416666666666430e+01 9.970245522950579309e-01 -4.991757199562837487e-04
1.937500000000000000e+01 1.005462655721438336e+00 -6.841359237047818747e-05
1.939583333333333215e+01 9.988617212295900494e-01 2.563620015944354088e-04
1.941666666666666430e+01 9.894138643675555178e-01 -6.438131830561151579e-05
1.943750000000000000e+01 9.993316315641588288e-01 8.288032129361392339e-04
1.945833333333333215e+01 1.006701824614249841e+00 -3.097368043771074196e-04
1.947916666666666430e+01 9.991822403761795313e-01 3.486765684186222502e-04
1.950000000000000000e+01 9.884419162486032251e-01 1.165320383655318360e-04
1.952083333333333215e+01 9.928092783331259330e-01 8.297178360962881218e-04
1.954166666666666430e+01 1.002001180983635997e+00 8.084007795471458277e-04
1.956250000000000000e+01 1.005894117316945335e+00 1.485896146550744201e-04
1.958333333333333215e+01 9.997042967460001428e-01 4.437036866835912996e-05
1.960416666666666430e+01 1.003994252828737554e+00 1.023598578159041822e-03
1.962500000000000000e+01 1.006436370436862182e+00 9.960652336247402658e-05
1.964583333333333215e+01 9.925196138021753489e-01 -3.649182534522534796e-04
1.966666666666666430e+01 9.934161839597728250e-01 -3.955581271916969090e-04
1.968750000000000000e+01 9.935683713058667266e-01 -8.993244871744078680e-04
1.970833333333333215e+01 9.976064125974987151e-01 -1.230206109469853069e-03
1.972916666666666430e+01 9.970454285847095699e-01 4.437518708500984548e-04
1.975000000000000000e+01 9.879606706716187459e-01 1.713309084929201575e-03
1.977083333333333215e+01 9.955187420698434764e-01 2.416374111205250950e-03
1.979166666666666430e+01 1.006120215065346768e+00 -4.946635250279949334e-04
1.981250000000000000e+01 1.008638451757041476e+00 -2.933661975128329814e-03
1.983333333333333215e+01 1.003132160877755474e+00 3.482309736747110532e-04
1.985416666666666430e+01 1.002665697695223512e+00 1.871734023431895319e-05
1.987500000000000000e+01 1.015052043606633037e+00 -3.426625110146328240e-04
1.989583333333333215e+01 9.996511417849941461e-01 -1.349749628990898342e-03
1.991666666666666430e+01 9.823298177521395669e-01 -1.252181173577659404e-03
1.993750000000000000e+01 9.920572498299896624e-01 7.338305245350332327e-04
1.995833333333333215e+01 1.006187003623557397e+00 -7.162574833612894536e-04
1.997916666666666430e+01 1.014564127495390933e+00 -3.360749148200909450e-04
2.000000000000000000e+01 1.009138990432251637e+00 -1.293570513320540551e-03
2.002083333333333215e+01 1.004648349726474876e+00 -1.171347564410855175e-03
2.004166666666666430e+01 1.010904857130819678e+00 -1.935732695209967460e-04
2.006250000000000000e+01 1.005252761086746993e+00 -1.491409054959915922e-03
2.008333333333333215e+01 9.846623583717364347e-01 -2.161537862416336095e-04
2.010416666666666430e+01 9.767728847459535846e-01 1.762364941903513506e-03
2.012500000000000000e+01 1.001163412263365027e+00 4.198931940829036245e-04
2.014583333333333215e+01 1.006888527023745095e+00 1.070170808991186603e-03
2.016666666666666430e+01 1.001131983807030057e+00 5.469838129161782919e-04
2.018750000000000000e+01 9.824390626716733577e-01 -2.443973321114488949e-04
2.020833333333333215e+01 9.997800118884865306e-01 3.389461170268491525e-06
2.022916666666666430e+01 1.015309141705747820e+00 9.346958393829085925e-04
2.025000000000000000e+01 1.010911291957787839e+00 -1.655415732868748902e-03
2.027083333333333215e+01 9.919467278891415107e-01 1.306418694321109450e-03
2.029166666666666430e+01 9.885347598836398131e-01 -1.233482471704767794e-04
2.031250000000000000e+01 9.948758506858759176e-01 8.076627575942724787e-04
2.033333333333333215e+01 9.990783404532234124e-01 1.308952765398954069e-04
2.035416666666666430e+01 9.895777151067725042e-01 1.875669346241274260e-04
2.037500000000000000e+01 9.905792345482461458e-01 1.777531953394593037e-03
2.039583333333333215e+01 1.019748894068607914e+00 -8.239517258324490076e-04
2.041666666666666430e+01 1.023757005220408578e+00 3.781463998153581588e-03
2.043750000000000000e+01 9.967514366303081852e-01 -2.274202458411887567e-04
2.045833333333333215e+01 9.776963558442846036e-01 2.128392109558814495e-03
2.047916666666666430e+01 9.916332977974693375e-01 -2.179635292534793777e-03
2.050000000000000000e+01 1.017944067064763480e+00 1.209944746078497392e-04
2.052083333333333215e+01 1.006455652286317060e+00 -1.209392614201594204e-03
2.054166666666666430e+01 9.993922526830320008e-01 3.210387088391164435e-05
2.056250000000000000e+01 1.001656632235376376e+00 -1.040091563160267484e-03
2.058333333333333215e+01 1.012354432896849232e+00 2.123312808221419521e-05
2.060416666666666430e+01 1.010508683999929991e+00 1.087976882377759014e-04
2.062500000000000000e+01 9.899368909416059736e-01 1.200082251099381840e-03
2.064583333333333215e+01 9.912143553511766347e-01 -3.740362011893257868e-04
2.066666666666666430e+01 1.018444858456605706e+00 -2.414928089458547446e-04
2.068750000000000000e+01 1.017718353051503932e+00 1.594597913070635925e-03
2.070833333333333215e+01 9.981919443883495724e-01 6.738561962267784452e-04
2.072916666666666430e+01 9.790990193973915234e-01 -9.288167892191109137e-04
2.075000000000000000e+01 9.966903161497132624e-01 -2.156895659368107622e-04
2.077083333333333215e+01 1.010009262245116890e+00 -3.321553618925429988e-04
2.079166666666666430e+01 1.002484101683389195e+00 7.304424258685446227e-04
2.081250000000000000e+01 9.796656454900326549e-01 -2.392975915535958445e-04
2.083333333333333215e+01 9.805904261051592297e-01 -5.105536397031222497e-04
2.085416666666666430e+01 9.974025134945786464e-01 -1.390666652488556712e-03
2.087500000000000000e+01 1.001220771938142740e+00 2.691908562762540470e-04
2.089583333333333215e+01 9.887675975765412018e-01 1.425141663328191631e-03
2.091666666666666430e+01 9.990054228326027408e-01 3.129475734388416559e-04
2.093750000000000000e+01 1.021939014318392847e+00 -5.971912622297487205e-04
2.095833333333333215e+01 1.021281396545848041e+00 1.596332196298298799e-03
2.097916666666666430e+01 9.847752308702607538e-01 1.556026718755127965e-03
2.100000000000000000e+01 9.693076062862600040e-01 1.492616500723652477e-04
2.102083333333333215e+01 9.880168193555501910e-01 -2.115239352393706216e-04
2.104166666666666430e+01 1.013833137237746485e+00 1.562543266806188204e-04
2.106250000000000000e+01 1.008396786752000063e+00 -1.230084895970674167e-03
2.108333333333333215e+01 9.894405842930136252e-01 8.330174663839356184e-04
2.110416666666666430e+01 9.972597380172727455e-01 -8.294949959973324169e-04
2.112500000000000000e+01 1.012847612260101782e+00 -6.105219191148302969e-04
2.114583333333333215e+01 1.005494438905990329e+00 1.871531329113471131e-03
2.116666666666666430e+01 9.927311881724221188e-01 -1.092484132553249313e-03
2.118750000000000000e+01 1.007127832079170338e+00 1.045055562063567186e-04
2.120833333333333215e+01 1.020422655337949847e+00 1.374099621485288299e-03
2.122916666666666430e+01 1.008341489341661124e+00 6.450745369425690042e-04
2.125000000000000000e+01 9.817192032054501416e-01 1.093104391793289993e-03
2.127083333333333215e+01 9.827831804206293986e-01 -7.606102310247394834e-04
2.129166666666666430e+01 9.976230967936686733e-01 -1.081625433908928549e-04
2.131250000000000000e+01 1.016432212617973452e+00 7.127822356005282566e-04
2.133333333333333215e+01 1.007464324272886236e+00 -1.830890604408074644e-04
2.135416666666666430e+01 1.000848907210118766e+00 3.411753177110108596e-04
2.137500000000000000e+01 1.003326965363965151e+00 7.133391528166341386e-04
2.139583333333333215e+01 1.006939359925155930e+00 -6.574809832540919703e-04
2.141666666666666430e+01 9.888207711931898958e-01 7.131425272612790441e-06
2.143750000000000000e+01 9.893645309869610882e-01 2.052047660037979986e-03
2.145833333333333215e+01 1.000443068399138991e+00 5.402012960216853819e-04
2.147916666666666430e+01 1.002774920793618962e+00 8.846400018033031805e-04
2.150000000000000000e+01 9.834331823710487086e-01 4.060880662874646993e-04
2.152083333333333215e+01 9.771381427564623801e-01 1.004911028356628936e-03
2.154166666666666430e+01 9.897852490272481818e-01 3.116836105724021442e-04
2.156250000000000000e+01 1.012373431487245234e+00 6.799669888877300046e-04
2.158333333333333215e+01 1.014437678673116183e+00 -4.239626777466585497e-04
2.160416666666666430e+01 1.011452504590532264e+00 2.270376627943189148e-04
2.162500000000000000e+01 1.013983868360028184e+00 -1.018834560118252706e-03
2.164583333333333215e+01 1.004977115770629759e+00 -1.518284532697322621e-03
2.166666666666666430e+01 9.909898840327376890e-01 6.423340298067596469e-04
2.168750000000000000e+01 9.844083209632292775e-01 2.296225503427599349e-03
2.170833333333333215e+01 9.995879530255863399e-01 1.149401656756095019e-03
2.172916666666666430e+01 1.006454890004846670e+00 -4.971286350516028853e-04
2.175000000000000000e+01 9.977971765257613868e-01 -1.294004005878662865e-03
2.177083333333333215e+01 9.881505416052879243e-01 -1.862470494457548224e-03
2.179166666666666430e+01 1.000171661482252450e+00 -7.000990719057050568e-04
2.181250000000000000e+01 1.006812821880678444e+00 -1.118426202867984186e-03
2.183333333333333215e+01 1.007775582178416895e+00 -9.548523388108158408e-04
2.185416666666666430e+01 1.008658351911033035e+00 1.668723130997469811e-03
2.187500000000000000e+01 1.013079163859346821e+00 3.894277257988616281e-04
2.189583333333333215e+01 1.011899482769387237e+00 -2.212459403714920063e-04
2.191666666666666430e+01 9.971547151565185452e-01 1.431496067300762765e-05
2.193750000000000000e+01 9.907642844791421100e-01 -1.046816914257004631e-03
2.195833333333333215e+01 9.976257314249638020e-01 -4.856965525671102114e-05
2.197916666666666430e+01 1.014507588464052201e+00 -1.254579903787521626e-03
2.200000000000000000e+01 1.007934329718698452e+00 -8.335677110671922793e-05
2.202083333333333215e+01 9.843928828376671269e-01 -2.622958239188356521e-05
2.204166666666666430e+01 9.766890563195980146e-01 1.609972693162868345e-03
2.206250000000000000e+01 9.888750772698606806e-01 1.654734401277014374e-03
2.208333333333333215e+01 9.908191380734927556e-01 -8.164674907602821315e-05
2.210416666666666430e+01 9.966694230802239929e-01 6.620033459016372865e-04
2.212500000000000000e+01 9.981092926354320216e-01 -9.269343917215466105e-04
2.214583333333333215e+01 1.010637359324757734e+00 -1.091527212755239546e-03
2.216666666666666430e+01 1.014155598615696041e+00 7.396964730584116438e-04
2.218750000000000000e+01 1.000711395906678236e+00 3.124705838425908318e-04
2.220833333333333215e+01 9.944986544826428521e-01 1.408422525615338683e-03
2.222916666666666430e+01 1.008675226015910420e+00 3.539704048943808495e-03
2.225000000000000000e+01 1.013664467374667533e+00 6.315523677179745192e-04
2.227083333333333215e+01 1.003200374114230353e+00 1.029067399017374092e-03
2.229166666666666430e+01 9.847236963410841426e-01 2.264011122867047989e-04
2.231250000000000000e+01 9.849319309756252583e-01 -1.172480061099748358e-03
2.233333333333333215e+01 9.992979945632591843e-01 3.330112806302697008e-04
2.235416666666666430e+01 1.005428429191981943e+00 -9.498827885643963817e-04
2.237500000000000000e+01 1.006840978147178767e+00 1.482422340653126967e-03
2.239583333333333215e+01 1.006835186046767028e+00 -1.002496997268682204e-03
2.241666666666666430e+01 1.015975452309736848e+00 3.465961737168670224e-04
2.243750000000000000e+01 1.011718531666901955e+00 -1.115069913383256832e-03
2.245833333333333215e+01 1.005279760017134150e+00 -1.520096568656909833e-03
2.247916666666666430e+01 9.980366766105354115e-01 -6.733130842949780438e-04
2.250000000000000000e+01 9.992169274642088705e-01 1.462724140051099072e-03
2.252083333333333215e+01 1.001468143890841045e+00 -1.004049202214597411e-03
2.254166666666666430e+01 9.931959763811804009e-01 -1.761926477611366285e-03
2.256250000000000000e+01 9.922792294966045201e-01 1.858689283700237739e-03
2.258333333333333215e+01 1.003349007912465174e+00 -1.285459137801047821e-05
2.260416666666666430e+01 1.010559895495039218e+00 -4.593276861512475160e-04
2.262500000000000000e+01 1.016041996549983839e+00 9.310166522251074779e-04
2.264583333333333215e+01 1.004153939001811491e+00 -3.149091305431921855e-04
2.266666666666666430e+01 9.924525430713397878e-01 8.160033328113744204e-04
2.268750000000000000e+01 9.891528213454329199e-01 1.886797378388359661e-03
2.270833333333333215e+01 9.842991200744394265e-01 1.773416091232323660e-03
2.272916666666666430e+01 9.884993762402762840e-01 1.729081689350316781e-03
2.275000000000000000e+01 9.916580656618771972e-01 -1.890311254793390367e-03
2.277083333333333215e+01 9.968573761088453944e-01 8.034548355173952829e-04
2.279166666666666430e+01 1.014228300477652001e+00 -3.168041893322365049e-05
2.281250000000000000e+01 1.014663945403811107e+00 -9.537520888343666058e-04
2.283333333333333215e+01 1.013377688067783833e+00 2.542393866930295560e-04
2.285416666666666430e+01 1.002753907696071867e+00 -8.272416912825801593e-04
2.287500000000000000e+01 1.005163466502764225e+00 1.842776103634353665e-03
2.289583333333333215e+01 9.998661979435371494e-01 1.597139949355732289e-03
2.291666666666666430e+01 9.934458226983985396e-01 8.043161262671419398e-04
2.293750000000000000e+01 9.826824387927775017e-01 -1.173175574987069284e-03
2.295833333333333215e+01 9.946512532111948524e-01 -6.912090665905864812e-04
2.297916666666666430e+01 1.012505688834049566e+00 -1.501652699888618653e-03
2.300000000000000000e+01 1.012321583755477761e+00 1.269576669630220322e-03
2.302083333333333215e+01 1.007124296736352287e+00 -1.409671891059702297e-03
2.304166666666666430e+01 9.969879316374047340e-01 1.036209657669951659e-03
2.306250000000000000e+01 1.010233668404046714e+00 2.862230920663840199e-03
2.308333333333333215e+01 1.006334638016537442e+00 1.727920410182936638e-03
2.310416666666666430e+01 1.002540675161639916e+00 -2.077568673799718400e-03
2.312500000000000000e+01 1.003970204617131268e+00 -2.095807321826177131e-03
2.314583333333333215e+01 1.006002854407454405e+00 1.953517523284157426e-03
2.316666666666666430e+01 1.012574018178474367e+00 -1.442222751211205386e-03
2.318750000000000000e+01 1.006728929490217084e+00 1.951479519479580984e-03
2.320833333333333215e+01 9.931342496368081862e-01 1.379488074225755862e-03
2.322916666666666430e+01 9.905458023993579664e-01 8.199206268104855923e-04
2.325000000000000000e+01 9.964322571741228707e-01 3.430414839032465044e-04
2.327083333333333215e+01 9.951599409198618185e-01 -1.750807240052615430e-04
2.329166666666666430e+01 9.888290355208488869e-01 -8.313704361972737802e-05
2.331250000000000000e+01 9.915510132681959465e-01 7.063288218149013859e-04
2.333333333333333215e+01 9.993730403875744628e-01 -6.755271478046727830e-04
2.335416666666666430e+01 1.014892872473741603e+00 -4.512145125966906053e-05
2.337500000000000000e+01 1.013936910458971052e+00 -1.199699187199207559e-03
2.339583333333333215e+01 9.963577088567822093e-01 9.358839526385523367e-04
2.341666666666666430e+01 9.942372810713617781e-01 5.099715746604934668e-04
2.343750000000000000e+01 9.983197859305268373e-01 -8.527532353151333312e-05
2.345833333333333215e+01 9.977257483923420711e-01 1.411924137553870586e-03
2.347916666666666430e+01 1.001739773629903185e+00 1.500902413552567764e-03
2.350000000000000000e+01 1.004313792502244507e+00 -1.738770043396867639e-03
2.352083333333333215e+01 1.017716260644711657e+00 -2.124023290989366340e-03
2.354166666666666430e+01 1.020976463706117165e+00 5.530558761278664328e-04
2.356250000000000000e+01 9.967602185319850427e-01 -9.622180270477686018e-05
2.358333333333333215e+01 9.840415446472619010e-01 -3.472103494326993196e-05
2.360416666666666430e+01 9.867173499710792939e-01 2.478604439272816826e-04
2.362500000000000000e+01 1.002715973265385641e+00 -1.592562167454922815e-03
2.364583333333333215e+01 1.005568581407231266e+00 -2.513737056819481458e-04
2.366666666666666430e+01 9.978738704957715866e-01 2.296317763888361667e-04
2.368750000000000000e+01 9.944027175926536399e-01 -2.615385087341471747e-03
2.370833333333333215e+01 1.015406167356070810e+00 -9.502685787080075025e-04
2.372916666666666430e+01 1.026390831785335633e+00 -1.109422533469532754e-04
2.375000000000000000e+01 1.011028195478325120e+00 2.264993117537766280e-03
2.377083333333333215e+01 9.963480103363145934e-01 4.473213436165591247e-04
2.379166666666666430e+01 1.001246969411984544e+00 9.844374946184151348e-04
2.381250000000000000e+01 9.990799806536486694e-01 7.083512060267281975e-04
2.383333333333333215e+01 9.776557630867179771e-01 -7.854538423334567589e-04
2.385416666666666430e+01 9.670552059049151161e-01 -1.652973397285540692e-03
2.387500000000000000e+01 9.949942505477105126e-01 -1.531305665685124594e-03
2.389583333333333215e+01 1.024925878874442642e+00 9.204059369204783828e-04
2.391666666666666430e+01 1.016305637037372867e+00 3.670933339512584147e-05
2.393750000000000000e+01 9.942309807030832447e-01 -1.854828542366047245e-03
2.395833333333333215e+01 9.882758307173878931e-01 1.126973042411561323e-03
2.397916666666666430e+01 1.004413110245624852e+00 1.955500110149300912e-03
2.400000000000000000e+01 1.001489532354101542e+00 3.868223110346442114e-04
2.402083333333333215e+01 9.873494524956574203e-01 -1.274910836105163162e-03
2.404166666666666430e+01 9.913262204992516757e-01 -3.002551273331182345e-03
2.406250000000000000e+01 1.006846437453480014e+00 -2.866847495663956552e-04
2.408333333333333215e+01 1.007841439216894619e+00 3.869475390822320403e-04
2.410416666666666430e+01 9.988352305985953583e-01 -1.868802587082998888e-03
2.412500000000000000e+01 9.967301146792856281e-01 -8.956295955638468283e-04
2.414583333333333215e+01 1.021170097543685706e+00 -1.397180980665908324e-03
2.416666666666666430e+01 1.020330376239682924e+00 2.210834143972944307e-03
2.418750000000000000e+01 1.003320554921101504e+00 -2.320627505400402104e-03
2.420833333333333215e+01 9.830641971307227944e-01 -1.055710188806289031e-03
2.422916666666666430e+01 9.888985294373424662e-01 -2.972144565172464407e-04
2.425000000000000000e+01 9.977062901568827247e-01 2.737057391974901202e-04
2.427083333333333215e+01 1.007225383913345373e+00 9.966527210414402843e-05
2.429166666666666430e+01 1.010848144355448897e+00 -1.236498411997691109e-03
2.431250000000000000e+01 1.013780002019064819e+00 4.693293855511107776e-04
2.433333333333333215e+01 1.015597387893003134e+00 -1.403753211893591204e-03
2.435416666666666430e+01 1.006230524868583220e+00 1.691918806554568513e-03
2.437500000000000000e+01 9.930141709238757830e-01 -1.592766846415650042e-03
2.439583333333333215e+01 1.002934688278848130e+00 1.430857312839730255e-03
2.441666666666666430e+01 1.000902827945466589e+00 1.099590431938263484e-03
2.443750000000000000e+01 9.966371624417181829e-01 1.429000236822179637e-03
2.445833333333333215e+01 9.860920188833790512e-01 1.008721413585809447e-03
2.447916666666666430e+01 9.879746270190705726e-01 -3.883529037866615021e-05
2.450000000000000000e+01 9.948437740910921478e-01 1.205283107139547641e-04
2.452083333333333215e+01 1.009461730859744000e+00 -2.046169589900731641e-04
2.454166666666666430e+01 1.015918947213586332e+00 1.578674474048964759e-03
2.456250000000000000e+01 1.017559981744723618e+00 9.651824406124465692e-04
2.458333333333333215e+01 1.006986740639776778e+00 1.962050502063165578e-05
2.460416666666666430e+01 9.907276223877119481e-01 8.397116367080587106e-04
2.462500000000000000e+01 9.734630515569936415e-01 -4.854966400607858818e-05
2.464583333333333215e+01 9.816420800127478863e-01 -1.242200633105836798e-03
2.466666666666666430e+01 9.948023428872774243e-01 1.570816448312215095e-04
2.468750000000000000e+01 9.933258297116032143e-01 -7.424739754709041434e-04
2.470833333333333215e+01 1.000681801920892511e+00 1.692452189262651447e-03
2.472916666666666430e+01 1.008830642417590129e+00 -1.873292307803713162e-04
2.475000000000000000e+01 1.012473577669971370e+00 -9.981391633193347195e-04
2.477083333333333215e+01 1.014722483432873190e+00 -6.089480280119022575e-04
2.479166666666666430e+01 1.015150601965528532e+00 9.160356203794908824e-04
2.481250000000000000e+01 1.020292625193552238e+00 1.176897062592220216e-04
2.483333333333333215e+01 1.018295866347199041e+00 1.915571868141592983e-04
2.485416666666666430e+01 9.945483415680377304e-01 -3.729012658923309118e-04
2.487500000000000000e+01 9.715394672546562305e-01 -1.872608081340815917e-04
2.489583333333333215e+01 9.824767963705806073e-01 3.120984514179084442e-04
2.491666666666666430e+01 9.963071578567049835e-01 -1.191388480785749793e-03
2.493750000000000000e+01 1.002235217999635886e+00 4.199878872932737151e-04
2.495833333333333215e+01 1.005725280013437528e+00 6.503027705392568124e-04
2.497916666666666430e+01 1.005871441266299016e+00 1.331029542249111781e-03
2.500000000000000000e+01 1.014533044687423002e+00 -5.095384768065008840e-04
2.502083333333333215e+01 1.009562966801752726e+00 -9.953804161209917501e-04
2.504166666666666430e+01 1.001121628920850215e+00 1.469698738055673403e-03
2.506250000000000000e+01 1.003949389856884977e+00 -2.309270704059901132e-04
2.508333333333333215e+01 1.007596275481747572e+00 -5.243912980777481678e-04
2.510416666666666430e+01 9.995537046717307694e-01 -2.646619659847586196e-04
2.512500000000000000e+01 9.816437880495247903e-01 3.351329118750666965e-04
2.514583333333333215e+01 9.712684697693472202e-01 5.204114977624426888e-05
2.516666666666666430e+01 9.926999262193996199e-01 7.218732475001169097e-04
2.518750000000000000e+01 1.011422323274826507e+00 -1.132896704052773753e-03
2.520833333333333215e+01 1.010387426267348232e+00 1.158415805155612417e-03
2.522916666666666430e+01 1.004444712835819820e+00 -2.192403922127886522e-03
2.525000000000000000e+01 1.002357440694782165e+00 -1.543310437659669351e-03
2.527083333333333215e+01 1.005313826037174341e+00 -1.588390047040780196e-03
2.529166666666666430e+01 9.926038223075139832e-01 8.824007047890721368e-04
2.531250000000000000e+01 9.880920032279921772e-01 -2.471265056503687413e-03
2.533333333333333215e+01 9.899134645923934883e-01 -8.984405182750571182e-04
2.535416666666666430e+01 1.003646578705045256e+00 9.000907145644023149e-04
2.537500000000000000e+01 1.001526039053860062e+00 -1.257407699044684867e-03
2.539583333333333215e+01 9.991654460896591816e-01 2.764287024486008636e-04
2.541666666666666430e+01 9.984775534554335419e-01 -3.417113398529411671e-04
2.543750000000000000e+01 1.019771767033766041e+00 1.043088768174720840e-03
2.545833333333333215e+01 1.027024496303171164e+00 -3.961003127595213850e-04
2.547916666666666430e+01 1.013677799366226262e+00 1.637431562624170082e-03
2.550000000000000000e+01 9.861046247280983446e-01 -1.349352124680128695e-03
2.552083333333333215e+01 9.843054933177513011e-01 -1.116498097880370532e-03
2.554166666666666430e+01 9.971476052251107003e-01 -7.362524463236012982e-04
2.556250000000000000e+01 9.983950635382178307e-01 2.112698767210113946e-04
2.558333333333333215e+01 9.943960008342881407e-01 5.521026492838890850e-04
2.560416666666666430e+01 1.001590846543085389e+00 -9.831330244226622102e-04
2.562500000000000000e+01 1.009992791218909058e+00 -2.447134150514396417e-04
2.564583333333333215e+01 1.010256091258560307e+00 -7.633095289595632094e-04
2.566666666666666430e+01 9.934502406233817196e-01 -2.630581003509881079e-03
2.568750000000000000e+01 9.903642092380137152e-01 9.837206813992414953e-04
2.570833333333333215e+01 1.002317019700300404e+00 2.026950672158331183e-03
2.572916666666666430e+01 1.012607718267040324e+00 -1.313418945639986462e-03
2.575000000000000000e+01 1.007066903344809194e+00 1.298876881445135655e-04
2.577083333333333215e+01 9.915962296610401072e-01 -8.849692205474634201e-04
2.579166666666666430e+01 9.913627616063479531e-01 -7.583551703327732216e-04
2.581250000000000000e+01 1.011440184110757645e+00 2.102394899613018679e-03
2.583333333333333215e+01 1.000952959193833758e+00 -6.939831514517258481e-04
2.585416666666666430e+01 9.864870824332763188e-01 -2.196721172197986776e-03
2.587500000000000000e+01 9.818142685850218543e-01 -8.627591492380603296e-04
2.589583333333333215e+01 9.928583104248649427e-01 -1.261926121709294572e-03
2.591666666666666430e+01 9.926234579784810608e-01 -2.060533746162059358e-04
2.593750000000000000e+01 9.926507006515603582e-01 -1.781090379151619536e-03
2.595833333333333215e+01 1.006680523811325445e+00 1.714111110886155876e-03
2.597916666666666430e+01 1.023395765621545994e+00 2.828056735505840276e-04
