# freq,amp,phi
8.701714118858830949e-01,4.005410519495714722e-03,2.625105322047017076e+00
4.509622059290968821e+00,5.384363577415231597e-03,-2.754078883455854498e+00
1.004057914773682647e+01,1.935056901209849470e-03,7.704355976327170730e-01
2.689475714178037880e+00,3.062565109587023215e-03,2.679312483926606703e+00
1.024771282167649389e+01,2.734624258648321246e-03,-2.699745404711590524e+00
7.420943991490632108e+00,1.790150011628341637e-03,-1.675262940223896102e-01
1.495813770648672492e+00,2.062598820730277699e-03,-2.951893296422365864e+00
3.012673388424249143e+00,2.645121378966670822e-03,-1.475205882476091412e+00
1.039953667542376436e+01,4.413542427556286715e-03,-6.894163949487515097e-01
