# freq,amp,phi
5.190188191483153801e+00,2.352980987294295973e-03,-1.024966236508680240e+00
5.901894320441607888e+00,1.308405314621296361e-03,3.056088820918889226e+00
6.126844194459168946e+00,3.662444462245261542e-03,6.394820607359528175e-01
6.863410704734883794e+00,1.418212299931668769e-03,-6.806726699929752655e-01
5.278253990718752675e+00,1.230220540527103513e-03,2.460756323063479911e-01
6.577112163819084145e+00,2.647703070184149673e-03,-7.066509024289180374e-02
4.509120500072913096e+00,2.074934476077549411e-03,-9.576573439509066255e-01
5.257174940452625123e+00,4.155666062977946343e-03,-2.348360057637768783e+00
5.726283823706141973e+00,1.308959589481945626e-03,1.117450834972146367e+00
4.811542347276284382e+00,2.484532979060641820e-03,2.718603236875901885e+00
8.369687941183251212e+00,1.929772030042045412e-03,1.240357995933694113e+00
5.881396700479490036e+00,2.710884966864492325e-03,1.176943861814583769e+00
5.249442432802394976e+00,1.595966015054709527e-03,2.071691925937079404e+00
4.587043433871364151e+00,4.034345896307630491e-03,-1.558076569812554268e-01
5.391888443366591233e+00,2.726656960483861761e-03,-3.608856916648233160e-01
7.067719890121721527e+00,2.761918050692508710e-03,-3.068093006700999492e+00
5.033251015673988249e+00,1.485135060915753619e-03,2.031665521438783095e+00
4.401699853120865313e+00,2.756320399606603487e-03,5.322419262189344025e-01
4.338041055636655763e+00,1.933185999109885995e-03,-7.630190909750824702e-01
5.741572213270822900e+00,3.491533041900622084e-03,2.523342589764133059e+00
4.149655151306741452e+00,1.798686513642587309e-03,-2.325406603298075581e+00
4.211883782224894013e+00,1.429339261140501541e-03,6.283977849647754965e-01
4.974899382111704682e+00,3.629932752525623623e-03,8.009606348676432397e-01
4.174974874458253993e+00,1.941322900267630075e-03,1.974800067949280979e+00
4.476690746507366647e+00,4.258207608288672869e-03,-2.017177443522957248e-01
6.735890641387351607e+00,1.528800593725431964e-03,7.377866223728752892e-01
4.681121633135820304e+00,1.798735051641874028e-03,2.629312876243073305e+00
4.253392376037753664e+00,1.414928261657610485e-03,-2.509181072114443189e+00
5.993754916661373500e+00,1.691624177298416479e-03,-2.933649344416704441e+00
6.334116699376819426e+00,1.803011280992016744e-03,3.068373441077448582e+00
4.969497264917593249e+00,3.344082641885634446e-03,2.647908761274511136e+00
4.815713561735552872e+00,2.250738196406464834e-03,-3.080796604817761075e+00
5.926594280019530814e+00,2.228562434051967883e-03,8.518330184913374126e-01
5.587263075461281758e+00,3.288102334458765149e-03,1.264842329203766269e+00
5.066672474564664519e+00,2.850057652497156591e-03,2.504566925422365919e+00
4.213961720869570549e+00,3.724663862600142376e-03,1.285215198251099089e+00
5.382764640871188000e+00,1.522768167297327332e-03,1.166908134390515883e+00
5.120703315117843601e+00,1.242177440813115735e-03,9.015675690637365847e-01
5.187646352214548173e+00,3.022748361187928105e-03,-5.458135447774883353e-01
5.500904811118778603e+00,2.524191117606608761e-03,2.683668548048085079e+00
7.361955275407829902e+00,2.261469031990615778e-03,-2.554298647717262671e+00
6.837473782327958105e+00,1.678275390829975060e-03,3.549675966361740542e-01
4.087723173413405853e+00,4.057671520300355425e-03,2.655516793393628561e-01
6.843885327163235388e+00,2.987423335708991323e-03,-5.678823802539030297e-01
5.305167696399148980e+00,2.587854995045843140e-03,1.959576183431651408e+00
5.962125904767132667e+00,2.966189785290767461e-03,-2.906097911949824031e+00
7.125167965098313516e+00,2.419961247299580107e-03,2.376282427768052763e+00
7.592680007835986622e+00,1.413801236524292243e-03,2.325299196555197234e+00
6.339069609901019753e+00,1.786268985365551450e-03,1.272585494537891826e+00
4.161323417962742077e+00,3.270147122486714939e-03,1.113335640436234897e+00
5.328517364874295836e+00,2.492231470061497239e-03,1.609546307500804296e+00
5.362698164707243365e+00,3.577116996794383556e-03,-1.946192138738447763e+00
6.189478866409888980e+00,1.402681857710382559e-03,2.934012245424046483e+00
5.327982907767543352e+00,2.333810779248191112e-03,9.119071414130077713e-01
5.403777500998781846e+00,4.561617240091663146e-03,-1.556733007865785279e+00
5.788254647046144008e+00,1.878946061975937231e-03,4.024856979304973770e-01
5.382912914082238487e+00,1.473559641880381899e-03,1.640947668468647258e+00
6.457447252227082046e+00,2.024170354296540505e-03,4.641749692605756650e-01
5.046672623588081663e+00,2.545291101716997979e-03,3.561091333150416816e-01
7.090521627641999558e+00,2.572923035964822230e-03,-2.031363794527011546e+00
5.155589348932885230e+00,2.301330609425158644e-03,-9.814398753616049298e-01
5.764701665255402396e+00,2.564564514339778747e-03,-2.204718832989938981e+00
8.955376905207209859e+00,2.547693909595813780e-03,1.743660468417997933e+00
5.552664211070057476e+00,2.240807410770808902e-03,-1.333379807028507669e+00
4.952954196446340163e+00,2.030381137522900125e-03,1.232694980633783466e+00
7.464441600309738689e+00,1.506016412721160195e-03,-2.981877845956069084e+00
6.723315243145991715e+00,3.871293730802483676e-03,-2.757980706528352144e+00
4.744271094660614807e+00,2.213089613725101670e-03,-9.783454876273869338e-01
5.681669252091098521e+00,4.526541507152215434e-03,-3.040340344465480182e+00
6.400227574038812151e+00,2.029162503205043759e-03,1.690568468572761773e-02
4.528177109932870259e+00,2.215488697092323801e-03,-7.304463431102199422e-01
5.193665188849048597e+00,2.465124193397682378e-03,2.097785012362824553e+00
4.697226896194680812e+00,2.797145275037742594e-03,-7.263212230397533276e-01
5.931270197542904299e+00,2.254959107713555913e-03,-5.554688506432676753e-01
5.157564556231955422e+00,2.365163200334345454e-03,1.529685971716269854e+00
4.205432754754152569e+00,1.164811936502836622e-03,-9.118124511693528333e-01
6.211238791047973606e+00,1.281762625671287008e-03,1.079063183989462438e+00
5.151107721287101704e+00,2.948745922239563375e-03,-9.239274156511845248e-02
