# freq,amp,phi
2.433448696365576147e+00,2.607354433822834522e-03,1.377067192500647685e+00
4.346738499820636648e+00,3.221797867647021273e-03,-2.630636089033185687e+00
3.294074828991119919e+00,3.791003546470468957e-03,-8.805241017662437386e-01
3.221266370701358461e+00,3.986912993783314763e-03,3.423848996625213914e-01
2.181044125215966467e+00,3.069323318527439771e-03,-2.428809377278368764e+00
2.069902466605940461e+00,1.947828221034906496e-03,1.108042431540745554e-01
8.100763395293798297e+00,3.552303917600855253e-03,1.499457615437090219e+00
1.863760346662279188e+00,3.474799075684482756e-03,1.185245620053168025e+00
3.282774204412674202e+00,3.365419384152419646e-03,-2.885601234380073432e+00
1.860957243057226096e+00,3.412656597899598344e-03,-4.233226315402593976e-01
3.245229776789754439e+00,2.266443429109627102e-03,1.511982009373184610e+00
1.747099507425453169e+00,3.142755323717843011e-03,-2.540344481613387995e+00
2.740163274065375631e+00,2.863758609979649358e-03,-2.070043464882914463e+00
2.911754104076597738e+00,3.865263354512225857e-03,-8.921009970257176569e-01
2.380748663558219569e+00,2.876150158861181215e-03,1.193669615621264057e+00
4.182141354091175600e+00,2.604568709315213150e-03,-8.048864686252099609e-01
3.701614294565423791e+00,3.333423372128051752e-03,9.285743160816606334e-01
3.497073801076189259e+00,5.406109851024445447e-03,9.448834351454555858e-01
4.142966742529002211e+00,3.000067033743321863e-03,3.011039850915826044e+00
2.013879949583519569e+00,2.756012076326614692e-03,-2.879285592603300081e+00
4.173062407341431523e+00,2.515983652959620249e-03,5.344860953563879136e-01
1.834165115925233902e+00,3.092861326483261133e-03,-2.588459660898828396e+00
1.988723759381554324e+00,2.668897466734368538e-03,1.190519737021801916e+00
2.774018663889657788e+00,4.364331503840777199e-03,-9.898327231082029165e-01
2.312291699043784732e+00,2.027173579618528690e-03,2.137032135025656032e+00
3.454097431940603702e+00,2.310793013323417244e-03,-5.828045704182995834e-01
3.241797723951159949e+00,3.493329568158395210e-03,-2.425739682985621926e+00
2.128182458921960674e+00,2.661239492395765793e-03,1.915353751975195529e+00
5.889780859242551792e+00,3.238924390303189738e-03,-1.524875414857579825e+00
3.255337936955201350e+00,3.386276222611370006e-03,1.542476203116060596e+00
3.937573549602188638e+00,3.297448157731548007e-03,2.954557952937261867e+00
1.633872659138319028e+00,1.870096975340875033e-03,-2.957237954075621733e+00
4.746196167266488075e+00,2.971590017813467363e-03,-2.090895794610639680e+00
1.587849078143387604e+00,2.518463917635486993e-03,-1.977367002342449886e+00
5.079189782542568032e+00,2.939969718988238480e-03,2.639866225242171183e+00
3.401149728391555271e+00,2.826503046314522271e-03,-3.141033829189754378e+00
3.926928239042350111e+00,2.731883326235422411e-03,-2.802035688680363901e+00
4.428173342034843252e+00,3.342791137325598280e-03,-8.559610803937229839e-01
2.181942393595443619e+00,2.992690497341356139e-03,-2.886764807336687610e+00
2.718604697097274592e+00,5.059828521100245141e-03,3.626732447464955378e-01
3.401189803104493148e+00,2.878192190759997111e-03,-3.111344467796824276e+00
3.334821746355140615e+00,3.552498746413341145e-03,-7.975318064162171261e-01
2.818052963562657887e+00,2.123612265551195599e-03,1.293138002162235622e+00
3.259850142514651772e+00,3.602767982168336887e-03,2.791100878782770245e+00
2.144405761003744360e+00,3.598538230418899756e-03,1.240942439669229458e+00
2.974896620593311170e+00,2.007185119870331415e-03,-4.195500045066125061e-01
1.807413006443177927e+00,2.614113482227325286e-03,-1.187161298725974978e+00
2.208542772453671255e+00,2.011172126915928161e-03,-7.075726313894175057e-01
2.210549003177515903e+00,3.393762068784226399e-03,-4.611905637914670564e-01
3.937673890530166698e+00,3.879016214263542560e-03,-2.562719103452364422e+00
4.220207702790311544e+00,2.936460441936365219e-03,-2.238845963794134697e+00
2.299916200352142504e+00,3.533871854793165998e-03,-2.917850124332316941e+00
1.826760216526510217e+00,2.700448098341253801e-03,2.813864484104116492e+00
3.250515514666306061e+00,3.530963858005437342e-03,-7.633169493767488767e-01
4.520509171056547260e+00,2.775178755209535639e-03,2.151857584834874437e+00
2.030079047596462960e+00,2.678306419182150018e-03,-2.114430062089263096e-01
5.012357882954158406e+00,2.684711682458922055e-03,-1.484068781127693804e+00
3.857480569964887085e+00,2.764386772402839792e-03,-2.403503888485104767e+00
2.651768026861415883e+00,3.644696691297166433e-03,1.137803527357870159e-01
2.875041023759908221e+00,3.930802043499959444e-03,8.102393398625231669e-01
1.444862896915293682e+00,3.242735271008369453e-03,-3.124563363866522003e+00
2.415204825126850086e+00,3.049113826409929201e-03,2.189255712238783680e+00
2.990068595315260147e+00,3.030470565985488030e-03,2.910990676991389137e+00
3.380911812496153246e+00,3.154229945809145126e-03,1.972496842104404458e+00
2.623860104316607433e+00,3.061930472466238909e-03,-2.015608631383943639e+00
2.950001937456560697e+00,3.450782636118605168e-03,-2.987738264449846248e+00
4.631911273736716517e+00,2.629130165977252697e-03,-6.683780459980805944e-01
1.602391640464470246e+00,2.701964977750739155e-03,1.817496810349192415e+00
2.849331552358974839e+00,3.854791593960767496e-03,-1.298282202787012007e+00
2.504282449675201416e+00,3.183217301305899839e-03,3.871033911198478172e-01
2.533567402958513792e+00,4.160439301914922901e-03,1.515806827919941924e+00
2.123776832891025368e+00,2.930522965544198055e-03,1.688056631997499224e+00
1.454462667276003707e+00,2.028478114228974595e-03,-2.657780564285939562e+00
2.304334947378734011e+00,2.208972612999657564e-03,-1.477763483131063538e+00
5.013732767535951318e+00,2.768929777116193713e-03,-2.541605814459433788e+00
2.366703283115136003e+00,2.836608867654520725e-03,2.542999003222679022e-01
6.865191251148476503e+00,2.120779806393016317e-03,2.359533149859021961e+00
3.578953671710985329e+00,2.979745306027755010e-03,-2.458389617804639826e+00
2.618006616500868411e+00,2.056818533673952440e-03,2.395553367357933006e+00
2.784796937017335772e+00,2.669263134353136967e-03,-2.939715961897295671e-01
2.693515924330119216e+00,3.753498929786023425e-03,-2.800687921249997991e-01
1.719451846265534156e+00,2.460832208500663386e-03,2.666958235761462959e-03
3.024010876461336927e+00,3.054872042437054448e-03,2.682526556262939010e+00
1.815251850049061977e+00,3.027980896110739860e-03,-1.977453343318746004e+00
1.666320841042628231e+00,2.907855379939605807e-03,-2.260090649939983543e+00
4.367830077709903946e+00,2.942982750986064371e-03,3.139631975695325927e+00
3.141615554812002387e+00,2.656949883833292607e-03,-5.462871475040249614e-01
2.049976709790725771e+00,3.014118131713048980e-03,-2.579899781461237218e+00
