0.000000000000000000e+00 9.939293835757482265e-01 -1.685567543685741350e-04
2.083333333333333218e-02 1.001897039886895158e+00 4.066380699206464944e-04
4.166666666666666435e-02 1.011217662226203018e+00 -6.473274850571510792e-05
6.250000000000000000e-02 1.010018342565825789e+00 -7.139564933844508819e-04
8.333333333333332871e-02 1.005711469824616344e+00 2.118878933820532006e-03
1.041666666666666574e-01 1.001247431223536655e+00 -1.876494180943953432e-03
1.250000000000000000e-01 1.007994568380646605e+00 5.637231974825226543e-04
1.458333333333333148e-01 1.026301853020572308e+00 -2.091626800195637041e-04
1.666666666666666574e-01 1.024552988120724262e+00 -1.121668844249341913e-04
1.875000000000000000e-01 1.019770060402495515e+00 1.528011196325712324e-03
2.083333333333333148e-01 1.012538150830806893e+00 -1.810971010183163102e-03
2.291666666666666574e-01 1.010167626404147256e+00 9.764318212580598653e-05
2.500000000000000000e-01 1.008978061528324810e+00 4.883044450562292350e-04
2.708333333333333148e-01 1.001842562000611725e+00 -4.198564701347646416e-04
2.916666666666666297e-01 9.929149301056795496e-01 8.576280684759463036e-04
3.125000000000000000e-01 9.826640255522772760e-01 1.187242980300701496e-05
3.333333333333333148e-01 9.903671007554768480e-01 -5.931495877557041961e-04
3.541666666666666297e-01 1.015731633199595585e+00 -4.115592271323813381e-05
3.750000000000000000e-01 1.028927740919796330e+00 9.041095900530552983e-04
3.958333333333333148e-01 1.031783378943662566e+00 6.386919608865683799e-04
4.166666666666666297e-01 1.028367413667498065e+00 -1.646905111156651965e-03
4.375000000000000000e-01 1.029081889911608760e+00 4.307747218315152206e-04
4.583333333333333148e-01 1.018822320134073145e+00 -1.658461145353474445e-03
4.791666666666666297e-01 9.957093451907430559e-01 5.119085968436731630e-04
5.000000000000000000e-01 9.831445637686254679e-01 -5.989319849519698404e-04
5.208333333333332593e-01 9.824473916237507209e-01 -1.732283820546236903e-03
5.416666666666666297e-01 9.915604392335675143e-01 4.411085868367562780e-04
5.625000000000000000e-01 1.007294840282852322e+00 -6.081752921129881737e-04
5.833333333333332593e-01 1.022436437442140189e+00 1.330369162776503839e-04
6.041666666666666297e-01 1.033521041779194904e+00 -8.708425955434775240e-04
6.250000000000000000e-01 1.041266371424370174e+00 1.499916626548064959e-03
6.458333333333332593e-01 1.029913499487471684e+00 2.652969662481304870e-04
6.666666666666666297e-01 1.004879974864045789e+00 1.137526560015072324e-03
6.875000000000000000e-01 9.820515744521450818e-01 -7.210753480859610461e-04
7.083333333333332593e-01 9.850964655949285831e-01 7.021925598501027209e-04
7.291666666666666297e-01 1.007441762981411193e+00 -3.566325233564847331e-04
7.500000000000000000e-01 1.025969732017465885e+00 -2.474149517625766283e-04
7.708333333333332593e-01 1.023854380658434371e+00 -5.029168534454678957e-04
7.916666666666666297e-01 1.012793580361524670e+00 6.940446078094944645e-04
8.125000000000000000e-01 1.000215522735234730e+00 1.515843296198071503e-03
8.333333333333332593e-01 9.937644547723697430e-01 -3.767849945755643378e-04
8.541666666666666297e-01 9.902984975431858850e-01 2.178972268293981102e-04
8.750000000000000000e-01 9.973100399645671299e-01 -5.537655344590806651e-05
8.958333333333332593e-01 1.023702423454044164e+00 1.369757261777929070e-03
9.166666666666666297e-01 1.038040629736342035e+00 -1.747114202085470235e-03
9.375000000000000000e-01 1.038650360255052307e+00 -2.692527056821583577e-03
9.583333333333332593e-01 1.019396568989790586e+00 -4.787226682939868831e-04
9.791666666666666297e-01 1.002850912580910414e+00 2.700958614312141785e-03
1.000000000000000000e+00 9.936842246663525335e-01 1.127548601600322862e-03
1.020833333333333259e+00 9.894241136845014495e-01 -6.572506748366503844e-04
1.041666666666666519e+00 9.950536252560630013e-01 1.648555501359571379e-03
1.062500000000000000e+00 1.001010023023233941e+00 8.642965344803085022e-04
1.083333333333333259e+00 1.007678219065723191e+00 -8.922444793813161549e-04
1.104166666666666519e+00 1.019046814008370161e+00 1.326578580676387748e-03
1.125000000000000000e+00 1.022129536549692297e+00 -1.124623759194473804e-04
1.145833333333333259e+00 1.025240963369648206e+00 -1.210961695856151979e-03
1.166666666666666519e+00 1.016819082534427654e+00 9.572869112370644383e-04
1.187500000000000000e+00 1.022537612081568792e+00 -7.010082753962920687e-04
1.208333333333333259e+00 1.021803951694433721e+00 -7.726524702709424959e-04
1.229166666666666519e+00 1.003684410170762265e+00 9.109454676223814910e-04
1.250000000000000000e+00 9.857328248360404110e-01 8.212756372145243100e-04
1.270833333333333259e+00 9.739286001817066829e-01 5.349427493498769108e-04
1.291666666666666519e+00 9.970378627902203306e-01 -1.152765096593552857e-04
1.312500000000000000e+00 1.026497561670926206e+00 1.616245119769978969e-03
1.333333333333333259e+00 1.027471018886716658e+00 -7.122534239903660766e-04
1.354166666666666519e+00 1.023063856906671232e+00 -8.433013509053855546e-04
1.375000000000000000e+00 1.021614473680944490e+00 1.901340145464302340e-03
1.395833333333333259e+00 1.024368736120277568e+00 1.452040647001359534e-03
1.416666666666666519e+00 1.021865107523964422e+00 -2.147376151185514080e-03
1.437500000000000000e+00 1.004491275251077953e+00 1.390451759890117206e-03
1.458333333333333259e+00 9.795918428476287909e-01 1.187692319374980847e-03
1.479166666666666519e+00 9.795810890913682067e-01 4.757213875331562486e-04
1.500000000000000000e+00 9.948524261772209165e-01 1.902157381722763664e-03
1.520833333333333259e+00 1.012888882030744009e+00 9.530183615881096353e-04
1.541666666666666519e+00 1.032849352500084361e+00 -2.601935994823314537e-03
1.562500000000000000e+00 1.029456240964697011e+00 1.947824827658338259e-04
1.583333333333333259e+00 1.028389895937209753e+00 -4.327255016820375617e-04
1.604166666666666519e+00 1.015422732533264316e+00 -1.177802038887220413e-04
1.625000000000000000e+00 9.985847757273841330e-01 2.274930821232942421e-03
1.645833333333333259e+00 9.757508848568088311e-01 -1.239535241615460600e-04
1.666666666666666519e+00 9.857162747125206570e-01 7.623395176923614255e-04
1.687500000000000000e+00 1.000757767955538169e+00 -5.809298714491839809e-05
1.708333333333333259e+00 1.028735589286214447e+00 -2.601164333473874484e-04
1.729166666666666519e+00 1.035640152434373462e+00 -8.286459968197600143e-04
1.750000000000000000e+00 1.026766572799107990e+00 8.911616691903175404e-04
1.770833333333333259e+00 1.018444154624594145e+00 3.099241572554026301e-03
1.791666666666666519e+00 1.012389897456275722e+00 2.408549858727171032e-04
1.812500000000000000e+00 1.008547157034840547e+00 1.931300473346413442e-03
1.833333333333333259e+00 9.965723854878399957e-01 1.258318606392874305e-03
1.854166666666666519e+00 9.977223645301409594e-01 3.005943620705744251e-04
1.875000000000000000e+00 9.887775881998838168e-01 -1.189069307616417428e-03
1.895833333333333259e+00 9.960877330950289599e-01 3.056660389380084705e-03
1.916666666666666519e+00 1.008009214460921399e+00 1.700246248177224306e-03
1.937500000000000000e+00 1.023222369731775716e+00 2.815454924108303880e-04
1.958333333333333259e+00 1.034771486995898382e+00 1.644277554704556138e-03
1.979166666666666519e+00 1.042292393918425653e+00 -1.587018285466653290e-04
2.000000000000000000e+00 1.033047907297877321e+00 9.431730820270365885e-04
2.020833333333333037e+00 1.012349385250686407e+00 -1.385416179633260948e-03
2.041666666666666519e+00 9.851307463748709692e-01 1.016474044802628471e-03
2.062500000000000000e+00 9.641138403561320125e-01 5.596556367327527534e-05
2.083333333333333037e+00 9.617535697020904717e-01 2.473019604107280062e-04
2.104166666666666519e+00 9.735813556363783761e-01 4.947102269262494776e-04
2.125000000000000000e+00 1.012254226332640172e+00 8.538599485815529314e-04
2.145833333333333037e+00 1.038983498479495671e+00 -6.026299225378683967e-04
2.166666666666666519e+00 1.058476275838971636e+00 -7.509133216476328700e-04
2.187500000000000000e+00 1.055113075401813871e+00 6.809519802849697953e-04
2.208333333333333037e+00 1.053195008414012923e+00 -3.252821167499857441e-04
2.229166666666666519e+00 1.020009501921180561e+00 -2.507896597685328982e-04
2.250000000000000000e+00 9.865168849366837689e-01 6.044478549615985149e-04
2.270833333333333037e+00 9.451851274623844779e-01 -1.655788836964830076e-06
2.291666666666666519e+00 9.369934032635305332e-01 -9.261046586595897282e-04
2.312500000000000000e+00 9.726210725293523707e-01 9.772643867895173392e-04
2.333333333333333037e+00 1.022044215599023476e+00 -9.809907691042722916e-05
2.354166666666666519e+00 1.065240847811683489e+00 -3.836470287740473620e-04
2.375000000000000000e+00 1.067153741562005154e+00 1.075002626397793910e-03
2.395833333333333037e+00 1.052143118771367014e+00 1.303480670839211528e-03
2.416666666666666519e+00 1.027025883826605313e+00 1.835718099121694648e-03
2.437500000000000000e+00 9.941183469635492820e-01 -6.818306841280100160e-04
2.458333333333333037e+00 9.737788087157988048e-01 1.817897820556348088e-03
2.479166666666666519e+00 9.638521134461747186e-01 -6.984886324332547844e-04
2.500000000000000000e+00 9.725414870248125787e-01 -8.852203034873714488e-04
2.520833333333333037e+00 1.002412920585220135e+00 1.684241408605203008e-03
2.541666666666666519e+00 1.028343898065164463e+00 -2.727786359926755123e-04
2.562500000000000000e+00 1.039845495756750449e+00 -9.913119380764736331e-04
2.583333333333333037e+00 1.042403920274085793e+00 5.104808622144300662e-04
2.604166666666666519e+00 1.030517655940082156e+00 1.053077205542858261e-03
2.625000000000000000e+00 1.008596200931182185e+00 -1.146384822337363210e-03
2.645833333333333037e+00 9.878021994952892459e-01 -7.003099733349334372e-05
2.666666666666666519e+00 9.748673021828314633e-01 1.058296260854554556e-03
2.687500000000000000e+00 9.949788467714723028e-01 -2.402426509420816335e-03
2.708333333333333037e+00 1.024542450038830044e+00 -1.376568227812824050e-03
2.729166666666666519e+00 1.042911324520980898e+00 -8.665588571454344025e-04
2.750000000000000000e+00 1.029631008619742438e+00 -3.007023285613743104e-04
2.770833333333333037e+00 1.001047343050869731e+00 8.117191011407463028e-04
2.791666666666666519e+00 9.773643532737692485e-01 3.340318018963570296e-04
2.812500000000000000e+00 9.865395620663129916e-01 1.689421543413210892e-03
2.833333333333333037e+00 1.001882553956213284e+00 1.866976720752993105e-03
2.854166666666666519e+00 1.019155634961888213e+00 3.614226762787990031e-05
2.875000000000000000e+00 1.029281350599174916e+00 4.949761650715727834e-04
2.895833333333333037e+00 1.035379149895675033e+00 -6.257487985085312962e-04
2.916666666666666519e+00 1.022379453999106236e+00 1.364820694721732277e-03
2.937500000000000000e+00 9.990008870314296407e-01 1.432462092092167674e-03
2.958333333333333037e+00 9.790663042655041171e-01 1.312389177784178615e-03
2.979166666666666519e+00 9.861372152911007660e-01 7.615596653875831169e-04
3.000000000000000000e+00 1.010061319703716043e+00 4.342465550474496278e-04
3.020833333333333037e+00 1.029591954268238352e+00 -1.272823879205450706e-04
3.041666666666666519e+00 1.037478225252022490e+00 6.735001173889635121e-05
3.062500000000000000e+00 1.024756134314414480e+00 -1.667472094878820000e-03
3.083333333333333037e+00 1.009199192917450860e+00 8.302813987448804181e-04
3.104166666666666519e+00 9.917410938844262169e-01 4.005700271645422578e-04
3.125000000000000000e+00 9.750136609176609515e-01 -9.972213044862079066e-04
3.145833333333333037e+00 9.763332698771746143e-01 9.819425255749622116e-04
3.166666666666666519e+00 1.004656220428698843e+00 -1.770814345571644329e-03
3.187500000000000000e+00 1.042112846317470698e+00 1.157515513767194606e-03
3.208333333333333037e+00 1.049801520202026106e+00 5.852457418962302930e-04
3.229166666666666519e+00 1.039589067714621118e+00 -1.168326402640337651e-03
3.250000000000000000e+00 1.009576349749758739e+00 2.251893905575021691e-03
3.270833333333333037e+00 9.970656257181267357e-01 -5.019577034246111265e-04
3.291666666666666519e+00 9.934703866573317832e-01 -1.659955211593595360e-03
3.312500000000000000e+00 9.858599953380901004e-01 -6.807141037858933062e-04
3.333333333333333037e+00 9.790664668515423052e-01 9.894151861947323746e-04
3.354166666666666519e+00 9.945172709434217939e-01 -1.186309003164005274e-05
3.375000000000000000e+00 1.007934828346199740e+00 -2.656352759019067929e-03
3.395833333333333037e+00 1.026133787312327961e+00 -2.090239478981500217e-04
3.416666666666666519e+00 1.037025138689777526e+00 -1.769557717457649658e-04
3.437500000000000000e+00 1.033739850003455141e+00 -2.992460089197747911e-05
3.458333333333333037e+00 1.037235809743686454e+00 4.295244538712846070e-04
3.479166666666666519e+00 1.027722797602693250e+00 6.230662378855833300e-04
3.500000000000000000e+00 1.003700866545388815e+00 1.386941814090660594e-03
3.520833333333333037e+00 9.704482070141348116e-01 -6.822225003219778731e-04
3.541666666666666519e+00 9.561166482146211676e-01 -1.523328159056209184e-03
3.562500000000000000e+00 9.735939529678919735e-01 9.806581265336044781e-04
3.583333333333333037e+00 1.014882772269869893e+00 -2.629489610981310837e-04
3.604166666666666519e+00 1.047204621115463752e+00 -1.559573789749084350e-03
3.625000000000000000e+00 1.053406645091890637e+00 1.597256065967739324e-03
3.645833333333333037e+00 1.037285805671017691e+00 5.825837336570163392e-04
3.666666666666666519e+00 1.014266499578915681e+00 2.231026083353044188e-04
3.687500000000000000e+00 9.947319504224481079e-01 -8.284890515720171262e-04
3.708333333333333037e+00 9.928956619724834676e-01 2.279728769134145225e-03
3.729166666666666519e+00 9.935207387227736886e-01 -5.243237036966035252e-04
3.750000000000000000e+00 1.002607024633779709e+00 -5.761582800184703338e-04
3.770833333333333037e+00 1.016329655283067401e+00 -3.511402475450050046e-04
3.791666666666666519e+00 1.009271761423073066e+00 8.328860135571791636e-04
3.812500000000000000e+00 1.011578685667221977e+00 -1.338168023312761050e-03
3.833333333333333037e+00 1.006209044197395652e+00 -8.951261836792028101e-04
3.854166666666666519e+00 1.015153315000272061e+00 2.509384577318348429e-03
3.875000000000000000e+00 1.016198275736635015e+00 -1.839971419393286517e-03
3.895833333333333037e+00 1.015825992336776507e+00 -9.480663112324626664e-04
3.916666666666666519e+00 1.016569936230065307e+00 1.694245981696619380e-04
3.937500000000000000e+00 1.012292764004262713e+00 -2.756702381964502434e-04
3.958333333333333037e+00 1.013291400684505295e+00 9.767407949741091413e-04
3.979166666666666519e+00 1.016028462407178035e+00 -2.021874208701611875e-03
4.000000000000000000e+00 1.012169038374003183e+00 -7.978603302238024665e-04
4.020833333333333037e+00 1.006456798499174354e+00 -1.201054904979601684e-03
4.041666666666666075e+00 9.949336989674990583e-01 -1.354745951454228419e-03
4.062500000000000000e+00 9.928322637553570473e-01 1.293112980540439549e-03
4.083333333333333037e+00 1.008816276334457473e+00 -2.718263589663052603e-03
4.104166666666666075e+00 1.027156353001081435e+00 -1.322366627636247611e-03
4.125000000000000000e+00 1.021464974532999337e+00 -6.563094695676434430e-04
4.145833333333333037e+00 1.004674367575231209e+00 -1.511261243562157927e-03
4.166666666666666075e+00 1.001129284075666037e+00 6.174243329413865809e-04
4.187500000000000000e+00 1.010091633836336600e+00 -1.525304361657043401e-03
4.208333333333333037e+00 1.035576831503764117e+00 2.323553996309018696e-03
4.229166666666666075e+00 1.048208302638043321e+00 1.152004096230102538e-03
4.250000000000000000e+00 1.028542766210851278e+00 1.332613749307393980e-03
4.270833333333333037e+00 9.947009273872614576e-01 8.078909204412724815e-04
4.291666666666666075e+00 9.712559075611718606e-01 -6.509678937102887338e-04
4.312500000000000000e+00 9.755577161206819836e-01 -1.462520512142392653e-03
4.333333333333333037e+00 9.915215388006277664e-01 -1.238549010497576579e-03
4.354166666666666075e+00 1.009135250534152206e+00 -1.938441536915696531e-04
4.375000000000000000e+00 1.021640519029951344e+00 -1.495118297628078140e-03
4.395833333333333037e+00 1.040672501310963005e+00 8.776837932027820813e-05
4.416666666666666075e+00 1.041874486459701377e+00 2.179836640338237395e-03
4.437500000000000000e+00 1.032225613761325267e+00 -1.560475927586054377e-03
4.458333333333333037e+00 1.012052949213087638e+00 -2.652514101888565640e-03
4.479166666666666075e+00 1.000647794386697376e+00 1.153949962672405584e-03
4.500000000000000000e+00 9.926899676667444439e-01 1.049054104099760362e-04
4.520833333333333037e+00 9.900168107747895352e-01 -9.562473638528857763e-04
4.541666666666666075e+00 9.831544887041506753e-01 -7.163681895282435728e-04
4.562500000000000000e+00 9.821616032088121839e-01 9.302759174557614745e-04
4.583333333333333037e+00 9.990718629832555653e-01 5.290857548290892011e-04
4.604166666666666075e+00 1.037742311187170863e+00 -1.002632153263782787e-03
4.625000000000000000e+00 1.055292535474412707e+00 -1.452431807353452660e-03
4.645833333333333037e+00 1.040454497143993073e+00 2.563049145048943312e-03
4.666666666666666075e+00 1.017013501585918522e+00 1.123159445503410080e-03
4.687500000000000000e+00 1.003836031917562543e+00 1.331265806808253982e-03
4.708333333333333037e+00 9.980262582187761078e-01 -4.374269487527036068e-04
4.729166666666666075e+00 9.855165958961775718e-01 -9.116790218994617195e-04
4.750000000000000000e+00 9.886102365703277606e-01 9.401131163536928645e-04
4.770833333333333037e+00 1.002208807544666236e+00 4.901306250782881463e-04
4.791666666666666075e+00 1.010117224615948217e+00 -1.493220057453734659e-03
4.812500000000000000e+00 1.017625821458540525e+00 9.862747716086819882e-04
4.833333333333333037e+00 1.011302005958929051e+00 6.987123911342434709e-04
4.854166666666666075e+00 1.005390234649382153e+00 -8.405801360554172093e-04
4.875000000000000000e+00 1.012082382528525226e+00 -2.831177023474835616e-03
4.895833333333333037e+00 1.034043909443535192e+00 -9.991262812865655749e-04
4.916666666666666075e+00 1.034849852192257780e+00 2.502837454889066896e-03
4.937500000000000000e+00 1.022376243572794108e+00 -1.444854394319484265e-04
4.958333333333333037e+00 9.990675122363864569e-01 1.835036129523257855e-04
4.979166666666666075e+00 9.944711711693829947e-01 -7.186871401633730401e-05
5.000000000000000000e+00 9.907972407144901572e-01 -8.123335528308614278e-04
5.020833333333333037e+00 9.884245269263931544e-01 -4.550668627909012338e-04
5.041666666666666075e+00 9.966709470893149181e-01 -4.368988361444529553e-04
5.062500000000000000e+00 1.009194670132247618e+00 -1.574679771555659259e-03
5.083333333333333037e+00 1.032336212519221474e+00 6.279711321211912207e-04
5.104166666666666075e+00 1.038848821305018655e+00 8.092463017151864824e-04
5.125000000000000000e+00 1.031762664739850788e+00 -1.672084852821293841e-04
5.145833333333333037e+00 1.016809384988199172e+00 -1.213443312950119625e-03
5.166666666666666075e+00 1.003794134841887953e+00 -2.085169854183499972e-03
5.187500000000000000e+00 9.933435754392563322e-01 2.631229075992228255e-03
5.208333333333333037e+00 9.946120232545618833e-01 9.356154363326577147e-05
5.229166666666666075e+00 1.002055692592642044e+00 -1.254928841651867005e-04
5.250000000000000000e+00 1.016981237167110530e+00 1.871833261914718043e-03
5.270833333333333037e+00 1.024462212085252899e+00 9.341557349012370769e-04
5.291666666666666075e+00 1.019686605498433041e+00 3.638301308227070963e-04
5.312500000000000000e+00 9.935008345243843131e-01 2.336695048248051566e-03
5.333333333333333037e+00 9.907378688286020418e-01 2.303107243951385986e-03
5.354166666666666075e+00 1.002416587782526181e+00 -2.286148630548004814e-04
5.375000000000000000e+00 1.022817434417911286e+00 1.556564644046250277e-04
5.395833333333333037e+00 1.030760789554778123e+00 9.177129702594656515e-04
5.416666666666666075e+00 1.028386628195422592e+00 8.855110858457502804e-04
5.437500000000000000e+00 1.019265293848154785e+00 5.090091059575709963e-04
5.458333333333333037e+00 1.007580791172097534e+00 -9.154500351793834663e-05
5.479166666666666075e+00 9.963542152033586508e-01 -6.436901648965470853e-04
5.500000000000000000e+00 9.840136527597269644e-01 1.329550789715232533e-03
5.520833333333333037e+00 9.790072984860291871e-01 3.223399290377601794e-04
5.541666666666666075e+00 1.007212644998210171e+00 -5.480449940565895652e-04
5.562500000000000000e+00 1.032662324568059731e+00 1.200358868620912938e-03
5.583333333333333037e+00 1.048300983152949284e+00 8.854304737268821422e-04
5.604166666666666075e+00 1.034839848940857898e+00 -4.499266384219079108e-04
5.625000000000000000e+00 1.005386136116583451e+00 -2.115444082149129691e-04
5.645833333333333037e+00 9.810734754100524091e-01 4.044190865176995039e-05
5.666666666666666075e+00 9.798224408691041942e-01 -1.813021498261604774e-04
5.687500000000000000e+00 9.971981287669928751e-01 -9.127104901636830334e-04
5.708333333333333037e+00 1.021567367055418174e+00 -8.059148482547786154e-04
5.729166666666666075e+00 1.038573706641730432e+00 3.222577626743813330e-04
5.750000000000000000e+00 1.036893870029611975e+00 1.895154882753774398e-03
5.770833333333333037e+00 1.016076381105350590e+00 -2.358401944323835694e-03
5.791666666666666075e+00 9.866436488314761499e-01 2.115835755534492980e-03
5.812500000000000000e+00 9.773373543061886215e-01 -7.402612318399945553e-04
5.833333333333333037e+00 9.784726706105211225e-01 -2.968005483381854631e-04
5.854166666666666075e+00 1.002373447866257594e+00 -1.861603888672211642e-03
5.875000000000000000e+00 1.029762476948284045e+00 -2.521090577468867999e-03
5.895833333333333037e+00 1.041478895142703642e+00 -5.980542517834361044e-04
5.916666666666666075e+00 1.040585309977865247e+00 5.254950806089813591e-04
5.937500000000000000e+00 1.028608878066487931e+00 -2.512816751089757411e-03
5.958333333333333037e+00 1.017855009543578104e+00 -3.359714192476480257e-03
5.979166666666666075e+00 9.945580352174181460e-01 -1.735528852271431667e-03
6.000000000000000000e+00 9.755367295943381256e-01 -8.421644753977666807e-04
6.020833333333333037e+00 9.630413063747312874e-01 -1.955147530270717488e-03
6.041666666666666075e+00 9.813011297613606354e-01 -2.758653015976481439e-04
6.062500000000000000e+00 1.010515757710094720e+00 -1.850320897646587403e-03
6.083333333333333037e+00 1.041763688080738826e+00 2.353576445378671028e-03
6.104166666666666075e+00 1.051346396445557829e+00 6.213046669009281847e-04
6.125000000000000000e+00 1.040244868314019744e+00 3.838891743820232495e-04
6.145833333333333037e+00 1.015080505616322792e+00 -5.817704890099087466e-04
6.166666666666666075e+00 9.942116437974373166e-01 4.883230781534982469e-04
6.187500000000000000e+00 9.901847391468381332e-01 -1.545035316632863750e-03
6.208333333333333037e+00 1.003173119254448187e+00 -5.458413005727541121e-04
6.229166666666666075e+00 1.009597178646665316e+00 8.960800796484419753e-04
6.250000000000000000e+00 1.007926734628295184e+00 -9.198156555387517960e-04
6.270833333333333037e+00 1.007640723866824350e+00 1.038413473804024843e-03
6.291666666666666075e+00 1.009491418805975593e+00 1.091538027696697553e-03
6.312500000000000000e+00 1.009150716811269666e+00 1.185250227554295608e-03
6.333333333333333037e+00 9.991522801084384842e-01 1.028458597017158039e-03
6.354166666666666075e+00 1.005072890719215017e+00 -1.550341340059924015e-03
6.375000000000000000e+00 1.017397203879349288e+00 1.641332106272266878e-04
6.395833333333333037e+00 1.037896045268629441e+00 3.800961955645297541e-04
6.416666666666666075e+00 1.046397504464092076e+00 -1.326890467361319407e-03
6.437500000000000000e+00 1.014697231794123411e+00 9.965054768107564197e-04
6.458333333333333037e+00 9.923199856770225091e-01 -1.197783537956189151e-03
6.479166666666666075e+00 9.889959808783831408e-01 1.387318421757436932e-03
6.500000000000000000e+00 9.901839604293026786e-01 -1.867175798763976943e-04
6.520833333333333037e+00 9.944580667912812366e-01 5.409578526160511167e-04
6.541666666666666075e+00 1.003508964169603113e+00 -1.251874431415316057e-03
6.562500000000000000e+00 1.007616366427015020e+00 -1.106661849995971931e-03
6.583333333333333037e+00 1.031582031554716616e+00 -2.105307568942312425e-04
6.604166666666666075e+00 1.037862718508198778e+00 2.598200103582183683e-04
6.625000000000000000e+00 1.027759658888462990e+00 3.101411145840759706e-03
6.645833333333333037e+00 1.010110433929983786e+00 -2.417246950347367597e-04
6.666666666666666075e+00 1.009508487186519643e+00 2.414682120242087821e-06
6.687500000000000000e+00 1.006467458634772605e+00 1.676912607269272432e-03
6.708333333333333037e+00 9.973462056538862086e-01 9.094212104912343525e-04
6.729166666666666075e+00 9.845128469803541282e-01 -6.763096327725165327e-05
6.750000000000000000e+00 9.821140988832189889e-01 2.341715071504022611e-03
6.770833333333333037e+00 1.005352852134278940e+00 1.822455007990967865e-03
6.791666666666666075e+00 1.019053701505098664e+00 -3.577556219713888541e-04
6.812500000000000000e+00 1.031101987967160571e+00 3.194128337954729160e-04
6.833333333333333037e+00 1.022149267522005855e+00 -1.771045920630857310e-03
6.854166666666666075e+00 1.024178851181889449e+00 -1.479800757924000336e-03
6.875000000000000000e+00 1.026230979115887676e+00 6.706062545686995854e-04
6.895833333333333037e+00 1.019917373166498553e+00 2.631486806165426128e-04
6.916666666666666075e+00 9.996956645786601037e-01 -1.005630273364166568e-03
6.937500000000000000e+00 9.825418500592200122e-01 2.107360442937188626e-04
6.958333333333333037e+00 9.844757958677786691e-01 -1.464627251199106034e-03
6.979166666666666075e+00 1.006477913864919804e+00 -1.521262741781882451e-03
7.000000000000000000e+00 1.015288594718496640e+00 -5.933469056351991242e-04
7.020833333333333037e+00 1.022329224972849948e+00 2.693679456317319473e-04
7.041666666666666075e+00 1.019601486505561150e+00 -9.994885073137109877e-04
7.062500000000000000e+00 1.014492106432056451e+00 -8.495900220127769117e-04
7.083333333333333037e+00 1.021257682854720183e+00 -1.127237339587840821e-03
7.104166666666666075e+00 1.015187993974425273e+00 -1.615868685969279548e-03
7.125000000000000000e+00 1.011068084045179116e+00 -1.205196572950235066e-04
7.145833333333333037e+00 1.013886759618898736e+00 -1.085415103152117871e-03
7.166666666666666075e+00 1.010075372741508160e+00 -8.051353731649865501e-04
7.187500000000000000e+00 9.964478063167990785e-01 -5.370221821841439196e-04
7.208333333333333037e+00 9.857485785011704804e-01 9.596839280155189432e-04
7.229166666666666075e+00 9.862261815950746913e-01 -2.179191314627883670e-03
7.250000000000000000e+00 1.011222449691513647e+00 3.694274497963235312e-04
7.270833333333333037e+00 1.021284466459579487e+00 1.608980119893404755e-03
7.291666666666666075e+00 1.032566094615418040e+00 3.446430473765804692e-04
7.312500000000000000e+00 1.037403697002617253e+00 -1.023451728885744171e-03
7.333333333333333037e+00 1.027297452925220123e+00 3.335062064250436317e-03
7.354166666666666075e+00 1.010848596758422202e+00 -6.937580192701439429e-06
7.375000000000000000e+00 9.932102525663560888e-01 -8.080940864161972013e-04
7.395833333333333037e+00 9.768283445279112298e-01 2.064814456368887878e-03
7.416666666666666075e+00 9.810764692746578586e-01 -2.443106835271464201e-04
7.437500000000000000e+00 1.001577392535808020e+00 1.104827458597497283e-03
7.458333333333333037e+00 1.025222701988967255e+00 8.799718325784899918e-04
7.479166666666666075e+00 1.025947462096302942e+00 -4.133448356248038273e-05
7.500000000000000000e+00 1.026439547017800047e+00 -1.259782580439152994e-03
7.520833333333333037e+00 1.021249203640424597e+00 2.256998231506145060e-04
7.541666666666666075e+00 1.018516180023855133e+00 -2.042913965592112278e-03
7.562500000000000000e+00 1.012267567932623180e+00 2.081123692230534060e-04
7.583333333333333037e+00 9.924483317120110781e-01 -4.967215479735749258e-04
7.604166666666666075e+00 9.763053247296139547e-01 6.562209406635208199e-05
7.625000000000000000e+00 9.786818353865436304e-01 2.687646495408740530e-04
7.645833333333333037e+00 1.001697567658963672e+00 2.074071171270860589e-03
7.666666666666666075e+00 1.028292607204517761e+00 -2.822686259101524447e-04
7.687500000000000000e+00 1.047298172005399763e+00 3.762229610236164840e-04
7.708333333333333037e+00 1.046425787963408238e+00 7.604890724580579348e-04
7.729166666666666075e+00 1.028735996139722664e+00 -2.325169742558657552e-03
7.750000000000000000e+00 9.961863939747809260e-01 2.933974915177059136e-04
7.770833333333333037e+00 9.603860561060508783e-01 -1.713380100345931296e-04
7.791666666666666075e+00 9.646417805488999297e-01 -2.384444669568148046e-04
7.812500000000000000e+00 9.950137885808667537e-01 4.365216541519361141e-04
7.833333333333333037e+00 1.032337291792438716e+00 -1.582369459596659261e-03
7.854166666666666075e+00 1.053111205474292378e+00 -2.730325482972489285e-03
7.875000000000000000e+00 1.049827300548180631e+00 1.720884043780870963e-04
7.895833333333333037e+00 1.018960378660553889e+00 -1.447873003896638566e-03
7.916666666666666075e+00 9.847801648383800455e-01 2.878314462881620818e-04
7.937500000000000000e+00 9.696199534810345799e-01 -2.206177667144065282e-04
7.958333333333333037e+00 9.783914167670061390e-01 2.226036973510258656e-04
7.979166666666666075e+00 1.002841389975325237e+00 -1.227454043196915881e-03
8.000000000000000000e+00 1.033592885691760221e+00 -3.709024902340318027e-04
8.020833333333332149e+00 1.043074387374733458e+00 -8.771514253638907352e-05
8.041666666666666075e+00 1.041129354229157089e+00 1.415137194818466603e-03
8.062500000000000000e+00 1.020628137539781433e+00 -2.571058374829131039e-03
8.083333333333332149e+00 9.988417308639704340e-01 -1.859096340168265866e-04
8.104166666666666075e+00 9.831123574297280232e-01 1.200170367277425239e-03
8.125000000000000000e+00 9.832612768346674637e-01 5.509212000805226855e-04
8.145833333333332149e+00 9.918183866676275606e-01 3.762263097513339699e-04
8.166666666666666075e+00 1.017458739152341085e+00 3.406069995236344575e-04
8.187500000000000000e+00 1.039257838715501592e+00 1.998885342564389015e-04
8.208333333333332149e+00 1.032817585079254030e+00 1.232306174703056778e-03
8.229166666666666075e+00 1.020467431832316141e+00 -8.101553465580508227e-04
8.250000000000000000e+00 1.018020540428890008e+00 -1.264034834298604412e-03
8.270833333333332149e+00 1.006484804698358770e+00 -1.892522103246453268e-03
8.291666666666666075e+00 9.952335422287423849e-01 1.628957912665971982e-03
8.312500000000000000e+00 9.858911947408022236e-01 1.034703352473323413e-03
8.333333333333332149e+00 9.795925463951614676e-01 -3.981147604214518680e-03
8.354166666666666075e+00 1.006308065483272118e+00 -2.475786147630279748e-03
8.375000000000000000e+00 1.045958589303870756e+00 -9.934765694608067160e-04
8.395833333333332149e+00 1.057824779393905290e+00 1.549409725684082776e-03
8.416666666666666075e+00 1.034166559742398572e+00 1.440817574963325050e-03
8.437500000000000000e+00 9.999223232429955699e-01 -1.139759522113580406e-03
8.458333333333332149e+00 9.836115593344598729e-01 1.130209076819866515e-03
8.479166666666666075e+00 9.800779576480369570e-01 1.773676451791099179e-03
8.500000000000000000e+00 9.952537206681218995e-01 3.724232930304916716e-04
8.520833333333332149e+00 1.002746025798175511e+00 -9.693938452605661100e-04
8.541666666666666075e+00 1.021977144955971584e+00 1.774386609858846341e-03
8.562500000000000000e+00 1.037646198456593449e+00 -3.702028172957377372e-04
8.583333333333332149e+00 1.048004275747418168e+00 1.531871454849072006e-03
8.604166666666666075e+00 1.020510140680514599e+00 9.839336218283325185e-04
8.625000000000000000e+00 9.935945783557530442e-01 -5.306818147386126996e-04
8.645833333333332149e+00 9.764827020589309514e-01 -1.633503297323392648e-04
8.666666666666666075e+00 9.843228165294469756e-01 8.525024004080763692e-04
8.687500000000000000e+00 1.000818598308653273e+00 1.079436165595443631e-03
8.708333333333332149e+00 1.011084503373465004e+00 2.047863032017636236e-04
8.729166666666666075e+00 1.034412584302494942e+00 1.879532000892586516e-03
8.750000000000000000e+00 1.050501264715938632e+00 2.630690335906714535e-03
8.770833333333332149e+00 1.047189220179970848e+00 -1.692741793174582215e-03
8.791666666666666075e+00 1.018400037653664381e+00 -3.616294602249160955e-04
8.812500000000000000e+00 9.769037200430652490e-01 4.202730223701816410e-04
8.833333333333332149e+00 9.599331696951578508e-01 5.688510115782589600e-04
8.854166666666666075e+00 9.786950256160044104e-01 -7.580396947635398416e-04
8.875000000000000000e+00 1.018932663465372146e+00 1.832308394263099972e-03
8.895833333333332149e+00 1.041684208064112660e+00 -3.303339264682832047e-04
8.916666666666666075e+00 1.046165156914869776e+00 1.085177566794031734e-03
8.937500000000000000e+00 1.030294657851225093e+00 2.164094610116338181e-03
8.958333333333332149e+00 1.013323764880435629e+00 -4.095309215161472075e-04
8.979166666666666075e+00 9.943361310308048706e-01 1.179925270769896159e-03
9.000000000000000000e+00 9.813634509287725294e-01 8.434005719772082275e-04
9.020833333333332149e+00 9.930435975823400652e-01 7.485148658231175438e-07
9.041666666666666075e+00 1.009753930160524726e+00 5.018899964313640067e-04
9.062500000000000000e+00 1.028604434278200142e+00 -7.465397552202352556e-04
9.083333333333332149e+00 1.029646998277046643e+00 6.153362613272501686e-04
9.104166666666666075e+00 1.018025595716132159e+00 1.825291737093840693e-05
9.125000000000000000e+00 1.003597734350558657e+00 -1.237806412206560701e-03
9.145833333333332149e+00 1.004709934021484230e+00 -7.489352880335320818e-04
9.166666666666666075e+00 1.013409989785833076e+00 1.701942350692292605e-03
9.187500000000000000e+00 1.009045990592208897e+00 -5.011949117809329403e-06
9.208333333333332149e+00 1.000727984373994683e+00 7.574159322545733408e-04
9.229166666666666075e+00 1.000180493289247963e+00 -3.642452805774914093e-05
9.250000000000000000e+00 1.004163970038757236e+00 1.042690724675051066e-03
9.270833333333332149e+00 1.017028863126719251e+00 1.958435999417125570e-03
9.291666666666666075e+00 1.027344811215467058e+00 -6.405749501841025519e-05
9.312500000000000000e+00 1.027372844652776562e+00 -7.496141719037768131e-04
9.333333333333332149e+00 1.017530957789905210e+00 9.114482981885252280e-04
9.354166666666666075e+00 1.000282742208830067e+00 -7.771799845631355763e-04
9.375000000000000000e+00 9.799631106836778072e-01 3.823303291813878843e-04
9.395833333333332149e+00 9.915447537837089875e-01 2.450852230084397065e-04
9.416666666666666075e+00 1.002525346029257136e+00 -6.946354599880015523e-04
9.437500000000000000e+00 1.018930908077454900e+00 7.845333848521002934e-04
9.458333333333332149e+00 1.017825987612137384e+00 -5.796726525142151211e-04
9.479166666666666075e+00 1.013781144483871133e+00 -5.798376734398569786e-04
9.500000000000000000e+00 1.016047080263590363e+00 3.044441872979671893e-04
9.520833333333332149e+00 1.025254193793643909e+00 -1.137803283520590281e-04
9.541666666666666075e+00 1.031813312026898410e+00 1.235483789927436724e-03
9.562500000000000000e+00 1.017935256980628145e+00 -3.586897278860412433e-04
9.583333333333332149e+00 9.937416892076773589e-01 3.500614300812028372e-04
9.604166666666666075e+00 9.718774049450799035e-01 2.034312812698951464e-03
9.625000000000000000e+00 9.722911140778922601e-01 1.843659902651665532e-04
9.645833333333332149e+00 9.881075389218023641e-01 1.676563473561177957e-03
9.666666666666666075e+00 1.018664670347541712e+00 -7.840480044708679833e-04
9.687500000000000000e+00 1.040423109398078916e+00 1.967859353556653652e-04
9.708333333333332149e+00 1.058763583996452873e+00 -3.479573462781288679e-04
9.729166666666666075e+00 1.037637206740743778e+00 1.405921161525722782e-03
9.750000000000000000e+00 1.010824983097791563e+00 -4.259776068247213493e-04
9.770833333333332149e+00 9.854040698502087858e-01 3.558066111736998263e-04
9.791666666666666075e+00 9.728064765578781081e-01 9.930160919181098636e-05
9.812500000000000000e+00 9.691351923999785845e-01 4.408534095535790410e-04
9.833333333333332149e+00 9.827933893699818402e-01 -1.338349130067040217e-03
9.854166666666666075e+00 9.974175501331234983e-01 -3.992909482435801267e-04
9.875000000000000000e+00 1.020911546263403968e+00 -1.029534330061410412e-03
9.895833333333332149e+00 1.030640441170589394e+00 1.409880504642150624e-03
9.916666666666666075e+00 1.037432155579431470e+00 -1.091478824866735789e-03
9.937500000000000000e+00 1.027425738047454962e+00 7.987859898120959912e-04
9.958333333333332149e+00 1.009561573560212144e+00 6.746371795098457481e-04
9.979166666666666075e+00 9.962820987682756702e-01 -5.162670779447757919e-05
1.000000000000000000e+01 9.822780986703070205e-01 -2.413464503254103468e-03
1.002083333333333215e+01 9.865700118472670033e-01 -1.054226759879787903e-03
1.004166666666666607e+01 9.870584149193782908e-01 1.138239935617479633e-03
1.006250000000000000e+01 9.922081566467673142e-01 -6.541881010216839569e-04
1.008333333333333215e+01 1.001083376765592448e+00 2.544151134633123364e-04
1.010416666666666607e+01 1.008185137466482750e+00 -2.427930233068269997e-03
1.012500000000000000e+01 1.009779114349686591e+00 5.641610064220341095e-04
1.014583333333333215e+01 1.010616916333164195e+00 -8.776937592466092959e-04
1.016666666666666607e+01 9.880622213180347835e-01 -1.203482045040665338e-04
1.018750000000000000e+01 9.349800705411049906e-01 1.028061348946567857e-03
1.020833333333333215e+01 8.698198316856073919e-01 -4.758107183966847099e-04
1.022916666666666607e+01 8.136600036609821229e-01 -1.040797832831804812e-03
1.025000000000000000e+01 7.837369778573516355e-01 -3.549950766968694351e-04
1.027083333333333215e+01 7.580090594095569845e-01 9.489729741904607977e-04
1.029166666666666607e+01 7.312610641819881074e-01 1.800748166022756976e-03
1.031250000000000000e+01 7.273603528957472975e-01 2.919817633430376734e-04
1.033333333333333215e+01 7.487813416883618567e-01 2.206579753611636815e-03
1.035416666666666607e+01 7.933283948047124001e-01 2.697225553646150987e-04
1.037500000000000000e+01 8.332106925553932619e-01 -4.803126544757142834e-04
1.039583333333333215e+01 8.620024328921668255e-01 -5.150868515868775067e-04
1.041666666666666607e+01 8.816320868741532868e-01 -1.797289911541199818e-03
1.043750000000000000e+01 9.145134029944232967e-01 1.064582226289789973e-03
1.045833333333333215e+01 9.574765562097760085e-01 -1.258767641074504074e-03
1.047916666666666607e+01 9.834976071430334699e-01 3.588295202442474377e-04
1.050000000000000000e+01 9.982297493664273880e-01 6.503330070695764872e-04
1.052083333333333215e+01 1.005796820931166291e+00 -9.007108922695638859e-05
1.054166666666666607e+01 1.022087360985757032e+00 4.621560423902190727e-04
1.056250000000000000e+01 1.023632831948221966e+00 1.534929888441533864e-03
1.058333333333333215e+01 1.009135922975655353e+00 1.289514501178530602e-03
1.060416666666666607e+01 9.826152678593338408e-01 -1.061167450650096896e-03
1.062500000000000000e+01 9.708151234141887409e-01 -1.038826383044061386e-03
1.064583333333333215e+01 9.969870746938217509e-01 5.314029479920652109e-04
1.066666666666666607e+01 1.015626101185347130e+00 -8.952669388429255245e-04
1.068750000000000000e+01 1.026460168031278819e+00 4.688799961779489090e-05
1.070833333333333215e+01 1.007501522979643571e+00 -3.892706920080054689e-04
1.072916666666666607e+01 1.005856609507744581e+00 2.752104904962213465e-04
1.075000000000000000e+01 1.011472278067349295e+00 -1.388575058757068404e-03
1.077083333333333215e+01 1.010133097312804651e+00 -2.197764368296670952e-05
1.079166666666666607e+01 1.003395435784709688e+00 -3.343556058786653195e-04
1.081250000000000000e+01 9.926258642301992730e-01 -8.681334764698268001e-04
1.083333333333333215e+01 9.888069997576348635e-01 -4.234382589599198533e-04
1.085416666666666607e+01 1.003387456836185132e+00 -2.241036399956974890e-04
1.087500000000000000e+01 1.007847253285003575e+00 1.163085351092158284e-03
1.089583333333333215e+01 1.014830690425950532e+00 -5.215729535115825027e-04
1.091666666666666607e+01 1.018411381305800001e+00 5.605578904483160410e-04
1.093750000000000000e+01 1.024526074493475214e+00 2.045464024482095480e-03
1.095833333333333215e+01 1.021429431523084297e+00 7.945822704956893813e-04
1.097916666666666607e+01 9.952208827896341647e-01 2.303974987576855391e-04
1.100000000000000000e+01 9.822237577019434784e-01 -3.424671151968154649e-04
1.102083333333333215e+01 9.875972704118227696e-01 -6.299192744903049949e-04
1.104166666666666607e+01 1.016867503760937597e+00 -1.259555725522695617e-03
1.106250000000000000e+01 1.029903163963016732e+00 -3.141970904369123432e-03
1.108333333333333215e+01 1.023156460707281168e+00 -5.773317776485228795e-04
1.110416666666666607e+01 1.008998244209312167e+00 -5.294360350218636551e-04
1.112500000000000000e+01 9.882828522612698841e-01 2.893973496857584794e-04
1.114583333333333215e+01 9.985667224479835014e-01 5.842972448441963564e-04
1.116666666666666607e+01 1.013617846328830563e+00 5.407374237308184553e-04
1.118750000000000000e+01 1.018877602685133388e+00 5.532687070084017908e-04
1.120833333333333215e+01 1.014442906953650692e+00 2.099412020583144283e-03
1.122916666666666607e+01 1.016104243357173864e+00 9.459524513565735482e-04
1.125000000000000000e+01 1.009966768582549079e+00 -1.656487783136407176e-03
1.127083333333333215e+01 1.012837205253934725e+00 -1.821247500554972702e-03
1.129166666666666607e+01 1.014878822609642572e+00 1.057358164985162897e-03
1.131250000000000000e+01 1.014372791887985459e+00 -1.094141623643170823e-03
1.133333333333333215e+01 9.972324873607292250e-01 -7.488575344869393162e-04
1.135416666666666607e+01 9.894101471405156722e-01 1.592443416006417709e-03
1.137500000000000000e+01 9.977894985794021343e-01 -1.390007707830286099e-03
1.139583333333333215e+01 1.008296759022918820e+00 -1.579760787263088636e-03
1.141666666666666607e+01 1.030738748093267265e+00 -2.275259128171563602e-03
1.143750000000000000e+01 1.031884383091859814e+00 1.508818222094903544e-03
1.145833333333333215e+01 1.021664578440818705e+00 -1.865270030810561603e-03
1.147916666666666607e+01 1.011238776286614627e+00 -1.864493248510483946e-03
1.150000000000000000e+01 1.002491440960068037e+00 2.570458007020356159e-04
1.152083333333333215e+01 9.988357706785541135e-01 1.556008061636334492e-04
1.154166666666666607e+01 9.976768975042794585e-01 -1.070725705415874821e-03
1.156250000000000000e+01 1.001791031931525300e+00 6.337151562340235210e-04
1.158333333333333215e+01 1.009584084515560809e+00 1.988307616362822682e-03
1.160416666666666607e+01 1.016891113980358474e+00 -1.494250589071179124e-03
1.162500000000000000e+01 1.012252207556455064e+00 6.497745017999504314e-04
1.164583333333333215e+01 1.012262872306343597e+00 -2.995754310257625792e-03
1.166666666666666607e+01 1.022032922085031270e+00 2.858452630774394564e-03
1.168750000000000000e+01 1.022527079437719255e+00 -6.341295037502041885e-04
1.170833333333333215e+01 1.017919121601719157e+00 -1.850464420455205389e-03
1.172916666666666607e+01 1.003021943800934679e+00 -4.869172511093886133e-04
1.175000000000000000e+01 9.933938738887793107e-01 -5.963176949773153507e-04
1.177083333333333215e+01 9.991294960873352560e-01 4.732775029677655561e-04
1.179166666666666607e+01 1.017316393333731472e+00 -5.029990870692299318e-04
1.181250000000000000e+01 1.021850686470011205e+00 6.165574834589223089e-05
1.183333333333333215e+01 1.021094976016909905e+00 1.351630397021075453e-03
1.185416666666666607e+01 1.016924510412506644e+00 6.040073427261034031e-04
1.187500000000000000e+01 1.006262218977264977e+00 -1.175204468536049374e-03
1.189583333333333215e+01 9.949089251762276431e-01 -4.504490815626490600e-04
1.191666666666666607e+01 9.901797276926737057e-01 2.856249461627477504e-03
1.193750000000000000e+01 1.007536063807010107e+00 2.846218642543044564e-03
1.195833333333333215e+01 1.032444310814257582e+00 -9.881753293971820475e-04
1.197916666666666607e+01 1.046545452677274834e+00 -5.583362173677308997e-04
1.200000000000000000e+01 1.036292786691337398e+00 1.075441942811307221e-03
1.202083333333333215e+01 1.007289310536425342e+00 6.365907219608494226e-04
1.204166666666666607e+01 9.778882770200041374e-01 4.438730562023772354e-04
1.206250000000000000e+01 9.734741182308701557e-01 -1.731296813481612374e-03
1.208333333333333215e+01 9.861726690285746999e-01 -2.235663002543058359e-03
1.210416666666666607e+01 1.006417685349383362e+00 -3.662065940848057062e-04
1.212500000000000000e+01 1.028973035479928910e+00 1.885689174665935433e-03
1.214583333333333215e+01 1.046248544671266378e+00 -2.031126242558770230e-03
1.216666666666666607e+01 1.045611943032201951e+00 2.487676037077240013e-03
1.218750000000000000e+01 1.022292895193599005e+00 -2.499105085120520713e-04
1.220833333333333215e+01 9.972312108094727456e-01 -8.474233824673638041e-04
1.222916666666666607e+01 9.948831885594794366e-01 7.968605340687696069e-04
1.225000000000000000e+01 9.926616929820951674e-01 2.369180324284005709e-03
1.227083333333333215e+01 9.929749499568725213e-01 1.721245053139447206e-03
1.229166666666666607e+01 9.908995701114408083e-01 1.918590180589198075e-03
1.231250000000000000e+01 1.006502903813473182e+00 4.589986355978980018e-04
1.233333333333333215e+01 1.028865555630534390e+00 1.068720601723029259e-03
1.235416666666666607e+01 1.044445310309376262e+00 -3.125711847054714982e-04
1.237500000000000000e+01 1.033744417004854643e+00 -3.136669361847154044e-04
1.239583333333333215e+01 1.011889725669744999e+00 2.047424691050385263e-03
1.241666666666666607e+01 1.000689738134668660e+00 5.301251398139814617e-04
1.243750000000000000e+01 1.000130881804342398e+00 1.760378219314768762e-03
1.245833333333333215e+01 9.966882248857110715e-01 2.248503566912276458e-03
1.247916666666666607e+01 1.000297223285596449e+00 4.378707704890573557e-04
1.452083333333333215e+01 1.007039630734544167e+00 1.637850921928245870e-04
1.454166666666666607e+01 1.021065894659961559e+00 3.435557146524303323e-04
1.456250000000000000e+01 1.014963407727414779e+00 -1.458121953779528820e-03
1.458333333333333215e+01 1.001982337054556860e+00 -1.421464100960698239e-03
1.460416666666666607e+01 1.001595122745580158e+00 3.676714517274677933e-04
1.462500000000000000e+01 1.021431674092146524e+00 1.652781660428790517e-03
1.464583333333333215e+01 1.026953353129274937e+00 -1.942519709517643830e-03
1.466666666666666607e+01 1.017409012734232787e+00 -1.353277266068118661e-03
1.468750000000000000e+01 9.963724270971386909e-01 -7.548462162528022214e-04
1.470833333333333215e+01 9.961598047576489812e-01 6.297989754566303902e-04
1.472916666666666607e+01 1.010616764417612279e+00 4.635926726059991384e-04
1.475000000000000000e+01 1.018406140260663006e+00 1.311802293721950558e-03
1.477083333333333215e+01 1.020525782261074932e+00 1.161587147378285523e-03
1.479166666666666607e+01 1.023093589066687459e+00 1.020793738323593543e-03
1.481250000000000000e+01 1.021861090433149544e+00 -4.683472587635781987e-05
1.483333333333333215e+01 1.003354330880316558e+00 -7.923358611613818105e-04
1.485416666666666607e+01 9.783403100684859854e-01 1.564282927785676529e-04
1.487500000000000000e+01 9.672672182498170956e-01 5.177969828700274999e-04
1.489583333333333215e+01 9.879574553868388787e-01 1.167909402813176655e-03
1.491666666666666607e+01 1.028255210944960085e+00 3.033807088979497400e-04
1.493750000000000000e+01 1.055713098230602665e+00 -2.712457654727139515e-04
1.495833333333333215e+01 1.047511460836227926e+00 -8.737449825085399956e-04
1.497916666666666607e+01 1.028914637994901682e+00 -3.810890223839860863e-04
1.500000000000000000e+01 1.002140939649534657e+00 -4.846871746345952805e-04
1.502083333333333215e+01 9.847834796085772613e-01 -1.032551245881612205e-03
1.504166666666666607e+01 9.783036368103562586e-01 -4.644546320527913937e-04
1.506250000000000000e+01 9.712155753692323090e-01 6.764968668591972260e-04
1.508333333333333215e+01 9.950476037364304194e-01 -4.269038537663247430e-04
1.510416666666666607e+01 1.020322542653477216e+00 -2.041361885118475258e-03
1.512500000000000000e+01 1.037266432422591089e+00 1.955487621163324772e-04
1.514583333333333215e+01 1.037410998796256978e+00 -1.431095844591216259e-03
1.516666666666666607e+01 1.024119877344351170e+00 2.007717207047907880e-05
1.518750000000000000e+01 1.010230829093490046e+00 7.377242115395356032e-04
1.520833333333333215e+01 1.011802128855294969e+00 -1.568339439236073052e-03
1.522916666666666607e+01 1.011733969104542830e+00 1.013682938755836212e-03
1.525000000000000000e+01 1.003531562983983383e+00 -1.898129914190528102e-03
1.527083333333333215e+01 9.934224944630322129e-01 1.676430810357357193e-03
1.529166666666666607e+01 9.914036502769630887e-01 7.571367968525059052e-04
1.531250000000000000e+01 9.970052082854518050e-01 -1.647027454227891321e-03
1.533333333333333215e+01 1.007339485483946362e+00 1.419136587940808764e-03
1.535416666666666607e+01 1.020488843402318491e+00 2.858627245132706212e-04
1.537500000000000000e+01 1.013404036191080548e+00 1.156801464107556259e-03
1.539583333333333215e+01 1.010216298880303842e+00 -1.926061351372421789e-03
1.541666666666666607e+01 1.004959490240333375e+00 1.565259661803613481e-03
1.543750000000000000e+01 1.016878501081468045e+00 -5.996595837720252939e-04
1.545833333333333215e+01 1.029865970468110348e+00 1.909816324706045199e-03
1.547916666666666607e+01 1.030998782342878339e+00 7.564936584225506484e-04
1.550000000000000000e+01 1.010176430901237543e+00 2.310588783299344416e-04
1.552083333333333215e+01 9.948312938503228731e-01 1.108286955093887218e-03
1.554166666666666607e+01 9.842932600403436760e-01 -2.071522478271574483e-04
1.556250000000000000e+01 9.906265376294075553e-01 1.015214843095708008e-03
1.558333333333333215e+01 9.963313019428278183e-01 -2.381328967964167417e-03
1.560416666666666607e+01 1.004374592028766111e+00 -1.029540813637099358e-04
1.562500000000000000e+01 1.015598063885637004e+00 -1.996895585217557732e-04
1.564583333333333215e+01 1.027883150606736740e+00 -3.579658618229123704e-04
1.566666666666666607e+01 1.047331733597822945e+00 -4.402824834792878114e-04
1.568750000000000000e+01 1.044121350752001520e+00 1.555805825851368143e-04
1.570833333333333215e+01 1.026289422198103374e+00 -4.977409126764289950e-04
1.572916666666666607e+01 1.003132500095325286e+00 -2.436792903592293995e-03
1.575000000000000000e+01 9.744838827860580199e-01 -4.153292387477480600e-04
1.577083333333333215e+01 9.620577412253445981e-01 7.470352205929248462e-04
1.579166666666666607e+01 9.609486665990566445e-01 -4.550120723970937182e-04
1.581250000000000000e+01 1.002858331567841876e+00 -7.693299840426050164e-04
1.583333333333333215e+01 1.044368558615750286e+00 -7.107930970516695805e-04
1.585416666666666607e+01 1.072058165181949851e+00 3.126705513234715491e-04
1.587500000000000000e+01 1.057428426777762720e+00 6.837298187150931154e-04
1.589583333333333215e+01 1.014297338689285954e+00 -1.237534508319024880e-03
1.591666666666666607e+01 9.808241530718843082e-01 -3.204694608115286111e-03
1.593750000000000000e+01 9.750987487123786712e-01 -9.091606885234888771e-04
1.595833333333333215e+01 9.841990832139253520e-01 1.873796956311487953e-03
1.597916666666666607e+01 9.993301364125151132e-01 -1.458340600418813002e-03
1.600000000000000000e+01 1.016524829222356763e+00 -8.791895233480201410e-04
1.602083333333333215e+01 1.021139262222181099e+00 -5.987732870196579675e-04
1.604166666666666430e+01 1.029294029707085389e+00 -1.076618582822518001e-03
1.606250000000000000e+01 1.017720988354166245e+00 -8.164210174691884309e-04
1.608333333333333215e+01 1.008642021452626603e+00 -7.741909376636836896e-04
1.610416666666666430e+01 1.006079730239946679e+00 -1.088697598849075812e-03
1.612500000000000000e+01 1.013620855811550925e+00 -2.340801977687698209e-04
1.614583333333333215e+01 1.008739390983396156e+00 -7.159219680951443105e-04
1.616666666666666430e+01 9.964542752749052656e-01 2.787304147091524721e-04
1.618750000000000000e+01 9.882083356355697568e-01 3.966955113882274144e-04
1.620833333333333215e+01 1.000905251953955188e+00 -1.959942625893106548e-03
1.622916666666666430e+01 1.021020652782626881e+00 -6.808194158718551157e-04
1.625000000000000000e+01 1.036658275289041864e+00 7.563565321005714156e-04
1.627083333333333215e+01 1.032447579437116847e+00 -9.805881202998511462e-04
1.629166666666666430e+01 1.010377153034621944e+00 -6.153134468390244766e-04
1.631250000000000000e+01 9.971293580136636470e-01 -7.459597225091796867e-04
1.633333333333333215e+01 9.916524029855566802e-01 5.715057567869667905e-04
1.635416666666666430e+01 9.895813491573230980e-01 -1.141477230721504301e-03
1.637500000000000000e+01 9.992140750845295294e-01 1.634513759004659885e-03
1.639583333333333215e+01 1.004648052268910519e+00 -1.510356119989526586e-03
1.641666666666666430e+01 1.014697236286071336e+00 6.389792839462811154e-04
1.643750000000000000e+01 1.017896925009609710e+00 -2.263267956122170382e-03
1.645833333333333215e+01 1.023133431076550082e+00 4.472847287730813740e-04
1.647916666666666430e+01 1.039475240191121586e+00 -6.099468125618012554e-04
1.650000000000000000e+01 1.042788001154704158e+00 1.749217716119576358e-03
1.652083333333333215e+01 1.032958341840334082e+00 -1.977679840816384219e-04
1.654166666666666430e+01 9.887155482023837205e-01 3.168571767325670903e-04
1.656250000000000000e+01 9.512951171584829169e-01 6.692591737650484219e-04
1.658333333333333215e+01 9.462844057798450725e-01 -1.043563111945440937e-03
1.660416666666666430e+01 9.854587564618835227e-01 1.499374377090325911e-04
1.662500000000000000e+01 1.033097479683462883e+00 1.739444008837367182e-03
1.664583333333333215e+01 1.063041430757827310e+00 -6.424288166572499721e-04
1.666666666666666430e+01 1.059702223965953705e+00 -1.500050963079632921e-03
1.668750000000000000e+01 1.041356696765981527e+00 2.151127737029348216e-03
1.670833333333333215e+01 1.016435606589386698e+00 -1.330495022789212039e-03
1.672916666666666430e+01 9.872024547641803371e-01 -3.146718849249316007e-04
1.675000000000000000e+01 9.681086562509697568e-01 1.998669679922607592e-03
1.677083333333333215e+01 9.718299628881886809e-01 -1.480238325332462832e-03
1.679166666666666430e+01 9.950444947277049534e-01 -5.364683325487765077e-04
1.681250000000000000e+01 1.023680267943218203e+00 3.351831088665316403e-04
1.683333333333333215e+01 1.044820157702424090e+00 -8.757977876705231972e-04
1.685416666666666430e+01 1.035723640295418857e+00 9.893452410729087956e-04
1.687500000000000000e+01 1.022551560341970145e+00 -2.192028532771727288e-03
1.689583333333333215e+01 1.009634856077163967e+00 -1.635779543720280570e-03
1.691666666666666430e+01 9.901559265328818693e-01 5.025536224762185578e-04
1.693750000000000000e+01 9.787244174387236262e-01 1.319047653490472947e-03
1.695833333333333215e+01 9.882626358521074961e-01 2.198222850153641172e-03
1.697916666666666430e+01 1.011165923382028486e+00 -7.996866339770057402e-04
1.700000000000000000e+01 1.039107767784660519e+00 3.922232551420654903e-04
1.702083333333333215e+01 1.045776968454417366e+00 2.942355371241969038e-04
1.704166666666666430e+01 1.020900270468567017e+00 9.686372248794326238e-05
1.706250000000000000e+01 1.004427067359457082e+00 2.603852385774808181e-03
1.708333333333333215e+01 9.885095295717083452e-01 1.147861184812417994e-03
1.710416666666666430e+01 9.852644746038535795e-01 -5.779291342391917321e-04
1.712500000000000000e+01 9.789449204698521534e-01 -2.710961977126767966e-03
1.714583333333333215e+01 9.947620107457672001e-01 -4.523691074384090724e-04
1.716666666666666430e+01 1.016438177537035470e+00 -2.331427482052358165e-04
1.718750000000000000e+01 1.039014023199055670e+00 1.149157728738977409e-03
1.720833333333333215e+01 1.056113820217315702e+00 1.325376926639216819e-03
1.722916666666666430e+01 1.047235943004157344e+00 1.201682595387446300e-03
1.725000000000000000e+01 1.018330688944768969e+00 2.033471972059308283e-03
1.727083333333333215e+01 9.872126679432871033e-01 9.416636375877590918e-04
1.729166666666666430e+01 9.641483515968105600e-01 -1.205392264144868313e-03
1.731250000000000000e+01 9.739877662172972128e-01 1.260126862055094927e-03
1.733333333333333215e+01 9.917485133898629179e-01 -7.735273314704063348e-04
1.735416666666666430e+01 1.015370086030249697e+00 6.876955819182426453e-04
1.737500000000000000e+01 1.020308176564357794e+00 -6.226085082627316790e-05
1.739583333333333215e+01 1.025759864321633463e+00 4.068838991718339146e-04
1.741666666666666430e+01 1.031427272124860073e+00 -7.766723631799578483e-04
1.743750000000000000e+01 1.025099032587792225e+00 -1.002123939777082706e-03
1.745833333333333215e+01 1.025373271759680405e+00 7.161055542882473288e-04
1.747916666666666430e+01 1.009951146720791559e+00 -1.003864217371113442e-03
1.750000000000000000e+01 9.955267972141713662e-01 -1.929866239698584194e-04
1.752083333333333215e+01 9.965383022601037588e-01 2.668452854958585458e-04
1.754166666666666430e+01 9.986394361598093239e-01 1.687200115963504235e-03
1.756250000000000000e+01 9.871412494623781342e-01 -1.259483242437877109e-03
1.758333333333333215e+01 9.842725132360695683e-01 1.918682062981492747e-03
1.760416666666666430e+01 9.924445178329269757e-01 1.605123104174585374e-03
1.762500000000000000e+01 1.011877889269756636e+00 1.114997434250246172e-03
1.764583333333333215e+01 1.041220666001731354e+00 -2.031047980159038802e-03
1.766666666666666430e+01 1.050721171970147694e+00 -1.160666113645062846e-03
1.768750000000000000e+01 1.047746826177253121e+00 1.443431613936224352e-03
1.770833333333333215e+01 1.036837139145940112e+00 -1.040369844082052056e-03
1.772916666666666430e+01 1.021589232198630404e+00 1.612062569033936117e-03
1.775000000000000000e+01 9.876986849778953692e-01 -2.555945797723831008e-03
1.777083333333333215e+01 9.498517636594044911e-01 2.593838249374261153e-04
1.779166666666666430e+01 9.396532257549676803e-01 8.473047731770355293e-04
1.781250000000000000e+01 9.716884126179111680e-01 1.460829741163241317e-04
1.783333333333333215e+01 1.031540845278621887e+00 -1.576949874398524034e-04
1.785416666666666430e+01 1.067231224737797080e+00 4.708654345503365227e-04
1.787500000000000000e+01 1.072602216477152037e+00 -7.493642758835185888e-04
1.789583333333333215e+01 1.051198430106319526e+00 6.449036583520238860e-04
1.791666666666666430e+01 1.014315710484760880e+00 -1.069564025091455993e-04
1.793750000000000000e+01 9.855718850240171580e-01 1.846078722623674406e-04
1.795833333333333215e+01 9.669664220319603709e-01 -3.824750352604863843e-04
1.797916666666666430e+01 9.697486598947947511e-01 -1.309705701268874334e-04
1.800000000000000000e+01 9.989749725834548011e-01 3.891236219814131047e-04
1.802083333333333215e+01 1.027970901762794265e+00 -2.589684436087217418e-04
1.804166666666666430e+01 1.024708659644922637e+00 -1.245895261567651555e-03
1.806250000000000000e+01 1.008573314536888255e+00 -1.392211193248858508e-03
1.808333333333333215e+01 9.961190156885059155e-01 -2.515114596037705129e-04
1.810416666666666430e+01 1.013715791330622729e+00 5.094243935413092072e-04
1.812500000000000000e+01 1.029772542710888583e+00 1.076344277683626086e-04
1.814583333333333215e+01 1.037419019719897362e+00 -2.706732109889864023e-03
1.816666666666666430e+01 1.025271897150705547e+00 -4.587374547404764712e-04
1.818750000000000000e+01 1.003001340172329670e+00 -2.718011995989027575e-03
1.820833333333333215e+01 9.966318634341747584e-01 -1.086140182249296362e-03
1.822916666666666430e+01 9.969734633304905280e-01 1.266124276761543569e-03
1.825000000000000000e+01 9.961564983829879205e-01 -5.626691343619571236e-04
1.827083333333333215e+01 9.975505209224297953e-01 4.784138720651146892e-04
1.829166666666666430e+01 1.006021705209224626e+00 1.172023837668487915e-04
1.831250000000000000e+01 1.021061520092325869e+00 -1.466330128237910372e-04
1.833333333333333215e+01 1.025501696161813525e+00 -1.456698616182802947e-05
1.835416666666666430e+01 1.027425447755780930e+00 -1.465384410233881501e-03
1.837500000000000000e+01 1.026231273163051849e+00 -2.291616985394071687e-03
1.839583333333333215e+01 1.019542882650471993e+00 3.588136064218641184e-06
1.841666666666666430e+01 1.003999201157825150e+00 -9.507258380951080589e-06
1.843750000000000000e+01 9.934432755421637173e-01 4.764101867339403502e-04
1.845833333333333215e+01 9.911730062259229701e-01 1.274151012937225786e-03
1.847916666666666430e+01 1.005131411191777957e+00 1.491654993816092165e-03
1.850000000000000000e+01 1.026594347345590963e+00 2.398584398862666737e-04
1.852083333333333215e+01 1.025082854228173579e+00 -7.929894551793201457e-04
1.854166666666666430e+01 1.001345739733439988e+00 -6.320932670089260581e-04
1.856250000000000000e+01 9.957353499913018657e-01 2.492751669889780881e-03
1.858333333333333215e+01 9.933408297090657868e-01 1.022697208634262356e-03
1.860416666666666430e+01 1.012934594730020565e+00 -5.721962845341536930e-04
1.862500000000000000e+01 1.023878583594844072e+00 4.791369505450204769e-04
1.864583333333333215e+01 1.026924421079443039e+00 -2.026964872971686281e-03
1.866666666666666430e+01 1.021740602840748746e+00 -1.385405762975663911e-03
1.868750000000000000e+01 1.024456723712285466e+00 4.016489994595404665e-04
1.870833333333333215e+01 1.006033113682853308e+00 -3.357313080310377713e-04
1.872916666666666430e+01 9.869543407286669456e-01 2.942519709523584628e-03
1.875000000000000000e+01 9.851740035417917429e-01 -2.672682490202453725e-04
1.877083333333333215e+01 1.000177272742987178e+00 1.887195464308791650e-03
1.879166666666666430e+01 1.014402012542643616e+00 2.207822532229775322e-06
1.881250000000000000e+01 1.030521786791419592e+00 -7.778358467910305744e-04
1.883333333333333215e+01 1.018752575714076514e+00 -1.576314277857553906e-03
1.885416666666666430e+01 1.018813966620035982e+00 -4.829450946620700985e-04
1.887500000000000000e+01 1.014646059173406112e+00 -6.824689583464811507e-04
1.889583333333333215e+01 1.016480761625231377e+00 -1.453087233708393392e-03
1.891666666666666430e+01 1.010471994710187227e+00 -8.267812762778227334e-04
1.893750000000000000e+01 1.001601362439648701e+00 -1.830658966139337785e-03
1.895833333333333215e+01 1.006580998281905392e+00 8.788048818918297016e-04
1.897916666666666430e+01 1.008038224460436005e+00 1.477273060290705022e-03
1.900000000000000000e+01 1.015976487796114158e+00 6.885636431660489571e-04
1.902083333333333215e+01 1.008724368038321995e+00 -2.487852040906097660e-04
1.904166666666666430e+01 1.012591547399352976e+00 2.831644436606938885e-03
1.906250000000000000e+01 1.006739972273495320e+00 2.077887326207214435e-05
1.908333333333333215e+01 1.000587437154480064e+00 1.113988198918094020e-03
1.910416666666666430e+01 9.969537929117054942e-01 -7.727461610383736532e-04
1.912500000000000000e+01 1.003086806490259830e+00 -5.833384136946861238e-04
1.914583333333333215e+01 1.014865227121187763e+00 1.358507444056781047e-03
1.916666666666666430e+01 1.032531031113203213e+00 -9.552921014061873219e-04
1.918750000000000000e+01 1.037660803490934036e+00 5.588375606413850585e-04
1.920833333333333215e+01 1.023651906346792817e+00 6.403789415968712609e-04
1.922916666666666430e+01 9.976439710781087600e-01 -1.970982044825057757e-03
1.925000000000000000e+01 9.746957759621999173e-01 8.219056356441831754e-04
1.927083333333333215e+01 9.718285077749737599e-01 -4.418296881244726873e-04
1.929166666666666430e+01 1.000501986723528303e+00 3.005875384512763943e-03
1.931250000000000000e+01 1.033758468670186392e+00 1.333751174938981857e-04
1.933333333333333215e+01 1.050521276982559815e+00 -4.226144763866635998e-04
1.935416666666666430e+01 1.034676844331572143e+00 -1.413045763899904847e-03
1.937500000000000000e+01 1.004606093018780344e+00 -7.866667480140820913e-04
1.939583333333333215e+01 9.889084426945263795e-01 1.528004963299118332e-03
1.941666666666666430e+01 9.851906985985608989e-01 3.593172995263819438e-04
1.943750000000000000e+01 1.005957640225685346e+00 -2.836371967946508963e-05
1.945833333333333215e+01 1.021339964734906625e+00 7.958343033366856688e-04
1.947916666666666430e+01 1.032666542368005480e+00 -8.315551557059421613e-04
1.950000000000000000e+01 1.029827554058201589e+00 1.308050997208774812e-03
1.952083333333333215e+01 1.017510533934870898e+00 -4.755991153883150574e-04
1.954166666666666430e+01 9.882781035125597358e-01 1.332671384546523213e-03
1.956250000000000000e+01 9.763259011280771560e-01 8.813921526679767784e-05
1.958333333333333215e+01 9.853678993290124755e-01 1.872430089428396560e-04
1.960416666666666430e+01 1.020462127410186826e+00 -7.281641072458623404e-05
1.962500000000000000e+01 1.045953558995439847e+00 -1.438409438893719630e-03
1.964583333333333215e+01 1.041975237800740306e+00 3.214928872192498273e-04
1.966666666666666430e+01 1.009749908946410590e+00 1.832374682612222068e-03
1.968750000000000000e+01 9.912506791598366673e-01 -5.871858935220016645e-04
1.970833333333333215e+01 9.939544112610156912e-01 -8.894579964119391424e-04
1.972916666666666430e+01 1.006384451437696281e+00 1.318651882131807165e-03
1.975000000000000000e+01 1.017826594493507653e+00 3.904609491502825927e-04
1.977083333333333215e+01 1.017807387878817416e+00 -1.287783865996524951e-03
1.979166666666666430e+01 1.019842651951181178e+00 -5.678050706066779503e-04
1.981250000000000000e+01 1.016979453571942749e+00 1.281987865389004871e-03
1.983333333333333215e+01 1.005211150141722687e+00 2.151712535605283718e-03
1.985416666666666430e+01 9.910472968236848645e-01 1.151015342701931310e-03
1.987500000000000000e+01 9.873047669825246730e-01 -1.141612604550969797e-03
1.989583333333333215e+01 1.002567864381791463e+00 -5.968345304648293553e-05
1.991666666666666430e+01 1.025987013453969698e+00 7.260266578257692843e-04
1.993750000000000000e+01 1.034087427745610910e+00 1.861267018632292648e-04
1.995833333333333215e+01 1.034500858323532890e+00 -1.218374394999139883e-03
1.997916666666666430e+01 1.017460639727798988e+00 -4.622582818419560826e-04
2.000000000000000000e+01 1.006420802954524518e+00 1.761770517253998490e-03
2.002083333333333215e+01 9.893021075665465736e-01 -1.258128956521849858e-03
2.004166666666666430e+01 9.686745897861758214e-01 -1.672483689817311507e-05
2.006250000000000000e+01 9.740349306418011333e-01 9.689874821559951810e-04
2.008333333333333215e+01 1.010529841881270707e+00 -3.743670833251168308e-03
2.010416666666666430e+01 1.052221642412706881e+00 -1.324161519525773011e-03
2.012500000000000000e+01 1.067403170137851021e+00 -6.404260334863846015e-04
2.014583333333333215e+01 1.032484967348926252e+00 9.763038151731482555e-04
2.016666666666666430e+01 9.912199977388330696e-01 -4.184971797157545706e-03
2.018750000000000000e+01 9.743259954721734672e-01 1.269879941977194397e-03
2.020833333333333215e+01 9.848744314813659972e-01 4.755579638790046479e-04
2.022916666666666430e+01 9.954781301976517449e-01 9.890505778503966543e-04
2.025000000000000000e+01 1.020475479244954187e+00 -2.505397750523320278e-05
2.027083333333333215e+01 1.029473458187223356e+00 1.963723591623487026e-04
2.029166666666666430e+01 1.036151723023301274e+00 7.547882964926783339e-04
2.031250000000000000e+01 1.020115233888066353e+00 1.500113192942284296e-03
2.033333333333333215e+01 1.002723286015329673e+00 -4.035820714193929007e-04
2.035416666666666430e+01 9.815459286179928355e-01 -1.772313111800529958e-03
2.037500000000000000e+01 9.885032098486968843e-01 2.411550760226677335e-03
2.039583333333333215e+01 1.003749642975444889e+00 -6.606973536415999652e-04
2.041666666666666430e+01 1.015094117138143126e+00 5.826329253540873292e-04
2.043750000000000000e+01 1.025261446480172589e+00 -1.374768451262617071e-04
2.045833333333333215e+01 1.041331486613636947e+00 1.494252836766058303e-03
2.047916666666666430e+01 1.036975369859087337e+00 2.981931729899139558e-03
2.050000000000000000e+01 1.018986088388287747e+00 4.214704089053884599e-04
2.052083333333333215e+01 9.957402175614947781e-01 2.132303423901082094e-03
2.054166666666666430e+01 9.735096517206937028e-01 -6.626965320916576802e-04
2.056250000000000000e+01 9.731563626848227511e-01 -7.334422423532281458e-04
2.058333333333333215e+01 9.951603126180160741e-01 1.245650705296822954e-03
2.060416666666666430e+01 1.016496169323526821e+00 7.111042055009778615e-05
2.062500000000000000e+01 1.036974484058539092e+00 -2.714118807085512744e-03
2.064583333333333215e+01 1.046752193498033501e+00 -2.619203404445400308e-04
2.066666666666666430e+01 1.044295165597096897e+00 2.835367167032891954e-04
2.068750000000000000e+01 1.016192331610581867e+00 4.081808954176685718e-04
2.070833333333333215e+01 9.900354193140246117e-01 2.216560212894485692e-03
2.072916666666666430e+01 9.715458353976174077e-01 -1.682101392738155447e-03
2.075000000000000000e+01 9.858861246269371437e-01 -2.956760306291048089e-04
2.077083333333333215e+01 1.011627145888496226e+00 1.933047644006985781e-03
2.079166666666666430e+01 1.029916731902044358e+00 -6.207620225469868101e-04
2.081250000000000000e+01 1.028568627309966788e+00 -8.371566109975760259e-04
2.083333333333333215e+01 1.015627234908708099e+00 -1.505440495204972114e-03
2.085416666666666430e+01 1.002706818223876084e+00 -5.603439528409846467e-04
2.087500000000000000e+01 9.989950174158417351e-01 -1.771263668299026929e-03
2.089583333333333215e+01 1.002575222528411691e+00 -1.144364489357079038e-04
2.091666666666666430e+01 1.018641344097919399e+00 -2.476972238765000420e-03
2.093750000000000000e+01 1.025007264947283003e+00 7.905234764135111872e-04
2.095833333333333215e+01 1.023517876057029374e+00 -6.393736850654187188e-04
2.097916666666666430e+01 1.009277687910540289e+00 4.919369381546115057e-04
2.100000000000000000e+01 9.989124984346076097e-01 1.839875340769194260e-03
2.102083333333333215e+01 9.865285497196114584e-01 6.118985634294726080e-04
2.104166666666666430e+01 9.976445895084278259e-01 1.853109503946582734e-03
2.106250000000000000e+01 1.010766702924421834e+00 -2.128222567084030268e-03
2.108333333333333215e+01 1.018080479264853011e+00 -1.316738506955244083e-03
2.110416666666666430e+01 1.018248881914815662e+00 -1.451590649199015507e-03
2.112500000000000000e+01 1.015205580788823170e+00 -1.213438780976751726e-05
2.114583333333333215e+01 1.014585235786356288e+00 -1.224950518339087838e-03
2.116666666666666430e+01 1.020967226348305834e+00 -1.532797485977770093e-04
2.118750000000000000e+01 1.013058652018963945e+00 -9.300831537571215696e-04
2.120833333333333215e+01 1.005177093308831093e+00 -2.521297693066969843e-04
2.122916666666666430e+01 9.903248823272597923e-01 -1.325936979307051683e-03
2.125000000000000000e+01 9.992989366004410012e-01 3.910269412280859154e-04
2.127083333333333215e+01 1.008867122205933775e+00 -1.032478822686521748e-04
2.129166666666666430e+01 1.018311754729342100e+00 -1.894692454537368368e-03
2.131250000000000000e+01 1.027917544320527954e+00 1.504525615667020666e-03
2.133333333333333215e+01 1.015905691329067162e+00 -2.472992869356667196e-03
2.135416666666666430e+01 1.010206315912217878e+00 -3.413612905386705825e-04
2.137500000000000000e+01 9.941882799213365152e-01 4.550933727344379340e-04
2.139583333333333215e+01 9.926140535264947884e-01 2.152509241418952470e-03
2.141666666666666430e+01 9.974498836288623327e-01 1.923434671225247600e-03
2.143750000000000000e+01 1.005216496113698676e+00 -1.906695651048184248e-03
2.145833333333333215e+01 1.023245082343551493e+00 3.870819973318562093e-05
2.147916666666666430e+01 1.037735526266628350e+00 1.544790006109158197e-03
2.150000000000000000e+01 1.038886941483171400e+00 1.366884471205812067e-03
2.152083333333333215e+01 1.017926639282306978e+00 -4.321126728659939871e-05
2.154166666666666430e+01 9.835959050738498632e-01 -2.221231284211214890e-04
2.156250000000000000e+01 9.654385603584153541e-01 2.590970811863452933e-03
2.158333333333333215e+01 9.773056814414264881e-01 -1.766018811445363001e-03
2.160416666666666430e+01 1.007539096968504300e+00 -1.391567010030184169e-03
2.162500000000000000e+01 1.028719467393541809e+00 1.263085638804842085e-03
2.164583333333333215e+01 1.042216117612987603e+00 1.071908578151874490e-04
2.166666666666666430e+01 1.050479109054741178e+00 -8.926934791005430511e-04
2.168750000000000000e+01 1.039604174292488636e+00 3.296400963010489850e-05
2.170833333333333215e+01 1.023068903640469207e+00 1.356686379761615777e-03
2.172916666666666430e+01 9.893329285983970545e-01 -8.019987496272512519e-05
2.175000000000000000e+01 9.638376808972505261e-01 -1.394369716571992402e-03
2.177083333333333215e+01 9.651384758574751421e-01 1.433663858006347996e-03
2.179166666666666430e+01 9.927263502764801517e-01 -1.191344915193670844e-03
2.181250000000000000e+01 1.027611258773539760e+00 -6.424303927913132964e-04
2.183333333333333215e+01 1.048123851926782812e+00 -1.643571662049049835e-03
2.185416666666666430e+01 1.045479936520982811e+00 -8.834613972519198531e-05
2.187500000000000000e+01 1.035899810077508310e+00 -1.012076446644338693e-03
2.189583333333333215e+01 1.012096631580327477e+00 -1.926137822673493205e-03
2.191666666666666430e+01 9.846476565642220402e-01 -5.867530749103742069e-04
2.193750000000000000e+01 9.594703568987076325e-01 -1.586237900973964596e-03
2.195833333333333215e+01 9.718950681906483036e-01 2.230003786980336246e-04
2.197916666666666430e+01 1.017587461421504358e+00 -1.132108533934746619e-03
2.200000000000000000e+01 1.052247493799863376e+00 2.784345935410399448e-03
2.202083333333333215e+01 1.059391141090280541e+00 1.391088994039290294e-03
2.204166666666666430e+01 1.031540439266512177e+00 -6.287915520934103403e-04
2.206250000000000000e+01 9.978804218688667182e-01 2.493585357448712542e-03
2.208333333333333215e+01 9.801428948165048505e-01 5.949130985768035949e-04
2.210416666666666430e+01 9.720756773381786786e-01 -1.750019020086762342e-03
2.212500000000000000e+01 9.778530931917186475e-01 -9.292158048525917457e-04
2.214583333333333215e+01 9.948241787588234519e-01 -1.264235973542110480e-03
2.216666666666666430e+01 1.039207122796918403e+00 1.242580975241321800e-03
2.218750000000000000e+01 1.070823820700619988e+00 -1.292498378983516225e-03
2.220833333333333215e+01 1.065948963060485699e+00 6.235616801485018522e-05
2.222916666666666430e+01 1.024941424117009614e+00 5.463178424804669480e-04
2.225000000000000000e+01 9.850038613062670478e-01 -1.467545421127431759e-04
2.227083333333333215e+01 9.681673972884771162e-01 2.365675483747707065e-03
2.229166666666666430e+01 9.658700581026377074e-01 4.809600660379095729e-04
2.231250000000000000e+01 9.796213490675630409e-01 -1.568521210559490654e-03
2.233333333333333215e+01 9.978229409192281851e-01 1.405178363263596486e-03
2.235416666666666430e+01 1.023821230946077909e+00 -8.941771464725306248e-04
2.237500000000000000e+01 1.050505106501897101e+00 -1.392528106323677917e-04
2.239583333333333215e+01 1.056799902636557320e+00 5.409301439068166521e-05
2.241666666666666430e+01 1.042323841306104004e+00 -2.579842389516298282e-03
2.243750000000000000e+01 1.016229479368861321e+00 -1.267142890597161304e-03
2.245833333333333215e+01 9.846433128829195081e-01 5.989071600079233374e-04
2.247916666666666430e+01 9.717867588635124010e-01 -1.212847519440898468e-03
2.250000000000000000e+01 9.728622930613940456e-01 -9.717088830281535826e-04
2.252083333333333215e+01 9.933945742634086029e-01 -1.794212789510582886e-03
2.254166666666666430e+01 1.014663420626200407e+00 3.230035435071389963e-03
2.256250000000000000e+01 1.029552772664138471e+00 -4.902698886831892032e-04
2.258333333333333215e+01 1.034129427604913776e+00 -2.408805340433323866e-03
2.260416666666666430e+01 1.016781184063656696e+00 -4.616485606038208474e-04
2.262500000000000000e+01 1.013479436151363933e+00 -4.498287125697916279e-04
2.264583333333333215e+01 1.019131709331809077e+00 4.706305965011985180e-04
2.266666666666666430e+01 1.020285839830094465e+00 1.426951263995380765e-03
2.268750000000000000e+01 1.013640498908460641e+00 -1.101545935709029572e-03
2.270833333333333215e+01 9.865342748807756079e-01 7.115339974384789039e-04
2.272916666666666430e+01 9.753123434153002647e-01 1.416880064879206744e-03
2.275000000000000000e+01 9.865537338324426031e-01 -1.877593404884530300e-03
2.277083333333333215e+01 1.012005575801548041e+00 -1.046756131782193480e-03
2.279166666666666430e+01 1.033187410160633757e+00 -1.708723416994066329e-03
2.281250000000000000e+01 1.043599202797312220e+00 1.365766537535839870e-03
2.283333333333333215e+01 1.041315127484744751e+00 3.253943869461602351e-04
2.285416666666666430e+01 1.015379023694920502e+00 6.940842950515607431e-04
2.287500000000000000e+01 9.974243482728507582e-01 -3.068107390976938255e-04
2.289583333333333215e+01 9.827773469839620191e-01 -4.914363156727332219e-04
2.291666666666666430e+01 9.885752054658993870e-01 1.255692929509729045e-03
2.293750000000000000e+01 9.988519612261743674e-01 -6.490166216974580351e-04
2.295833333333333215e+01 1.013470979370035385e+00 -5.260165696896298071e-04
2.297916666666666430e+01 1.018475650210851624e+00 -1.587161543493540447e-03
2.300000000000000000e+01 1.027180306985380875e+00 3.512105017404199567e-04
2.302083333333333215e+01 1.030790351496361890e+00 6.873158774590427912e-04
2.304166666666666430e+01 1.033447118327818881e+00 2.114479339931084854e-03
2.306250000000000000e+01 1.012415551417074067e+00 -2.877540066680896961e-03
2.308333333333333215e+01 9.905775361093316356e-01 1.773035603604741339e-04
2.310416666666666430e+01 9.771868334163048564e-01 -1.084830840021731814e-03
2.312500000000000000e+01 9.827915694578618355e-01 -1.398616270361964032e-03
2.314583333333333215e+01 1.005595189647757071e+00 -5.667815901448424246e-04
2.316666666666666430e+01 1.035561731012277775e+00 2.686862649152859110e-04
2.318750000000000000e+01 1.047552767795325579e+00 -2.235826729445152504e-03
2.320833333333333215e+01 1.041200043256987229e+00 7.478347381757906309e-05
2.322916666666666430e+01 1.017285133113841944e+00 1.014620407052962883e-03
2.325000000000000000e+01 9.862835572096049219e-01 -2.058997195192203023e-03
2.327083333333333215e+01 9.807913936476647665e-01 1.063275919384141328e-03
2.329166666666666430e+01 9.888764558975783325e-01 -1.172881524231273375e-03
2.331250000000000000e+01 1.006802460286992273e+00 7.206321917079782898e-04
2.333333333333333215e+01 1.030984533313721307e+00 -9.120472831547152010e-04
2.335416666666666430e+01 1.030874955212807143e+00 1.272338285980580174e-03
2.337500000000000000e+01 1.016521519082877134e+00 -2.602742138085276406e-04
2.339583333333333215e+01 1.011321324604143923e+00 1.024426428075258123e-03
2.341666666666666430e+01 1.006679772419176944e+00 -2.189671912226152494e-03
2.343750000000000000e+01 1.012018413652076010e+00 -7.660321300212679903e-04
2.345833333333333215e+01 1.022193920671323752e+00 1.456086230860426144e-03
2.347916666666666430e+01 1.019483390569315917e+00 -3.536169359539349712e-04
2.350000000000000000e+01 1.009311277265965145e+00 1.308103946973431008e-03
2.352083333333333215e+01 9.889001554703588104e-01 -2.118616763652635300e-03
2.354166666666666430e+01 9.797632642124306512e-01 -2.047793188693868699e-03
2.356250000000000000e+01 1.004803353579879488e+00 -9.285357154484575031e-04
2.358333333333333215e+01 1.034586484322445044e+00 -1.791396365307239323e-03
2.360416666666666430e+01 1.048898604364522757e+00 -6.954151394670063119e-04
2.362500000000000000e+01 1.027549643711039851e+00 -1.734711014558451558e-03
2.364583333333333215e+01 1.009575128118839205e+00 -1.717392829608949340e-03
2.366666666666666430e+01 9.940010605701526947e-01 1.180135813716500339e-03
2.368750000000000000e+01 9.955905703191503253e-01 1.377110290648313759e-04
2.370833333333333215e+01 1.000517495306412874e+00 -1.964954179084113951e-03
2.372916666666666430e+01 9.952414305538762607e-01 2.194477917111802099e-03
2.375000000000000000e+01 1.005292623860563284e+00 -1.268634031327680071e-03
2.377083333333333215e+01 1.024472215250317397e+00 -4.331595695432857067e-04
2.379166666666666430e+01 1.049195914840617805e+00 -1.531067748105854767e-04
2.381250000000000000e+01 1.031062857184369630e+00 -4.194303637431448040e-04
2.383333333333333215e+01 1.009260190962236292e+00 2.666028024712318320e-04
2.385416666666666430e+01 9.896018665204621145e-01 6.628804203784677360e-04
2.387500000000000000e+01 9.940532387089074939e-01 9.395036372708176660e-04
2.389583333333333215e+01 9.892284299514161328e-01 -4.149362526577971629e-04
2.391666666666666430e+01 9.948282087601360013e-01 -8.648067568138458321e-04
2.393750000000000000e+01 1.011654627739509538e+00 5.912063308593351997e-04
2.395833333333333215e+01 1.032791440086149093e+00 3.820369758026119847e-04
2.397916666666666430e+01 1.052304884750385527e+00 -2.221122993925480835e-03
2.400000000000000000e+01 1.035424989083644665e+00 -2.507455224637537643e-04
2.402083333333333215e+01 1.007368098067995543e+00 -9.456341011748788518e-05
2.404166666666666430e+01 9.898016754812200002e-01 1.373184571365748501e-03
2.406250000000000000e+01 9.929128786701381104e-01 -2.610935106542779799e-04
2.408333333333333215e+01 9.944304719202299303e-01 -1.950867472904272391e-03
2.410416666666666430e+01 9.899672887484218808e-01 3.437873867601788083e-04
2.412500000000000000e+01 9.944739880984010405e-01 -6.670538596726963360e-04
2.414583333333333215e+01 1.015218015029946796e+00 1.168302893377409129e-03
2.416666666666666430e+01 1.039866079479325522e+00 -1.345993585771907515e-03
2.418750000000000000e+01 1.052429343694697206e+00 7.695821504710323273e-04
2.420833333333333215e+01 1.032576669077186482e+00 5.999393421656045149e-04
2.422916666666666430e+01 1.003269697952878792e+00 3.041795982588303294e-05
2.425000000000000000e+01 9.981607323790546715e-01 1.522683061068884911e-03
2.427083333333333215e+01 9.963158208268121374e-01 1.666174582774087860e-04
2.429166666666666430e+01 1.000442171318900675e+00 -5.491904190762689859e-04
2.431250000000000000e+01 9.992376908491835685e-01 -1.012011204155303283e-03
2.433333333333333215e+01 9.936546091775945166e-01 1.019416941140741713e-03
2.435416666666666430e+01 1.001024136079202709e+00 -4.104460829961894229e-04
2.437500000000000000e+01 1.012237192224904492e+00 -4.345478815446593987e-04
2.439583333333333215e+01 1.022075027851613083e+00 8.722576593420265948e-04
2.441666666666666430e+01 1.027447991710937147e+00 4.064458331701503057e-05
2.443750000000000000e+01 1.028242727451238236e+00 -1.490770602488271932e-03
2.445833333333333215e+01 1.026297616237975330e+00 -1.371307758877463902e-03
2.447916666666666430e+01 1.025403771037118883e+00 -5.373834975502354968e-04
2.450000000000000000e+01 1.004548561424495334e+00 3.302274831705364309e-03
2.452083333333333215e+01 9.919532980868880356e-01 1.312975954193684215e-03
2.454166666666666430e+01 9.831349932116254520e-01 -1.233849507630007227e-03
2.456250000000000000e+01 9.727380308206997617e-01 1.854665763686766519e-03
2.458333333333333215e+01 9.744350103743494307e-01 -9.023726398185161202e-04
2.460416666666666430e+01 9.984938205904618780e-01 2.912941936665511592e-04
2.462500000000000000e+01 1.026064824696675037e+00 -1.667462681307820037e-03
2.464583333333333215e+01 1.056950435330773708e+00 -7.655853310346057020e-04
2.466666666666666430e+01 1.057169020022420192e+00 -9.992454358018836805e-04
2.468750000000000000e+01 1.037512958301662458e+00 2.519825752708581721e-04
2.470833333333333215e+01 9.993881948874120402e-01 -7.012352849689053834e-04
2.472916666666666430e+01 9.637749773665209574e-01 1.043319862260887057e-03
2.475000000000000000e+01 9.497236796037352713e-01 4.587790925143745585e-04
2.477083333333333215e+01 9.630918421241344562e-01 2.483511779713315276e-04
2.479166666666666430e+01 9.919378024191288779e-01 -1.632552194574810912e-03
2.481250000000000000e+01 1.026178435374075271e+00 -7.909942874810866210e-04
2.483333333333333215e+01 1.039527986557492234e+00 -4.888156084404681216e-04
2.485416666666666430e+01 1.035170926637489330e+00 -2.287190026406194648e-03
2.487500000000000000e+01 1.011752862998866798e+00 -1.329361119743321419e-03
2.489583333333333215e+01 1.000182948630927049e+00 -1.124420349175535381e-03
2.491666666666666430e+01 1.002965886655430294e+00 6.032933884768511366e-04
2.493750000000000000e+01 9.911929907885281832e-01 8.525072419682313283e-04
2.495833333333333215e+01 9.912655486194148491e-01 -1.691666488228482906e-03
2.497916666666666430e+01 9.663872033798214245e-01 -1.120485005821562257e-03
2.500000000000000000e+01 9.335750106042581820e-01 1.204534475753200748e-04
2.502083333333333215e+01 9.002754045978810238e-01 -2.288251866059791485e-05
2.504166666666666430e+01 8.685271757935917325e-01 -2.381436657701551871e-03
2.506250000000000000e+01 8.317005242884728533e-01 -9.470389973692368768e-04
2.508333333333333215e+01 7.968661301492034887e-01 -8.554464386680835964e-05
2.510416666666666430e+01 7.720034323148764477e-01 -1.167655635562106931e-03
2.512500000000000000e+01 7.475752813506325589e-01 -9.344313908476622847e-04
2.514583333333333215e+01 7.384265972221398799e-01 -6.486441646611023314e-04
2.516666666666666430e+01 7.461541935048018326e-01 9.082121196541436195e-04
2.518750000000000000e+01 7.827914610391223382e-01 -5.775385776108822459e-04
2.520833333333333215e+01 8.211138518887882709e-01 1.427122061117151123e-03
2.522916666666666430e+01 8.609484623050871477e-01 -3.314060973417093641e-04
2.525000000000000000e+01 8.938928706570870020e-01 4.488617197682260599e-06
2.527083333333333215e+01 9.279845324146794860e-01 5.016043000078451762e-04
2.529166666666666430e+01 9.662637839662537864e-01 6.560546320950874709e-05
2.531250000000000000e+01 9.977758249908954546e-01 2.054707984725227376e-03
2.533333333333333215e+01 1.012475060177971731e+00 2.769104904180779824e-03
2.535416666666666430e+01 1.018667109667716231e+00 -6.880290247156550549e-05
2.537500000000000000e+01 1.022770575361034773e+00 4.766394783820188954e-04
2.539583333333333215e+01 1.015476839595861103e+00 1.844129031656726626e-03
2.541666666666666430e+01 1.014335202570635142e+00 6.805702467291195818e-04
2.543750000000000000e+01 1.003806576285428021e+00 5.011609173231420947e-04
2.545833333333333215e+01 9.954670202686021208e-01 1.538817492098829400e-03
2.547916666666666430e+01 9.747725724040449125e-01 -1.124148601661092840e-05
2.550000000000000000e+01 9.696595587908434233e-01 -1.206486262601665966e-04
2.552083333333333215e+01 9.753043875528097928e-01 1.312880022107211454e-03
2.554166666666666430e+01 1.002022731288177759e+00 -1.032708407102410830e-03
2.556250000000000000e+01 1.047897956400598574e+00 -1.149577131781770976e-03
2.558333333333333215e+01 1.070573930687355402e+00 -1.675381563504131036e-03
2.560416666666666430e+01 1.047802665318241733e+00 -1.282282861668925433e-04
2.562500000000000000e+01 1.007018595879946243e+00 -1.981236079113732861e-04
2.564583333333333215e+01 9.803134112765085062e-01 -5.965057391512063419e-05
2.566666666666666430e+01 9.679916960140085846e-01 1.047151863681404244e-03
2.568750000000000000e+01 9.691969608568822281e-01 2.138163253261386688e-04
2.570833333333333215e+01 9.740732969539828145e-01 3.670666625487945130e-04
2.572916666666666430e+01 9.967535003285619144e-01 6.784261833882437040e-04
2.575000000000000000e+01 1.032589465800906714e+00 4.702608188446300280e-04
2.577083333333333215e+01 1.050859655101838985e+00 -1.087373015695238280e-03
2.579166666666666430e+01 1.046981988166754585e+00 -5.203467472662151420e-04
2.581250000000000000e+01 1.022836078511505598e+00 -7.457317029091518022e-04
2.583333333333333215e+01 1.004231071313700596e+00 1.074885453348777171e-03
2.585416666666666430e+01 9.982563101039321207e-01 3.317706492604933534e-04
2.587500000000000000e+01 9.934750192519792300e-01 -1.748749220861255463e-04
2.589583333333333215e+01 9.828036407106400807e-01 -1.033264624208387120e-03
2.591666666666666430e+01 9.794302805699230952e-01 -3.646518512429751586e-04
2.593750000000000000e+01 9.973927480035562620e-01 -4.697469871412996898e-04
2.595833333333333215e+01 1.023526043200166491e+00 -1.330479610543170137e-03
2.597916666666666430e+01 1.035281110183186248e+00 -1.303233624770546539e-05
