0.000000000000000000e+00 1.009606394298609766e+00 2.874718581861183866e-04
2.083333333333333218e-02 1.013143864754868062e+00 -2.346171088634219190e-04
4.166666666666666435e-02 1.003839607280970769e+00 1.247285081910258844e-03
6.250000000000000000e-02 9.986378242581703812e-01 9.962405537446469405e-04
8.333333333333332871e-02 1.000287985813327563e+00 -9.920733411370863121e-06
1.041666666666666574e-01 1.019003685332094067e+00 -3.014477052295557857e-04
1.250000000000000000e-01 1.022712931092089717e+00 -4.694173730344262333e-04
1.458333333333333148e-01 1.036662592346368372e+00 -1.836076469167426063e-04
1.666666666666666574e-01 1.041456880517745764e+00 6.251748749791164383e-04
1.875000000000000000e-01 1.041128853557868439e+00 4.014304120012401281e-04
2.083333333333333148e-01 1.029646126881806012e+00 -4.446213160263808701e-04
2.291666666666666574e-01 1.023023275562691348e+00 -1.656523549456026870e-04
2.500000000000000000e-01 1.008918278065886964e+00 -2.287736905466482458e-03
2.708333333333333148e-01 1.001766544105419099e+00 1.085025522691512780e-03
2.916666666666666297e-01 9.951160290314869927e-01 -1.824443467962299364e-03
3.125000000000000000e-01 9.868422710978403956e-01 -1.120951121765605216e-03
3.333333333333333148e-01 9.870125049927060967e-01 -1.977930260225628945e-03
3.541666666666666297e-01 9.950512464433695081e-01 -1.044836316281098774e-04
3.750000000000000000e-01 1.001164233192748609e+00 8.556759899985050179e-04
3.958333333333333148e-01 1.008985555635576015e+00 3.106956920062835942e-04
4.166666666666666297e-01 1.006227314455668598e+00 -1.006361794903283790e-04
4.375000000000000000e-01 1.013202971130833907e+00 7.264771238145389205e-04
4.583333333333333148e-01 1.012744149796975135e+00 -3.938915968944248919e-04
4.791666666666666297e-01 1.010484246780123385e+00 -1.734758746958578197e-04
5.000000000000000000e-01 1.012596819569786755e+00 1.370611338760874265e-03
5.208333333333332593e-01 1.028637636350952844e+00 -1.790967968415034658e-03
5.416666666666666297e-01 1.036080766114074070e+00 7.004553374197091450e-04
5.625000000000000000e-01 1.027070590214799406e+00 -3.582556314866365598e-04
5.833333333333332593e-01 1.019022689629867751e+00 -1.021762266251564693e-03
6.041666666666666297e-01 1.015846274273630945e+00 -9.709548094733466434e-04
6.250000000000000000e-01 1.008031997303492133e+00 1.613861346180605737e-03
6.458333333333332593e-01 9.999944395890020266e-01 1.295214902649275681e-03
6.666666666666666297e-01 9.976549418958680082e-01 -9.376549740849655793e-04
6.875000000000000000e-01 9.991153808403584469e-01 2.143684203127303907e-03
7.083333333333332593e-01 1.011172460003591622e+00 -5.146685522554848586e-04
7.291666666666666297e-01 1.015696747279087653e+00 -9.453645352567706254e-04
7.500000000000000000e-01 1.018204006368361503e+00 -1.743383033463406567e-03
7.708333333333332593e-01 1.018929873800878516e+00 -9.462007877626396396e-04
7.916666666666666297e-01 1.022306797486136842e+00 -1.320566307475973733e-03
8.125000000000000000e-01 1.028197335145696112e+00 -1.146615650816457501e-03
8.333333333333332593e-01 1.022551667705848599e+00 2.990374704165231078e-04
8.541666666666666297e-01 1.013374566163200319e+00 3.043071083884953077e-04
8.750000000000000000e-01 1.014339109640574499e+00 -9.912571787769927211e-04
8.958333333333332593e-01 1.007165660193931611e+00 7.540753783945560243e-04
9.166666666666666297e-01 9.976735345556010381e-01 5.312979619204762343e-04
9.375000000000000000e-01 9.907587819533306694e-01 -1.978036729142600321e-03
9.583333333333332593e-01 9.978311191966057203e-01 1.554469722230543980e-03
9.791666666666666297e-01 1.004843819915236081e+00 -1.055050113140595719e-03
1.000000000000000000e+00 1.011182661588471809e+00 -2.481956112256114132e-03
1.020833333333333259e+00 1.024806312747696291e+00 -2.372763293379228690e-04
1.041666666666666519e+00 1.031728355092642824e+00 4.243055984698663671e-04
1.062500000000000000e+00 1.032255458008579208e+00 -2.257963065239888129e-03
1.083333333333333259e+00 1.020224822697539002e+00 7.565785695030203097e-04
1.104166666666666519e+00 1.002321826209418898e+00 3.010598659927865464e-04
1.125000000000000000e+00 9.870520206504881378e-01 -5.158726107703948279e-05
1.145833333333333259e+00 9.896630583585170893e-01 3.545244571545099789e-03
1.166666666666666519e+00 9.951516788220925447e-01 -1.910721820497782554e-03
1.187500000000000000e+00 9.959576350077832263e-01 2.706338700308099244e-03
1.208333333333333259e+00 9.975199766438443971e-01 -1.917402341794506885e-03
1.229166666666666519e+00 1.001467758313355549e+00 -1.257353272118644574e-03
1.250000000000000000e+00 9.974805927651633208e-01 1.712017755237045568e-03
1.270833333333333259e+00 9.974330903024536399e-01 1.481111286455112684e-03
1.291666666666666519e+00 9.800367471113113904e-01 -1.416756549914953769e-03
1.312500000000000000e+00 9.069734030604547081e-01 4.966277323343517170e-04
1.333333333333333259e+00 8.240818728335217447e-01 -3.071435755095950140e-04
1.354166666666666519e+00 7.321989407691829044e-01 -2.275608612060309698e-03
1.375000000000000000e+00 6.732060611133316996e-01 -8.488079927494430153e-04
1.395833333333333259e+00 6.711283927554173578e-01 -1.519689299194712257e-03
1.416666666666666519e+00 6.881013232636321586e-01 -4.102326516594535701e-04
1.437500000000000000e+00 7.555986105127051600e-01 1.176695905132423177e-03
1.458333333333333259e+00 8.373453353447004588e-01 -4.803951712291484790e-04
1.479166666666666519e+00 8.991386566816378378e-01 -7.333454655992312004e-04
1.500000000000000000e+00 9.516654826231191189e-01 1.076678056073944499e-03
1.520833333333333259e+00 9.786128991033661295e-01 9.740505531998457003e-04
1.541666666666666519e+00 9.972479793406903159e-01 1.187635039663381123e-03
1.562500000000000000e+00 1.014012609840201140e+00 -9.501702627214557743e-04
1.583333333333333259e+00 1.027199559627723024e+00 -2.689082163595843769e-04
1.604166666666666519e+00 1.026404900347464455e+00 1.421457286675330495e-03
1.625000000000000000e+00 1.023037973811660395e+00 -8.650023839752530924e-04
1.645833333333333259e+00 1.021643566986920604e+00 -7.281314743394493635e-04
1.666666666666666519e+00 1.021128156873471804e+00 1.851190768717365161e-04
1.687500000000000000e+00 1.022946401957311346e+00 7.739910614801286289e-04
1.708333333333333259e+00 1.016744484065433607e+00 -4.464262123909954816e-05
1.729166666666666519e+00 1.001950292861235381e+00 -1.716334616028498093e-03
1.750000000000000000e+00 9.929754787694466955e-01 -2.064264441775447070e-03
1.770833333333333259e+00 9.900708856031037453e-01 -1.065480670014254524e-03
1.791666666666666519e+00 9.894908306503059636e-01 -2.690110556072565821e-04
1.812500000000000000e+00 9.889062351544275487e-01 1.586571870139207377e-03
1.833333333333333259e+00 9.900254208219282370e-01 -6.331896821141065569e-04
1.854166666666666519e+00 9.905072540146527826e-01 -9.932943685356655610e-04
1.875000000000000000e+00 9.946099350780507331e-01 -1.034124933847550484e-03
1.895833333333333259e+00 9.880720620935152798e-01 1.899888930994101440e-03
1.916666666666666519e+00 9.875631364528828504e-01 4.891011262078505178e-04
1.937500000000000000e+00 9.959954064345936109e-01 5.349497404672131837e-05
1.958333333333333259e+00 1.002796503702418685e+00 6.759654193282329951e-04
1.979166666666666519e+00 1.000233993287813039e+00 3.063902582497342862e-04
2.000000000000000000e+00 9.997554872006177984e-01 4.586920371867899077e-04
2.020833333333333037e+00 9.753200232964788219e-01 -2.710832406558386174e-03
2.041666666666666519e+00 9.336921555037643872e-01 6.380336594775261718e-04
2.062500000000000000e+00 8.777137947320541311e-01 -3.010251215442924584e-05
2.083333333333333037e+00 8.023475530025070412e-01 1.440141329266831933e-03
2.104166666666666519e+00 7.388848959243315973e-01 -2.445223405469125130e-03
2.125000000000000000e+00 6.809851788536910311e-01 -6.813575836261972314e-04
2.145833333333333037e+00 6.363799672406473817e-01 2.072363029861789066e-03
2.166666666666666519e+00 6.271263081710779508e-01 -1.261522259641136229e-03
2.187500000000000000e+00 6.510736264265005735e-01 8.028293431878758164e-04
2.208333333333333037e+00 7.087129119474377958e-01 4.758037535753160377e-04
2.229166666666666519e+00 7.661421654199112030e-01 9.063091431730004727e-04
2.250000000000000000e+00 8.242921948255912401e-01 -1.328302700197798785e-03
2.270833333333333037e+00 8.864150647352606605e-01 3.589134263337353885e-04
2.291666666666666519e+00 9.381651241300233979e-01 -9.563143286137049245e-04
2.312500000000000000e+00 9.764620207946116404e-01 3.332073395371517276e-04
2.333333333333333037e+00 9.979349265817556436e-01 2.524804240736150049e-03
2.354166666666666519e+00 1.005337831084614386e+00 -5.641290355283744241e-04
2.375000000000000000e+00 1.018520589274962473e+00 -6.160649104203764462e-05
2.395833333333333037e+00 1.020912930589869427e+00 -1.629235671352424319e-03
2.416666666666666519e+00 1.023921822152134897e+00 -8.342502077689415135e-04
2.437500000000000000e+00 1.020928704104391516e+00 1.046552012734128061e-03
2.458333333333333037e+00 1.022673023271742476e+00 7.539361886653026456e-04
2.479166666666666519e+00 1.022106623066022291e+00 -1.527515859217176263e-04
2.500000000000000000e+00 1.012535146318229051e+00 4.833368146013332280e-04
2.520833333333333037e+00 1.001735722682699947e+00 1.157721757977032929e-03
2.541666666666666519e+00 9.867620690097823610e-01 -1.898429076501143657e-05
2.562500000000000000e+00 9.857684699037677634e-01 2.064635370046063827e-04
2.583333333333333037e+00 9.856566115680417406e-01 -2.475583163795504237e-04
2.604166666666666519e+00 9.927433157592224777e-01 8.794661090105261635e-04
2.625000000000000000e+00 9.993129354911172157e-01 -5.639296718988124268e-04
2.645833333333333037e+00 1.005874993348035096e+00 6.293678577386981358e-04
2.666666666666666519e+00 1.020521195574053408e+00 -9.529870574910974829e-06
2.687500000000000000e+00 1.025572848187712438e+00 7.527556743109563818e-04
2.708333333333333037e+00 1.029562338192280713e+00 -3.313940428768827546e-04
2.729166666666666519e+00 1.023966049292889480e+00 8.823950857060028526e-04
2.750000000000000000e+00 1.013321148909905212e+00 -4.203140981402737138e-04
2.770833333333333037e+00 1.001202108012387404e+00 7.575826865629310984e-04
2.791666666666666519e+00 1.002110319390074222e+00 1.601576678613768866e-03
2.812500000000000000e+00 1.004067303516470888e+00 -2.746306220698080912e-04
2.833333333333333037e+00 1.013804894506584953e+00 -1.617253478241424463e-03
2.854166666666666519e+00 1.020076496148174305e+00 5.636394083152033736e-04
2.875000000000000000e+00 1.020667399496013594e+00 -2.623877761795274910e-04
2.895833333333333037e+00 1.023371428736007394e+00 -7.947785682587426865e-04
2.916666666666666519e+00 1.024460344870659290e+00 1.543387414659255690e-05
2.937500000000000000e+00 1.020512025103142539e+00 9.943210553635909322e-04
2.958333333333333037e+00 1.013853681219147873e+00 -1.236141278493612349e-03
2.979166666666666519e+00 1.006403053051275753e+00 9.582119845296482820e-04
3.000000000000000000e+00 1.005637512796947908e+00 2.844496294224923184e-06
3.020833333333333037e+00 1.001564796335119301e+00 1.919696269946968240e-03
3.041666666666666519e+00 9.875908890416150721e-01 -5.346085795454729199e-04
3.062500000000000000e+00 9.880849804111184742e-01 -7.059052114465803494e-04
3.083333333333333037e+00 9.941536962930953569e-01 1.907381137264916975e-03
3.104166666666666519e+00 1.000060031030083119e+00 -2.650177496598771741e-03
3.125000000000000000e+00 1.003375051874720203e+00 7.345456930774858870e-04
3.145833333333333037e+00 9.999308204418501100e-01 1.055429163785299215e-03
3.166666666666666519e+00 1.006695139240137982e+00 8.466025657102008075e-04
3.187500000000000000e+00 1.017496910883921579e+00 1.996968450838490245e-03
3.208333333333333037e+00 1.030492905925828540e+00 -8.705979139867986525e-04
3.229166666666666519e+00 1.041636112767870381e+00 -1.668248505966083534e-04
3.250000000000000000e+00 1.056691314417369743e+00 -9.417961784446399849e-04
3.270833333333333037e+00 1.060808391629922243e+00 1.383089971552296836e-03
3.291666666666666519e+00 1.053034488405093727e+00 1.069364500158990995e-03
3.312500000000000000e+00 1.032072317875719847e+00 7.580257522108999665e-04
3.333333333333333037e+00 1.018638794123752911e+00 -2.771920283677724740e-03
3.354166666666666519e+00 1.006452276637681109e+00 3.753883935514087787e-05
3.375000000000000000e+00 9.927734651126473020e-01 -2.359539340649000207e-05
3.395833333333333037e+00 9.845696758794295622e-01 1.117746547421662228e-03
3.416666666666666519e+00 9.761698881844262932e-01 3.199647349927665745e-03
3.437500000000000000e+00 9.847163943693436616e-01 -3.490749917322164757e-04
3.458333333333333037e+00 9.821040317509945883e-01 1.277433006956751708e-03
3.479166666666666519e+00 9.936265478929432460e-01 2.003795986467633329e-03
3.500000000000000000e+00 9.914435190642287843e-01 1.925931363888640875e-03
3.520833333333333037e+00 1.010645158770903773e+00 -1.209382085266921727e-03
3.541666666666666519e+00 1.014145855961326781e+00 -6.396202756323090014e-04
3.562500000000000000e+00 1.022770797374052298e+00 -3.951927579158437398e-04
3.583333333333333037e+00 1.027837608547807813e+00 -1.171084162768418180e-04
3.604166666666666519e+00 1.037848281985835008e+00 -3.769549915203306120e-04
3.625000000000000000e+00 1.037952052879268949e+00 2.982835021272114908e-04
3.645833333333333037e+00 1.039661501880250638e+00 4.059621147961254054e-04
3.666666666666666519e+00 1.030149571192502833e+00 9.288994778358610057e-04
3.687500000000000000e+00 1.029085003223770167e+00 3.350099438565437213e-05
3.708333333333333037e+00 1.028154523629965178e+00 -5.509564333031649564e-04
3.729166666666666519e+00 1.022439159924874774e+00 1.538186150383262897e-03
3.750000000000000000e+00 1.020275063523550685e+00 1.541176339758746315e-03
3.770833333333333037e+00 1.013721930852437003e+00 -3.497585872456621808e-04
3.791666666666666519e+00 1.005889818611996667e+00 4.481471289974901296e-04
3.812500000000000000e+00 9.926493305501120634e-01 6.561740385932776989e-04
3.833333333333333037e+00 9.849270904117723990e-01 4.950243407467780658e-04
3.854166666666666519e+00 9.758907701772424614e-01 -1.131954698128488949e-03
3.875000000000000000e+00 9.769184677961514351e-01 -5.865355929741839229e-05
3.895833333333333037e+00 9.873644410461112075e-01 1.541409114948098878e-03
3.916666666666666519e+00 9.904905286191069136e-01 7.569140441491956084e-04
3.937500000000000000e+00 9.988009298693378835e-01 -2.204147421045818053e-03
3.958333333333333037e+00 1.004472773981021305e+00 -6.812937824180942056e-04
3.979166666666666519e+00 1.009635721140483611e+00 -1.976930791557885651e-03
4.000000000000000000e+00 1.013849483903586535e+00 7.890941492071739099e-04
4.020833333333333037e+00 1.014481938213996237e+00 3.150215553583707458e-04
4.041666666666666075e+00 1.013389543531809434e+00 -1.687459206630613539e-03
4.062500000000000000e+00 1.021941774205649356e+00 1.079197663937077030e-03
4.083333333333333037e+00 9.806952392924553896e-01 -1.463043255698096836e-03
4.104166666666666075e+00 9.010189644398808317e-01 -1.660099063619035282e-04
4.125000000000000000e+00 7.958946080946771584e-01 1.556520421837835969e-03
4.145833333333333037e+00 7.003055406541390804e-01 -3.588140780732815608e-04
4.166666666666666075e+00 6.595718202604728964e-01 1.708459753851793769e-03
4.187500000000000000e+00 6.399963877688821245e-01 2.708875055661183907e-03
4.208333333333333037e+00 6.686608007021024314e-01 3.198416429631669908e-04
4.229166666666666075e+00 7.614581052084130608e-01 3.416937933886296519e-04
4.250000000000000000e+00 8.633796602771904860e-01 -4.911134613783276994e-05
4.270833333333333037e+00 9.351481639181208338e-01 -1.171749531812442532e-03
4.291666666666666075e+00 9.613649963500080498e-01 7.927972174440228899e-04
4.312500000000000000e+00 9.765751099592266948e-01 1.189550727328685499e-03
4.333333333333333037e+00 9.840663093701309538e-01 -1.348994856127609242e-04
4.354166666666666075e+00 9.929950517688933553e-01 1.702976569413909612e-03
4.375000000000000000e+00 1.004437314535419734e+00 -6.320534158314345405e-04
4.395833333333333037e+00 1.013871076281435579e+00 2.352642090518454118e-03
4.416666666666666075e+00 1.029878693860307726e+00 -8.338302518519861289e-04
4.437500000000000000e+00 1.034670214427469315e+00 2.330804927380502158e-04
4.458333333333333037e+00 1.026625894939989569e+00 -1.164996720787495402e-03
4.479166666666666075e+00 1.021312938471007792e+00 -2.200350696133196625e-05
4.500000000000000000e+00 1.028106249697444463e+00 1.034981046235115484e-03
4.520833333333333037e+00 1.031089308079135680e+00 -1.624054576905710045e-03
4.541666666666666075e+00 1.024399230468795885e+00 8.469564031701157280e-04
4.562500000000000000e+00 1.019669650305853770e+00 2.494362871842802348e-03
4.583333333333333037e+00 1.008668555014089252e+00 3.543000835436987527e-04
4.604166666666666075e+00 9.985651881691145482e-01 -2.623742558397292902e-03
4.625000000000000000e+00 9.918355178178527298e-01 1.462770334883595853e-03
4.645833333333333037e+00 9.855604571682106130e-01 3.030835236158153315e-03
4.666666666666666075e+00 9.845911885264628793e-01 1.502471013339853109e-04
4.687500000000000000e+00 9.825875703587475529e-01 4.671679844910513928e-04
4.708333333333333037e+00 9.755957788484640458e-01 1.586729660861301060e-03
4.729166666666666075e+00 9.748152341435363244e-01 1.632537304488219454e-03
4.750000000000000000e+00 9.761416034386055651e-01 6.381573268763768595e-04
4.770833333333333037e+00 9.827026722124162506e-01 -1.919822817621827729e-03
4.791666666666666075e+00 9.666015212534837531e-01 1.623319765548190941e-04
4.812500000000000000e+00 9.416159502538228310e-01 -1.725752911955163397e-03
4.833333333333333037e+00 8.952362157782119967e-01 6.831593107509194860e-04
4.854166666666666075e+00 8.416790707571357721e-01 1.542764730416130211e-03
4.875000000000000000e+00 7.823418844933051064e-01 1.493720633124585558e-03
4.895833333333333037e+00 7.232590894187367336e-01 -4.424603294230125658e-04
4.916666666666666075e+00 6.722203002077745682e-01 9.538634478268536148e-04
4.937500000000000000e+00 6.510138463694845612e-01 -2.507875876372005902e-03
4.958333333333333037e+00 6.448192354908923729e-01 2.153511611528593052e-04
4.979166666666666075e+00 6.656120362902785415e-01 -1.263516143116420309e-03
5.000000000000000000e+00 7.229089731687432518e-01 -1.365318210390420277e-03
5.020833333333333037e+00 7.953837601453926931e-01 8.660466555653230369e-04
5.041666666666666075e+00 8.678599936092226130e-01 7.331807144465696648e-04
5.062500000000000000e+00 9.291172750731324648e-01 5.838417040623619962e-04
5.083333333333333037e+00 9.810161435666957530e-01 1.575197393095565182e-03
5.104166666666666075e+00 1.011416312986090471e+00 1.382393892292376695e-03
5.125000000000000000e+00 1.031473150830781726e+00 -1.206100141968699481e-03
5.145833333333333037e+00 1.027174027602767881e+00 -2.963995135149773727e-04
5.166666666666666075e+00 1.018716009239865938e+00 1.380859136233537595e-03
5.187500000000000000e+00 1.002224732359090931e+00 5.920684970595631704e-04
5.208333333333333037e+00 9.987502698836741022e-01 2.067664664036772057e-03
5.229166666666666075e+00 9.890084045530980195e-01 4.329641055020361055e-03
5.250000000000000000e+00 9.698296445276530786e-01 -1.048972862634113675e-03
5.270833333333333037e+00 9.694283498152863610e-01 -5.959068369230714236e-04
5.291666666666666075e+00 9.774655594767043265e-01 1.193840293614689685e-03
5.312500000000000000e+00 9.893861178005705082e-01 7.238068887834658936e-04
5.333333333333333037e+00 1.000291817406192774e+00 -4.981048212657700983e-04
5.354166666666666075e+00 1.006614732600482176e+00 8.048631269498110236e-05
5.375000000000000000e+00 1.023072061162138668e+00 1.837696683886139984e-03
5.395833333333333037e+00 1.026231699119731555e+00 -2.086154757241438177e-03
5.416666666666666075e+00 1.019677611743406986e+00 1.629292222500815799e-03
5.437500000000000000e+00 1.014764842241658194e+00 9.395273001701495924e-04
5.458333333333333037e+00 1.003712320745650421e+00 2.367880121553616289e-03
5.479166666666666075e+00 9.971735335640388165e-01 -6.924668034129542000e-04
5.500000000000000000e+00 9.975601951627123265e-01 -1.517878691113200371e-03
5.520833333333333037e+00 1.001179264510957179e+00 3.193713513611059433e-03
5.541666666666666075e+00 1.021799982162998610e+00 -7.581951823407993883e-04
5.562500000000000000e+00 1.042000919135742665e+00 -1.090895517121549503e-03
5.583333333333333037e+00 1.040550523747506784e+00 4.442968109519853629e-04
5.604166666666666075e+00 1.037066843307573816e+00 2.600878591697696092e-03
5.625000000000000000e+00 1.028870265498886827e+00 -6.856375739705197758e-04
5.645833333333333037e+00 1.023239235664577862e+00 -6.011362304745291631e-05
5.666666666666666075e+00 1.007275413070399805e+00 1.334196759381854657e-03
5.687500000000000000e+00 1.001665468765526423e+00 2.789110504320877620e-03
5.708333333333333037e+00 9.894404795797101526e-01 1.977703517653518935e-03
5.729166666666666075e+00 9.847897429584674400e-01 -1.101380298939328263e-03
5.750000000000000000e+00 9.862013574055645826e-01 -2.121317977770872248e-03
5.770833333333333037e+00 9.788665216545169301e-01 -1.279963913162006361e-03
5.791666666666666075e+00 9.864731428020507842e-01 -1.756274401345467653e-03
5.812500000000000000e+00 1.002635771036097800e+00 1.184692391527375815e-05
5.833333333333333037e+00 1.014772458846741054e+00 -1.459708913159218913e-03
5.854166666666666075e+00 1.019200301826424626e+00 9.596943935522502271e-04
5.875000000000000000e+00 1.019604669690470367e+00 8.683121967926639689e-04
5.895833333333333037e+00 1.023052995378871399e+00 3.874980250355016757e-04
5.916666666666666075e+00 1.024864502083989271e+00 1.477888095164152068e-03
5.937500000000000000e+00 1.029684218046144295e+00 -1.687255889997740354e-03
5.958333333333333037e+00 1.020032067886098348e+00 7.370169542509862320e-04
5.979166666666666075e+00 1.024189075621197098e+00 1.434077945778032299e-04
6.000000000000000000e+00 1.016255733811452844e+00 1.834527378568273593e-03
6.020833333333333037e+00 1.015481395370025464e+00 -4.839368468226095082e-04
6.041666666666666075e+00 1.009505993552000547e+00 -1.719366790384250620e-03
6.062500000000000000e+00 1.007576493494706904e+00 2.239502737495810934e-03
6.083333333333333037e+00 1.010338463071501769e+00 6.357132680855199190e-04
6.104166666666666075e+00 1.011058319922941262e+00 -2.479375000161658906e-04
6.125000000000000000e+00 1.006335141147051138e+00 1.288750072017524288e-03
6.145833333333333037e+00 1.002931877439110275e+00 4.729385142036472223e-05
6.166666666666666075e+00 1.002601471471915584e+00 1.658793173411854957e-03
6.187500000000000000e+00 1.014001692495247076e+00 -3.262400324272113545e-04
6.208333333333333037e+00 1.018767674037120541e+00 -1.941176186999827918e-03
6.229166666666666075e+00 1.021963470086258097e+00 -1.041250770611896201e-03
6.250000000000000000e+00 1.023481488956676566e+00 1.714943882141397279e-03
6.270833333333333037e+00 1.021305313285880700e+00 4.493425004179298944e-05
6.291666666666666075e+00 1.015656247842975812e+00 7.837152869504571432e-04
6.312500000000000000e+00 1.012157200701007564e+00 1.332778025680509109e-03
6.333333333333333037e+00 1.007471669097033784e+00 -2.740337901404942249e-03
6.354166666666666075e+00 1.017223643772253272e+00 -8.744857148096522653e-04
6.375000000000000000e+00 1.014303627575539046e+00 1.320324255834918244e-03
6.395833333333333037e+00 1.009811722817120394e+00 1.403118055611311799e-04
6.416666666666666075e+00 1.007336724150794227e+00 2.581027982187801529e-04
6.437500000000000000e+00 1.010173515228445895e+00 2.499743098414954805e-04
6.458333333333333037e+00 1.012376965265872952e+00 7.093576704702659816e-04
6.479166666666666075e+00 1.011134104363556885e+00 5.447599694782917197e-04
6.500000000000000000e+00 1.010862959590746346e+00 -4.961164608667568716e-04
6.520833333333333037e+00 1.025223133687702237e+00 1.102826774860017839e-03
6.541666666666666075e+00 1.030882899597337810e+00 -6.879220174041613279e-04
6.562500000000000000e+00 1.031121538968392981e+00 -7.067492673968550979e-04
6.583333333333333037e+00 1.027575493525219041e+00 -5.104102954102757638e-04
6.604166666666666075e+00 1.025489810406803093e+00 -5.487506972997960048e-04
6.625000000000000000e+00 1.014702659376193417e+00 1.395098600719284860e-03
6.645833333333333037e+00 9.987881836596783636e-01 3.008906199645112610e-04
6.666666666666666075e+00 9.821133431602692143e-01 -2.393059908024816043e-04
6.687500000000000000e+00 9.775598860135110701e-01 1.038124068159044025e-03
6.708333333333333037e+00 9.814921080375963447e-01 3.383066663961118727e-04
6.729166666666666075e+00 9.815379895388974818e-01 -1.790003624259701737e-03
6.750000000000000000e+00 9.951305507487968605e-01 -2.862349289428709007e-03
6.770833333333333037e+00 1.003140603982859869e+00 -7.855677901192592268e-04
6.791666666666666075e+00 1.018439771759414469e+00 1.866252699992739005e-03
6.812500000000000000e+00 1.022643664227013804e+00 -2.556846505579714584e-03
6.833333333333333037e+00 1.016497684954623670e+00 1.250580982230177940e-04
6.854166666666666075e+00 9.993540337720682176e-01 1.235095901232318447e-03
6.875000000000000000e+00 9.353388851449648822e-01 -4.132211214283993111e-04
6.895833333333333037e+00 8.398410804011499087e-01 1.171817455712963532e-04
6.916666666666666075e+00 7.316347341904324564e-01 -9.158989137633520442e-04
6.937500000000000000e+00 6.609265266725836696e-01 -1.573681078180603002e-03
6.958333333333333037e+00 6.694475761230596067e-01 -3.307733118397138215e-03
6.979166666666666075e+00 6.798449709281824127e-01 -3.191221373886558160e-04
7.000000000000000000e+00 7.469603254348858856e-01 -1.610635239039951371e-04
7.020833333333333037e+00 8.295514270731666473e-01 1.525679582777278854e-04
7.041666666666666075e+00 9.036391024690429985e-01 -6.646374146612140429e-04
7.062500000000000000e+00 9.577532920948840234e-01 -2.208345282872786080e-04
7.083333333333333037e+00 9.673096913409621189e-01 2.100902833223500265e-04
7.104166666666666075e+00 9.754969716807012636e-01 1.905742939015507044e-03
7.125000000000000000e+00 9.851848478831749523e-01 -5.123356347019457791e-04
7.145833333333333037e+00 1.003837165402058584e+00 4.891251156878834031e-04
7.166666666666666075e+00 1.019590734420421141e+00 1.426855199892619044e-03
7.187500000000000000e+00 1.021183250872160553e+00 -2.486362439379095814e-03
7.208333333333333037e+00 1.019774153878102219e+00 -2.820721487405566420e-03
7.229166666666666075e+00 1.029658054006494128e+00 -4.304321867880610535e-04
7.250000000000000000e+00 1.030202260535021175e+00 7.127294224774174698e-04
7.270833333333333037e+00 1.015066255566749343e+00 1.553970501859084459e-03
7.291666666666666075e+00 9.986066228164509617e-01 8.574057067993289113e-04
7.312500000000000000e+00 9.900467023029743130e-01 2.132288394363308914e-03
7.333333333333333037e+00 9.870686523232214959e-01 1.332061929391745473e-03
7.354166666666666075e+00 9.867191501613546967e-01 -1.521688291658940262e-03
7.375000000000000000e+00 9.896697061909593973e-01 -3.595524669083796513e-04
7.395833333333333037e+00 9.984574046090852750e-01 2.356431008930714218e-03
7.416666666666666075e+00 1.010184863058187554e+00 -1.277149640719153073e-04
7.437500000000000000e+00 1.007049300750920029e+00 -5.871212407126487256e-04
7.458333333333333037e+00 1.010137632396021168e+00 -3.444372645210891240e-04
7.479166666666666075e+00 1.003893843578854250e+00 -6.350375117348037004e-04
7.500000000000000000e+00 1.006297884245792584e+00 -4.346357695599692992e-04
7.520833333333333037e+00 9.983454203162642759e-01 -4.276640676724288216e-04
7.541666666666666075e+00 9.884578382105684291e-01 9.058759913151954004e-04
7.562500000000000000e+00 9.783537485715394499e-01 1.348351856643694802e-03
7.583333333333333037e+00 9.609282951984532417e-01 1.462028640363120368e-03
7.604166666666666075e+00 9.314328831058397151e-01 9.226773335519098361e-04
7.625000000000000000e+00 8.763102293983793256e-01 1.367773215606319986e-03
7.645833333333333037e+00 8.193081016225428614e-01 4.599270169228734245e-04
7.666666666666666075e+00 7.567244429470437739e-01 2.352880872575039849e-04
7.687500000000000000e+00 6.880571679921219097e-01 2.214036803822829651e-04
7.708333333333333037e+00 6.401802507589247071e-01 -1.467274601165664306e-03
7.729166666666666075e+00 6.215226914271615444e-01 1.295702327511313997e-03
7.750000000000000000e+00 6.602193588988394257e-01 1.342573213835764208e-04
7.770833333333333037e+00 7.178576292186451546e-01 9.557720493473975025e-04
7.791666666666666075e+00 7.857378232916357730e-01 1.851611238922808373e-03
7.812500000000000000e+00 8.407470441530461303e-01 3.411488143177716058e-03
7.833333333333333037e+00 8.860533440168510966e-01 2.516355948785254856e-03
7.854166666666666075e+00 9.332918785852514221e-01 1.681242582604051267e-03
7.875000000000000000e+00 9.572903402618483382e-01 -3.562278096602715296e-04
7.895833333333333037e+00 9.636351196420835930e-01 -1.009848265268784625e-03
7.916666666666666075e+00 9.737182623014549732e-01 -2.351094677182976548e-03
7.937500000000000000e+00 9.737964716360719697e-01 2.260179368689109371e-03
7.958333333333333037e+00 9.833755761741177492e-01 -1.980469836474617763e-03
7.979166666666666075e+00 1.000332167885395362e+00 -4.624391450095906341e-04
8.000000000000000000e+00 1.009567492181931314e+00 -4.719669219273747067e-04
8.020833333333332149e+00 1.021870253514951532e+00 4.307221886688654975e-04
8.041666666666666075e+00 1.033784522943548057e+00 1.631275045890960259e-03
8.062500000000000000e+00 1.034895836873824360e+00 1.669095551048289244e-03
8.083333333333332149e+00 1.034987179330549401e+00 7.373828562412343770e-05
8.104166666666666075e+00 1.039824682385888988e+00 -6.029370102871423444e-04
8.125000000000000000e+00 1.037812821552005937e+00 1.560410204949856921e-04
8.145833333333332149e+00 1.028072392547282110e+00 -1.508145657060447732e-03
8.166666666666666075e+00 1.018234273980993976e+00 -1.236629010009934282e-04
8.187500000000000000e+00 1.001324115274627058e+00 9.581191316139045142e-05
8.208333333333332149e+00 9.892736040960388166e-01 -5.870620450754229926e-05
8.229166666666666075e+00 9.884196379006313649e-01 1.070849886330486455e-03
8.250000000000000000e+00 9.788481044955428256e-01 2.011638059126015445e-04
8.270833333333332149e+00 9.864892774372158168e-01 -1.795538458993743030e-04
8.291666666666666075e+00 9.957363020645233487e-01 2.532780425422796917e-03
8.312500000000000000e+00 9.915056946158308238e-01 5.411540168696190537e-04
8.333333333333332149e+00 9.941001197569295789e-01 1.943181460783060350e-03
8.354166666666666075e+00 9.924369346672485825e-01 2.564108891926277791e-04
8.375000000000000000e+00 1.007731622451006004e+00 -1.342992962790966411e-03
8.395833333333332149e+00 1.021083125059267127e+00 -5.134388990336465324e-04
8.416666666666666075e+00 1.031661583602670351e+00 1.008281883365009807e-03
8.437500000000000000e+00 1.031832355779111143e+00 -9.220409018355704700e-04
8.458333333333332149e+00 1.030230157002580915e+00 7.085839577444046598e-04
8.479166666666666075e+00 1.025129801292041343e+00 -2.741228708686828473e-04
8.500000000000000000e+00 1.018544383253713992e+00 1.370940709195786261e-03
8.520833333333332149e+00 1.011525564740541450e+00 -3.565964553219194764e-04
8.541666666666666075e+00 1.009754362334646771e+00 -2.082839878567625726e-03
8.562500000000000000e+00 1.014910121448152402e+00 -4.569243374803347389e-04
8.583333333333332149e+00 1.009310308255723321e+00 -2.934612371492287524e-03
8.604166666666666075e+00 1.006437395212775865e+00 -1.870848504072290461e-03
8.625000000000000000e+00 1.010967944496977466e+00 1.186979763977311217e-03
8.645833333333332149e+00 1.018276964977298249e+00 -1.158159528715235217e-04
8.666666666666666075e+00 1.016181234572444136e+00 1.355132031459879401e-03
8.687500000000000000e+00 1.011920361028161963e+00 -1.885114214781454575e-03
8.708333333333332149e+00 1.007307660341835165e+00 2.029887720988241950e-03
8.729166666666666075e+00 1.008933800469745456e+00 1.849110980287289928e-04
8.750000000000000000e+00 1.015309315303457804e+00 -1.329229402884775152e-03
8.770833333333332149e+00 1.015110729802640277e+00 -1.373797799623793564e-03
8.791666666666666075e+00 1.014247109698119376e+00 -1.257912484098243399e-03
8.812500000000000000e+00 1.020681241049568921e+00 -2.903948176410374102e-03
8.833333333333332149e+00 1.011738310142696662e+00 1.447086773260521141e-03
8.854166666666666075e+00 9.981894304796904427e-01 -3.217209859633295789e-05
8.875000000000000000e+00 9.892094134986619824e-01 -6.586728938114756911e-04
8.895833333333332149e+00 9.915305561236299470e-01 -2.491790553027778540e-04
8.916666666666666075e+00 1.006311915423012016e+00 2.108200972369512344e-03
8.937500000000000000e+00 1.011350594867552743e+00 -2.680316153124783873e-04
8.958333333333332149e+00 1.023583659697381076e+00 8.751831615273514709e-04
8.979166666666666075e+00 1.028800139837350081e+00 -4.486676086233739539e-04
9.000000000000000000e+00 1.040802091661343187e+00 -4.102360276885447964e-05
9.020833333333332149e+00 1.039224120391671669e+00 -1.095543099757815544e-03
9.041666666666666075e+00 1.037305228383330835e+00 -8.595039817289933061e-04
9.062500000000000000e+00 1.029942688871883671e+00 -4.188672079561153944e-04
9.083333333333332149e+00 1.027458927733338356e+00 2.921415068875844170e-04
9.104166666666666075e+00 1.011217512803828766e+00 2.097472626014284646e-03
9.125000000000000000e+00 9.915579169625110545e-01 -1.233033736994951744e-03
9.145833333333332149e+00 9.786321112681045653e-01 -5.205589173634546894e-04
9.166666666666666075e+00 9.806632433393565051e-01 1.445695576384601385e-03
9.187500000000000000e+00 9.915821563054911802e-01 -3.123264261935953124e-04
9.208333333333332149e+00 9.950603817967589304e-01 -1.896056311327130655e-03
9.229166666666666075e+00 1.002221819510535683e+00 5.834222685777327522e-04
9.250000000000000000e+00 1.009359770743206486e+00 -3.122567105443267862e-04
9.270833333333332149e+00 1.027523558053503594e+00 -6.367907742341457960e-04
9.291666666666666075e+00 1.033823997999269162e+00 2.488864735753729563e-03
9.312500000000000000e+00 1.036962992713223786e+00 -2.183769244822938733e-03
9.333333333333332149e+00 1.035393620118167046e+00 4.316038906835064086e-04
9.354166666666666075e+00 1.034232054274527357e+00 1.025712897489903814e-03
9.375000000000000000e+00 1.027956546177784203e+00 9.224340173314078727e-04
9.395833333333332149e+00 1.014074916898286105e+00 1.130144715529803187e-03
9.416666666666666075e+00 1.001438850954705417e+00 -2.483669350601907296e-03
9.437500000000000000e+00 1.001595287945453716e+00 -7.715325173177269708e-04
9.458333333333332149e+00 9.960561607113425087e-01 -9.694330125598693906e-04
9.479166666666666075e+00 9.966189169106939305e-01 1.165481944484941757e-03
9.500000000000000000e+00 9.948516520624151038e-01 -4.573540232113304667e-04
9.520833333333332149e+00 1.002782656395188488e+00 6.444859778034706587e-04
9.541666666666666075e+00 1.007490930016051722e+00 -1.831541322845605183e-04
9.562500000000000000e+00 1.011645586717093481e+00 -1.819115820946952183e-03
9.583333333333332149e+00 1.008000702876342247e+00 2.191328156639273800e-05
9.604166666666666075e+00 1.007997351800416830e+00 -1.825465855806469168e-03
9.625000000000000000e+00 9.966526784558663588e-01 -1.330089439702640194e-03
9.645833333333332149e+00 9.582580276407567377e-01 -9.891557130157528025e-04
9.666666666666666075e+00 8.800945360083477498e-01 -4.549647935095993672e-04
9.687500000000000000e+00 7.842693535244246172e-01 1.637243561565568384e-03
9.708333333333332149e+00 6.958209854940264893e-01 -9.020056453245898749e-04
9.729166666666666075e+00 6.516598153341638389e-01 1.027660417832446929e-03
9.750000000000000000e+00 6.439105305154743109e-01 2.375166507698269446e-03
9.770833333333332149e+00 6.692619304719643614e-01 -1.991268246766355102e-04
9.791666666666666075e+00 7.585766170933830876e-01 2.170166148808602008e-03
9.812500000000000000e+00 8.626499246228077622e-01 4.304382484622988050e-04
9.833333333333332149e+00 9.392248928180778611e-01 1.069686234455272502e-03
9.854166666666666075e+00 9.813089814645308273e-01 -9.577696968511445214e-04
9.875000000000000000e+00 1.004284626387664359e+00 2.465164118042215049e-03
9.895833333333332149e+00 1.020475234786238916e+00 3.215186301059079011e-04
9.916666666666666075e+00 1.033988662881361487e+00 -1.948607592591062850e-04
9.937500000000000000e+00 1.036060310634501436e+00 -4.554619414495289531e-04
9.958333333333332149e+00 1.045677902832498507e+00 -1.987751250349223831e-03
9.979166666666666075e+00 1.032152284472639625e+00 4.510604323419952475e-04
1.000000000000000000e+01 1.019766613001222844e+00 4.580191411597746314e-05
1.002083333333333215e+01 9.983562412146951281e-01 3.566711999081625343e-04
1.004166666666666607e+01 9.947528811059554998e-01 -1.066807929961379299e-03
1.006250000000000000e+01 9.956422205020853955e-01 1.721671944891430591e-04
1.008333333333333215e+01 9.969511951688564411e-01 8.992605020007760509e-04
1.010416666666666607e+01 9.918023491052586627e-01 -4.021214088985956142e-04
1.012500000000000000e+01 9.942148867145981228e-01 2.019775904863491556e-03
1.014583333333333215e+01 9.961283905950198969e-01 6.923690248108133136e-04
1.016666666666666607e+01 9.940945049977452097e-01 6.607316929792237141e-04
1.018750000000000000e+01 9.885898105793481383e-01 -8.660508980838594944e-04
1.020833333333333215e+01 9.928757273870110200e-01 -5.479273220970968654e-05
1.022916666666666607e+01 9.912971932226973815e-01 -2.436285082789993450e-03
1.025000000000000000e+01 9.839757784513423200e-01 8.316172732453743421e-04
1.027083333333333215e+01 9.726385324313923109e-01 -2.812120179971920922e-04
1.029166666666666607e+01 9.688595188027511185e-01 1.922942220665196586e-04
1.031250000000000000e+01 9.745175646072130604e-01 -5.729250160018089892e-04
1.033333333333333215e+01 1.000300025503254142e+00 1.027675646309294090e-03
1.035416666666666607e+01 9.899562317893711993e-01 -1.242442154940640031e-03
1.037500000000000000e+01 9.653140382387050966e-01 -2.300902458963832394e-04
1.039583333333333215e+01 9.251110435107391394e-01 -5.967193533818914613e-04
1.041666666666666607e+01 8.743956255708459357e-01 -1.236095010197632007e-03
1.043750000000000000e+01 8.078827619503040625e-01 -6.854644768458462243e-04
1.045833333333333215e+01 7.455088102369580305e-01 1.085179620691506357e-03
1.047916666666666607e+01 7.034853530162986646e-01 4.251978186110114306e-04
1.050000000000000000e+01 6.688064803756440524e-01 1.410566313108218856e-03
1.052083333333333215e+01 6.587568777524932528e-01 -5.986895091260604432e-04
1.054166666666666607e+01 6.737926113053694932e-01 9.376523995203460329e-04
1.056250000000000000e+01 7.127386457620189519e-01 -9.402854533793855892e-04
1.058333333333333215e+01 7.775781616755881309e-01 -1.355707011765592239e-03
1.060416666666666607e+01 8.311350763631031313e-01 2.851164246417429104e-04
1.062500000000000000e+01 8.776248307442774399e-01 -2.815607752932717286e-04
1.064583333333333215e+01 9.308624857411903486e-01 9.992868976750114186e-04
1.066666666666666607e+01 9.643026923882608292e-01 1.542007625937283799e-04
1.068750000000000000e+01 9.872970576919045671e-01 -1.494852669519482246e-03
1.070833333333333215e+01 9.863201979330303848e-01 1.537685359602985417e-03
1.072916666666666607e+01 9.890148007615902070e-01 -2.123671893634603534e-03
1.075000000000000000e+01 9.985614218073796122e-01 -3.842185695428751283e-04
1.077083333333333215e+01 1.005916430275280327e+00 4.883658483662402586e-04
1.079166666666666607e+01 1.007820029092976855e+00 -7.353188062639167105e-05
1.081250000000000000e+01 1.005046404096862522e+00 2.247146875628257181e-03
1.083333333333333215e+01 1.011640714863620616e+00 -7.462095168280015895e-06
1.085416666666666607e+01 1.017968764277782157e+00 2.289544101958427506e-03
1.087500000000000000e+01 1.020734690515201715e+00 -8.733447181968840905e-04
1.089583333333333215e+01 1.016746078709414469e+00 9.727292386672237645e-04
1.091666666666666607e+01 1.016892799080608034e+00 7.958378286554611747e-04
1.093750000000000000e+01 1.020986519260408398e+00 -1.697064759847297360e-03
1.095833333333333215e+01 1.025221606021623266e+00 1.240011758719815555e-03
1.097916666666666607e+01 1.023447571504676468e+00 1.551110457141781102e-03
1.100000000000000000e+01 1.021664690620676330e+00 -9.617123341416161609e-04
1.102083333333333215e+01 1.014415005971786243e+00 1.053267614210366904e-03
1.104166666666666607e+01 1.010563593626267354e+00 -1.590575843524247085e-03
1.106250000000000000e+01 9.970047146223953716e-01 1.142745232061371987e-04
1.108333333333333215e+01 9.903892335506417899e-01 8.437143877330177232e-05
1.110416666666666607e+01 9.959034153751384899e-01 -4.669726932878450615e-04
1.112500000000000000e+01 9.973613066850727238e-01 2.859467386766350260e-04
1.114583333333333215e+01 9.982750873470080943e-01 1.515955084050459121e-03
1.116666666666666607e+01 9.886909892682992362e-01 -1.984499123611167676e-05
1.118750000000000000e+01 1.000756013654992005e+00 3.310140469308127560e-03
1.120833333333333215e+01 1.001632491027281358e+00 -6.088192906983583698e-05
1.122916666666666607e+01 1.000931932947740410e+00 4.486256266232397012e-04
1.125000000000000000e+01 1.005458397204439525e+00 1.162980121011617917e-03
1.127083333333333215e+01 1.017186923060987125e+00 1.659645981284254331e-03
1.129166666666666607e+01 1.022367846041225548e+00 -4.365747114704711450e-04
1.131250000000000000e+01 1.036415084860478508e+00 -2.716707638767983489e-05
1.133333333333333215e+01 1.038777476039669301e+00 -1.538747483246329052e-03
1.135416666666666607e+01 1.035161337303875051e+00 4.008179225670167943e-04
1.137500000000000000e+01 1.035294290217283031e+00 -1.594227523753513360e-03
1.139583333333333215e+01 1.019994375904572870e+00 7.697982124313101774e-05
1.141666666666666607e+01 1.000628545166714511e+00 -1.095471326181872516e-03
1.143750000000000000e+01 9.918514953152940405e-01 1.092940104531797858e-03
1.145833333333333215e+01 9.845572078435013141e-01 1.383626677339217263e-03
1.147916666666666607e+01 1.000319824390864865e+00 -1.132248210869204021e-03
1.150000000000000000e+01 1.006892469929117961e+00 -6.902671319085917933e-05
1.152083333333333215e+01 1.016213939535128841e+00 -4.004045993664271871e-04
1.154166666666666607e+01 1.020798493921759142e+00 -1.111923555472883361e-04
1.156250000000000000e+01 1.017033582715418882e+00 2.481784666557572167e-04
1.158333333333333215e+01 1.012963577438960705e+00 -1.541590230623693283e-04
1.160416666666666607e+01 1.010682268511901238e+00 2.123560093620180690e-05
1.162500000000000000e+01 1.006356753277642069e+00 -8.537497150330230263e-04
1.164583333333333215e+01 1.013273666302838105e+00 9.546896575625754555e-04
1.166666666666666607e+01 1.007558218284723361e+00 -1.203192477557991913e-03
1.168750000000000000e+01 1.002922583323325734e+00 -4.552582621583512856e-04
1.170833333333333215e+01 1.002436056213565907e+00 -2.145417211462193833e-03
1.172916666666666607e+01 1.003541617557946575e+00 1.177185432853827948e-03
1.175000000000000000e+01 1.017760922474421070e+00 1.607330727057725570e-03
1.177083333333333215e+01 1.021820696946238671e+00 1.522756868573018089e-03
1.179166666666666607e+01 1.028769896041689336e+00 -7.602996020163920116e-04
1.181250000000000000e+01 1.027356003441524113e+00 -6.486594400226767133e-04
1.183333333333333215e+01 1.024507962161781194e+00 4.975649602576924079e-04
1.185416666666666607e+01 1.012979610585574841e+00 2.512091037832475801e-04
1.187500000000000000e+01 1.008650000225244536e+00 1.917693587096678393e-03
1.189583333333333215e+01 1.011325150718181076e+00 -9.742646248405389779e-04
1.191666666666666607e+01 1.020109132111878258e+00 3.214662877085236329e-04
1.193750000000000000e+01 1.019584538451273170e+00 3.914637414772446098e-04
1.195833333333333215e+01 1.021132641351997439e+00 -1.650501346654033568e-03
1.197916666666666607e+01 1.020934346516753077e+00 9.639168741601324012e-04
1.200000000000000000e+01 1.026500028394583985e+00 -7.018188682110108921e-05
1.202083333333333215e+01 1.015672463848471985e+00 7.944868703836729679e-04
1.204166666666666607e+01 1.009849148688128473e+00 1.747890962406138714e-03
1.206250000000000000e+01 1.009387236588184189e+00 5.300238047582789139e-04
1.208333333333333215e+01 1.007259311999656681e+00 -1.351318807729780854e-03
1.210416666666666607e+01 1.000724691233411567e+00 -1.200273802031925213e-03
1.212500000000000000e+01 1.003092652553332575e+00 6.994990155281262216e-04
1.214583333333333215e+01 1.007921176427369003e+00 2.152945444422881601e-03
1.216666666666666607e+01 1.002444360188734285e+00 1.072825443739050403e-03
1.218750000000000000e+01 9.985228520842476252e-01 -1.126270139057749869e-03
1.220833333333333215e+01 9.923441075334699102e-01 -1.828214485717571513e-03
1.222916666666666607e+01 9.959342551767665919e-01 2.059744168385872157e-03
1.225000000000000000e+01 9.974686606805646116e-01 1.120148171757815933e-03
1.227083333333333215e+01 1.015218573728233320e+00 -2.023224189373399456e-03
1.229166666666666607e+01 1.025025538123366387e+00 -1.073516275748119921e-03
1.231250000000000000e+01 1.026260409536681850e+00 9.707847743940542333e-04
1.233333333333333215e+01 1.028713725638431331e+00 7.188793228553357409e-05
1.235416666666666607e+01 1.022092245439703673e+00 -1.288104147645089878e-04
1.237500000000000000e+01 1.011453487797698392e+00 2.549969052195681161e-05
1.239583333333333215e+01 9.936911686343405936e-01 6.873986232482710065e-04
1.241666666666666607e+01 9.803693647435826053e-01 -1.409998670768909147e-03
1.243750000000000000e+01 9.267899989665083771e-01 -1.307211036160195461e-03
1.245833333333333215e+01 8.452660387567199063e-01 -2.686914249757164485e-04
1.247916666666666607e+01 7.447804044421810765e-01 1.129969731708963584e-03
1.452083333333333215e+01 1.002187117170282749e+00 1.888342193450934193e-03
1.454166666666666607e+01 1.001217220141044972e+00 -1.390793624567721086e-03
1.456250000000000000e+01 1.003252236632467653e+00 7.550548119836344215e-04
1.458333333333333215e+01 1.007011937745437180e+00 1.927466209889037866e-03
1.460416666666666607e+01 1.014756249605667682e+00 4.387697127319566511e-05
1.462500000000000000e+01 1.020669284698056511e+00 1.825248887497027059e-03
1.464583333333333215e+01 1.031971894013947066e+00 -9.150356679126376560e-05
1.466666666666666607e+01 1.026586000800892462e+00 7.393913979294520263e-04
1.468750000000000000e+01 1.030401883046314193e+00 -2.782141102082435623e-04
1.470833333333333215e+01 1.029798126120019308e+00 5.721307961382223091e-04
1.472916666666666607e+01 1.037486676178365208e+00 -8.946051383140534927e-04
1.475000000000000000e+01 1.040649731706838832e+00 -8.992159125897056021e-04
1.477083333333333215e+01 1.030966312892770853e+00 1.607471551220281949e-03
1.479166666666666607e+01 1.018077503549470908e+00 -1.284669637923591340e-03
1.481250000000000000e+01 1.014230627740480450e+00 6.238781444302120044e-05
1.483333333333333215e+01 1.009621000657066059e+00 8.909710975659887401e-05
1.485416666666666607e+01 1.006211343433260907e+00 1.346395125387316863e-03
1.487500000000000000e+01 9.992278403234611250e-01 1.274411078785753779e-03
1.489583333333333215e+01 1.003032246087558921e+00 4.176295050344176968e-04
1.491666666666666607e+01 9.979073974899234090e-01 6.063383531494569238e-05
1.493750000000000000e+01 9.889870348876433903e-01 9.535514451908888925e-04
1.495833333333333215e+01 9.870845353619577267e-01 1.142928470385033311e-03
1.497916666666666607e+01 9.869336373932288131e-01 -1.064731220523844812e-03
1.500000000000000000e+01 9.945086782379989332e-01 5.626431475048237173e-04
1.502083333333333215e+01 1.002733169789588485e+00 9.353159111601070394e-04
1.504166666666666607e+01 1.004160519116273464e+00 1.596798351131872244e-03
1.506250000000000000e+01 1.001304315206643647e+00 1.900518447804568295e-03
1.508333333333333215e+01 1.010472745580494713e+00 -4.705074583829910151e-04
1.510416666666666607e+01 1.011215950624944515e+00 -2.534374078098687935e-04
1.512500000000000000e+01 1.014383959361878196e+00 -1.599525094886754348e-03
1.514583333333333215e+01 1.013015947862476285e+00 3.874397864232718828e-04
1.516666666666666607e+01 1.016524560732950277e+00 -1.159210890440975873e-03
1.518750000000000000e+01 1.008613048036788973e+00 -2.995643947722189879e-03
1.520833333333333215e+01 9.835562242644102504e-01 -2.832797604899515206e-03
1.522916666666666607e+01 9.065231224656676856e-01 2.886013764653442767e-03
1.525000000000000000e+01 8.135672310128153617e-01 6.721768192723393378e-04
1.527083333333333215e+01 7.154879052626877955e-01 -1.375296585430216051e-03
1.529166666666666607e+01 6.556910079312551209e-01 -1.778573083738344853e-04
1.531250000000000000e+01 6.511034398786385013e-01 1.099799507661972401e-03
1.533333333333333215e+01 6.659794560051724988e-01 -1.931631877062804604e-03
1.535416666666666607e+01 7.439595439790596121e-01 -8.186240682772650277e-04
1.537500000000000000e+01 8.391075526909274052e-01 4.986322196694812194e-04
1.539583333333333215e+01 9.167911219159187164e-01 2.389200944907016091e-03
1.541666666666666607e+01 9.563264370663822067e-01 5.588129858725073311e-04
1.543750000000000000e+01 9.789540262218729971e-01 1.126951798453119545e-03
1.545833333333333215e+01 9.898032586905970431e-01 -2.228713496518963319e-04
1.547916666666666607e+01 1.003626637053198101e+00 3.653575760536984678e-04
1.550000000000000000e+01 1.020163860629759833e+00 2.071900819355445254e-03
1.552083333333333215e+01 1.035094603801052671e+00 6.934646906466556153e-04
1.554166666666666607e+01 1.035441058005935444e+00 -1.270040467923668891e-04
1.556250000000000000e+01 1.024796073368478888e+00 -8.269952059080272477e-04
1.558333333333333215e+01 1.024734357301565701e+00 -3.478849723497488052e-04
1.560416666666666607e+01 1.022760973483762381e+00 -6.118170709568955925e-04
1.562500000000000000e+01 1.023912526397327882e+00 3.139644933414009308e-03
1.564583333333333215e+01 1.016909020715567324e+00 -2.188272455141215735e-03
1.566666666666666607e+01 1.018692380024096789e+00 1.338385373855350202e-03
1.568750000000000000e+01 1.004311776492891273e+00 -1.366025097535629733e-04
1.570833333333333215e+01 9.923309333697157841e-01 1.004789189401008188e-03
1.572916666666666607e+01 9.773638155212742706e-01 2.876347242246527110e-03
1.575000000000000000e+01 9.613483531151251205e-01 -8.103653580060044643e-04
1.577083333333333215e+01 9.604216822548662380e-01 -1.494793231379180692e-03
1.579166666666666607e+01 9.665786225309921376e-01 -1.382058101631986058e-03
1.581250000000000000e+01 9.790507023179909618e-01 -1.666376028746351231e-03
1.583333333333333215e+01 9.856796154429489087e-01 -1.340427852785659952e-03
1.585416666666666607e+01 9.878832353726840765e-01 -3.373304856429717980e-04
1.587500000000000000e+01 9.988468293002283893e-01 8.980520106900766316e-04
1.589583333333333215e+01 1.009558452703455345e+00 -1.216456252393980156e-03
1.591666666666666607e+01 9.975101601832189191e-01 -5.849929857752539592e-04
1.593750000000000000e+01 9.631454553526782592e-01 -1.698522521153494110e-03
1.595833333333333215e+01 9.250934214987945881e-01 6.789670705876885192e-04
1.597916666666666607e+01 8.755915365407666018e-01 -1.417895317849249921e-03
1.600000000000000000e+01 8.210217169826848904e-01 -3.459561606365924263e-04
1.602083333333333215e+01 7.624117964215395560e-01 7.714491953492084953e-04
1.604166666666666430e+01 7.133289016207274846e-01 4.620161756748064104e-05
1.606250000000000000e+01 6.721122496712106376e-01 -1.784344419610263627e-03
1.608333333333333215e+01 6.580837287185501427e-01 7.826122070917322388e-04
1.610416666666666430e+01 6.709530508572499885e-01 9.034478898394806765e-05
1.612500000000000000e+01 7.158078457249179571e-01 1.526715443528627557e-03
1.614583333333333215e+01 7.785596578060215434e-01 1.054003784869808440e-03
1.616666666666666430e+01 8.417376351955889735e-01 7.682338765005497679e-04
1.618750000000000000e+01 8.888190677730717359e-01 -3.597552835006169306e-04
1.620833333333333215e+01 9.295103470367347409e-01 2.014678419461271488e-03
1.622916666666666430e+01 9.514885114126980792e-01 2.606530814271497149e-03
1.625000000000000000e+01 9.625714883422156198e-01 -2.322995121031877670e-03
1.627083333333333215e+01 9.551215647339961201e-01 5.381323933816781100e-06
1.629166666666666430e+01 9.597396853912524284e-01 4.306880859402267034e-04
1.631250000000000000e+01 9.735016805807966689e-01 6.875726466253414973e-04
1.633333333333333215e+01 9.806236330402856582e-01 2.814187768782827875e-03
1.635416666666666430e+01 9.960184456414996612e-01 -2.102765811614844461e-05
1.637500000000000000e+01 1.012041319347536383e+00 4.280873830693587953e-04
1.639583333333333215e+01 1.024465178146287236e+00 -1.435365986491970005e-03
1.641666666666666430e+01 1.035505193385472200e+00 2.156490706041909726e-04
1.643750000000000000e+01 1.037374966348504124e+00 2.446229613507669431e-03
1.645833333333333215e+01 1.029090561705044093e+00 -1.513591079176585755e-03
1.647916666666666430e+01 1.026197015975816473e+00 6.116911202315385198e-04
1.650000000000000000e+01 1.027034022865196849e+00 -3.974741232251051241e-04
1.652083333333333215e+01 1.025737225107861805e+00 1.015233600231827446e-04
1.654166666666666430e+01 1.018102041510791977e+00 1.175421055057117997e-03
1.656250000000000000e+01 1.026104410664220978e+00 -2.878782496982939805e-04
1.658333333333333215e+01 1.028852709906344698e+00 1.172339215490257039e-03
1.660416666666666430e+01 1.025831982174501888e+00 8.191635326089942654e-04
1.662500000000000000e+01 1.015294221085781601e+00 -2.466064151604692250e-04
1.664583333333333215e+01 1.007971059791505253e+00 -1.198089795442659705e-05
1.666666666666666430e+01 1.003955384795247374e+00 -2.430603562346377836e-04
1.668750000000000000e+01 9.951761601132143031e-01 4.276931190376397573e-05
1.670833333333333215e+01 9.814052451905390662e-01 1.228341765452215266e-04
1.672916666666666430e+01 9.788499099025672612e-01 -3.140883777491554883e-04
1.675000000000000000e+01 9.879623252035832914e-01 7.465143081076617139e-05
1.677083333333333215e+01 9.882970176590910594e-01 -1.591063593282765563e-04
1.679166666666666430e+01 9.992922563527005808e-01 -1.979504002408453197e-03
1.681250000000000000e+01 1.003971217448306197e+00 5.923863011127804105e-04
1.683333333333333215e+01 1.014463750332508907e+00 9.635944834520593274e-04
1.685416666666666430e+01 1.026729674144367888e+00 -2.078134793634303819e-03
1.687500000000000000e+01 1.028462686950706528e+00 -1.666494284601958400e-04
1.689583333333333215e+01 1.027106294862891289e+00 2.013854650679019597e-03
1.691666666666666430e+01 1.026253586937835971e+00 -1.671854009602672785e-03
1.693750000000000000e+01 1.023003691500678158e+00 3.938625363686882653e-04
1.695833333333333215e+01 1.015035706824241268e+00 -6.597821659055020434e-04
1.697916666666666430e+01 1.000475517223473831e+00 -4.353049322375115971e-04
1.700000000000000000e+01 9.910796580971276137e-01 2.118183797328908942e-04
1.702083333333333215e+01 9.941746422228439073e-01 9.453047845909219636e-04
1.704166666666666430e+01 1.001710131854554708e+00 -1.083644825103004727e-03
1.706250000000000000e+01 1.005997923914200509e+00 -2.121028557534938418e-03
1.708333333333333215e+01 1.017303817909683605e+00 1.197840315815035511e-03
1.710416666666666430e+01 1.033259442778331483e+00 2.686793073547276813e-04
1.712500000000000000e+01 1.040232511398321957e+00 1.533105708991424915e-03
1.714583333333333215e+01 1.035618067041313095e+00 -9.768002471394071368e-04
1.716666666666666430e+01 1.028939056768124916e+00 4.125342608813339961e-04
1.718750000000000000e+01 1.029282549849690032e+00 -1.536746745673909928e-05
1.720833333333333215e+01 1.025158510285824498e+00 1.291395076806943053e-03
1.722916666666666430e+01 1.006918309505707487e+00 -4.578246415823013509e-04
1.725000000000000000e+01 9.970662219233473733e-01 -2.865372397474309578e-04
1.727083333333333215e+01 9.990906244187869323e-01 -9.628491392045903426e-04
1.729166666666666430e+01 1.000787014586786761e+00 1.286571053704397291e-03
1.731250000000000000e+01 1.006922410029199355e+00 3.983725768026910190e-05
1.733333333333333215e+01 1.007699800777970056e+00 -1.889668192866685026e-04
1.735416666666666430e+01 1.006920495656836723e+00 -1.053228875978935242e-03
1.737500000000000000e+01 1.012176458467149098e+00 -1.596386775960357803e-03
1.739583333333333215e+01 1.016017023195946223e+00 -1.116724770642726211e-03
1.741666666666666430e+01 1.012589827605095971e+00 1.791708813217597358e-03
1.743750000000000000e+01 1.017402203269222927e+00 6.015356416155108769e-04
1.745833333333333215e+01 1.021796932094821031e+00 1.320726574742766765e-03
1.747916666666666430e+01 1.017142207089186456e+00 6.922170168999398519e-04
1.750000000000000000e+01 1.011469050128188218e+00 -1.949571555288631686e-03
1.752083333333333215e+01 1.002253538406292499e+00 1.726107630555922742e-03
1.754166666666666430e+01 1.004896809391257140e+00 3.273978709397916908e-04
1.756250000000000000e+01 1.006686345103778413e+00 -1.006247445938301521e-03
1.758333333333333215e+01 1.011305429266780687e+00 5.905050719915624089e-04
1.760416666666666430e+01 1.012889920352940676e+00 1.332038542693470256e-03
1.762500000000000000e+01 1.013230111568899749e+00 -2.690773782192104526e-04
1.764583333333333215e+01 1.016118313440354637e+00 -1.862114669759655722e-03
1.766666666666666430e+01 1.012866414588727393e+00 1.022942209620921741e-03
1.768750000000000000e+01 1.006655263497742814e+00 2.635396773936046679e-04
1.770833333333333215e+01 1.011020589542107606e+00 -4.062312851987982332e-04
1.772916666666666430e+01 1.016619207377692291e+00 7.989340164807147470e-04
1.775000000000000000e+01 1.020675941119564056e+00 2.275118121646694310e-04
1.777083333333333215e+01 1.014274533445288062e+00 -2.160830028082533997e-03
1.779166666666666430e+01 1.013929828750816942e+00 4.780784703813354439e-04
1.781250000000000000e+01 1.016119624072572503e+00 7.777365034684664705e-04
1.783333333333333215e+01 1.017718086838990121e+00 2.410068929223613385e-04
1.785416666666666430e+01 1.016757581631646534e+00 1.043484578442148251e-03
1.787500000000000000e+01 1.009656200044365626e+00 -9.976280743510684574e-04
1.789583333333333215e+01 1.007184081004091070e+00 -1.320077871838706059e-03
1.791666666666666430e+01 1.005403346322686575e+00 3.465088895870240904e-04
1.793750000000000000e+01 9.943990670443197954e-01 1.055378853616225737e-04
1.795833333333333215e+01 9.818963930359166925e-01 8.486502291130932447e-04
1.797916666666666430e+01 9.782958750027644923e-01 1.938745030638094145e-05
1.800000000000000000e+01 9.459141457799876695e-01 5.806439056178918116e-04
1.802083333333333215e+01 8.666109179192362788e-01 -7.999255313058152843e-05
1.804166666666666430e+01 7.615505356113940749e-01 -1.162320768676082311e-03
1.806250000000000000e+01 6.791396119768347006e-01 2.320753214197340038e-03
1.808333333333333215e+01 6.553682447190927185e-01 5.980010016924993538e-04
1.810416666666666430e+01 6.576371127235443037e-01 -3.947290007882802701e-04
1.812500000000000000e+01 6.949725112533271520e-01 -1.170896377761198020e-03
1.814583333333333215e+01 7.837683978888970726e-01 1.439576327294284043e-03
1.816666666666666430e+01 8.871597373017965360e-01 4.663802309264864464e-04
1.818750000000000000e+01 9.591373226765040894e-01 6.737068982088288650e-04
1.820833333333333215e+01 9.892512035132222659e-01 -2.765003322384124531e-04
1.822916666666666430e+01 1.001377755421674509e+00 5.983236417971456991e-04
1.825000000000000000e+01 1.009376266017417700e+00 -2.137693452302622777e-05
1.827083333333333215e+01 1.011789891168509037e+00 -7.305309655618969986e-04
1.829166666666666430e+01 1.009485382417158572e+00 -5.544039469458935223e-04
1.831250000000000000e+01 1.010992435690102997e+00 -2.278731063505941810e-03
1.833333333333333215e+01 1.025734912588740944e+00 -1.196294013143305111e-03
1.835416666666666430e+01 1.037550820661350182e+00 9.658074469998706620e-04
1.837500000000000000e+01 1.038687729343661381e+00 -1.344101937615302129e-03
1.839583333333333215e+01 1.029386934449203483e+00 1.422822106348035865e-03
1.841666666666666430e+01 1.029377947066430377e+00 1.191877381587986483e-04
1.843750000000000000e+01 1.012824837174911785e+00 -1.502832377375056287e-03
1.845833333333333215e+01 9.964645400865529412e-01 4.032964150718425472e-04
1.847916666666666430e+01 9.823749481797816596e-01 9.591467518491254059e-04
1.850000000000000000e+01 9.749779825867884719e-01 6.995517760545784261e-04
1.852083333333333215e+01 9.754608816731119569e-01 -2.117879365966461157e-03
1.854166666666666430e+01 9.711527953447794959e-01 1.344887421075408604e-03
1.856250000000000000e+01 9.712835868396130223e-01 6.520863688774788730e-04
1.858333333333333215e+01 9.717372493354926588e-01 8.373216829755330366e-04
1.860416666666666430e+01 9.800574929997051266e-01 -5.811397033015064904e-04
1.862500000000000000e+01 9.899836730143055652e-01 1.100905138813827516e-03
1.864583333333333215e+01 9.848383512694404152e-01 2.320710777660707177e-04
1.866666666666666430e+01 9.946461023382344724e-01 1.368732075238404374e-03
1.868750000000000000e+01 1.002285116306582458e+00 -3.912984156241635508e-04
1.870833333333333215e+01 1.007004659713328421e+00 -4.432873414288254787e-04
1.872916666666666430e+01 9.834533626385307814e-01 -8.786857328945971504e-04
1.875000000000000000e+01 9.374364491452439330e-01 -1.268784679681090070e-03
1.877083333333333215e+01 8.699635771880200874e-01 -5.880480422592509809e-04
1.879166666666666430e+01 7.957243211481667133e-01 -2.605386648833040580e-04
1.881250000000000000e+01 7.231483833428541397e-01 2.321639749306147853e-03
1.883333333333333215e+01 6.477301014339342800e-01 2.353619205690204931e-04
1.885416666666666430e+01 6.190325801310017084e-01 -1.755411496870823689e-04
1.887500000000000000e+01 6.312347702244771597e-01 -1.243988896680235179e-03
1.889583333333333215e+01 6.710633149360183403e-01 -1.154832912387572779e-03
1.891666666666666430e+01 7.263852573892556341e-01 -2.277156381105501556e-03
1.893750000000000000e+01 7.825870055735274500e-01 -1.233278478755140274e-04
1.895833333333333215e+01 8.434006175720467624e-01 -7.854208657253028587e-04
1.897916666666666430e+01 9.017868226134699849e-01 1.850433493033933356e-04
1.900000000000000000e+01 9.445287193186899799e-01 3.118918424008967189e-04
1.902083333333333215e+01 9.822739792699224370e-01 1.819514537436357836e-04
1.904166666666666430e+01 1.007187949305849317e+00 1.053581033240687595e-03
1.906250000000000000e+01 1.010733278934937029e+00 6.075417763905494690e-04
1.908333333333333215e+01 1.013672838693749245e+00 1.044161761394848693e-03
1.910416666666666430e+01 1.012349089588152395e+00 9.255158704623918549e-04
1.912500000000000000e+01 1.013485041526205110e+00 1.147478067547406206e-03
1.914583333333333215e+01 1.011846549871082912e+00 2.451613575105860560e-04
1.916666666666666430e+01 1.007770838279974601e+00 -1.528733075566432453e-03
1.918750000000000000e+01 1.001731994140397930e+00 7.336018986725487698e-04
1.920833333333333215e+01 9.987871517485086281e-01 -4.297797946065194511e-04
1.922916666666666430e+01 1.002371430868737923e+00 -8.410352263253481793e-04
1.925000000000000000e+01 1.011870665009116266e+00 1.234100146209707446e-03
1.927083333333333215e+01 1.012326279689427899e+00 -8.993917418987119883e-04
1.929166666666666430e+01 1.012374507944181934e+00 -1.158946125503010002e-03
1.931250000000000000e+01 1.012497432564127831e+00 1.552785874129356024e-03
1.933333333333333215e+01 1.013246692745225497e+00 -8.042104444522809410e-04
1.935416666666666430e+01 1.011330075537065110e+00 4.853190354762365924e-04
1.937500000000000000e+01 1.003265218244895118e+00 -2.181166675356540556e-04
1.939583333333333215e+01 9.998867996900830946e-01 9.673781212585299844e-04
1.941666666666666430e+01 1.000818547176653750e+00 1.986932543007462627e-04
1.943750000000000000e+01 9.978843150664385986e-01 -1.753619313528070574e-03
1.945833333333333215e+01 9.915157393919116213e-01 -9.791130312780222614e-04
1.947916666666666430e+01 9.950837016970842663e-01 8.252542530707439230e-04
1.950000000000000000e+01 1.001044159025152647e+00 -9.281406593082510478e-04
1.952083333333333215e+01 1.016313070506553284e+00 1.040953164018432143e-03
1.954166666666666430e+01 1.024563873724314345e+00 -1.605475402871223232e-03
1.956250000000000000e+01 1.040633180431573379e+00 -4.312566530534689738e-04
1.958333333333333215e+01 1.046328869804109996e+00 -8.972148504071508594e-04
1.960416666666666430e+01 1.044000544032580358e+00 -8.232503675295995077e-04
1.962500000000000000e+01 1.034750103209100658e+00 3.651153467387605370e-04
1.964583333333333215e+01 1.018654581235040268e+00 -6.466355208518152417e-04
1.966666666666666430e+01 1.010671495020044164e+00 -1.371828352049165711e-03
1.968750000000000000e+01 9.942764634598810769e-01 -1.644895756262738148e-03
1.970833333333333215e+01 9.782641306349535437e-01 6.166939370800178294e-04
1.972916666666666430e+01 9.823156908056681624e-01 -7.298508488219226486e-05
1.975000000000000000e+01 9.867901406893458960e-01 -1.052011272393435981e-03
1.977083333333333215e+01 9.951408407734269046e-01 1.369923034073020551e-03
1.979166666666666430e+01 1.006512819439176365e+00 5.261688185177544781e-04
1.981250000000000000e+01 1.005741686468706764e+00 1.026912072620972247e-04
1.983333333333333215e+01 1.015078105922568863e+00 -1.944905782904395638e-03
1.985416666666666430e+01 1.026715641754481378e+00 -4.789867937250357139e-04
1.987500000000000000e+01 1.023964147242259815e+00 1.300842885949051180e-04
1.989583333333333215e+01 1.029976217366858071e+00 -4.953305319263898599e-04
1.991666666666666430e+01 1.034432184453871750e+00 4.763336199372824524e-04
1.993750000000000000e+01 1.032391567168346569e+00 -1.071717763910898756e-03
1.995833333333333215e+01 1.028017606982228438e+00 -4.840088882584921148e-04
1.997916666666666430e+01 1.022551725731912997e+00 1.093837173005534876e-03
2.000000000000000000e+01 1.010074703837922749e+00 1.628225164086342892e-03
2.002083333333333215e+01 1.001855190815202246e+00 8.540589520134458197e-04
2.004166666666666430e+01 9.968657310151539663e-01 1.161896860321175347e-03
2.006250000000000000e+01 9.966993941420040359e-01 1.694596534317823529e-03
2.008333333333333215e+01 9.923927359638466950e-01 5.938928812056584088e-04
2.010416666666666430e+01 1.000211619784393990e+00 -3.022775683952903678e-06
2.012500000000000000e+01 1.011069487114749199e+00 -1.101153073571448961e-03
2.014583333333333215e+01 1.025631493789953552e+00 7.194839543415451708e-04
2.016666666666666430e+01 1.036010336638524265e+00 -5.853557237604523631e-05
2.018750000000000000e+01 1.033460835267116851e+00 1.898600956498510986e-05
2.020833333333333215e+01 1.027794072389800917e+00 -1.370951570638039236e-03
2.022916666666666430e+01 1.008750168770242484e+00 -7.492808823559780592e-04
2.025000000000000000e+01 9.959458953975670603e-01 6.815330682949288571e-04
2.027083333333333215e+01 1.000712209307544898e+00 -1.021459199047157831e-03
2.029166666666666430e+01 1.010985001930545524e+00 -9.704145388396903790e-04
2.031250000000000000e+01 1.020678765584072556e+00 2.504479383053448329e-03
2.033333333333333215e+01 1.025859099336642766e+00 1.103011775039679449e-03
2.035416666666666430e+01 1.019449943714796802e+00 9.269064292865071856e-04
2.037500000000000000e+01 1.019656162793492804e+00 2.453572830738813028e-03
2.039583333333333215e+01 1.012127047587983775e+00 9.374341302686800765e-04
2.041666666666666430e+01 1.007826590889414176e+00 3.337596777058080607e-03
2.043750000000000000e+01 1.007019704535361493e+00 -4.679006509735485469e-04
2.045833333333333215e+01 1.010184022054125830e+00 -2.016447078099405186e-03
2.047916666666666430e+01 1.011351656479432481e+00 2.040382841790052033e-03
2.050000000000000000e+01 1.015004902215606242e+00 -3.687253927905171573e-04
2.052083333333333215e+01 1.017803423136013574e+00 -4.230717128687504821e-04
2.054166666666666430e+01 1.018045086977550140e+00 -6.718074373003094218e-04
2.056250000000000000e+01 1.020681057514616574e+00 4.853083177948155783e-04
2.058333333333333215e+01 1.011967574586104757e+00 8.158644557931567102e-04
2.060416666666666430e+01 1.000766374397041858e+00 8.981795056428631182e-04
2.062500000000000000e+01 9.978647614285094392e-01 -2.013196665597716403e-04
2.064583333333333215e+01 9.880951537917919136e-01 1.031826359700667049e-03
2.066666666666666430e+01 9.961071015421045782e-01 -1.755420946343910511e-03
2.068750000000000000e+01 9.903685521149959703e-01 8.415580941194319292e-04
2.070833333333333215e+01 9.907667248999464382e-01 2.229962946422900491e-04
2.072916666666666430e+01 9.918261179699062735e-01 5.149494767561517070e-04
2.075000000000000000e+01 9.879848373653771221e-01 7.454861363119647108e-04
2.077083333333333215e+01 9.735067256910620026e-01 1.023523927780189432e-04
2.079166666666666430e+01 9.230307045108750996e-01 2.457016938853033529e-04
2.081250000000000000e+01 8.482967911785287418e-01 6.628300607591303606e-04
2.083333333333333215e+01 7.605456343604702907e-01 -2.707790953230636202e-03
2.085416666666666430e+01 6.982411160386216009e-01 9.917157425338803036e-04
2.087500000000000000e+01 6.884311162869002354e-01 1.246253146559695270e-03
2.089583333333333215e+01 6.961524238995815406e-01 -9.426786229400966038e-04
2.091666666666666430e+01 7.653334808898746289e-01 -2.179071745384903412e-03
2.093750000000000000e+01 8.428944473230700618e-01 -9.151527611893142938e-04
2.095833333333333215e+01 9.136763591012577734e-01 -1.068898369156474470e-03
2.097916666666666430e+01 9.529749668686608999e-01 8.430485268071525847e-04
2.100000000000000000e+01 9.539072261347114612e-01 7.965067688288701361e-04
2.102083333333333215e+01 9.504296991963819830e-01 -3.940430446347102699e-04
2.104166666666666430e+01 9.475646677373746884e-01 -2.338411176222931522e-03
2.106250000000000000e+01 9.663011439066797603e-01 3.798964884704787563e-04
2.108333333333333215e+01 9.928686791482449481e-01 -7.628357203802726971e-04
2.110416666666666430e+01 1.007430637329046252e+00 2.803893447687460030e-03
2.112500000000000000e+01 1.020048366968169695e+00 -1.512004742571387795e-03
2.114583333333333215e+01 1.034662665894038547e+00 -4.966722761489296146e-05
2.116666666666666430e+01 1.037022375692677301e+00 -3.107559463349156108e-04
2.118750000000000000e+01 1.042136705401158547e+00 -5.854099713842266959e-04
2.120833333333333215e+01 1.032826377448380795e+00 -1.486775758417166167e-03
2.122916666666666430e+01 1.015723625092898041e+00 -1.281328016191672766e-03
2.125000000000000000e+01 1.012111082373240878e+00 -1.668081165181617377e-03
2.127083333333333215e+01 9.974669850492623446e-01 -1.141274496825386885e-03
2.129166666666666430e+01 9.846598225812845939e-01 3.369480450057340030e-04
2.131250000000000000e+01 9.776029988886039135e-01 -2.655010541597275456e-03
2.133333333333333215e+01 9.828166295499980443e-01 -2.670965188966176445e-03
2.135416666666666430e+01 9.878301666265073555e-01 -1.121674493613732592e-03
2.137500000000000000e+01 9.871277618175168245e-01 1.180428602561790904e-03
2.139583333333333215e+01 9.910621955933650584e-01 5.142913759950318211e-04
2.141666666666666430e+01 9.992595467506133478e-01 3.915289200748182908e-04
2.143750000000000000e+01 1.004283201737084186e+00 1.708595010751800310e-04
2.145833333333333215e+01 1.010334997451101557e+00 -5.802691681209180222e-04
2.147916666666666430e+01 9.952022323814642135e-01 -1.315023793074468960e-03
2.150000000000000000e+01 9.661566187161720887e-01 -1.084182105594882605e-03
2.152083333333333215e+01 9.314080188597352317e-01 9.940755548529581469e-04
2.154166666666666430e+01 8.780732865307845358e-01 1.461773481682445428e-03
2.156250000000000000e+01 8.164957087154918192e-01 1.033829817075256627e-04
2.158333333333333215e+01 7.648313590656502514e-01 2.660913338143050446e-03
2.160416666666666430e+01 7.122913104575099297e-01 -2.873137342783858156e-03
2.162500000000000000e+01 6.612240116274766821e-01 9.814031525127310095e-04
2.164583333333333215e+01 6.244913069661748306e-01 5.068744810668374470e-04
2.166666666666666430e+01 6.206486537862833108e-01 8.154192556299924956e-04
2.168750000000000000e+01 6.676397801691394962e-01 5.061026127515190400e-04
2.170833333333333215e+01 7.405174084904722065e-01 1.034582933532087173e-03
2.172916666666666430e+01 8.151844587570079570e-01 8.742909747346388214e-04
2.175000000000000000e+01 8.796652195957602727e-01 -2.424582630804087563e-03
2.177083333333333215e+01 9.419027853635435488e-01 -3.325747008602604297e-04
2.179166666666666430e+01 9.953168738187027076e-01 -1.175474929120056230e-04
2.181250000000000000e+01 1.009435385841790822e+00 9.438810270373840889e-04
2.183333333333333215e+01 1.017231602210126651e+00 -3.345394123914544981e-04
2.185416666666666430e+01 1.017072863455283249e+00 -1.042301810357266784e-03
2.187500000000000000e+01 1.012550078422880251e+00 2.911697860206430809e-03
2.189583333333333215e+01 1.010532226117389909e+00 1.194379482732450771e-03
2.191666666666666430e+01 1.002051117997858620e+00 -3.870019234476275595e-05
2.193750000000000000e+01 1.002504720399599591e+00 -5.701155214679229323e-04
2.195833333333333215e+01 1.006471845431013756e+00 1.210487275824919436e-03
2.197916666666666430e+01 1.002199107525838073e+00 -3.528758822397851319e-04
2.200000000000000000e+01 9.978565051896336469e-01 -6.735607834768983981e-04
2.202083333333333215e+01 9.914935048588994215e-01 8.053660751516163348e-04
2.204166666666666430e+01 9.927169737390365567e-01 7.477312419503559775e-04
2.206250000000000000e+01 1.001771502744603470e+00 -1.263904273591677030e-03
2.208333333333333215e+01 1.012354219214608664e+00 -1.525075745607270671e-03
2.210416666666666430e+01 1.016858146604719959e+00 5.179919550544561822e-04
2.212500000000000000e+01 1.022192248834314254e+00 1.277255840311092338e-03
2.214583333333333215e+01 1.022296966737581858e+00 8.395585174068223707e-04
2.216666666666666430e+01 1.009669343284960163e+00 1.252460643852386065e-03
2.218750000000000000e+01 9.979775366140176684e-01 -3.053697622785952223e-04
2.220833333333333215e+01 9.977083907616096647e-01 8.444749618687880750e-04
2.222916666666666430e+01 1.006671815101145118e+00 1.981151364417585090e-04
2.225000000000000000e+01 1.018025410418505805e+00 -1.772988117304688614e-04
2.227083333333333215e+01 1.029891316838293047e+00 2.486970956606769732e-03
2.229166666666666430e+01 1.035145779671803545e+00 -4.167009695990396122e-04
2.231250000000000000e+01 1.035695619008280666e+00 -1.117675459349286521e-03
2.233333333333333215e+01 1.029439531231310712e+00 1.568902486291440333e-03
2.235416666666666430e+01 1.015403345779309241e+00 2.056285251545050558e-03
2.237500000000000000e+01 1.007149836491266104e+00 -4.738801669819479997e-04
2.239583333333333215e+01 9.913320920266881497e-01 -9.297511706007526369e-04
2.241666666666666430e+01 9.890778044896915144e-01 -1.252213084520823784e-03
2.243750000000000000e+01 9.733374019371477948e-01 2.107608882632235493e-03
2.245833333333333215e+01 9.760903027967955392e-01 9.086955935336954449e-05
2.247916666666666430e+01 9.846886210991318000e-01 -9.855502230952570795e-04
2.250000000000000000e+01 9.949056217647292977e-01 -3.817285125034953867e-03
2.252083333333333215e+01 1.011527342346047575e+00 -1.877382532680904083e-03
2.254166666666666430e+01 1.020605209217603448e+00 7.612241849661877807e-04
2.256250000000000000e+01 1.038726945326007955e+00 4.209797477133576829e-04
2.258333333333333215e+01 1.048425718532187689e+00 1.608033626784392540e-04
2.260416666666666430e+01 1.055759263021607053e+00 -4.688172681517159004e-04
2.262500000000000000e+01 1.041482748464496177e+00 -5.558848461107685586e-04
2.264583333333333215e+01 1.030282363162547954e+00 -6.562185230321058776e-04
2.266666666666666430e+01 1.020649715424662540e+00 5.589380544138259103e-04
2.268750000000000000e+01 1.004168896216021123e+00 4.281842872506388216e-04
2.270833333333333215e+01 9.939822505791026108e-01 3.117907155179555894e-04
2.272916666666666430e+01 9.881821269513094697e-01 -1.195897596123063610e-04
2.275000000000000000e+01 9.855351220336083795e-01 1.196795850254725848e-03
2.277083333333333215e+01 9.948618295741207262e-01 4.127731541435763888e-04
2.279166666666666430e+01 9.909967101484649099e-01 -1.312347204419083389e-03
2.281250000000000000e+01 9.929765692396497201e-01 2.250282174706193673e-03
2.283333333333333215e+01 1.011789590980546549e+00 -1.312877381456829069e-03
2.285416666666666430e+01 1.018189106144975264e+00 -1.189653451812292049e-04
2.287500000000000000e+01 1.031423903456117008e+00 2.011602588334391976e-04
2.289583333333333215e+01 1.036284906084784740e+00 -1.160822982156286360e-03
2.291666666666666430e+01 1.039832610612923869e+00 -1.476053599418186701e-03
2.293750000000000000e+01 1.030330351280038359e+00 -7.024723445861366352e-04
2.295833333333333215e+01 1.022859493356359950e+00 -1.513516113905677765e-03
2.297916666666666430e+01 1.013707736990036912e+00 -7.857273076753325388e-04
2.300000000000000000e+01 1.008537387215080239e+00 -3.334780636227695498e-04
2.302083333333333215e+01 1.010009612504037646e+00 -3.956059261565494467e-04
2.304166666666666430e+01 1.006071451677727602e+00 6.343300595327347599e-04
2.306250000000000000e+01 9.980787509549571279e-01 -2.415478055794753349e-03
2.308333333333333215e+01 9.977544450059637748e-01 1.987764435711137246e-03
2.310416666666666430e+01 9.954834686451707881e-01 1.193466444151166164e-03
2.312500000000000000e+01 1.003881933872079024e+00 -1.119488558967470047e-03
2.314583333333333215e+01 1.003208331819537724e+00 1.381658674591305360e-03
2.316666666666666430e+01 1.008611431783984713e+00 -5.993750848803671392e-04
2.318750000000000000e+01 1.020500048006459881e+00 -3.242282292903782802e-03
2.320833333333333215e+01 1.029637578013572696e+00 1.752427567552910896e-03
2.322916666666666430e+01 1.029709168684870280e+00 -1.660571450680806268e-03
2.325000000000000000e+01 1.036975474781598239e+00 -7.976889071472873655e-04
2.327083333333333215e+01 1.043795565790025970e+00 -2.155194541542033038e-03
2.329166666666666430e+01 1.035612858534408875e+00 -8.221863879948961180e-04
2.331250000000000000e+01 1.017035395231876915e+00 -6.641594758183587757e-04
2.333333333333333215e+01 1.000197245705603644e+00 8.260978852062282260e-04
2.335416666666666430e+01 9.938209715546532097e-01 7.959255464456835771e-04
2.337500000000000000e+01 9.871190528902673567e-01 4.406026962796013658e-04
2.339583333333333215e+01 9.929920324686785094e-01 -3.160573630018535460e-03
2.341666666666666430e+01 9.944419206876266015e-01 2.861601312068853811e-05
2.343750000000000000e+01 1.001058025328710910e+00 1.064723073756333131e-03
2.345833333333333215e+01 1.004628760064682824e+00 -1.190135421803570305e-03
2.347916666666666430e+01 1.000176896033404317e+00 -1.072485765849765958e-03
2.350000000000000000e+01 9.975451965932035092e-01 -3.146585196438757108e-03
2.352083333333333215e+01 9.983776125276264679e-01 1.066886218237451727e-03
2.354166666666666430e+01 1.000674362122546013e+00 -1.824898053428841357e-03
2.356250000000000000e+01 9.752754547008340991e-01 1.008481254170770893e-03
2.358333333333333215e+01 9.010686048963036932e-01 -1.198285098700271585e-03
2.360416666666666430e+01 8.005524657622749007e-01 2.488450007982885310e-03
2.362500000000000000e+01 7.088973213743603452e-01 1.916264201525139609e-04
2.364583333333333215e+01 6.672333384896386166e-01 1.050236934370857127e-03
2.366666666666666430e+01 6.606801073625963028e-01 -7.130168649776251347e-04
2.368750000000000000e+01 6.788974865051223828e-01 2.169947207743584249e-03
2.370833333333333215e+01 7.598179624196884641e-01 -1.591644585389615603e-03
2.372916666666666430e+01 8.596147504258986327e-01 -4.864500263004385857e-04
2.375000000000000000e+01 9.265259080351559984e-01 2.286977911661103638e-04
2.377083333333333215e+01 9.624502921462227967e-01 9.859221919530617058e-04
2.379166666666666430e+01 9.771147113396064787e-01 1.028562322004747311e-03
2.381250000000000000e+01 9.933468575997056460e-01 9.701140064555267622e-04
2.383333333333333215e+01 1.011409400780246104e+00 -1.123168748681368763e-03
2.385416666666666430e+01 1.018150254003421296e+00 -1.292545916529654667e-03
2.387500000000000000e+01 1.024938339536349607e+00 3.783389113304804489e-05
2.389583333333333215e+01 1.038770142683351771e+00 -3.756206228494554005e-04
2.391666666666666430e+01 1.035947909458612815e+00 3.501601916429695279e-04
2.393750000000000000e+01 1.025774222046001549e+00 9.369097130450751171e-04
2.395833333333333215e+01 1.011718506315047561e+00 -7.000254689465836662e-04
2.397916666666666430e+01 1.003698198524627827e+00 -2.223776309791807449e-04
2.400000000000000000e+01 9.916005111864522048e-01 2.180678704153631421e-04
2.402083333333333215e+01 9.885850046522288714e-01 -1.303028651680006528e-03
2.404166666666666430e+01 9.844741494695777861e-01 -1.885332205781132349e-04
2.406250000000000000e+01 9.901605528508337084e-01 -1.182638095410008632e-03
2.408333333333333215e+01 9.923465251319060210e-01 8.209831882369526736e-05
2.410416666666666430e+01 1.000208266403527224e+00 -6.513155087931653351e-04
2.412500000000000000e+01 9.921793725262619823e-01 1.843793224544226566e-03
2.414583333333333215e+01 9.977445944328080518e-01 3.866782225658231390e-04
2.416666666666666430e+01 1.003674332987813278e+00 6.588318204645997106e-05
2.418750000000000000e+01 1.001487876333861715e+00 1.325125087415731035e-03
2.420833333333333215e+01 9.860448247492433760e-01 -6.754515988996570618e-04
2.422916666666666430e+01 9.855607212090493618e-01 -2.105232989671100997e-03
2.425000000000000000e+01 9.920969457529085211e-01 1.372333871715042484e-03
2.427083333333333215e+01 9.873927877238443118e-01 6.361354736989893429e-04
2.429166666666666430e+01 9.614212704814776300e-01 -6.611498741612769833e-04
2.431250000000000000e+01 9.177411186911390573e-01 1.282458148616678634e-03
2.433333333333333215e+01 8.656933800432774495e-01 -1.227082590659897179e-05
2.435416666666666430e+01 7.909042808874725550e-01 -1.049810281822091467e-03
2.437500000000000000e+01 7.180388556571265513e-01 1.509577275687788906e-04
2.439583333333333215e+01 6.610287551602783696e-01 -4.160919334168995979e-04
2.441666666666666430e+01 6.376309066993361974e-01 -4.120314965012686326e-04
2.443750000000000000e+01 6.412949791901010332e-01 -1.672849105752576959e-03
2.445833333333333215e+01 6.783879221451536434e-01 9.089581809805694730e-04
2.447916666666666430e+01 7.325512738250558042e-01 -1.175142719156184370e-03
2.450000000000000000e+01 7.973343115452006247e-01 2.506562241716047291e-03
2.452083333333333215e+01 8.557369282613821460e-01 8.107858864902575680e-04
2.454166666666666430e+01 9.047554431137970754e-01 -5.845193937075597503e-04
2.456250000000000000e+01 9.390038436749825745e-01 -6.960531339467806132e-04
2.458333333333333215e+01 9.654366934275453449e-01 -2.108385396992007519e-04
2.460416666666666430e+01 9.847792323446413754e-01 8.144580469950505382e-04
2.462500000000000000e+01 9.902068828015581081e-01 -1.024690615056013041e-03
2.464583333333333215e+01 9.927905466754263220e-01 -9.605063186382163665e-04
2.466666666666666430e+01 1.003804381721293160e+00 -6.192476419415330951e-04
2.468750000000000000e+01 1.015840642553164752e+00 -1.355792349408839297e-03
2.470833333333333215e+01 1.019561247419239036e+00 -6.006556489646306925e-04
2.472916666666666430e+01 1.009969072706470072e+00 1.102096001265234337e-03
2.475000000000000000e+01 1.011220765550613354e+00 -1.650844199476105825e-03
2.477083333333333215e+01 1.005105244432293654e+00 9.282739716032747989e-04
2.479166666666666430e+01 1.005926771261016484e+00 -8.003546348780797700e-04
2.481250000000000000e+01 1.012567991604902851e+00 -9.930722070665314646e-04
2.483333333333333215e+01 1.010780047694344930e+00 -1.927313329423283950e-03
2.485416666666666430e+01 1.012652834828259962e+00 -1.294294969739255780e-03
2.487500000000000000e+01 1.006948495429073720e+00 1.043540488443251259e-03
2.489583333333333215e+01 1.002213445842121464e+00 7.997668121461779314e-04
2.491666666666666430e+01 9.961684340267698001e-01 -7.406752132696306805e-04
2.493750000000000000e+01 1.004882625029871246e+00 -1.311188551558851783e-03
2.495833333333333215e+01 1.016982209951375005e+00 1.694426921935452204e-03
2.497916666666666430e+01 1.025970290634576454e+00 1.295962152506934060e-04
2.500000000000000000e+01 1.028691534082622372e+00 1.861148903178325284e-03
2.502083333333333215e+01 1.021189182568012610e+00 -1.311934269688770725e-03
2.504166666666666430e+01 1.017694783033577410e+00 1.977882791524619103e-03
2.506250000000000000e+01 1.011365099548204194e+00 1.319738662757288057e-03
2.508333333333333215e+01 1.000846380337782726e+00 -1.343431894195984367e-03
2.510416666666666430e+01 9.977368599248698233e-01 1.808386554332211361e-03
2.512500000000000000e+01 9.933602207610993107e-01 -4.670086796127960780e-05
2.514583333333333215e+01 9.957099282112644723e-01 -3.444149141166194701e-03
2.516666666666666430e+01 9.914662496094840405e-01 1.560778416216184209e-03
2.518750000000000000e+01 9.948869391359537184e-01 -3.027787215118689888e-04
2.520833333333333215e+01 1.003636529815555845e+00 2.664509928567318758e-03
2.522916666666666430e+01 1.014256430439679946e+00 -7.252331365589186193e-04
2.525000000000000000e+01 1.018496186963686378e+00 -1.018058610243853567e-03
2.527083333333333215e+01 1.029552806964125100e+00 1.363335880148401451e-03
2.529166666666666430e+01 1.035973778366254816e+00 2.324415564112579759e-04
2.531250000000000000e+01 1.046559284016041813e+00 -5.014322994798377448e-04
2.533333333333333215e+01 1.049630080706909885e+00 -1.126846964811399100e-03
2.535416666666666430e+01 1.036125607375138591e+00 -1.116918845697459708e-03
2.537500000000000000e+01 1.023039274408802157e+00 1.019364668612289916e-03
2.539583333333333215e+01 1.011126094328836489e+00 -5.064893850509808414e-04
2.541666666666666430e+01 1.000996695349285925e+00 -1.563726289896067096e-03
2.543750000000000000e+01 9.920150591962619835e-01 -5.529649878706530911e-04
2.545833333333333215e+01 9.911082658949460500e-01 -3.940691745792476892e-04
2.547916666666666430e+01 9.996336112051040779e-01 2.881625796323274429e-04
2.550000000000000000e+01 9.980214991328245633e-01 -2.181408886661732882e-03
2.552083333333333215e+01 9.894927461072970942e-01 -1.404262855286864640e-03
2.554166666666666430e+01 9.828783596266310596e-01 1.459076171214917800e-03
2.556250000000000000e+01 9.805184105961921581e-01 1.994321864905627007e-03
2.558333333333333215e+01 9.921120539947780870e-01 1.003265081401940022e-03
2.560416666666666430e+01 9.887005491220874909e-01 -2.046292808150895065e-03
2.562500000000000000e+01 9.980081783884829916e-01 2.821022953120668505e-04
2.564583333333333215e+01 1.017972873671288969e+00 -4.375910287911259286e-04
2.566666666666666430e+01 1.035035455570256113e+00 -8.579825485083624002e-04
2.568750000000000000e+01 1.052239200199915681e+00 -1.334331626376288526e-03
2.570833333333333215e+01 1.057903924051908584e+00 3.224272944292238402e-03
2.572916666666666430e+01 1.063446052129822794e+00 1.051498389615549128e-03
2.575000000000000000e+01 1.062787333283310431e+00 -1.116187587590407359e-03
2.577083333333333215e+01 1.047000175433582925e+00 3.813673149473432934e-04
2.579166666666666430e+01 1.022302206283991044e+00 -7.357221150016164798e-04
2.581250000000000000e+01 9.989331872768174581e-01 -6.567027213311208127e-04
2.583333333333333215e+01 9.903809075421043939e-01 -4.044296312845090287e-04
2.585416666666666430e+01 9.889742376103840549e-01 -2.727287903243966714e-03
2.587500000000000000e+01 9.865187996819826388e-01 2.393352819755485781e-03
2.589583333333333215e+01 9.873218496462039528e-01 -1.731946597618615668e-04
2.591666666666666430e+01 9.957201546727348918e-01 8.745963068063929537e-04
2.593750000000000000e+01 1.013299532890337362e+00 3.375053125152133703e-03
2.595833333333333215e+01 1.022573791832584122e+00 -1.327285087203950104e-03
2.597916666666666430e+01 1.024466082163420610e+00 -1.118033242406583786e-03
