0.000000000000000000e+00 1.010693867387471245e+00 1.240860961677663814e-04
2.083333333333333218e-02 1.020097641277804223e+00 2.392096367397697086e-04
4.166666666666666435e-02 1.024615531330379303e+00 -5.365122327680914250e-04
6.250000000000000000e-02 1.020812683517123620e+00 6.123543894587726985e-04
8.333333333333332871e-02 1.016348677491325736e+00 8.250696155460206195e-04
1.041666666666666574e-01 1.019117589326289819e+00 -7.418140193071315867e-05
1.250000000000000000e-01 1.019508425095760229e+00 -4.339883975238118885e-04
1.458333333333333148e-01 1.014420097156064182e+00 -1.672001520357126311e-03
1.666666666666666574e-01 1.016666099666088341e+00 -1.384612128277834878e-03
1.875000000000000000e-01 1.021141516540032601e+00 2.379317096382175395e-03
2.083333333333333148e-01 1.021598394479696914e+00 1.458531207538162977e-03
2.291666666666666574e-01 1.011203008282923976e+00 -1.241891031453661249e-03
2.500000000000000000e-01 1.012613819304781115e+00 -1.399207268262234660e-03
2.708333333333333148e-01 1.007590534638807878e+00 8.461809759027004809e-05
2.916666666666666297e-01 1.005990366684968551e+00 8.541193600803273977e-04
3.125000000000000000e-01 1.000974118059321460e+00 -9.836710654079062859e-04
3.333333333333333148e-01 1.005254992110077739e+00 -5.206298585945658792e-04
3.541666666666666297e-01 1.003400042752957022e+00 4.252697610195727549e-04
3.750000000000000000e-01 1.004145931088636479e+00 6.150889480068194928e-04
3.958333333333333148e-01 1.000719850505606745e+00 -5.285731344833534450e-04
4.166666666666666297e-01 9.979436798770332517e-01 1.247766342133196915e-04
4.375000000000000000e-01 9.926235632138991072e-01 -1.107048470380584326e-03
4.583333333333333148e-01 9.862905201815428402e-01 -2.204692914764587713e-03
4.791666666666666297e-01 9.828688422956854964e-01 -1.508566514116074612e-03
5.000000000000000000e-01 9.862321841830694602e-01 4.663962838579488088e-04
5.208333333333332593e-01 9.903960110601079947e-01 -1.709127061381901904e-04
5.416666666666666297e-01 9.923932106435808809e-01 -8.574606896446830421e-04
5.625000000000000000e-01 9.949719369582739059e-01 -1.755004701300975141e-04
5.833333333333332593e-01 1.000581854216359590e+00 -4.442396112184313095e-04
6.041666666666666297e-01 1.000411970786051929e+00 1.296767269136975612e-03
6.250000000000000000e-01 9.921211305784478629e-01 -6.355799049156078814e-04
6.458333333333332593e-01 9.877357491292396707e-01 -1.373211970422329566e-03
6.666666666666666297e-01 9.773217798288101887e-01 -5.131605270637658138e-04
6.875000000000000000e-01 9.875423062434038890e-01 -9.106677201851366655e-04
7.083333333333332593e-01 9.861141395975862034e-01 4.245212146578976548e-04
7.291666666666666297e-01 9.881759382137887959e-01 -8.678954007188292505e-04
7.500000000000000000e-01 9.949900370584739973e-01 -5.812877371358803232e-04
7.708333333333332593e-01 9.961791274151783337e-01 7.747800965190752625e-04
7.916666666666666297e-01 9.951172349265751116e-01 2.577220560239372113e-03
8.125000000000000000e-01 9.891269084500097231e-01 2.010544767465300905e-03
8.333333333333332593e-01 9.860636514746972114e-01 1.000203859649647980e-03
8.541666666666666297e-01 9.874132034645195510e-01 -9.935230200997546054e-04
8.750000000000000000e-01 9.898655911082822056e-01 6.553705049387972717e-05
8.958333333333332593e-01 9.878422348898167060e-01 7.914957879530456900e-05
9.166666666666666297e-01 1.000029585458882986e+00 1.421182643791185076e-03
9.375000000000000000e-01 9.944065640348188628e-01 8.327899863345550584e-04
9.583333333333332593e-01 9.958141431021687584e-01 -1.261042595207608440e-03
9.791666666666666297e-01 9.890564469310360041e-01 -3.775301176918089883e-04
1.000000000000000000e+00 9.850405590622951513e-01 -1.703658683333769165e-03
1.020833333333333259e+00 9.774250800416948159e-01 2.162631862517696082e-03
1.041666666666666519e+00 9.743077653588066989e-01 1.163823294490248838e-03
1.062500000000000000e+00 9.761002945582833989e-01 1.420283529122345597e-03
1.083333333333333259e+00 9.773826277023978104e-01 1.073602763003298020e-03
1.104166666666666519e+00 9.876017288867058319e-01 1.269849147238833950e-03
1.125000000000000000e+00 9.953346408215661967e-01 -1.608126088885868804e-04
1.145833333333333259e+00 9.980382197794051002e-01 -9.059168779904185325e-04
1.166666666666666519e+00 1.006045708262752747e+00 6.356388864055827247e-04
1.187500000000000000e+00 1.008606928578850370e+00 1.229976743759449024e-03
1.208333333333333259e+00 1.006690161381409210e+00 1.999883834910912150e-03
1.229166666666666519e+00 1.000791409967436651e+00 2.353705187195953715e-04
1.250000000000000000e+00 1.004974973465995625e+00 4.748525815119179370e-04
1.270833333333333259e+00 1.000856899701757730e+00 -7.120448520598075858e-05
1.291666666666666519e+00 1.001481887575609964e+00 2.532056086646258287e-03
1.312500000000000000e+00 1.004092095603591472e+00 -1.966054711240537017e-03
1.333333333333333259e+00 1.000531066842709427e+00 1.868288736083357311e-04
1.354166666666666519e+00 1.001611297233488518e+00 1.058102051218336864e-03
1.375000000000000000e+00 9.948708035591736776e-01 -3.649249873313618279e-04
1.395833333333333259e+00 9.944976360060435727e-01 8.137928389584299935e-04
1.416666666666666519e+00 9.926804826038884144e-01 9.050477533319354305e-04
1.437500000000000000e+00 9.979489998564531339e-01 -6.762788990309351930e-04
1.458333333333333259e+00 1.007214015811608965e+00 1.078862639944318334e-03
1.479166666666666519e+00 1.010964651219623089e+00 1.557728832072594830e-03
1.500000000000000000e+00 1.024689569254253696e+00 -5.915310937522728300e-04
1.520833333333333259e+00 1.029411505132071136e+00 3.281214576833430051e-04
1.541666666666666519e+00 1.032319780139269172e+00 -1.821442375457009335e-04
1.562500000000000000e+00 1.036490973641936986e+00 1.107498110705495932e-03
1.583333333333333259e+00 1.032290639225178053e+00 1.277890554572031802e-03
1.604166666666666519e+00 1.025195519056213644e+00 -8.681095447075180696e-04
1.625000000000000000e+00 1.019468235809262602e+00 -2.002887431044425538e-04
1.645833333333333259e+00 1.017562457793812047e+00 1.909487994545168519e-03
1.666666666666666519e+00 1.021237388699486104e+00 -4.985083890024457118e-05
1.687500000000000000e+00 1.017171619229640500e+00 -7.495391065333797953e-04
1.708333333333333259e+00 1.021304909263738292e+00 7.943223761563407512e-04
1.729166666666666519e+00 1.021522585381615666e+00 2.507787547548043401e-03
1.750000000000000000e+00 1.028544617912376280e+00 4.793312998608600418e-04
1.770833333333333259e+00 1.023659103655165659e+00 -2.704994408646239305e-03
1.791666666666666519e+00 1.020745288784885796e+00 5.379319163034835660e-04
1.812500000000000000e+00 1.025344340966955592e+00 1.274534043389893585e-03
1.833333333333333259e+00 1.020765200862801425e+00 -2.359581363784787368e-03
1.854166666666666519e+00 1.020715219400109008e+00 5.071846628002695716e-04
1.875000000000000000e+00 1.018225102749622524e+00 -7.294329543056608800e-04
1.895833333333333259e+00 1.016932360563234550e+00 -2.984788128210029662e-04
1.916666666666666519e+00 1.011332952371079674e+00 1.427928558275974895e-03
1.937500000000000000e+00 1.012982621405144057e+00 2.283276941627225727e-03
1.958333333333333259e+00 1.000015099178800160e+00 -7.315646933377098135e-04
1.979166666666666519e+00 9.940236630221941372e-01 3.448585050831853155e-04
2.000000000000000000e+00 9.896239366443656538e-01 6.730115303632094566e-04
2.020833333333333037e+00 9.872532941057374778e-01 -1.147367924653141212e-03
2.041666666666666519e+00 9.907716470931940966e-01 5.104171888915019295e-04
2.062500000000000000e+00 9.981608272186239805e-01 -1.543453529905196135e-04
2.083333333333333037e+00 1.003467628259289368e+00 -1.015607338960610416e-03
2.104166666666666519e+00 1.012232805923003909e+00 5.360561570161429586e-04
2.125000000000000000e+00 1.013403322645123783e+00 9.800577796984409010e-04
2.145833333333333037e+00 1.013997974359247101e+00 9.446690633311215744e-04
2.166666666666666519e+00 1.013598057751764925e+00 -1.790958772745661126e-03
2.187500000000000000e+00 1.015443445954983259e+00 -1.988656860915384225e-03
2.208333333333333037e+00 1.007937299324962455e+00 -1.344112204613122624e-04
2.229166666666666519e+00 9.991415567649964968e-01 9.680270389519211090e-04
2.250000000000000000e+00 1.005546499408405126e+00 6.269543449498954314e-05
2.270833333333333037e+00 9.950243229805568745e-01 -2.449654687083457297e-03
2.291666666666666519e+00 9.968414235038233207e-01 -6.818638551805814062e-04
2.312500000000000000e+00 9.960544595991606132e-01 2.857553174657543726e-04
2.333333333333333037e+00 9.903779012816372740e-01 5.251455901197550104e-04
2.354166666666666519e+00 9.899507635629853919e-01 -1.039664929748524737e-03
2.375000000000000000e+00 9.936912760212459617e-01 -5.257382936390344067e-04
2.395833333333333037e+00 9.919501637517285086e-01 5.777868065547764722e-04
2.416666666666666519e+00 9.921767710760011072e-01 -1.981484885542821733e-03
2.437500000000000000e+00 9.942486841975651801e-01 -1.208254782994052593e-03
2.458333333333333037e+00 9.967450372192463437e-01 -1.489784378160869229e-03
2.479166666666666519e+00 9.978497002148710715e-01 -1.152463916288209642e-03
2.500000000000000000e+00 9.994138112079714586e-01 4.181171519711859288e-04
2.520833333333333037e+00 1.000126560499622785e+00 -2.761824896273302934e-03
2.541666666666666519e+00 9.957725922642731708e-01 1.477845125136642568e-03
2.562500000000000000e+00 9.906831360689812849e-01 2.708727034775535499e-03
2.583333333333333037e+00 9.906253199547870869e-01 8.428819133437489078e-04
2.604166666666666519e+00 9.924104529579952372e-01 1.813727682238842898e-03
2.625000000000000000e+00 9.850332781444576247e-01 -2.933779775977970322e-04
2.645833333333333037e+00 9.855383136474015204e-01 -4.651062835967168722e-04
2.666666666666666519e+00 9.934888531565067016e-01 7.622227141434005648e-04
2.687500000000000000e+00 9.981923016924023617e-01 6.785711974410122077e-04
2.708333333333333037e+00 1.003783938726676039e+00 1.196240696001537110e-03
2.729166666666666519e+00 1.002885058505222249e+00 -9.480856949573214943e-04
2.750000000000000000e+00 1.002062266217810693e+00 4.169922674055319975e-04
2.770833333333333037e+00 1.001614738006818772e+00 -1.486164271664544047e-03
2.791666666666666519e+00 9.990506735272011163e-01 -5.025993192321488164e-05
2.812500000000000000e+00 9.982414701618850250e-01 8.094808900454405695e-04
2.833333333333333037e+00 9.936396157149871566e-01 1.879465599643446528e-03
2.854166666666666519e+00 9.928860940362853604e-01 1.319498143183337044e-03
2.875000000000000000e+00 9.927554876573133624e-01 -6.663405645476930652e-04
2.895833333333333037e+00 9.948201674374419490e-01 1.924646727741757444e-04
2.916666666666666519e+00 9.979024244001801769e-01 7.348379488453752207e-04
2.937500000000000000e+00 9.889087521832462535e-01 1.683355289355677751e-03
2.958333333333333037e+00 9.855129036085302774e-01 -1.294911603693188690e-03
2.979166666666666519e+00 9.918212620027699877e-01 -8.418236179887304002e-04
3.000000000000000000e+00 9.929060825204919505e-01 1.799923878058861445e-03
3.020833333333333037e+00 9.902038648020721201e-01 -1.953540434787229794e-03
3.041666666666666519e+00 9.958426811015181901e-01 -2.254210549746295735e-05
3.062500000000000000e+00 1.003341665729133858e+00 -1.245429472573272986e-03
3.083333333333333037e+00 1.006720542362772530e+00 -1.610429264511711823e-03
3.104166666666666519e+00 1.005662708880996625e+00 1.189565881900676332e-04
3.125000000000000000e+00 1.004852407420988358e+00 -1.920141947419657475e-03
3.145833333333333037e+00 1.001081841282410290e+00 6.661821255913539120e-04
3.166666666666666519e+00 9.970198506547635064e-01 8.406662540115945317e-05
3.187500000000000000e+00 9.986755139420649963e-01 -9.700644212245528248e-04
3.208333333333333037e+00 9.991929212018607620e-01 -3.306814351822267434e-03
3.229166666666666519e+00 1.000211281073940750e+00 -1.173195149178207905e-03
3.250000000000000000e+00 1.001212488173092385e+00 -6.570096932581423639e-04
3.270833333333333037e+00 1.007734291732139686e+00 -7.311659395079965571e-04
3.291666666666666519e+00 1.003623304889897483e+00 6.166061962246683617e-04
3.312500000000000000e+00 1.003061933211822243e+00 -1.823836021620759990e-03
3.333333333333333037e+00 1.002452716183217518e+00 -2.133569168276364721e-03
3.354166666666666519e+00 1.003587479538324390e+00 -3.799087873901660709e-04
3.375000000000000000e+00 1.002467023835009075e+00 6.646573028241015450e-04
3.395833333333333037e+00 1.003305984474927248e+00 -2.226055596201931633e-04
3.416666666666666519e+00 1.007161129668849631e+00 1.354355445175862982e-03
3.437500000000000000e+00 1.005075331990625598e+00 4.935657563844489523e-04
3.458333333333333037e+00 1.010349992550864551e+00 -4.630317822654728089e-04
3.479166666666666519e+00 1.009901730668129494e+00 -7.099789261744114677e-04
3.500000000000000000e+00 1.001255170557547203e+00 -1.882324714803279607e-03
3.520833333333333037e+00 1.008096132126411026e+00 -5.725992591969321713e-04
3.541666666666666519e+00 1.006007320076430789e+00 -3.446329525799364155e-04
3.562500000000000000e+00 1.001914408045658567e+00 -2.402109062953032689e-04
3.583333333333333037e+00 9.987579590066198998e-01 -5.678036770665264047e-04
3.604166666666666519e+00 1.006309042895219052e+00 9.177336766867878791e-04
3.625000000000000000e+00 1.000387748048156666e+00 -9.188701111978948757e-04
3.645833333333333037e+00 9.992782833357564121e-01 -1.178612073799388581e-03
3.666666666666666519e+00 9.975739401934995421e-01 -6.612958136137439807e-04
3.687500000000000000e+00 9.982166395922678070e-01 -8.647960535038427734e-04
3.708333333333333037e+00 9.957873229577320906e-01 -1.601867523849079223e-03
3.729166666666666519e+00 9.956202378955062438e-01 2.354720051154793759e-03
3.750000000000000000e+00 9.997252168160793984e-01 -2.350623178284674385e-03
3.770833333333333037e+00 9.981951904061382441e-01 -1.213783481479424435e-03
3.791666666666666519e+00 1.002550600156257632e+00 5.581181763624436633e-05
3.812500000000000000e+00 9.998487752026232744e-01 -2.089798656808701066e-05
3.833333333333333037e+00 9.998780279156473938e-01 -1.248389569066795345e-03
3.854166666666666519e+00 9.947538445659130923e-01 3.182906103083317484e-04
3.875000000000000000e+00 9.974697965254990528e-01 7.276007186976752791e-04
3.895833333333333037e+00 9.953773252555251361e-01 -6.720310261772334667e-04
3.916666666666666519e+00 9.947850452713676850e-01 1.036011007911521141e-03
3.937500000000000000e+00 9.928319843270072553e-01 -1.886480257497121231e-04
3.958333333333333037e+00 1.000283336668507550e+00 1.291306502198441564e-03
3.979166666666666519e+00 9.987929301396670789e-01 3.550469853576228361e-04
4.000000000000000000e+00 9.960237661907794804e-01 -1.039803899312601119e-03
4.020833333333333037e+00 9.958408685415329753e-01 -8.469301795029331040e-04
4.041666666666666075e+00 9.937063528284083569e-01 1.500801849561464755e-03
4.062500000000000000e+00 9.939392197467371570e-01 8.003145155627693378e-04
4.083333333333333037e+00 9.933672057901948849e-01 -1.873815151582508293e-03
4.104166666666666075e+00 1.001761767947641824e+00 1.362034445258234177e-03
4.125000000000000000e+00 1.002632574085887240e+00 -7.464580775163586488e-04
4.145833333333333037e+00 1.007172695020335018e+00 -5.723344004133634625e-04
4.166666666666666075e+00 1.011215826830601960e+00 -8.906085023222524598e-05
4.187500000000000000e+00 1.007846624401975921e+00 -2.357890400270559446e-04
4.208333333333333037e+00 1.005892174043998777e+00 1.678337703608859775e-03
4.229166666666666075e+00 9.990621929814808011e-01 1.240002869890355092e-03
4.250000000000000000e+00 9.945332525578364224e-01 -4.834816639552121684e-04
4.270833333333333037e+00 9.963030173781497467e-01 -7.466228424710685558e-04
4.291666666666666075e+00 9.992993073390059600e-01 -8.859069473914158582e-04
4.312500000000000000e+00 9.994731247760866300e-01 1.319864788735847271e-03
4.333333333333333037e+00 9.969535604678292362e-01 2.086557682761251730e-04
4.354166666666666075e+00 9.930904011885746119e-01 1.960322284345248321e-03
4.375000000000000000e+00 9.966608560989487220e-01 1.037445620379040361e-03
4.395833333333333037e+00 9.905136535286561683e-01 -2.701588009171362122e-04
4.416666666666666075e+00 9.883518164434179631e-01 -2.998306840577912025e-03
4.437500000000000000e+00 9.862789149251859344e-01 1.084421220912544894e-03
4.458333333333333037e+00 9.876320310363773114e-01 6.900575807179378180e-04
4.479166666666666075e+00 9.948510669099351889e-01 -3.221111341882913173e-04
4.500000000000000000e+00 9.987982203107681478e-01 -1.830060589842662016e-03
4.520833333333333037e+00 1.004519109733879922e+00 1.090995921117802461e-03
4.541666666666666075e+00 1.006588567101780463e+00 -2.749981739231647008e-04
4.562500000000000000e+00 1.002789856023228454e+00 -7.755322393772356993e-04
4.583333333333333037e+00 1.001563639382886839e+00 -7.013859274039746679e-05
4.604166666666666075e+00 9.926826070358473197e-01 -8.605934315693033977e-04
4.625000000000000000e+00 9.900408568721225100e-01 3.736731718412808815e-04
4.645833333333333037e+00 9.910665099536278833e-01 -1.081781957009878925e-04
4.666666666666666075e+00 9.955456207948083502e-01 9.943461362865279717e-04
4.687500000000000000e+00 9.973708887223315944e-01 1.297320971671370561e-03
4.708333333333333037e+00 9.965104303482694714e-01 -1.030093923450005935e-04
4.729166666666666075e+00 1.005842361630826742e+00 1.461382841942164643e-03
4.750000000000000000e+00 1.004212663253944982e+00 -1.340846461013365208e-03
4.770833333333333037e+00 1.002651977380551118e+00 1.103597971319867418e-03
4.791666666666666075e+00 1.002088465294362685e+00 1.344031181135678377e-03
4.812500000000000000e+00 1.003979888852059910e+00 2.474165627823240836e-03
4.833333333333333037e+00 1.009495653658940562e+00 1.819978866757043616e-03
4.854166666666666075e+00 1.006266293208756268e+00 -9.024204797235415134e-04
4.875000000000000000e+00 1.022476651171506434e+00 -1.833145162614740684e-03
4.895833333333333037e+00 1.022835040061335077e+00 -3.463768335281121650e-04
4.916666666666666075e+00 1.023227599191325554e+00 1.718943196929258828e-03
4.937500000000000000e+00 1.018358558912642042e+00 -7.197684563956931268e-04
4.958333333333333037e+00 1.014073882608967914e+00 2.639576300375512906e-03
4.979166666666666075e+00 1.002832394647958258e+00 5.035739115263321687e-04
5.000000000000000000e+00 1.001697649476963603e+00 1.461907056211955366e-03
5.020833333333333037e+00 9.963775797841288862e-01 1.594516227272568202e-03
5.041666666666666075e+00 9.942347967523312846e-01 -2.585772861667637486e-04
5.062500000000000000e+00 9.945265907304458031e-01 -9.242099964639273772e-04
5.083333333333333037e+00 9.980304378965365597e-01 -1.163164935474137558e-04
5.104166666666666075e+00 9.990285231049348402e-01 -2.166536757243505253e-04
5.125000000000000000e+00 9.990754609494187921e-01 2.027395582474323527e-03
5.145833333333333037e+00 1.002273898825601695e+00 1.160761047885611663e-03
5.166666666666666075e+00 1.001685615036944199e+00 -6.564676421184106772e-05
5.187500000000000000e+00 1.000549663336677053e+00 -8.776094232680123342e-04
5.208333333333333037e+00 1.004817730065788339e+00 2.330320799383413070e-03
5.229166666666666075e+00 1.006938288376876045e+00 6.589414481454941488e-04
5.250000000000000000e+00 1.012306846733458610e+00 -3.665384776483127409e-04
5.270833333333333037e+00 1.017264012077690793e+00 -2.199525507622985231e-03
5.291666666666666075e+00 1.019658105748572519e+00 7.846828380341310015e-04
5.312500000000000000e+00 1.015223357651345415e+00 1.337424426576881492e-03
5.333333333333333037e+00 1.017193317919979023e+00 7.760441220089657954e-04
5.354166666666666075e+00 1.010150239604987288e+00 -1.181473891502234823e-03
5.375000000000000000e+00 1.009498527663926337e+00 9.250666583241345681e-04
5.395833333333333037e+00 1.007663857658429807e+00 1.490151306694284875e-03
5.416666666666666075e+00 1.002743747112782025e+00 2.228382608036729579e-03
5.437500000000000000e+00 1.004453088536539918e+00 9.537805536388333384e-04
5.458333333333333037e+00 1.008549225972453334e+00 4.702824935961118268e-04
5.479166666666666075e+00 1.011583756566385883e+00 4.190820682869287749e-04
5.500000000000000000e+00 1.012981067061556439e+00 -1.256580998505909879e-03
5.520833333333333037e+00 1.014278307369464116e+00 2.909153454786265439e-04
5.541666666666666075e+00 1.010047858533958731e+00 -9.249283607879599375e-04
5.562500000000000000e+00 1.006221156529544691e+00 8.374786196702234528e-05
5.583333333333333037e+00 1.001860317661113831e+00 -3.034415007698701861e-03
5.604166666666666075e+00 1.003986489796402148e+00 -1.568691734697050364e-04
5.625000000000000000e+00 9.976185225605413986e-01 -1.307252744877788423e-03
5.645833333333333037e+00 9.960160371363769860e-01 2.657986465184922578e-04
5.666666666666666075e+00 9.961321885609366600e-01 -1.012241493322700494e-03
5.687500000000000000e+00 9.940233975613212980e-01 3.649511262328064033e-04
5.708333333333333037e+00 9.906950235357506740e-01 -6.222705939392789880e-05
5.729166666666666075e+00 9.929562443905847191e-01 9.919952502756676678e-04
5.750000000000000000e+00 9.883679246565230114e-01 3.391589020413690977e-05
5.770833333333333037e+00 9.939498688579694319e-01 -2.086933953069284101e-03
5.791666666666666075e+00 9.975169481348313827e-01 -1.378084301784843766e-03
5.812500000000000000e+00 1.000213595076742790e+00 -2.712767301767573646e-03
5.833333333333333037e+00 1.005454835675614333e+00 1.183117095375306200e-03
5.854166666666666075e+00 1.013726551382958752e+00 9.811871914994628897e-04
5.875000000000000000e+00 1.013371414201161613e+00 9.438662166150794085e-04
5.895833333333333037e+00 1.018281090495124497e+00 -7.684011213285044713e-04
5.916666666666666075e+00 1.014349457687326650e+00 2.122275119884721364e-03
5.937500000000000000e+00 1.007291938423563460e+00 1.423774125882446657e-03
5.958333333333333037e+00 1.003814999115753892e+00 2.174852566310944767e-04
5.979166666666666075e+00 9.968140472697420984e-01 -1.479012075977193322e-03
6.000000000000000000e+00 9.922504426113242237e-01 -1.078229655968874481e-03
6.020833333333333037e+00 9.905324759400521151e-01 -5.906964619190497061e-04
6.041666666666666075e+00 9.912292841945735677e-01 9.493114823426351172e-04
6.062500000000000000e+00 9.894966440683596876e-01 1.582577655971935350e-03
6.083333333333333037e+00 9.922675650623837829e-01 4.158348971287924138e-05
6.104166666666666075e+00 9.852123512837059893e-01 -1.156864636189652894e-03
6.125000000000000000e+00 9.842607784571255625e-01 -1.912853222726629786e-04
6.145833333333333037e+00 9.801559784511989504e-01 -5.557386790870941316e-04
6.166666666666666075e+00 9.802606445840899019e-01 1.938377514050028914e-03
6.187500000000000000e+00 9.800422983051741976e-01 1.454209953949936115e-03
6.208333333333333037e+00 9.781568417051926811e-01 4.252358162174309274e-04
6.229166666666666075e+00 9.746598676834422603e-01 3.186608186148964794e-03
6.250000000000000000e+00 9.851115375598467061e-01 1.661918226951717694e-03
6.270833333333333037e+00 9.810134530086120908e-01 1.034255754758785619e-03
6.291666666666666075e+00 9.824451835151435386e-01 -7.640679178968202935e-04
6.312500000000000000e+00 9.781408913866873611e-01 -2.366723443262154676e-03
6.333333333333333037e+00 9.866411970260661191e-01 -3.749698233062943495e-04
6.354166666666666075e+00 9.784151400555533007e-01 -3.225130389434010419e-04
6.375000000000000000e+00 9.797095499608782232e-01 6.852381405134448612e-04
6.395833333333333037e+00 9.780933924384580536e-01 2.562754856249408603e-03
6.416666666666666075e+00 9.807394183855416836e-01 -1.064836532581858383e-03
6.437500000000000000e+00 9.841688997225804814e-01 6.197961554245807981e-04
6.458333333333333037e+00 9.890736276309215480e-01 1.300863735956694705e-04
6.479166666666666075e+00 9.926129044893577946e-01 -1.267481191475675311e-04
6.500000000000000000e+00 9.929564758589122242e-01 -5.580648395398631273e-04
6.520833333333333037e+00 9.946679504530528959e-01 -5.458426435042019065e-04
6.541666666666666075e+00 9.855707043468729944e-01 -2.910253592158176675e-04
6.562500000000000000e+00 9.794332486639844015e-01 1.473275095936112263e-04
6.583333333333333037e+00 9.790313153940871649e-01 7.101051504803421004e-04
6.604166666666666075e+00 9.825879170441642607e-01 -2.037949936121622005e-04
6.625000000000000000e+00 9.855638862084953322e-01 -1.245675662739561922e-03
6.645833333333333037e+00 9.968457682204061587e-01 -2.686299465256218166e-03
6.666666666666666075e+00 9.953799082051244529e-01 -8.203520100094084991e-05
6.687500000000000000e+00 9.992679228616047071e-01 -3.745445482787562014e-04
6.708333333333333037e+00 9.978281085892433122e-01 1.340409538457029703e-03
6.729166666666666075e+00 9.974558500848228482e-01 9.322997856239873459e-04
6.750000000000000000e+00 9.955397146421613996e-01 -6.651872719454700756e-04
6.770833333333333037e+00 9.947148272671788582e-01 1.024957010941486817e-03
6.791666666666666075e+00 9.976048192828042005e-01 2.881720316812670440e-04
6.812500000000000000e+00 1.001727683372386490e+00 1.866407440578750181e-03
6.833333333333333037e+00 1.005048818384742360e+00 1.655221226489797526e-03
6.854166666666666075e+00 1.002810926285283122e+00 -4.784615956671429558e-04
6.875000000000000000e+00 1.005592422159673482e+00 6.942997770236992907e-04
6.895833333333333037e+00 1.003386887225540258e+00 6.745138046967310815e-04
6.916666666666666075e+00 9.987962649283999017e-01 5.848968189323457698e-04
6.937500000000000000e+00 1.005720134977948765e+00 9.020443600990617466e-04
6.958333333333333037e+00 1.004747429984252483e+00 2.449466119378549116e-03
6.979166666666666075e+00 1.001412607032867275e+00 -1.808743028350453521e-03
7.000000000000000000e+00 1.007729586746322736e+00 1.641714585915318497e-03
7.020833333333333037e+00 1.013415653786470250e+00 1.792043782569930407e-03
7.041666666666666075e+00 1.013132890031919864e+00 1.863430931936213867e-03
7.062500000000000000e+00 1.009161540913400712e+00 1.686483007271217822e-03
7.083333333333333037e+00 1.007902281387407672e+00 2.011556409969766967e-04
7.104166666666666075e+00 1.003947163077913096e+00 -1.404723665302561389e-03
7.125000000000000000e+00 9.968527759321786919e-01 1.327604523036302877e-03
7.145833333333333037e+00 9.958504496299414033e-01 -2.765995562990277161e-04
7.166666666666666075e+00 9.987587945553074720e-01 1.494613129100421864e-03
7.187500000000000000e+00 9.992766276263899128e-01 1.457926488510477092e-04
7.208333333333333037e+00 1.000495678113546560e+00 2.817337163794871925e-04
7.229166666666666075e+00 1.004901454039079045e+00 3.607043773008606334e-04
7.250000000000000000e+00 1.001610738271335732e+00 -8.102420196690034583e-05
7.270833333333333037e+00 1.002598230599544671e+00 -7.609562120286971409e-04
7.291666666666666075e+00 1.004187835148114827e+00 -4.336944900202975442e-04
7.312500000000000000e+00 1.006299239668055456e+00 -8.024893852519186712e-04
7.333333333333333037e+00 1.013150653184113015e+00 -3.748557728984353043e-05
7.354166666666666075e+00 1.014417787767360801e+00 2.330264053096618975e-03
7.375000000000000000e+00 1.014701432267215875e+00 1.983544236907958591e-04
7.395833333333333037e+00 1.020740332251624860e+00 9.305976840974297670e-04
7.416666666666666075e+00 1.017305867814803699e+00 1.211817567539889232e-03
7.437500000000000000e+00 1.016841374089775041e+00 -3.279182023497177788e-04
7.458333333333333037e+00 1.010785314584038863e+00 3.577853577899267590e-04
7.479166666666666075e+00 1.009827894442529850e+00 3.789500412999572375e-04
7.500000000000000000e+00 1.010444662513442227e+00 3.833221829775772770e-04
7.520833333333333037e+00 1.009809851299569905e+00 6.632367689750412942e-04
7.541666666666666075e+00 1.014404328987964954e+00 1.266430449065744038e-03
7.562500000000000000e+00 1.014603436727067320e+00 7.923058875280966813e-04
7.583333333333333037e+00 1.015864903602732516e+00 -3.209683405948953122e-04
7.604166666666666075e+00 1.018887040140777911e+00 -1.407410938685534031e-03
7.625000000000000000e+00 1.017543695402784554e+00 -7.709174156931567412e-04
7.645833333333333037e+00 1.017671348160729794e+00 -9.581166167288048116e-04
7.666666666666666075e+00 1.019889091597815378e+00 -1.905856272417255897e-03
7.687500000000000000e+00 1.020442884356100643e+00 -1.039145474362630555e-03
7.708333333333333037e+00 1.020511440814461102e+00 2.214172283334402472e-04
7.729166666666666075e+00 1.020065678543768950e+00 5.592350812940211514e-04
7.750000000000000000e+00 1.020128977136447013e+00 6.711824797105326755e-04
7.770833333333333037e+00 1.015791024251336161e+00 -1.717440765701737674e-03
7.791666666666666075e+00 1.007916381184761567e+00 -7.098225358519464007e-04
7.812500000000000000e+00 1.001060454412404210e+00 1.104317265415047421e-03
7.833333333333333037e+00 9.946044947397544300e-01 1.298736667093486341e-03
7.854166666666666075e+00 9.944725253751063310e-01 1.465606300456533942e-03
7.875000000000000000e+00 9.946423588905187740e-01 6.763595233850482665e-04
7.895833333333333037e+00 9.968431195852508475e-01 1.898404964796620653e-03
7.916666666666666075e+00 1.003738715516192981e+00 -5.326341434774916028e-05
7.937500000000000000e+00 9.993218756630148913e-01 8.869413717120232807e-04
7.958333333333333037e+00 1.008533259965352036e+00 1.458254344982580887e-03
7.979166666666666075e+00 1.007215202441700264e+00 -2.176843712639086551e-03
8.000000000000000000e+00 9.998671119568518506e-01 -1.759892267518254174e-03
8.020833333333332149e+00 9.998698917872970160e-01 1.445012338396151020e-03
8.041666666666666075e+00 1.003336986540001918e+00 -1.235951421006526189e-03
8.062500000000000000e+00 1.008874604029335709e+00 2.713804204078045477e-03
8.083333333333332149e+00 1.015162546868088267e+00 -3.257362157058952298e-04
8.104166666666666075e+00 1.019932584536846765e+00 1.637506375044422546e-03
8.125000000000000000e+00 1.017390392132708543e+00 1.604858230346199168e-03
8.145833333333332149e+00 1.012160580392995834e+00 5.494164488386011052e-04
8.166666666666666075e+00 1.008660967179655366e+00 4.046318531263632182e-03
8.187500000000000000e+00 9.983028441107584250e-01 -5.656230512200401605e-04
8.208333333333332149e+00 9.987733972841869035e-01 1.918172301400197007e-03
8.229166666666666075e+00 9.927430252980151693e-01 1.060660896722591444e-04
8.250000000000000000e+00 9.942590528546141337e-01 2.184266498554704602e-04
8.270833333333332149e+00 9.945422935636569761e-01 -5.970635354934658530e-05
8.291666666666666075e+00 9.981256139923811999e-01 1.294323545060611881e-03
8.312500000000000000e+00 9.991014943285100314e-01 2.818265577763028312e-03
8.333333333333332149e+00 9.935533236541518320e-01 -1.063673520452767802e-04
8.354166666666666075e+00 9.887401291081099330e-01 8.582020963596541634e-04
8.375000000000000000e+00 9.889137807203263186e-01 -2.528078379917811629e-03
8.395833333333332149e+00 9.876878430694280286e-01 5.446606025402312302e-04
8.416666666666666075e+00 9.791612498029735878e-01 1.482534502254235359e-03
8.437500000000000000e+00 9.872061125129368842e-01 -7.531025432861585336e-04
8.458333333333332149e+00 9.904346025036070422e-01 1.787179473765224168e-03
8.479166666666666075e+00 9.966270462393514995e-01 -1.988793038610477647e-03
8.500000000000000000e+00 9.979066664065466830e-01 1.124028085930941839e-03
8.520833333333332149e+00 9.938452373186682509e-01 -6.783000554664031252e-04
8.541666666666666075e+00 9.925211458701024281e-01 -1.584237688941980996e-03
8.562500000000000000e+00 9.823082350833937104e-01 5.120682713083800222e-04
8.583333333333332149e+00 9.866308012650706338e-01 1.379562523425393282e-03
8.604166666666666075e+00 9.938709303964139430e-01 -3.114947988740991930e-04
8.625000000000000000e+00 9.990798361106237868e-01 -1.130901160988303329e-03
8.645833333333332149e+00 1.008470921896783556e+00 5.375106340432395102e-04
8.666666666666666075e+00 1.013439948493236153e+00 2.648911263933712555e-04
8.687500000000000000e+00 1.020163529370956557e+00 4.650666400115558872e-04
8.708333333333332149e+00 1.023996735763897936e+00 -1.768204055650528998e-04
8.729166666666666075e+00 1.025279021174500427e+00 -5.084453017644384714e-04
8.750000000000000000e+00 1.022053000170264347e+00 -5.495975262820685736e-04
8.770833333333332149e+00 1.021939084243103313e+00 -2.282715102378935997e-04
8.791666666666666075e+00 1.020410136221759023e+00 -1.005307068407795476e-03
8.812500000000000000e+00 1.017754866374417810e+00 9.922246665656597568e-04
8.833333333333332149e+00 1.017995933440168477e+00 2.763366480609073111e-03
8.854166666666666075e+00 1.017160574097379255e+00 7.443541541253842443e-04
8.875000000000000000e+00 1.017300896474961469e+00 -2.665931894653213348e-03
8.895833333333332149e+00 1.010766119520319473e+00 -2.224644963442089956e-04
8.916666666666666075e+00 1.005634611866255135e+00 -1.375227812053012640e-03
8.937500000000000000e+00 1.001422526468427554e+00 -6.348452938576434976e-04
8.958333333333332149e+00 9.956568857967433850e-01 -3.017721905142055176e-03
8.979166666666666075e+00 9.968664385651866411e-01 1.928011161306819609e-04
9.000000000000000000e+00 9.940981292486458232e-01 3.128739099019701465e-04
9.020833333333332149e+00 1.002286980909482095e+00 -3.337467934714289687e-04
9.041666666666666075e+00 1.002829705997904775e+00 -1.329347591367976923e-04
9.062500000000000000e+00 1.007300178733117946e+00 -1.155166591354037575e-03
9.083333333333332149e+00 1.004372996099917703e+00 4.876232608012794610e-04
9.104166666666666075e+00 1.006120056101979632e+00 2.688063390221512956e-04
9.125000000000000000e+00 1.000325226469794604e+00 2.804845866781129440e-04
9.145833333333332149e+00 9.893531012616944009e-01 4.678562896786890774e-04
9.166666666666666075e+00 9.812627270201887963e-01 1.614520876995247404e-03
9.187500000000000000e+00 9.793843573045581952e-01 3.156025821300681672e-04
9.208333333333332149e+00 9.742329423794018339e-01 2.755880334525715012e-04
9.229166666666666075e+00 9.767275362881741030e-01 1.542667969770066937e-03
9.250000000000000000e+00 9.777462944431236647e-01 -2.285676800568008094e-03
9.270833333333332149e+00 9.820939845866706319e-01 8.709234595097378870e-04
9.291666666666666075e+00 9.791782336676539966e-01 8.872129228261771980e-04
9.312500000000000000e+00 9.854813547258546302e-01 4.979247786526965315e-04
9.333333333333332149e+00 9.876976479943505582e-01 2.224334851169027742e-03
9.354166666666666075e+00 9.813797878691009613e-01 -5.725578096294024885e-04
9.375000000000000000e+00 9.860249123096375135e-01 5.739368425504851523e-04
9.395833333333332149e+00 9.891743032560430526e-01 -5.858158739702778225e-04
9.416666666666666075e+00 9.933331591924337012e-01 4.158709050735034355e-04
9.437500000000000000e+00 9.914942010355024538e-01 -7.174383043247128207e-04
9.458333333333332149e+00 9.957298723809651086e-01 -2.032300313549370401e-03
9.479166666666666075e+00 9.921753487302411578e-01 -2.111989471838266689e-03
9.500000000000000000e+00 9.895530784351788123e-01 -5.687874639848275156e-04
9.520833333333332149e+00 9.833981045921271757e-01 9.060931906846975104e-05
9.541666666666666075e+00 9.764912026835260717e-01 -1.847226586125234925e-03
9.562500000000000000e+00 9.755884158283548713e-01 -4.502274644217375420e-04
9.583333333333332149e+00 9.769351063899882615e-01 2.188888979902550540e-04
9.604166666666666075e+00 9.795654496185771665e-01 3.117832266817326765e-04
9.625000000000000000e+00 9.891643215411810575e-01 -2.055908721501714610e-04
9.645833333333332149e+00 9.889508418469907802e-01 -1.018896194811736659e-03
9.666666666666666075e+00 1.002412122151187024e+00 1.905199617275444950e-03
9.687500000000000000e+00 9.987822452282428820e-01 5.614495825326492858e-04
9.708333333333332149e+00 1.000604313644767096e+00 -1.659075692309751717e-03
9.729166666666666075e+00 1.001371315569005382e+00 6.725966466024116104e-04
9.750000000000000000e+00 9.925707651684461119e-01 2.190311942400161721e-03
9.770833333333332149e+00 9.985972848119732959e-01 5.241564615232236239e-04
9.791666666666666075e+00 9.868857824410747215e-01 -3.505259355399373169e-04
9.812500000000000000e+00 9.856006377309223243e-01 -5.756744144454137291e-04
9.833333333333332149e+00 9.898883185726820022e-01 -8.869121488739355945e-05
9.854166666666666075e+00 9.941043356998900959e-01 -1.884739095005515466e-03
9.875000000000000000e+00 9.943047999978114060e-01 4.146184167605380879e-04
9.895833333333332149e+00 9.902653597790764817e-01 1.236443191934388569e-03
9.916666666666666075e+00 9.955229713019841942e-01 -1.009794808271322541e-03
9.937500000000000000e+00 9.983524713334077649e-01 -9.347391555025480903e-04
9.958333333333332149e+00 9.935520299651853238e-01 -5.176058344635970461e-04
9.979166666666666075e+00 9.969406974690654399e-01 4.460592435939624988e-04
1.000000000000000000e+01 1.005663938613095665e+00 9.912723674760229916e-04
1.002083333333333215e+01 1.008083672608881320e+00 3.276609389024554746e-04
1.004166666666666607e+01 1.013383566105104272e+00 -1.422029274739061147e-03
1.006250000000000000e+01 1.010904172456539740e+00 -7.721016775905561189e-04
1.008333333333333215e+01 1.010873040020884739e+00 8.548925190284211535e-04
1.010416666666666607e+01 1.002402465206160942e+00 1.912505711584633664e-04
1.012500000000000000e+01 9.975025746063073129e-01 -5.359517406924665679e-04
1.014583333333333215e+01 9.955797248962513502e-01 2.110418598105604730e-03
1.016666666666666607e+01 9.920623297707333865e-01 1.898175248137849236e-03
1.018750000000000000e+01 9.925001059527445157e-01 6.592119994154419394e-04
1.020833333333333215e+01 9.962354644870444753e-01 -1.541297763241055710e-03
1.022916666666666607e+01 9.978860532275599660e-01 -1.144235012686365804e-03
1.025000000000000000e+01 1.005729567197854113e+00 -1.467190989250923526e-03
1.027083333333333215e+01 1.005671222518773167e+00 -8.804198560260602727e-04
1.029166666666666607e+01 1.010090494955118601e+00 -1.260142019029379321e-03
1.031250000000000000e+01 1.010342717923271350e+00 1.085154797105671682e-03
1.033333333333333215e+01 1.012580025603058376e+00 -1.781862630148159507e-03
1.035416666666666607e+01 1.010459203037512577e+00 -6.564870001228556963e-04
1.037500000000000000e+01 1.013297446725217821e+00 1.729408418142242606e-03
1.039583333333333215e+01 1.016067462681408573e+00 -6.647898485260540476e-04
1.041666666666666607e+01 1.020734390033331218e+00 -4.319404766348304146e-04
1.043750000000000000e+01 1.019878229892304589e+00 -6.579652617552622608e-04
1.045833333333333215e+01 1.029044424191029705e+00 -1.209478393898879927e-04
1.047916666666666607e+01 1.021674003648247675e+00 -8.464100051675580274e-04
1.050000000000000000e+01 1.018370347982112012e+00 -1.708146816998794802e-03
1.052083333333333215e+01 1.021151566976331582e+00 -1.283523229815386945e-03
1.054166666666666607e+01 1.023025956109620660e+00 -7.481225169741507076e-04
1.056250000000000000e+01 1.020761730349913021e+00 -2.468794623701694307e-03
1.058333333333333215e+01 1.020470150238247831e+00 1.109000562225981659e-03
1.060416666666666607e+01 1.020331575195956075e+00 -5.973892698179172450e-05
1.062500000000000000e+01 1.020803348170910674e+00 4.337207034024516427e-04
1.064583333333333215e+01 1.019079629711107549e+00 1.210893723855828571e-03
1.066666666666666607e+01 1.007136396775042186e+00 6.315849472772824694e-04
1.068750000000000000e+01 1.003305385414607009e+00 -8.830554375782097721e-04
1.070833333333333215e+01 1.003249114557536181e+00 1.280540082757540337e-03
1.072916666666666607e+01 9.983269005049921763e-01 -2.913182045825089180e-05
1.075000000000000000e+01 9.987411470337509423e-01 5.177681240729848982e-04
1.077083333333333215e+01 9.976161116418672536e-01 7.284674250334391117e-04
1.079166666666666607e+01 9.974663128497758269e-01 -3.036729294481558389e-05
1.081250000000000000e+01 9.984300037121380811e-01 -4.838281061184727364e-04
1.083333333333333215e+01 9.935381189138459135e-01 1.915814750575287907e-04
1.085416666666666607e+01 9.977960076447711657e-01 -1.255414274920044031e-03
1.087500000000000000e+01 9.924188064929185815e-01 -1.181757434929252215e-05
1.089583333333333215e+01 9.874185120608038879e-01 6.875663364259501642e-04
1.091666666666666607e+01 9.845607336696591272e-01 7.028446150414920687e-05
1.093750000000000000e+01 9.863440468196349453e-01 1.533662873626055701e-03
1.095833333333333215e+01 9.899464741825412251e-01 -7.999962301992047256e-04
1.097916666666666607e+01 9.909246615111716450e-01 4.280106788755411130e-04
1.100000000000000000e+01 9.875932442169879089e-01 -1.580499792676926018e-03
1.102083333333333215e+01 9.876751800659249181e-01 2.198267044325678116e-04
1.104166666666666607e+01 9.871896331708314154e-01 1.006955570114306375e-03
1.106250000000000000e+01 9.928308644425829499e-01 7.712500943619745230e-04
1.108333333333333215e+01 9.897871333237091562e-01 -1.325413871769002801e-03
1.110416666666666607e+01 9.955501571133611449e-01 -2.595251120016629147e-04
1.112500000000000000e+01 1.003327200864576163e+00 8.596454170507704644e-04
1.114583333333333215e+01 1.004193403543307772e+00 2.036076544898293532e-03
1.116666666666666607e+01 1.006651615630385299e+00 -1.050963123432714598e-03
1.118750000000000000e+01 1.005085428749828758e+00 -8.058059266740320923e-05
1.120833333333333215e+01 9.953255881647896652e-01 4.468938687873154369e-04
1.122916666666666607e+01 9.959917576755773494e-01 4.555533322905141493e-04
1.125000000000000000e+01 9.939123090205254085e-01 5.367065699062092141e-04
1.127083333333333215e+01 9.933098906458730504e-01 1.657488753320366737e-03
1.129166666666666607e+01 9.871962288953178843e-01 -3.136653339351383463e-03
1.131250000000000000e+01 9.939087455122405101e-01 1.328787276455776134e-03
1.133333333333333215e+01 9.931883589557518599e-01 -1.293831335849802673e-03
1.135416666666666607e+01 9.906318315491254856e-01 -3.311319448698760073e-03
1.137500000000000000e+01 9.885478867500252509e-01 -5.152610517649240923e-04
1.139583333333333215e+01 9.909082058320783926e-01 -1.685943832329934219e-03
1.141666666666666607e+01 9.884466068764645730e-01 2.162273158365461950e-03
1.143750000000000000e+01 9.927167364245819137e-01 1.103377319265937476e-03
1.145833333333333215e+01 9.909634210508042607e-01 -2.962388431012963970e-04
1.147916666666666607e+01 1.000172885981095883e+00 -1.294229672171687273e-03
1.150000000000000000e+01 9.990779722374943939e-01 -3.258967233654510329e-04
1.152083333333333215e+01 9.994178024560090856e-01 4.340857008850891856e-04
1.154166666666666607e+01 9.950785116080481663e-01 1.541867262507943431e-05
1.156250000000000000e+01 9.898922269471402968e-01 2.047842851451192776e-04
1.158333333333333215e+01 9.839593081148640952e-01 -1.802759480220339538e-03
1.160416666666666607e+01 9.807873069063957061e-01 1.234152259560136267e-03
1.162500000000000000e+01 9.811967763056738123e-01 -5.751153002111473490e-04
1.164583333333333215e+01 9.849873510308593261e-01 -1.743130615883823177e-03
1.166666666666666607e+01 9.875433906825238362e-01 -2.162558597973272215e-03
1.168750000000000000e+01 9.903962515819728640e-01 1.051521058357323670e-03
1.170833333333333215e+01 9.981925963186247808e-01 -2.051533195322946589e-04
1.172916666666666607e+01 9.957671099666134396e-01 -1.593653216744481734e-03
1.175000000000000000e+01 9.996256244936887470e-01 -9.798116954055451338e-04
1.177083333333333215e+01 1.000044578446883436e+00 -5.303759934424840143e-04
1.179166666666666607e+01 1.001217345020134264e+00 -2.017294335337829325e-03
1.181250000000000000e+01 1.004016270741089123e+00 -1.373769072989392470e-03
1.183333333333333215e+01 1.006583852757047426e+00 2.973125139959525596e-04
1.185416666666666607e+01 1.013241229494425077e+00 3.335218353701180577e-04
1.187500000000000000e+01 1.013726640962575809e+00 -1.568190126656430339e-05
1.189583333333333215e+01 1.008368164212019247e+00 9.098330829314902083e-04
1.191666666666666607e+01 1.007543641981426763e+00 -5.735575633222969420e-04
1.193750000000000000e+01 1.004961477128152536e+00 -7.524972461875977349e-04
1.195833333333333215e+01 9.960293616231751246e-01 -8.394730618248183538e-04
1.197916666666666607e+01 9.964909132014949655e-01 -3.457705183456438779e-04
1.200000000000000000e+01 9.966401840424617964e-01 5.948889151668633121e-04
1.202083333333333215e+01 9.954343756609951299e-01 -2.039821615820101765e-03
1.204166666666666607e+01 9.977319756370019999e-01 -6.265681376678040046e-04
1.206250000000000000e+01 1.002238134513017576e+00 -8.370620182818997194e-05
1.208333333333333215e+01 1.003486637102920964e+00 -2.130103330049344407e-04
1.210416666666666607e+01 9.993434813558231822e-01 1.483307528863267097e-03
1.212500000000000000e+01 9.950200479846702528e-01 -1.395491662279994089e-03
1.214583333333333215e+01 9.942035972097630347e-01 4.723207026797189133e-04
1.216666666666666607e+01 9.852144015297978896e-01 -9.755851643063458232e-04
1.218750000000000000e+01 9.838887034890663186e-01 4.567061044252958583e-04
1.220833333333333215e+01 9.808862221090970390e-01 -4.327429821096928989e-04
1.222916666666666607e+01 9.899100743060749164e-01 5.184197304673051308e-04
1.225000000000000000e+01 9.929227315790041253e-01 1.122741933761188010e-05
1.227083333333333215e+01 9.928068869618208447e-01 -1.304011214804392475e-03
1.229166666666666607e+01 9.904495170231800705e-01 -5.019275167800689268e-04
1.231250000000000000e+01 9.892992311679562611e-01 1.038720000964849215e-03
1.233333333333333215e+01 9.831789753096086271e-01 -1.737235547468787052e-03
1.235416666666666607e+01 9.844079940548702279e-01 1.174225410143684084e-03
1.237500000000000000e+01 9.834048269635112804e-01 1.266007127982469657e-03
1.239583333333333215e+01 9.865305712752906464e-01 1.032069249368510692e-03
1.241666666666666607e+01 9.917275062207833169e-01 -3.038037417929092209e-04
1.243750000000000000e+01 9.926036686912603768e-01 9.546503627013246248e-04
1.245833333333333215e+01 9.962506890498342704e-01 -1.167672547104259978e-04
1.247916666666666607e+01 9.970213704752260986e-01 1.122446106594324628e-04
1.452083333333333215e+01 9.921519704005915541e-01 8.029145546291076730e-04
1.454166666666666607e+01 1.001126589136663858e+00 9.325090353573099202e-05
1.456250000000000000e+01 1.007179666730026790e+00 7.450021434715023991e-04
1.458333333333333215e+01 1.010856033000190113e+00 -1.332459229356929530e-03
1.460416666666666607e+01 1.016732047048664045e+00 -1.933642232174341341e-04
1.462500000000000000e+01 1.016387985594033427e+00 -1.790156305961800812e-03
1.464583333333333215e+01 1.016369086052465898e+00 4.873070407954355806e-04
1.466666666666666607e+01 1.012920100693023295e+00 1.351633740285226436e-03
1.468750000000000000e+01 1.008373879424554254e+00 -6.450450043695378412e-04
1.470833333333333215e+01 1.008763663989250547e+00 -4.490452398907913891e-04
1.472916666666666607e+01 1.005003512567229640e+00 -1.243663172257915717e-03
1.475000000000000000e+01 1.004018201144631250e+00 2.285906889890378384e-04
1.477083333333333215e+01 9.974056668163882033e-01 1.010798896328275525e-03
1.479166666666666607e+01 9.923740705835775167e-01 1.490833705094087936e-04
1.481250000000000000e+01 9.920841135031971403e-01 1.892604998939398690e-04
1.483333333333333215e+01 9.990475849188754642e-01 6.354427075245295837e-04
1.485416666666666607e+01 9.980902726482002718e-01 3.490664724513347630e-04
1.487500000000000000e+01 1.001427738002149015e+00 3.981717493444380694e-04
1.489583333333333215e+01 1.001209447700274868e+00 -3.161789792581698000e-04
1.491666666666666607e+01 1.000876124462936279e+00 -1.362951625162950537e-03
1.493750000000000000e+01 9.999554714200412642e-01 3.389882591637230621e-04
1.495833333333333215e+01 9.946331579485415686e-01 2.627229586916476813e-03
1.497916666666666607e+01 9.887071870519298367e-01 -2.173396867622697827e-03
1.500000000000000000e+01 9.865029130361482324e-01 1.375718737492137404e-03
1.502083333333333215e+01 9.827616480332229676e-01 -1.846145638374313688e-03
1.504166666666666607e+01 9.857922794149373003e-01 -1.175586553298879752e-03
1.506250000000000000e+01 9.909157952537733793e-01 2.665512850929214550e-04
1.508333333333333215e+01 9.898355978722939152e-01 2.073140092809298667e-03
1.510416666666666607e+01 9.880470048137933725e-01 -8.991657709496603951e-04
1.512500000000000000e+01 1.002740441026468421e+00 5.666387387436586445e-04
1.514583333333333215e+01 1.001045507966475290e+00 -2.261004805426967360e-03
1.516666666666666607e+01 1.002808830257698292e+00 6.071601981554627762e-04
1.518750000000000000e+01 1.005248813322327850e+00 5.154840946274607877e-04
1.520833333333333215e+01 1.009402228088725595e+00 3.138276386418329691e-04
1.522916666666666607e+01 1.009303249086394461e+00 -7.136186998430166109e-04
1.525000000000000000e+01 1.016527293795426168e+00 -4.883996285482881082e-04
1.527083333333333215e+01 1.022617441804854144e+00 1.313013705510485346e-03
1.529166666666666607e+01 1.019818293054559399e+00 -7.988657967896368225e-04
1.531250000000000000e+01 1.009341484422752400e+00 -6.990835498183964404e-06
1.533333333333333215e+01 1.007522875894455883e+00 -1.406075524642548275e-03
1.535416666666666607e+01 9.962772300085497301e-01 1.011537119909482370e-03
1.537500000000000000e+01 9.936072429825364427e-01 -1.597995650856444969e-03
1.539583333333333215e+01 9.905121373329485168e-01 -1.185161672826926449e-03
1.541666666666666607e+01 9.901491984613201014e-01 -2.567603291480813777e-04
1.543750000000000000e+01 9.933016090214994431e-01 -2.400053093556893651e-03
1.545833333333333215e+01 9.968705680032294847e-01 -4.617651793008124866e-05
1.547916666666666607e+01 9.982006061894149740e-01 -1.187356938354425717e-03
1.550000000000000000e+01 1.001806680039546871e+00 2.341294199874602224e-04
1.552083333333333215e+01 1.004537839907777119e+00 1.728541148634920666e-03
1.554166666666666607e+01 9.983833393417481661e-01 1.665549446697533456e-03
1.556250000000000000e+01 1.001031734239858695e+00 -3.006684519246094717e-04
1.558333333333333215e+01 1.000334138763490088e+00 -9.801166018536608545e-05
1.560416666666666607e+01 1.004124934641089428e+00 -3.646500782427870326e-04
1.562500000000000000e+01 1.003620320159040791e+00 -1.209491992954971539e-03
1.564583333333333215e+01 1.005552746294148259e+00 2.060452272084879743e-03
1.566666666666666607e+01 1.005623643617455043e+00 1.407223979270160385e-03
1.568750000000000000e+01 1.001169539819561471e+00 -1.042107254016845118e-03
1.570833333333333215e+01 9.972930125332784002e-01 -3.144843145021292748e-03
1.572916666666666607e+01 9.910857222442033265e-01 -3.681688509916953406e-04
1.575000000000000000e+01 9.966808912631959227e-01 -1.440836875165489150e-03
1.577083333333333215e+01 9.950016474013698708e-01 -8.346442672622695800e-05
1.579166666666666607e+01 9.980819857962458519e-01 1.491310814250406118e-04
1.581250000000000000e+01 1.005721672375986087e+00 -8.461292403952241697e-04
1.583333333333333215e+01 1.008966570535620555e+00 3.068592042604275120e-04
1.585416666666666607e+01 1.011896073493931736e+00 1.632551805139175968e-04
1.587500000000000000e+01 1.011026962613620128e+00 1.524580358668538435e-03
1.589583333333333215e+01 1.002701302048043308e+00 -1.309496885770045473e-03
1.591666666666666607e+01 9.986410307416428989e-01 9.355720305615523869e-04
1.593750000000000000e+01 9.974756083235550852e-01 -1.177036296108479978e-03
1.595833333333333215e+01 1.000355454298106128e+00 -4.123104873319718565e-04
1.597916666666666607e+01 9.954201889059977049e-01 -2.833751795665654370e-04
1.600000000000000000e+01 9.987505393575607515e-01 -2.165850318234191149e-03
1.602083333333333215e+01 9.992634104269788597e-01 -1.780518424387665869e-05
1.604166666666666430e+01 1.006632330774900996e+00 1.164538625716500433e-03
1.606250000000000000e+01 1.004311837120884343e+00 -9.177488213599695362e-04
1.608333333333333215e+01 9.986521305556528283e-01 1.011418928556798765e-03
1.610416666666666430e+01 1.000620722200720847e+00 -1.957554704117184068e-03
1.612500000000000000e+01 9.927727925722479307e-01 -5.445518088153668930e-04
1.614583333333333215e+01 9.944511741968133922e-01 -9.834762551570491902e-04
1.616666666666666430e+01 9.969937145966435432e-01 -4.081906379713860669e-04
1.618750000000000000e+01 1.004082061474124155e+00 -1.943290140884732561e-03
1.620833333333333215e+01 1.004527213876033054e+00 -6.173116669171735578e-04
1.622916666666666430e+01 1.004947279845078478e+00 7.629279495878657459e-04
1.625000000000000000e+01 1.011360824603857678e+00 -2.815104311139925478e-04
1.627083333333333215e+01 1.005410012216768845e+00 4.737667336855013269e-04
1.629166666666666430e+01 1.007754068165337857e+00 3.523866063773209000e-03
1.631250000000000000e+01 1.007025341726067946e+00 5.107237955571339869e-04
1.633333333333333215e+01 1.003894383169270599e+00 -9.103981767481449626e-04
1.635416666666666430e+01 1.008166098487138784e+00 5.231003915824939451e-04
1.637500000000000000e+01 1.007715910214494137e+00 -4.132888685024636768e-04
1.639583333333333215e+01 1.011562466560864015e+00 -3.417082911861007106e-06
1.641666666666666430e+01 1.011402644346500734e+00 1.669357589786287736e-03
1.643750000000000000e+01 1.011134089220684151e+00 -3.530846450584819701e-03
1.645833333333333215e+01 1.008882869195033782e+00 5.404497660195200885e-04
1.647916666666666430e+01 1.009607832687611007e+00 -2.413241208536996154e-04
1.650000000000000000e+01 1.006732085029645951e+00 -5.962346075140198412e-04
1.652083333333333215e+01 1.006094991257604709e+00 -5.810782148214361207e-05
1.654166666666666430e+01 1.005131346975732809e+00 -3.765160980382142907e-04
1.656250000000000000e+01 1.008652730461602420e+00 4.737446785559451122e-04
1.658333333333333215e+01 1.006790435398960959e+00 -6.380690141877071132e-04
1.660416666666666430e+01 1.017388887705271694e+00 1.261157890229088960e-03
1.662500000000000000e+01 1.017534533647750816e+00 1.745835810923333689e-04
1.664583333333333215e+01 1.019509710752706688e+00 -2.087941539744977287e-03
1.666666666666666430e+01 1.018572255105747004e+00 2.947798625655965901e-04
1.668750000000000000e+01 1.014436970021185047e+00 -3.175584771582595084e-03
1.670833333333333215e+01 1.009519401544596073e+00 1.208050578113308970e-03
1.672916666666666430e+01 9.998886766584812458e-01 1.789255233327566265e-03
1.675000000000000000e+01 9.949711069910449623e-01 -6.975472448439653823e-04
1.677083333333333215e+01 9.966507896007571476e-01 1.331952082684386427e-03
1.679166666666666430e+01 9.901931652381412707e-01 -1.187364219909341385e-03
1.681250000000000000e+01 9.954441979385669770e-01 -1.243863900436542168e-03
1.683333333333333215e+01 1.003116579407705933e+00 8.710199630050389965e-04
1.685416666666666430e+01 1.005086440970476058e+00 1.472587642409568928e-03
1.687500000000000000e+01 9.985999632302225981e-01 -1.827096723683246634e-03
1.689583333333333215e+01 1.000670146109837289e+00 2.519941645692534205e-04
1.691666666666666430e+01 9.926120924064741891e-01 -1.132638952673339705e-04
1.693750000000000000e+01 1.002979797935120487e+00 3.865294789886543889e-04
1.695833333333333215e+01 1.001170037233910737e+00 -7.815442302951054786e-04
1.697916666666666430e+01 1.005583936128407130e+00 1.072371498500577103e-03
1.700000000000000000e+01 1.009971082431998957e+00 1.696408855511667528e-03
1.702083333333333215e+01 1.012012967835713706e+00 -2.552412283117433357e-04
1.704166666666666430e+01 1.011093632228172501e+00 -1.540937825844567030e-03
1.706250000000000000e+01 1.004461332538873375e+00 1.177588127141689323e-04
1.708333333333333215e+01 9.969902586072121320e-01 1.863492682316225451e-03
1.710416666666666430e+01 9.924281614294230280e-01 -2.391923683022148940e-04
1.712500000000000000e+01 9.830717043427880109e-01 9.414294476489740160e-04
1.714583333333333215e+01 9.874015479973515808e-01 -1.345922563666071547e-03
1.716666666666666430e+01 9.910831151831634989e-01 3.953475555464342080e-04
1.718750000000000000e+01 9.997293198160001060e-01 7.487197034532823989e-04
1.720833333333333215e+01 1.000879583074998136e+00 -9.156812514324800915e-04
1.722916666666666430e+01 1.005391359462135314e+00 -4.157190898147948652e-04
1.725000000000000000e+01 1.010675851891009058e+00 -1.897028224516600662e-03
1.727083333333333215e+01 1.012715553522567369e+00 -5.288122449788949494e-04
1.729166666666666430e+01 1.012189731113482205e+00 -7.837021473375571385e-04
1.731250000000000000e+01 1.003965702168197360e+00 6.958549065982390629e-04
1.733333333333333215e+01 1.012829623394834622e+00 -5.812186444451721305e-04
1.735416666666666430e+01 1.010898879574429587e+00 3.141373196441453312e-04
1.737500000000000000e+01 1.012587018358294788e+00 1.719088597695337143e-03
1.739583333333333215e+01 1.010678898582491714e+00 -1.136307261283592664e-03
1.741666666666666430e+01 1.010429586993780937e+00 1.692947345771176650e-03
1.743750000000000000e+01 1.009392361627615475e+00 1.843456817673936769e-05
1.745833333333333215e+01 1.001153407597152656e+00 6.183016961295501913e-04
1.747916666666666430e+01 9.995223178952061804e-01 -2.037155315290218975e-03
1.750000000000000000e+01 9.952398849650567758e-01 2.128194532884033260e-03
1.752083333333333215e+01 9.952278529934640572e-01 -1.205951597448974219e-03
1.754166666666666430e+01 9.919871088546353688e-01 2.778729268449112839e-04
1.756250000000000000e+01 9.982827354768220030e-01 4.817544027401318620e-04
1.758333333333333215e+01 1.007047912290681912e+00 1.449976818101328608e-03
1.760416666666666430e+01 1.009529973142701431e+00 -2.909681824896142178e-03
1.762500000000000000e+01 1.006195080375791528e+00 1.050706023390690202e-03
1.764583333333333215e+01 1.005313941891550655e+00 -2.277213686663883459e-03
1.766666666666666430e+01 1.005019789975866829e+00 -1.695369066843539774e-04
1.768750000000000000e+01 9.979591149976928532e-01 -9.693774656981434857e-05
1.770833333333333215e+01 9.993773853395637730e-01 -2.918303975292294104e-03
1.772916666666666430e+01 9.971519877719249303e-01 -7.368828738204748641e-04
1.775000000000000000e+01 1.000468517983517103e+00 3.124111778567140716e-04
1.777083333333333215e+01 1.000233894172716242e+00 1.602834432671324796e-03
1.779166666666666430e+01 9.987919547768395745e-01 1.168542491634275236e-03
1.781250000000000000e+01 1.002859542221722355e+00 3.079702431011067574e-04
1.783333333333333215e+01 9.995960198101142558e-01 -5.278992413971888816e-04
1.785416666666666430e+01 1.000733571930790822e+00 -2.132773152229071063e-03
1.787500000000000000e+01 9.935106451496951152e-01 8.555811281612777123e-04
1.789583333333333215e+01 9.928277197412396227e-01 7.811744389439694274e-04
1.791666666666666430e+01 9.981212653953595026e-01 1.179377965858298188e-03
1.793750000000000000e+01 9.983505667846294118e-01 3.319538134502429075e-03
1.795833333333333215e+01 1.004828036353027532e+00 -5.331156678003945394e-04
1.797916666666666430e+01 1.003145663162257728e+00 1.053485373868003235e-03
1.800000000000000000e+01 9.975450589354372122e-01 -2.262113508752508061e-03
1.802083333333333215e+01 9.962293437352883752e-01 1.427288148886536861e-03
1.804166666666666430e+01 9.961391064796450978e-01 -6.257507656030380019e-04
1.806250000000000000e+01 9.869798732378050055e-01 -1.550738411264431654e-03
1.808333333333333215e+01 9.883795051605630544e-01 3.616394037673983930e-04
1.810416666666666430e+01 9.913816794260635890e-01 1.096777442520623829e-03
1.812500000000000000e+01 9.843590795209405941e-01 -3.241072990960853204e-04
1.814583333333333215e+01 9.838730667099342408e-01 -7.199530277892732255e-04
1.816666666666666430e+01 9.918423978077137715e-01 -1.651360028805453836e-03
1.818750000000000000e+01 9.894488443435599523e-01 2.152971843533467086e-03
1.820833333333333215e+01 9.814526431578103338e-01 3.502005988024938649e-03
1.822916666666666430e+01 9.793724384130800820e-01 -4.708502946664482850e-04
1.825000000000000000e+01 9.775659055618458604e-01 -1.656512412438722456e-03
1.827083333333333215e+01 9.846080063118525239e-01 1.276753188365531118e-03
1.829166666666666430e+01 9.846348092787478024e-01 -1.758610681326432741e-04
1.831250000000000000e+01 9.934817223487808491e-01 1.331040021933661398e-04
1.833333333333333215e+01 9.986522356309989190e-01 1.478771154220114145e-03
1.835416666666666430e+01 9.968568809061436609e-01 -2.692703888767205406e-04
1.837500000000000000e+01 1.001658455399844438e+00 6.584164257553569606e-04
1.839583333333333215e+01 1.000507473357956423e+00 -4.107610856239747544e-04
1.841666666666666430e+01 1.000650947969865090e+00 9.663428357569810352e-05
1.843750000000000000e+01 9.964380050424426205e-01 -2.152911136223954833e-03
1.845833333333333215e+01 1.003443259917637498e+00 6.587180371502072583e-04
1.847916666666666430e+01 9.938407847620250868e-01 3.040153956497579357e-03
1.850000000000000000e+01 9.938327852544696084e-01 -9.889850045692364332e-04
1.852083333333333215e+01 9.896910568572279132e-01 -1.522524849650698845e-04
1.854166666666666430e+01 9.863824119690434156e-01 -1.826670237522536868e-03
1.856250000000000000e+01 9.768850737028693665e-01 2.206915083693838258e-04
1.858333333333333215e+01 9.791361867406173092e-01 3.533276340791311095e-03
1.860416666666666430e+01 9.795715575619200477e-01 -6.400544686361813286e-04
1.862500000000000000e+01 9.797303829068945147e-01 5.181779312982325378e-05
1.864583333333333215e+01 9.864936038511630256e-01 2.268244319829420749e-03
1.866666666666666430e+01 9.897667673567690505e-01 5.764153131934715265e-04
1.868750000000000000e+01 9.921429759681601457e-01 -5.746534294188185938e-04
1.870833333333333215e+01 9.883439273321127372e-01 7.152162737806866703e-04
1.872916666666666430e+01 9.918334183765619150e-01 3.060475442788764097e-04
1.875000000000000000e+01 9.945336813857131864e-01 4.196719277239236573e-04
1.877083333333333215e+01 9.959444644004794567e-01 1.029775603805711728e-03
1.879166666666666430e+01 9.976406618350668332e-01 4.821372062058521934e-04
1.881250000000000000e+01 9.965457207009328355e-01 -5.500533481004637104e-04
1.883333333333333215e+01 1.000336208596310339e+00 -1.939024304570634684e-03
1.885416666666666430e+01 1.003106171372379896e+00 1.174296486614847613e-03
1.887500000000000000e+01 1.006484090800167541e+00 1.946412335754945776e-03
1.889583333333333215e+01 1.001011467307986624e+00 6.877884191461547912e-04
1.891666666666666430e+01 9.989598296871380345e-01 -1.738291602386824765e-03
1.893750000000000000e+01 9.962017007442833805e-01 -1.864429870431350824e-03
1.895833333333333215e+01 9.984573705630209739e-01 -1.618985747434949739e-03
1.897916666666666430e+01 9.999958252259291136e-01 2.706872239963099662e-03
1.900000000000000000e+01 1.002288535259469482e+00 -9.193659893336048440e-04
1.902083333333333215e+01 1.000167901321679986e+00 -8.839331100045509822e-04
1.904166666666666430e+01 1.005483027259693962e+00 9.377589488234901161e-05
1.906250000000000000e+01 1.011426428154779567e+00 -5.712440449500675883e-04
1.908333333333333215e+01 1.008744096818325220e+00 9.776752685408424560e-04
1.910416666666666430e+01 1.005811633482436518e+00 -2.252837770092926649e-03
1.912500000000000000e+01 9.979114335274886782e-01 2.126217174837209505e-03
1.914583333333333215e+01 1.002467111951301781e+00 -9.979935782132548071e-04
1.916666666666666430e+01 9.972739179748453253e-01 -1.060470562512415326e-03
1.918750000000000000e+01 9.975241162001984296e-01 1.658905205080651261e-03
1.920833333333333215e+01 9.994415641185282473e-01 5.210366245020894491e-05
1.922916666666666430e+01 1.002806962227589249e+00 2.049470164170225008e-03
1.925000000000000000e+01 1.002720432884091739e+00 -4.937721980461153839e-04
1.927083333333333215e+01 1.000589348843509141e+00 7.406517888822791024e-04
1.929166666666666430e+01 1.000790682553720501e+00 6.104538827095367087e-04
1.931250000000000000e+01 9.996939286465119645e-01 -4.710323567971951681e-04
1.933333333333333215e+01 9.969691834448108914e-01 -6.328443013650642251e-04
1.935416666666666430e+01 9.969020047824376229e-01 -1.316440328082506359e-03
1.937500000000000000e+01 1.001475734782470095e+00 -6.541816050146247608e-04
1.939583333333333215e+01 1.004286494922698170e+00 -3.241800414010586641e-03
1.941666666666666430e+01 1.010735244420107204e+00 2.249480709883405413e-03
1.943750000000000000e+01 1.005276723385878146e+00 -2.617061136639617651e-04
1.945833333333333215e+01 1.008343328293935581e+00 9.671263457017645337e-04
1.947916666666666430e+01 9.999679583567796515e-01 1.133734668088380582e-03
1.950000000000000000e+01 9.984194476773424753e-01 2.890236610674365696e-03
1.952083333333333215e+01 9.948546540762428503e-01 -2.631091739282432479e-03
1.954166666666666430e+01 9.948550641971105613e-01 -4.773176124566629107e-04
1.956250000000000000e+01 9.897581515057759516e-01 -1.288999321743526010e-04
1.958333333333333215e+01 9.946899347191762164e-01 5.560320618309929405e-04
1.960416666666666430e+01 9.983928644133129859e-01 1.316537889767069921e-03
1.962500000000000000e+01 9.966206149320372409e-01 9.598992958098116019e-04
1.964583333333333215e+01 9.990448073400066686e-01 -2.346466932089164329e-04
1.966666666666666430e+01 9.977129905213731886e-01 -1.516802680200621777e-03
1.968750000000000000e+01 9.945126125319732058e-01 -3.863601410230181675e-04
1.970833333333333215e+01 9.941817740226954747e-01 -1.096736902624274434e-03
1.972916666666666430e+01 9.923346846103203722e-01 -1.315572928541623677e-03
1.975000000000000000e+01 9.947858219723834106e-01 2.140006653693881647e-04
1.977083333333333215e+01 1.007796807626883728e+00 5.621986335060895736e-04
1.979166666666666430e+01 1.009223318374781853e+00 -2.163532051767758611e-03
1.981250000000000000e+01 1.012591871159026935e+00 -1.215748554938698512e-03
1.983333333333333215e+01 1.015406535602398241e+00 1.290621872378205090e-03
1.985416666666666430e+01 1.019926354508892352e+00 5.826319211933997854e-04
1.987500000000000000e+01 1.012218947516590362e+00 7.888435318544002655e-04
1.989583333333333215e+01 1.013095038344980381e+00 -4.065446021899646442e-05
1.991666666666666430e+01 1.006756991217830022e+00 -2.515441608755634214e-03
1.993750000000000000e+01 1.006749767982120236e+00 1.823121378088423257e-05
1.995833333333333215e+01 1.011393948917113317e+00 -2.029434329834353112e-05
1.997916666666666430e+01 1.007916111327283204e+00 -2.197967857651523475e-03
2.000000000000000000e+01 1.003985642766450193e+00 -5.139345558007173695e-04
2.002083333333333215e+01 1.005477942207037012e+00 1.218418117252329349e-03
2.004166666666666430e+01 1.008688897435352949e+00 2.527274230655314003e-04
2.006250000000000000e+01 1.003102712194271495e+00 -1.510280360113940099e-03
2.008333333333333215e+01 1.003447221226992481e+00 -1.438841223934741792e-03
2.010416666666666430e+01 1.001322461409658970e+00 1.762361703814066104e-03
2.012500000000000000e+01 9.992344971513164031e-01 -9.156552314640199622e-04
2.014583333333333215e+01 1.004906699546221027e+00 -3.068798677658432592e-04
2.016666666666666430e+01 1.007578502697907608e+00 -8.021156435419112213e-04
2.018750000000000000e+01 1.009075962255763903e+00 1.048745366107706016e-03
2.020833333333333215e+01 1.011118819058627327e+00 -1.264698539857681209e-03
2.022916666666666430e+01 1.014174228300030789e+00 3.005422179284481573e-03
2.025000000000000000e+01 1.005914489115053767e+00 1.462471938408727154e-03
2.027083333333333215e+01 1.003400073988509389e+00 9.178011738502587233e-04
2.029166666666666430e+01 9.979291072084830461e-01 1.539973201260829219e-03
2.031250000000000000e+01 9.901049312166059213e-01 1.018317966107450470e-03
2.033333333333333215e+01 9.924501457505834345e-01 -5.020451157285205253e-04
2.035416666666666430e+01 9.918923721503004609e-01 1.618058107406819676e-03
2.037500000000000000e+01 9.911297325864137919e-01 -7.488463873460554643e-04
2.039583333333333215e+01 9.968476276517993506e-01 1.620879155129783839e-04
2.041666666666666430e+01 1.007067352553816297e+00 2.286461516046707856e-04
2.043750000000000000e+01 1.003417872314803061e+00 -8.497527194647590959e-04
2.045833333333333215e+01 1.005847755266875421e+00 -1.920252168928146758e-03
2.047916666666666430e+01 1.006422699928799736e+00 5.727944534672695445e-04
2.050000000000000000e+01 1.004282158713407425e+00 4.762142506025948598e-04
2.052083333333333215e+01 1.009415444720634714e+00 2.592914019228106069e-03
2.054166666666666430e+01 1.010630210250473837e+00 3.299285455713828869e-04
2.056250000000000000e+01 1.014650374783844233e+00 1.201934338148142369e-04
2.058333333333333215e+01 1.009929929826600903e+00 4.739187565520309954e-05
2.060416666666666430e+01 1.018649420848020792e+00 -9.685674204289199075e-04
2.062500000000000000e+01 1.013442352566132243e+00 1.077836090452093934e-03
2.064583333333333215e+01 1.010767825390091135e+00 4.357081223283821615e-05
2.066666666666666430e+01 1.006132238389785494e+00 -8.646415096813434399e-04
2.068750000000000000e+01 1.000340974888348722e+00 2.772461682463634152e-03
2.070833333333333215e+01 9.960832401478298959e-01 -2.459130788879520212e-03
2.072916666666666430e+01 9.987152663739465863e-01 1.866503196520694725e-03
2.075000000000000000e+01 1.001463646419919140e+00 9.472373991996306791e-04
2.077083333333333215e+01 1.004513857614989680e+00 5.704721834568488698e-05
2.079166666666666430e+01 1.012326364628354458e+00 1.502926741000552499e-03
2.081250000000000000e+01 1.012627916433484598e+00 2.694224841706155635e-05
2.083333333333333215e+01 1.011860254700409634e+00 -1.399818642415932238e-03
2.085416666666666430e+01 1.006133351047443059e+00 -2.297359775491094651e-05
2.087500000000000000e+01 1.001659475816390366e+00 -7.506089724773347101e-04
2.089583333333333215e+01 9.984971488887675051e-01 3.036015527861223029e-03
2.091666666666666430e+01 9.986324806071609217e-01 2.149428749805225823e-04
2.093750000000000000e+01 9.921423151783193006e-01 -1.734533966280989159e-03
2.095833333333333215e+01 9.946295767676111010e-01 9.036170179765464178e-05
2.097916666666666430e+01 9.942646793684448703e-01 8.515019444261373973e-04
2.100000000000000000e+01 9.887656486261600097e-01 1.265166142752862993e-03
2.102083333333333215e+01 9.855761710926141950e-01 -3.909325954119962135e-05
2.104166666666666430e+01 9.818577768858479660e-01 -2.005382430437377579e-03
2.106250000000000000e+01 9.781938834673545857e-01 -6.669693585265634760e-04
2.108333333333333215e+01 9.771938278807348333e-01 -4.703119003886438280e-05
2.110416666666666430e+01 9.731923730405278583e-01 -2.493937840503208589e-03
2.112500000000000000e+01 9.831534300723399067e-01 4.080119226982442606e-04
2.114583333333333215e+01 9.847037679880353833e-01 9.263905381166956518e-04
2.116666666666666430e+01 9.907107928670619845e-01 -2.142398080585986020e-03
2.118750000000000000e+01 9.924051311902697403e-01 1.071563091555638762e-04
2.120833333333333215e+01 9.925611866043791975e-01 4.871023031615764084e-04
2.122916666666666430e+01 9.897780187518057105e-01 2.504932967036041166e-03
2.125000000000000000e+01 9.865448398485896497e-01 7.997062089431279533e-04
2.127083333333333215e+01 9.783619636684762755e-01 3.476792161725257785e-04
2.129166666666666430e+01 9.750291910588334554e-01 5.392979403766253073e-04
2.131250000000000000e+01 9.746132883863003471e-01 -5.222968194050035947e-04
2.133333333333333215e+01 9.798987577407519689e-01 -2.832802994981995274e-04
2.135416666666666430e+01 9.833070778856445315e-01 1.356801296862370334e-03
2.137500000000000000e+01 9.850511927123430933e-01 1.741423915511175523e-03
2.139583333333333215e+01 9.852198060714235650e-01 7.322649696940912402e-04
2.141666666666666430e+01 9.882713203050581541e-01 -3.240076463179301924e-03
2.143750000000000000e+01 9.893508547976004319e-01 -9.323907986506231290e-04
2.145833333333333215e+01 9.886508112541784188e-01 1.012702749336753721e-05
2.147916666666666430e+01 9.900850251940459534e-01 9.198088719556287264e-04
2.150000000000000000e+01 9.985178225856072842e-01 1.918118162290398908e-03
2.152083333333333215e+01 1.008712902685502177e+00 -5.985134864313093969e-05
2.154166666666666430e+01 1.011007871147541648e+00 -3.338854239949525025e-04
2.156250000000000000e+01 1.013111678792869785e+00 6.529572695649223752e-04
2.158333333333333215e+01 1.012196556743459652e+00 1.243385356322186230e-03
2.160416666666666430e+01 1.012361629238468286e+00 7.818214993090047676e-04
2.162500000000000000e+01 1.005750813987071224e+00 -9.881702343669705128e-04
2.164583333333333215e+01 1.001559651891847480e+00 -1.022002366622090262e-03
2.166666666666666430e+01 9.995443610423667691e-01 2.264538125862010668e-04
2.168750000000000000e+01 1.005272186743747076e+00 6.628499609060052328e-04
2.170833333333333215e+01 1.008165452918070581e+00 -1.007087481476401977e-03
2.172916666666666430e+01 1.009734036010271563e+00 -1.295560758578946094e-04
2.175000000000000000e+01 1.011765614639284827e+00 -7.839367339639595391e-04
2.177083333333333215e+01 1.007885662736738297e+00 -1.294762045018595922e-03
2.179166666666666430e+01 1.012539359261646954e+00 1.605903834427980538e-04
2.181250000000000000e+01 1.009936907861603839e+00 -2.114638311275885123e-03
2.183333333333333215e+01 1.002913017879952795e+00 2.610316689791022997e-05
2.185416666666666430e+01 1.006428687001231115e+00 -1.577025769547562954e-03
2.187500000000000000e+01 1.008506130475500973e+00 1.153906507961126836e-03
2.189583333333333215e+01 1.005477960094963041e+00 -1.696019582813631068e-04
2.191666666666666430e+01 1.007873659323174742e+00 3.906690515302289326e-04
2.193750000000000000e+01 1.003862015413829356e+00 -8.986673034231774731e-05
2.195833333333333215e+01 1.004783977175743859e+00 -3.028591818199285877e-05
2.197916666666666430e+01 1.003049512214664096e+00 -9.453812998322146327e-04
2.200000000000000000e+01 1.000514501408686474e+00 1.316509630104706471e-03
2.202083333333333215e+01 1.001189671282242566e+00 -1.011501687883295617e-03
2.204166666666666430e+01 1.002052303812945189e+00 -1.386039166461422271e-03
2.206250000000000000e+01 1.014747118670829229e+00 -2.210686837394464869e-03
2.208333333333333215e+01 1.016762877364254969e+00 2.045762549540589264e-03
2.210416666666666430e+01 1.026927248554628580e+00 -6.445365564486388180e-05
2.212500000000000000e+01 1.025546930865900652e+00 1.588683201099286985e-03
2.214583333333333215e+01 1.028140724133958184e+00 1.176080832713919549e-04
2.216666666666666430e+01 1.023486649833063922e+00 1.182826095949388511e-03
2.218750000000000000e+01 1.017602519981409159e+00 1.420883065541020483e-03
2.220833333333333215e+01 1.018264198861687175e+00 -1.107773035355824869e-03
2.222916666666666430e+01 1.012411381338069516e+00 -1.085711147659767064e-03
2.225000000000000000e+01 1.009450790213443527e+00 8.971383602065385486e-05
2.227083333333333215e+01 1.001264580588941522e+00 1.985921256830441370e-05
2.229166666666666430e+01 9.937597480574194009e-01 -1.276644449090594529e-04
2.231250000000000000e+01 9.951526703688681197e-01 -1.227923733536178752e-03
2.233333333333333215e+01 9.880814107424400472e-01 1.504727671632195797e-04
2.235416666666666430e+01 9.916550511195064699e-01 1.061576871309226214e-03
2.237500000000000000e+01 9.903941757041436755e-01 -1.420586713490369375e-03
2.239583333333333215e+01 9.977578019586414992e-01 -6.870828592707182644e-04
2.241666666666666430e+01 1.002746335851690151e+00 5.230325471848590443e-04
2.243750000000000000e+01 1.008664057257275148e+00 -6.988777535662060551e-04
2.245833333333333215e+01 1.004142802903754683e+00 1.847641824406492201e-03
2.247916666666666430e+01 1.008618143687409985e+00 -1.553048168961392419e-03
2.250000000000000000e+01 1.000797689182347794e+00 1.272149251052156690e-03
2.252083333333333215e+01 9.987194164846427968e-01 -3.479561973717536661e-03
2.254166666666666430e+01 9.956883994012610817e-01 2.263667866232139860e-03
2.256250000000000000e+01 9.923707391357486918e-01 -1.141962275470789464e-03
2.258333333333333215e+01 9.909985020199240102e-01 4.278692916039692623e-04
2.260416666666666430e+01 9.937826070430914038e-01 7.338484161334496913e-04
2.262500000000000000e+01 9.932267503405415310e-01 -1.276936357611511367e-03
2.264583333333333215e+01 9.962922097469747440e-01 1.064034644229407394e-03
2.266666666666666430e+01 1.000571504093819453e+00 1.871469868055850028e-03
2.268750000000000000e+01 1.000840751462657829e+00 -4.791605681430768687e-05
2.270833333333333215e+01 1.004195794088160509e+00 2.977820327702087200e-03
2.272916666666666430e+01 1.011428975529513830e+00 1.513646223730014768e-03
2.275000000000000000e+01 1.009320058109667961e+00 -6.513197662938029642e-04
2.277083333333333215e+01 1.015546887860637293e+00 8.693122625182579872e-05
2.279166666666666430e+01 1.015613672402135181e+00 -2.119553605880564618e-03
2.281250000000000000e+01 1.017960071902353603e+00 2.077910596243357725e-03
2.283333333333333215e+01 1.016351976569482174e+00 -1.776269747207073692e-04
2.285416666666666430e+01 1.007244836804924049e+00 -2.102236075777138852e-04
2.287500000000000000e+01 1.006058491603073479e+00 -7.462955260470061222e-05
2.289583333333333215e+01 9.943852304910927309e-01 1.232148600658412624e-04
2.291666666666666430e+01 9.899505688827775485e-01 1.101820150483078382e-04
2.293750000000000000e+01 9.823522082840021596e-01 -1.915218711155903045e-03
2.295833333333333215e+01 9.892474663146086922e-01 1.224787473069732877e-03
2.297916666666666430e+01 9.939582073702313281e-01 -6.632084143538290091e-04
2.300000000000000000e+01 9.967946667901644853e-01 -1.790244526964965017e-03
2.302083333333333215e+01 9.979987956409006600e-01 2.781088800961065079e-04
2.304166666666666430e+01 9.990907856362392092e-01 -1.008227424282638965e-03
2.306250000000000000e+01 9.969217558700860238e-01 -1.208934271995686658e-03
2.308333333333333215e+01 9.957020398125003835e-01 -2.326523512681092070e-03
2.310416666666666430e+01 9.967163833378847038e-01 3.557186429840884291e-04
2.312500000000000000e+01 9.968092265203489788e-01 4.243789317450622845e-04
2.314583333333333215e+01 9.974884267092849477e-01 -2.177482155756501562e-03
2.316666666666666430e+01 9.978045265890925775e-01 -3.218496335269456130e-04
2.318750000000000000e+01 1.000731545209960771e+00 4.127681964040630326e-04
2.320833333333333215e+01 9.973684912949645209e-01 1.378516732580497119e-03
2.322916666666666430e+01 9.969395651191018670e-01 6.544038481697419217e-04
2.325000000000000000e+01 9.980383940079301519e-01 -2.008978397575475751e-05
2.327083333333333215e+01 9.930593832571207313e-01 2.179522261868853134e-03
2.329166666666666430e+01 9.952863799135847067e-01 4.257264970228655959e-04
2.331250000000000000e+01 1.000536212517720180e+00 2.354471787147204530e-03
2.333333333333333215e+01 1.002194969952363124e+00 -2.777889976971573702e-04
2.335416666666666430e+01 1.006993930668467208e+00 -7.001445956385680741e-04
2.337500000000000000e+01 1.010751810380850158e+00 4.616763736418210990e-05
2.339583333333333215e+01 1.013060156717788374e+00 -4.316647022221986900e-04
2.341666666666666430e+01 1.018655413941601751e+00 1.865206160310278890e-04
2.343750000000000000e+01 1.010064246825362000e+00 7.959729322795460306e-04
2.345833333333333215e+01 1.009145431731663933e+00 9.697934037844270537e-04
2.347916666666666430e+01 1.005679516038783916e+00 1.331269298205651737e-03
2.350000000000000000e+01 1.004081206305652341e+00 -1.909735730634506750e-03
2.352083333333333215e+01 1.000997228121434768e+00 8.819172200235821102e-04
2.354166666666666430e+01 1.003656150594911312e+00 -1.230205486281553493e-03
2.356250000000000000e+01 1.002495419237621421e+00 1.331644524658942693e-03
2.358333333333333215e+01 1.007358008094899837e+00 -3.213757541892827405e-04
2.360416666666666430e+01 1.007856651733353814e+00 -1.611459283822045925e-03
2.362500000000000000e+01 1.007430513763363011e+00 -6.739898566275213596e-04
2.364583333333333215e+01 9.981688496538047017e-01 -9.805096520948161469e-04
2.366666666666666430e+01 9.994918979226703470e-01 -1.933767317423207592e-03
2.368750000000000000e+01 9.981603923109053644e-01 -2.042690231837649556e-03
2.370833333333333215e+01 9.909821714251889624e-01 -7.100940763452559448e-04
2.372916666666666430e+01 9.953607707420045747e-01 1.459796763758782531e-03
2.375000000000000000e+01 9.924643222937291620e-01 -7.043415031703903744e-04
2.377083333333333215e+01 9.968409136577617291e-01 6.217307058693163652e-04
2.379166666666666430e+01 1.000286952528976370e+00 2.159818745748090432e-03
2.381250000000000000e+01 1.000204315271537192e+00 1.339583190101004259e-03
2.383333333333333215e+01 1.006703225491494935e+00 1.519126106205650757e-04
2.385416666666666430e+01 1.007922690745714611e+00 -1.047414331515913446e-03
2.387500000000000000e+01 1.006636172649305605e+00 1.676729514258572858e-03
2.389583333333333215e+01 1.007020683771317149e+00 1.715260062911351611e-03
2.391666666666666430e+01 1.011166623141992460e+00 1.074296108167533282e-03
2.393750000000000000e+01 1.014066518446932852e+00 1.788075297780729843e-03
2.395833333333333215e+01 1.012925567757703593e+00 5.886645513145334684e-05
2.397916666666666430e+01 1.015583328205706515e+00 -2.292921876833830652e-03
2.400000000000000000e+01 1.010557558777317233e+00 4.267044182591082555e-04
2.402083333333333215e+01 1.007531487651276647e+00 -6.733610789172324827e-04
2.404166666666666430e+01 9.969195705139418662e-01 1.958696453179485913e-03
2.406250000000000000e+01 9.898658944569489471e-01 1.474563817442195446e-03
2.408333333333333215e+01 9.821807180078048205e-01 -1.108801353024885554e-03
2.410416666666666430e+01 9.826225179654318742e-01 3.297978376094628009e-04
2.412500000000000000e+01 9.751777331402734506e-01 7.883749061095385270e-04
2.414583333333333215e+01 9.842923840979451722e-01 1.748981840886398419e-03
2.416666666666666430e+01 9.874049848927429762e-01 -7.649370087329026777e-04
2.418750000000000000e+01 9.868170508381608474e-01 -5.927259856382717388e-04
2.420833333333333215e+01 9.902831940432156310e-01 1.115741049492162927e-03
2.422916666666666430e+01 9.910077226899038916e-01 4.699377733273525908e-04
2.425000000000000000e+01 9.906828151988418263e-01 1.467293746743737043e-04
2.427083333333333215e+01 9.797085620474463852e-01 3.358891029597949225e-03
2.429166666666666430e+01 9.787529663375870159e-01 1.228742922047719758e-03
2.431250000000000000e+01 9.735491097880493161e-01 -1.443757344113470731e-03
2.433333333333333215e+01 9.774060021462629422e-01 -7.820642663108943017e-04
2.435416666666666430e+01 9.787364611256741398e-01 8.088335325570992357e-04
2.437500000000000000e+01 9.812437188339204752e-01 -1.890589779526518884e-03
2.439583333333333215e+01 9.830850621280484702e-01 2.255104009431558199e-04
2.441666666666666430e+01 9.810009018808230064e-01 7.723353794669241077e-04
2.443750000000000000e+01 9.790345295633503531e-01 -2.460415496884530784e-04
2.445833333333333215e+01 9.814743838803731135e-01 5.868705159334989098e-04
2.447916666666666430e+01 9.913012064238750920e-01 -1.657359380058966462e-03
2.450000000000000000e+01 9.980686187148954946e-01 -7.285731430093910508e-04
2.452083333333333215e+01 1.000784658881533895e+00 -5.736178187979610807e-04
2.454166666666666430e+01 1.007454492499684662e+00 -1.392119153555965508e-03
2.456250000000000000e+01 1.014873083301956802e+00 9.879332693719801006e-04
2.458333333333333215e+01 1.013880228968926600e+00 -6.217235201921323404e-04
2.460416666666666430e+01 1.010806692410088470e+00 -9.975114410259689705e-04
2.462500000000000000e+01 1.004165654155383391e+00 -2.890538430783815092e-03
2.464583333333333215e+01 9.943773280171909201e-01 1.635454696972982744e-03
2.466666666666666430e+01 9.918461786136033576e-01 4.652885701464104518e-04
2.468750000000000000e+01 9.852074082344929318e-01 -1.888392065948207637e-03
2.470833333333333215e+01 9.829360168842197210e-01 -1.328514801770208859e-03
2.472916666666666430e+01 9.783218616307248761e-01 1.181517724564873362e-03
2.475000000000000000e+01 9.867774806285654066e-01 2.359447441917356635e-03
2.477083333333333215e+01 9.907101225294123736e-01 -2.701677538911186928e-03
2.479166666666666430e+01 9.935305804149394682e-01 -3.069448366982333964e-04
2.481250000000000000e+01 9.954220020224837651e-01 1.353244331607824074e-03
2.483333333333333215e+01 9.915343058774711560e-01 -1.108323627267807391e-03
2.485416666666666430e+01 9.928638707459486179e-01 -3.615637321495974261e-04
2.487500000000000000e+01 9.964922625964575120e-01 -2.507687787554131373e-04
2.489583333333333215e+01 9.988888336569474724e-01 1.344489999131039115e-03
2.491666666666666430e+01 1.011258444376770926e+00 -1.672172431890169009e-03
2.493750000000000000e+01 1.008680863069379541e+00 -1.464431898044301283e-04
2.495833333333333215e+01 1.004275481996904196e+00 7.561867014729201694e-04
2.497916666666666430e+01 1.007498828815754255e+00 -5.990622880657378536e-04
2.500000000000000000e+01 1.001715562858777275e+00 -2.902592653808383581e-03
2.502083333333333215e+01 9.902548408985519801e-01 1.453315673985332551e-03
2.504166666666666430e+01 9.884057054692064748e-01 2.504849604668292072e-04
2.506250000000000000e+01 9.916279180553378980e-01 1.448908730687118286e-03
2.508333333333333215e+01 9.935483440725203508e-01 4.724335974794424079e-04
2.510416666666666430e+01 1.002335803417168103e+00 1.947840413632217506e-04
2.512500000000000000e+01 1.006468616623286128e+00 -2.785485326102743963e-04
2.514583333333333215e+01 1.010898088371538606e+00 2.166082066649139930e-04
2.516666666666666430e+01 1.011296394336894000e+00 -3.155556261262223994e-05
2.518750000000000000e+01 1.009047339077363770e+00 7.357716268318579850e-04
2.520833333333333215e+01 1.007903238821535874e+00 -1.280006831937710978e-03
2.522916666666666430e+01 1.004861142847637945e+00 -6.368485562340967313e-04
2.525000000000000000e+01 1.001633499891885659e+00 5.236848140387310177e-04
2.527083333333333215e+01 1.010558599418019066e+00 -8.938892454317800759e-04
2.529166666666666430e+01 1.003416568307050838e+00 -2.720912828443711621e-05
2.531250000000000000e+01 1.011409588571453577e+00 -7.447144126420484050e-04
2.533333333333333215e+01 1.014521106801305361e+00 6.020752572358173751e-04
2.535416666666666430e+01 1.002498727099792042e+00 -5.464643742519503713e-04
2.537500000000000000e+01 1.007423237216011458e+00 8.897377133467378359e-04
2.539583333333333215e+01 1.003852244155955420e+00 -1.222608537282854737e-03
2.541666666666666430e+01 9.990758096101226560e-01 3.408943194740197139e-05
2.543750000000000000e+01 1.002725736517184441e+00 1.145439304055507167e-03
2.545833333333333215e+01 1.002507221238156498e+00 -1.035451781525760289e-03
2.547916666666666430e+01 1.004585478324243830e+00 1.304690131340001814e-04
2.550000000000000000e+01 1.003478516554112021e+00 3.209998553274141277e-04
2.552083333333333215e+01 1.005697536085618182e+00 -1.282811355193252815e-04
2.554166666666666430e+01 1.009358875596735317e+00 6.753411806079479603e-04
2.556250000000000000e+01 1.007288086175139652e+00 1.703731943460946516e-03
2.558333333333333215e+01 1.003784194516928574e+00 9.608281180229179871e-04
2.560416666666666430e+01 1.003849561694549086e+00 5.504950402237480727e-04
2.562500000000000000e+01 9.998692694668703806e-01 -6.291097754309372177e-04
2.564583333333333215e+01 1.005213320572008628e+00 8.424014128694359057e-04
2.566666666666666430e+01 1.006423736356261811e+00 7.931315668159646677e-05
2.568750000000000000e+01 1.012890052720519574e+00 5.606202107334161324e-04
2.570833333333333215e+01 1.005664147195616254e+00 1.908756478834628366e-03
2.572916666666666430e+01 1.010731632698221638e+00 1.139388801807439557e-04
2.575000000000000000e+01 1.005833683075308516e+00 9.839299059735667069e-04
2.577083333333333215e+01 1.004911172031068167e+00 -7.477801246464796066e-05
2.579166666666666430e+01 1.000136278875741525e+00 -1.699950393817029103e-03
2.581250000000000000e+01 1.003027377496871209e+00 -2.815618545720030563e-03
2.583333333333333215e+01 9.986287284168542389e-01 -7.801223183004839072e-04
2.585416666666666430e+01 9.966705133437310238e-01 3.809803001679815636e-05
2.587500000000000000e+01 9.959327661035144441e-01 1.684843980885807646e-05
2.589583333333333215e+01 9.964373511449294840e-01 1.264265418715965152e-04
2.591666666666666430e+01 9.918969881424889445e-01 -3.288717453569255968e-04
2.593750000000000000e+01 9.956795802218985081e-01 2.214507293015542926e-03
2.595833333333333215e+01 9.945083925478442888e-01 1.293276176058594891e-03
2.597916666666666430e+01 9.978557972590613723e-01 -6.948144809797710724e-05
