0.000000000000000000e+00 1.021673739450889462e+00 -6.225627325400502187e-04
2.083333333333333218e-02 1.019011061395693529e+00 -1.571445861534310779e-03
4.166666666666666435e-02 1.015283165810657806e+00 2.381161881431669968e-03
6.250000000000000000e-02 1.005780317478062624e+00 -1.293466237883597429e-03
8.333333333333332871e-02 1.004206687962494460e+00 -1.516308081064320469e-03
1.041666666666666574e-01 9.984068030378742131e-01 -2.942167471882948279e-04
1.250000000000000000e-01 9.950811280320359664e-01 -2.383432987884651685e-03
1.458333333333333148e-01 9.923690820506270160e-01 1.237483442801283430e-03
1.666666666666666574e-01 9.946510422447608635e-01 1.249003985094699438e-04
1.875000000000000000e-01 9.963471534491487036e-01 5.092115350437360693e-04
2.083333333333333148e-01 1.000674257532952138e+00 -1.324683533062841591e-03
2.291666666666666574e-01 1.017175649385154479e+00 -7.350668559813487756e-04
2.500000000000000000e-01 1.028200956713252179e+00 9.736495905709827842e-04
2.708333333333333148e-01 1.032005403336887506e+00 1.033891578527788499e-03
2.916666666666666297e-01 1.015017341404824247e+00 3.450256808922013210e-03
3.125000000000000000e-01 9.934167790670571652e-01 1.281584220014691036e-03
3.333333333333333148e-01 9.804786290837312901e-01 -2.454786911494607256e-03
3.541666666666666297e-01 9.830978706764050834e-01 2.241288512661402668e-05
3.750000000000000000e-01 1.006467746974992528e+00 -5.386908432400127353e-04
3.958333333333333148e-01 1.014884285295395649e+00 1.284732036352233741e-03
4.166666666666666297e-01 1.015743900374633135e+00 -1.932015106041103396e-04
4.375000000000000000e-01 1.011560195851747945e+00 5.322230786167722345e-04
4.583333333333333148e-01 1.011947030303402384e+00 -4.766148388201821924e-04
4.791666666666666297e-01 1.010644654527202313e+00 6.855702699549889563e-04
5.000000000000000000e-01 1.008394542515735681e+00 1.752897319170154938e-03
5.208333333333332593e-01 1.003766683130448145e+00 -8.393124052534762201e-04
5.416666666666666297e-01 9.995779390408580101e-01 -2.619106199935167332e-03
5.625000000000000000e-01 9.966815368381088946e-01 -1.364084921607779458e-03
5.833333333333332593e-01 1.002612242491226935e+00 1.881880778378595791e-03
6.041666666666666297e-01 1.011970072615384630e+00 2.074506412093130774e-04
6.250000000000000000e-01 1.015182259173226464e+00 -4.384878551207395630e-04
6.458333333333332593e-01 1.013152511612967155e+00 -1.272928054876317459e-03
6.666666666666666297e-01 1.001455466521035120e+00 1.243811821254096461e-03
6.875000000000000000e-01 1.003588684495193339e+00 2.923481747211692820e-04
7.083333333333332593e-01 1.002918010062026299e+00 -2.080999729423263424e-04
7.291666666666666297e-01 9.934155590586996043e-01 -7.436898875779413345e-04
7.500000000000000000e-01 9.908317229200331866e-01 -2.609724312358356092e-04
7.708333333333332593e-01 9.923450325920823989e-01 -4.662531077872257828e-04
7.916666666666666297e-01 1.009141464014416512e+00 6.492260025899854441e-04
8.125000000000000000e-01 1.017613823002858409e+00 1.526114384964427596e-03
8.333333333333332593e-01 1.015588602487257353e+00 -2.514493197124236228e-03
8.541666666666666297e-01 1.014141335558860435e+00 -1.880890420330838357e-03
8.750000000000000000e-01 1.005854188445186148e+00 -1.874202265916860522e-04
8.958333333333332593e-01 1.003692702558382388e+00 3.408780368823876314e-05
9.166666666666666297e-01 1.008875494664379646e+00 -2.005464532603590342e-03
9.375000000000000000e-01 1.002973709692590809e+00 -8.428861770408785327e-04
9.583333333333332593e-01 9.893823779072187241e-01 -5.695179512000454487e-04
9.791666666666666297e-01 9.843135491163685913e-01 -6.217044222279242234e-04
1.000000000000000000e+00 9.864279641135982324e-01 -6.475400489661962749e-04
1.020833333333333259e+00 1.009175126143450951e+00 -1.753536816105288963e-04
1.041666666666666519e+00 1.025352641295250500e+00 1.037543346021383350e-03
1.062500000000000000e+00 1.024366890151525489e+00 8.577937495330323521e-04
1.083333333333333259e+00 1.015715030852762712e+00 6.734139000934781429e-04
1.104166666666666519e+00 1.007778936058020047e+00 2.765889469376921878e-04
1.125000000000000000e+00 1.005037286597138646e+00 -9.629808304690515991e-04
1.145833333333333259e+00 9.944661158562188019e-01 -6.720796323457025071e-04
1.166666666666666519e+00 9.926296702492317658e-01 7.985520443918694197e-04
1.187500000000000000e+00 9.824110890467813162e-01 7.569813207796024200e-05
1.208333333333333259e+00 9.927782117058763234e-01 9.320712898216676695e-04
1.229166666666666519e+00 1.005415829618244494e+00 2.646865993080673449e-04
1.250000000000000000e+00 1.025868174100813768e+00 9.420856761545036946e-06
1.270833333333333259e+00 1.026996060423586155e+00 4.848717692591640724e-04
1.291666666666666519e+00 1.012599079842755545e+00 -1.991513709943963737e-03
1.312500000000000000e+00 1.006077505987396536e+00 -2.658035682807440253e-04
1.333333333333333259e+00 9.953310966052159037e-01 -8.018296925402877001e-04
1.354166666666666519e+00 9.991844771133947534e-01 9.899042197653597740e-04
1.375000000000000000e+00 1.003011216251712634e+00 -9.065305484817030987e-04
1.395833333333333259e+00 1.003797660760402666e+00 2.231590184808779429e-04
1.416666666666666519e+00 1.011779050251553791e+00 -6.070138649475749319e-04
1.437500000000000000e+00 1.018562176698871946e+00 5.223288937182011876e-04
1.458333333333333259e+00 1.008674649363338061e+00 8.251479688717485968e-04
1.479166666666666519e+00 1.003625717736307488e+00 -3.357819610643481695e-04
1.500000000000000000e+00 9.885874129414213840e-01 5.496717195307770313e-05
1.520833333333333259e+00 9.870386623819084049e-01 1.429371031114815829e-04
1.541666666666666519e+00 9.883933449142667804e-01 8.899067933456593360e-04
1.562500000000000000e+00 1.001738852517952694e+00 -4.890580497291481055e-04
1.583333333333333259e+00 1.015748620654855161e+00 -3.135848661046457644e-05
1.604166666666666519e+00 1.023933978558035029e+00 -6.160239138189491613e-04
1.625000000000000000e+00 1.021122753621106494e+00 -1.285183195499868753e-03
1.645833333333333259e+00 1.021355841281047505e+00 1.332722009669333690e-04
1.666666666666666519e+00 1.002441221229891877e+00 4.447797419033249801e-04
1.687500000000000000e+00 9.953591501108530748e-01 -1.101075173809636792e-03
1.708333333333333259e+00 9.930941269218972467e-01 1.879248250445227303e-03
1.729166666666666519e+00 9.963450886971599862e-01 -1.026209788669414863e-03
1.750000000000000000e+00 1.010213850613375319e+00 8.412273868404314880e-04
1.770833333333333259e+00 1.019781045863597191e+00 3.762887571532220229e-04
1.791666666666666519e+00 1.015071712639271873e+00 -2.225163221741279472e-03
1.812500000000000000e+00 1.005719122202516136e+00 -1.266854884873259176e-04
1.833333333333333259e+00 9.939722821961051169e-01 -2.062986841622316270e-03
1.854166666666666519e+00 9.948752279587826930e-01 -2.293359192345451167e-04
1.875000000000000000e+00 9.926278574669433752e-01 7.486855316050346426e-04
1.895833333333333259e+00 9.891231423634591069e-01 2.213567585661353233e-03
1.916666666666666519e+00 9.861552473113355255e-01 8.847905025303982526e-04
1.937500000000000000e+00 9.925432700737503167e-01 -2.006085086255658765e-03
1.958333333333333259e+00 9.979757508007887079e-01 -5.367759061854173635e-04
1.979166666666666519e+00 1.008930826550096027e+00 1.780723613490527157e-03
2.000000000000000000e+00 1.020766457726149934e+00 1.284245406864500960e-04
2.020833333333333037e+00 1.026311105227078357e+00 2.112271563672539400e-03
2.041666666666666519e+00 1.033922141321887755e+00 -1.005636342510856339e-03
2.062500000000000000e+00 1.037349452203860434e+00 -7.964019796809336743e-04
2.083333333333333037e+00 1.019250590857208483e+00 -1.788677126661857020e-03
2.104166666666666519e+00 9.924941285441173378e-01 -5.801109530770544526e-04
2.125000000000000000e+00 9.799799803546858090e-01 1.472493337163922281e-03
2.145833333333333037e+00 9.796635854760085138e-01 -1.262517527839651654e-03
2.166666666666666519e+00 9.891681567144768872e-01 9.440458190112545594e-04
2.187500000000000000e+00 9.940729337502102192e-01 4.734102761373208093e-04
2.208333333333333037e+00 9.957446907936490232e-01 8.859115305343333389e-04
2.229166666666666519e+00 9.997041168395566224e-01 -4.250944353004461264e-04
2.250000000000000000e+00 1.013693706081634449e+00 -7.201927662866618423e-05
2.270833333333333037e+00 1.024260058439594889e+00 2.573515753607093139e-03
2.291666666666666519e+00 1.022972195429955988e+00 -1.663183658290060853e-03
2.312500000000000000e+00 1.010695709281468124e+00 8.496534297402474206e-04
2.333333333333333037e+00 9.946525399796761757e-01 1.802148599121964874e-03
2.354166666666666519e+00 9.948144277781165723e-01 4.751576345857263378e-04
2.375000000000000000e+00 1.003391188799567901e+00 1.970334935570882285e-03
2.395833333333333037e+00 1.019647965076663887e+00 -3.814141324598805359e-03
2.416666666666666519e+00 1.021048179541350853e+00 -4.860671893861458377e-04
2.437500000000000000e+00 1.008369182794482954e+00 -1.570240307708524116e-03
2.458333333333333037e+00 9.939219135532407767e-01 -6.304220141788541114e-04
2.479166666666666519e+00 9.984728553211785762e-01 -2.452636461865596233e-04
2.500000000000000000e+00 9.996628430849345825e-01 4.916954447168711854e-04
2.520833333333333037e+00 1.006630435701694415e+00 -1.183081170301638349e-03
2.541666666666666519e+00 1.002846091967931619e+00 9.799022768805685461e-04
2.562500000000000000e+00 9.995530640020747759e-01 -2.085564177004242247e-03
2.583333333333333037e+00 1.007525055803345282e+00 1.086954360190329821e-03
2.604166666666666519e+00 1.010819983743878936e+00 -4.333837668509990092e-04
2.625000000000000000e+00 1.007195946449757740e+00 -2.341671407853244263e-03
2.645833333333333037e+00 1.000622311384459229e+00 -2.347430517581691658e-03
2.666666666666666519e+00 9.939236107706085344e-01 -2.373511514419048181e-03
2.687500000000000000e+00 9.969544283441388322e-01 -1.377042801440809530e-03
2.708333333333333037e+00 1.004638748121951419e+00 1.169590258912756070e-05
2.729166666666666519e+00 1.011778543931412422e+00 1.515310844538321185e-03
2.750000000000000000e+00 1.007012408458829666e+00 8.457079439665448088e-04
2.770833333333333037e+00 1.005382431479297178e+00 -1.808211261354640293e-03
2.791666666666666519e+00 1.017241316627347958e+00 -3.021986324693983449e-03
2.812500000000000000e+00 1.023604688907752358e+00 -5.232766076730238072e-04
2.833333333333333037e+00 1.020944218834793471e+00 -1.933154065534620995e-03
2.854166666666666519e+00 1.008820146036296217e+00 -3.721397326181673129e-04
2.875000000000000000e+00 9.896579906685002426e-01 -1.013171149837225954e-03
2.895833333333333037e+00 9.837523019399859736e-01 3.060405550843635879e-03
2.916666666666666519e+00 9.949352790082391929e-01 -2.314233674727934724e-03
2.937500000000000000e+00 1.006750308791803272e+00 2.332015091205286324e-04
2.958333333333333037e+00 1.006739622122694300e+00 2.160829434984545740e-03
2.979166666666666519e+00 1.003172632426464483e+00 -6.782624375241036495e-04
3.000000000000000000e+00 9.959295468214336422e-01 -1.145885809359051483e-03
3.020833333333333037e+00 1.005440740001032340e+00 1.934570271111884067e-03
3.041666666666666519e+00 1.012683209934242212e+00 -2.824909592866801673e-03
3.062500000000000000e+00 1.013214618935309730e+00 -2.320405386875899582e-03
3.083333333333333037e+00 1.011020360591359468e+00 -1.712414459459325831e-03
3.104166666666666519e+00 1.005334022659946092e+00 3.244287869797694152e-04
3.125000000000000000e+00 1.002089968212141136e+00 7.941415607412601182e-04
3.145833333333333037e+00 1.010744934968040631e+00 -3.339915568867529196e-04
3.166666666666666519e+00 1.008028436949859330e+00 2.562931858432226841e-03
3.187500000000000000e+00 1.011457510651526892e+00 -4.285156805715771480e-04
3.208333333333333037e+00 1.009996953342507719e+00 -1.718007074039067756e-04
3.229166666666666519e+00 1.009146589498316038e+00 -5.510441663440586359e-04
3.250000000000000000e+00 1.002921268501764329e+00 1.379900204788817291e-03
3.270833333333333037e+00 9.997091656359425871e-01 -1.435976566724023824e-04
3.291666666666666519e+00 9.955341877677404971e-01 -6.485928155961286383e-04
3.312500000000000000e+00 9.986407606159085626e-01 1.968106980210668558e-03
3.333333333333333037e+00 9.985175566124817603e-01 1.478257121282938302e-03
3.354166666666666519e+00 1.005823041456444189e+00 1.125995763128657349e-03
3.375000000000000000e+00 1.008093336077129587e+00 -1.726863265958620934e-03
3.395833333333333037e+00 1.006693038813104568e+00 -1.478110878558069104e-03
3.416666666666666519e+00 1.017098095958251625e+00 -4.302078693811138077e-04
3.437500000000000000e+00 1.009581144299592559e+00 -4.490008048137501123e-04
3.458333333333333037e+00 1.003203501270128362e+00 -6.596953793998054823e-04
3.479166666666666519e+00 1.006755552650677288e+00 -3.961777584120728876e-04
3.500000000000000000e+00 9.997456637763001419e-01 7.037787624246295707e-04
3.520833333333333037e+00 1.007206802609908136e+00 -1.382148721942734037e-03
3.541666666666666519e+00 1.013746760042989470e+00 2.043441549601640519e-04
3.562500000000000000e+00 1.011411651527533317e+00 -6.012651519224699627e-04
3.583333333333333037e+00 1.007979674904323275e+00 -7.063806813040219299e-04
3.604166666666666519e+00 1.002030426116333528e+00 -4.523617079543423131e-04
3.625000000000000000e+00 1.000005746568192633e+00 8.372802287229917520e-04
3.645833333333333037e+00 9.962145803086126516e-01 2.632641855226545632e-04
3.666666666666666519e+00 9.978404853828215515e-01 -1.072431114508056458e-03
3.687500000000000000e+00 1.001513195681456025e+00 3.358682281676651175e-04
3.708333333333333037e+00 1.007593211789794996e+00 9.547400230840954094e-05
3.729166666666666519e+00 1.011738667261557145e+00 4.511545304311613395e-04
3.750000000000000000e+00 1.017126309663731298e+00 -3.954859192644388202e-04
3.770833333333333037e+00 1.010546847055125541e+00 1.196280039450208594e-03
3.791666666666666519e+00 9.998117543672291330e-01 4.275539742233663170e-04
3.812500000000000000e+00 9.979659232587956286e-01 -1.486071382597848852e-03
3.833333333333333037e+00 1.000132115239896091e+00 -1.657463659630128159e-03
3.854166666666666519e+00 1.013875938396791243e+00 -1.811483461511057685e-03
3.875000000000000000e+00 1.018023061070913560e+00 4.636122720564067189e-04
3.895833333333333037e+00 1.014253631837466640e+00 -9.042585555207242713e-04
3.916666666666666519e+00 1.003194050401508886e+00 -4.717895364897258729e-04
3.937500000000000000e+00 9.925031347091568534e-01 -1.173821309057518234e-04
3.958333333333333037e+00 9.917461991238870622e-01 1.517054084771627103e-03
3.979166666666666519e+00 9.917774771475318385e-01 2.722167814479393814e-03
4.000000000000000000e+00 9.985962885070511774e-01 -1.607904459725359838e-04
4.020833333333333037e+00 1.006479480068745103e+00 2.486907541084879165e-03
4.041666666666666075e+00 1.018910382561110550e+00 6.753246134867531931e-04
4.062500000000000000e+00 1.025774336288610922e+00 1.501978446695706850e-03
4.083333333333333037e+00 1.030144356866471211e+00 -3.614888802376413270e-04
4.104166666666666075e+00 1.011943812479388471e+00 -1.568345664171875119e-03
4.125000000000000000e+00 9.914806222828840276e-01 5.993766858682526974e-04
4.145833333333333037e+00 9.867484452530735917e-01 1.614544843004438483e-03
4.166666666666666075e+00 9.980963651924158464e-01 -1.968100306806136891e-03
4.187500000000000000e+00 1.011077617656022998e+00 -8.292217365560995538e-05
4.208333333333333037e+00 1.011183347222841089e+00 2.685237489837255217e-04
4.229166666666666075e+00 1.004279545199026291e+00 7.435263987451315275e-04
4.250000000000000000e+00 1.000870299684204712e+00 -1.370188536740783378e-03
4.270833333333333037e+00 1.008695048690656515e+00 -7.073162737347179867e-04
4.291666666666666075e+00 1.017442140915788773e+00 1.161194963339799366e-03
4.312500000000000000e+00 1.015316775933623239e+00 2.262445204243805543e-03
4.333333333333333037e+00 1.008683316485144976e+00 1.237140982473728854e-04
4.354166666666666075e+00 1.000274184230756980e+00 1.224347414044050977e-03
4.375000000000000000e+00 1.002409731797691439e+00 2.095058654490659217e-04
4.395833333333333037e+00 1.015805872790896514e+00 5.379758861211615803e-04
4.416666666666666075e+00 1.010965239589920461e+00 -4.899796115844575351e-04
4.437500000000000000e+00 1.009236766920355244e+00 -2.915389131662086508e-04
4.458333333333333037e+00 9.949883948245533682e-01 -7.258392839006905413e-04
4.479166666666666075e+00 9.967526264070495357e-01 1.202719569166513198e-04
4.500000000000000000e+00 1.007083305252930439e+00 1.380821719925967974e-03
4.520833333333333037e+00 1.012158634727218232e+00 2.341910477635607063e-04
4.541666666666666075e+00 1.014811965094525092e+00 8.184798025070225266e-04
4.562500000000000000e+00 1.011455131334335622e+00 -8.085208844377135681e-04
4.583333333333333037e+00 1.010129069649212008e+00 8.950134057745025989e-04
4.604166666666666075e+00 1.010511853352219491e+00 -3.967477876171714678e-03
4.625000000000000000e+00 1.005322726513617093e+00 -1.793970812470588403e-03
4.645833333333333037e+00 1.004020499096562435e+00 -4.291930275259685061e-04
4.666666666666666075e+00 9.960835830286030035e-01 -2.295719592153579094e-03
4.687500000000000000e+00 1.005462228390931800e+00 7.024633249715352091e-04
4.708333333333333037e+00 1.002536802372615776e+00 2.517397476243963747e-04
4.729166666666666075e+00 1.011352410265621060e+00 -1.159213516721199766e-03
4.750000000000000000e+00 1.005882029363108776e+00 1.097254916518344218e-04
4.770833333333333037e+00 9.960003276759786806e-01 -1.908579163591052688e-03
4.791666666666666075e+00 1.000627895368305653e+00 -1.147760570817730596e-03
4.812500000000000000e+00 1.009627037448777465e+00 -4.938870865443449696e-04
4.833333333333333037e+00 1.016670120663146548e+00 -2.028343528256631306e-03
4.854166666666666075e+00 1.018589527269061934e+00 1.303884358145282257e-03
4.875000000000000000e+00 1.017514533253815356e+00 -8.370008970770875974e-04
4.895833333333333037e+00 1.005796597896887912e+00 1.275161804437516299e-03
4.916666666666666075e+00 1.007172699973058361e+00 -1.929790561822703398e-04
4.937500000000000000e+00 1.009198025169320223e+00 3.822953524010345126e-04
4.958333333333333037e+00 1.010256922227682930e+00 -1.153349392259326060e-03
4.979166666666666075e+00 1.000756391583103699e+00 -3.933385866928695461e-04
5.000000000000000000e+00 9.972348601320673023e-01 -5.369005612295534849e-04
5.020833333333333037e+00 1.002848386408746073e+00 2.876474020182066263e-04
5.041666666666666075e+00 1.003828498387582480e+00 1.718901357414499799e-03
5.062500000000000000e+00 1.008367491080335299e+00 -7.122257306971336915e-04
5.083333333333333037e+00 1.011799244542970433e+00 -2.110103489125236570e-04
5.104166666666666075e+00 1.011197410615851222e+00 4.459316873043513412e-04
5.125000000000000000e+00 1.002424799887703832e+00 1.074122103233111350e-03
5.145833333333333037e+00 1.001728093275678022e+00 -1.442158642225565830e-04
5.166666666666666075e+00 1.000620029443419323e+00 -4.850536837766954135e-04
5.187500000000000000e+00 1.007152559962869898e+00 -7.363641278283330821e-04
5.208333333333333037e+00 1.022880637944240334e+00 5.958334594864951195e-06
5.229166666666666075e+00 1.019173996054507647e+00 3.003183859632431842e-04
5.250000000000000000e+00 1.019366672218297465e+00 -8.609997468008255940e-04
5.270833333333333037e+00 1.009673906843205460e+00 -3.874743696941629887e-04
5.291666666666666075e+00 9.967205548142251681e-01 9.492963505634641891e-04
5.312500000000000000e+00 9.966465345994979241e-01 -3.369671829724485543e-05
5.333333333333333037e+00 9.991373247019639248e-01 -7.203293177799075528e-04
5.354166666666666075e+00 1.001440505037017425e+00 8.856711470753141514e-04
5.375000000000000000e+00 1.007646397618619183e+00 8.912878484062916650e-04
5.395833333333333037e+00 9.989490913049290377e-01 7.656473416669274399e-04
5.416666666666666075e+00 9.967111009598569327e-01 8.345716734684195844e-04
5.437500000000000000e+00 1.002126884267176665e+00 -4.964468811784221100e-04
5.458333333333333037e+00 9.994133103928923845e-01 2.552562548481630638e-04
5.479166666666666075e+00 1.002166392458204491e+00 3.937296760253251263e-04
5.500000000000000000e+00 1.003168003553649879e+00 1.524747268727030499e-04
5.520833333333333037e+00 1.012971075551334810e+00 -2.198625567264158448e-03
5.541666666666666075e+00 1.012052405501352004e+00 -2.347912814616429352e-05
5.562500000000000000e+00 1.018047128625396924e+00 4.398950258997730918e-04
5.583333333333333037e+00 1.010332463715262641e+00 6.192935637635909674e-04
5.604166666666666075e+00 1.000792380669920156e+00 -3.728637356707240167e-04
5.625000000000000000e+00 1.005269918488115755e+00 4.075992847169439894e-05
5.645833333333333037e+00 1.002517589566438660e+00 -2.261033731931803761e-03
5.666666666666666075e+00 1.007758660870762490e+00 -1.870819149258112508e-03
5.687500000000000000e+00 9.995739128202992818e-01 -3.713749401273362324e-03
5.708333333333333037e+00 9.959635941191280484e-01 -2.863699158160881351e-04
5.729166666666666075e+00 9.965239399487332284e-01 2.032877627182337089e-03
5.750000000000000000e+00 1.003172618012621697e+00 2.190781727155590667e-03
5.770833333333333037e+00 9.953040576263108008e-01 -1.410762603653584451e-03
5.791666666666666075e+00 9.926321851872306201e-01 8.149944558462419216e-04
5.812500000000000000e+00 9.859734008634437608e-01 1.576150902258071761e-03
5.833333333333333037e+00 9.945097128935239672e-01 -3.798500357172076647e-04
5.854166666666666075e+00 1.001403291570076126e+00 -2.458822504985436110e-03
5.875000000000000000e+00 1.000316711026538519e+00 1.781448889156428536e-03
5.895833333333333037e+00 9.790331967099261679e-01 -4.467446402818293504e-04
5.916666666666666075e+00 9.629273410604268779e-01 -4.897011365024020934e-04
5.937500000000000000e+00 9.521676249207829956e-01 2.143119917007516115e-03
5.958333333333333037e+00 9.507847245631034783e-01 5.908124452410065197e-04
5.979166666666666075e+00 9.644786256085131626e-01 1.060166076550169605e-03
6.000000000000000000e+00 9.754025030295535581e-01 2.010534983010587879e-03
6.020833333333333037e+00 9.837572162325310954e-01 -1.784655408120651811e-04
6.041666666666666075e+00 9.936860720285073389e-01 -1.211665226699445682e-03
6.062500000000000000e+00 9.977564521063309044e-01 9.991984586386760524e-04
6.083333333333333037e+00 1.006032997870182744e+00 1.861581426499872363e-05
6.104166666666666075e+00 1.003496156877196732e+00 9.523528594169627850e-04
6.125000000000000000e+00 9.944107015912485581e-01 5.289279636668779575e-04
6.145833333333333037e+00 9.860397328558092589e-01 -9.222557749538164758e-04
6.166666666666666075e+00 9.919948337608738287e-01 6.921910488302209679e-05
6.187500000000000000e+00 9.922099160531461237e-01 -3.815301992910142344e-04
6.208333333333333037e+00 9.973924489318914954e-01 -2.538081679717371663e-04
6.229166666666666075e+00 9.895174003213829117e-01 -8.805394262122394724e-06
6.250000000000000000e+00 9.840694393930429218e-01 4.831904173206017276e-04
6.270833333333333037e+00 9.971129619151055667e-01 3.065423299356737053e-04
6.291666666666666075e+00 1.018867613809247175e+00 -1.546684459323180395e-03
6.312500000000000000e+00 1.037198368233157808e+00 8.403408020562446292e-04
6.333333333333333037e+00 1.028328125402069970e+00 -1.745405943133780712e-03
6.354166666666666075e+00 1.011599424026521143e+00 2.826037469519533055e-03
6.375000000000000000e+00 9.996706086619451259e-01 -9.025170739226334553e-04
6.395833333333333037e+00 9.912773116241168081e-01 -2.114002161355744126e-05
6.416666666666666075e+00 9.842695812079867990e-01 1.730489543047837369e-03
6.437500000000000000e+00 9.885970139797288780e-01 -1.944331790783931598e-04
6.458333333333333037e+00 9.886634750821273743e-01 -1.532693116873898266e-03
6.479166666666666075e+00 9.992784646582404395e-01 -1.734543948859005322e-03
6.500000000000000000e+00 1.008485583818867326e+00 4.091267485696222493e-04
6.520833333333333037e+00 1.017292334403069320e+00 5.717646118825594819e-04
6.541666666666666075e+00 1.014301827735619277e+00 1.093894015660799683e-03
6.562500000000000000e+00 1.001526146037691412e+00 3.968656997420306923e-04
6.583333333333333037e+00 1.003219093508761484e+00 -5.460423558114390697e-04
6.604166666666666075e+00 9.983847614316512242e-01 6.478035104141451582e-04
6.625000000000000000e+00 1.004525540459493271e+00 1.859375132070044054e-03
6.645833333333333037e+00 1.000803870786126648e+00 -9.457985147768673733e-04
6.666666666666666075e+00 1.009358032558202112e+00 4.531609357683127719e-03
6.687500000000000000e+00 1.008085605145221608e+00 -4.662759754271042587e-04
6.708333333333333037e+00 1.014208515916788844e+00 1.624348982094473738e-03
6.729166666666666075e+00 1.015517040491698664e+00 2.418554486499278205e-03
6.750000000000000000e+00 1.004726646070530638e+00 1.198933727543942092e-03
6.770833333333333037e+00 9.952152569674421745e-01 4.356375003964132195e-04
6.791666666666666075e+00 9.984769275321644377e-01 9.615114903581936830e-04
6.812500000000000000e+00 1.007837032125146415e+00 1.727720923524800551e-03
6.833333333333333037e+00 1.014724208113026549e+00 -3.250221713088927936e-03
6.854166666666666075e+00 1.020215592180137243e+00 6.301492180962160955e-04
6.875000000000000000e+00 1.015875810612155261e+00 -4.537301418953845018e-04
6.895833333333333037e+00 9.994703638594591988e-01 -8.159617900674229728e-04
6.916666666666666075e+00 9.937568067820472528e-01 1.983716106599063241e-04
6.937500000000000000e+00 9.929846657997117854e-01 2.738881823788432194e-04
6.958333333333333037e+00 9.893986959707524731e-01 6.665983679515910879e-04
6.979166666666666075e+00 9.954204120669947198e-01 -6.871987301663917344e-04
7.000000000000000000e+00 1.012042768340998489e+00 1.455014593878901485e-03
7.020833333333333037e+00 1.020053023003066883e+00 -2.579063557564298479e-03
7.041666666666666075e+00 1.024131565319879700e+00 -1.177742274640371928e-03
7.062500000000000000e+00 1.017960548442555790e+00 -1.494175393331079226e-03
7.083333333333333037e+00 1.016627403560851794e+00 1.561426812549493817e-04
7.104166666666666075e+00 1.006531720234413951e+00 -6.056229418821654654e-04
7.125000000000000000e+00 1.005981516934310038e+00 6.802987586366865359e-04
7.145833333333333037e+00 9.949789550744194688e-01 -9.695593843749779643e-04
7.166666666666666075e+00 9.836576964770091802e-01 1.622243603222574965e-03
7.187500000000000000e+00 9.779535981269126266e-01 9.382598081840207811e-04
7.208333333333333037e+00 9.976728730912336474e-01 -6.369496137707198391e-04
7.229166666666666075e+00 1.008429557362319429e+00 -2.114987833227075908e-03
7.250000000000000000e+00 1.026645297830885095e+00 -1.487619577053475887e-03
7.270833333333333037e+00 1.023551511721322971e+00 -1.939977212157659127e-03
7.291666666666666075e+00 1.014613892736206946e+00 1.553080810099507309e-03
7.312500000000000000e+00 1.015147887136430116e+00 9.469080339744905331e-04
7.333333333333333037e+00 1.014146664754644211e+00 -1.589360402237038113e-03
7.354166666666666075e+00 1.010047074818024360e+00 2.360040318378207793e-03
7.375000000000000000e+00 9.937197315328333280e-01 -3.704030777747146716e-04
7.395833333333333037e+00 9.796229476017418447e-01 -2.823076916828920393e-03
7.416666666666666075e+00 9.707104757079312307e-01 1.361940358773140822e-03
7.437500000000000000e+00 9.827643221336768153e-01 1.632983789639400052e-03
7.458333333333333037e+00 1.001142933188881035e+00 8.839672791228413785e-06
7.479166666666666075e+00 1.018151882691342491e+00 -1.122998769627777359e-03
7.500000000000000000e+00 1.027780353526821289e+00 1.547049309803489930e-03
7.520833333333333037e+00 1.036513852986876261e+00 -6.316747855683108514e-04
7.541666666666666075e+00 1.027043867813672851e+00 -2.133742427460267983e-05
7.562500000000000000e+00 1.013953805280349174e+00 5.894430185738365208e-04
7.583333333333333037e+00 9.948171681636840402e-01 3.836847388586620998e-04
7.604166666666666075e+00 9.808882902775916124e-01 -5.744453289224989720e-04
7.625000000000000000e+00 9.871773697007315551e-01 -1.304121872101904681e-03
7.645833333333333037e+00 1.000808213236403343e+00 9.441323485119076800e-04
7.666666666666666075e+00 1.017902761437029069e+00 -2.766548558469045932e-03
7.687500000000000000e+00 1.011362176950997060e+00 4.157807029084437242e-04
7.708333333333333037e+00 1.004262967518159577e+00 3.396489179010237012e-04
7.729166666666666075e+00 9.957453100789176448e-01 6.611622403793064899e-04
7.750000000000000000e+00 1.003920458597330923e+00 -4.585890188397003854e-04
7.770833333333333037e+00 1.003079845672658177e+00 2.783676217424833031e-04
7.791666666666666075e+00 1.007274831621326472e+00 9.966631589956168654e-04
7.812500000000000000e+00 9.996510446536474026e-01 -1.304396351475389359e-03
7.833333333333333037e+00 1.001523962250951083e+00 7.080741509870355343e-05
7.854166666666666075e+00 1.013015597256262446e+00 4.798670718661342239e-04
7.875000000000000000e+00 1.015674533677625613e+00 -1.573760624035980228e-03
7.895833333333333037e+00 1.011688433067641890e+00 -1.181896253148346241e-03
7.916666666666666075e+00 9.982956983293682640e-01 1.983434255022294580e-03
7.937500000000000000e+00 9.904953082065889314e-01 1.303557138228890033e-03
7.958333333333333037e+00 9.886902890221513918e-01 -9.272663087923778934e-04
7.979166666666666075e+00 1.007984898196115919e+00 9.083408861587548766e-04
8.000000000000000000e+00 1.016045188927824583e+00 5.162406588483833521e-04
8.020833333333332149e+00 1.016645773235133943e+00 1.763721946309625274e-03
8.041666666666666075e+00 1.011221938559883737e+00 1.434826284163472207e-03
8.062500000000000000e+00 1.006330685292711413e+00 -3.035759165539721107e-03
8.083333333333332149e+00 9.999092402413569669e-01 -3.693265762550329567e-04
8.104166666666666075e+00 9.954726766601950105e-01 1.729871700553309603e-03
8.125000000000000000e+00 9.896122354463888771e-01 2.053685805452387485e-03
8.145833333333332149e+00 9.848790575886482435e-01 -7.666398904372999064e-04
8.166666666666666075e+00 9.829255028980300457e-01 -1.536967146549381765e-03
8.187500000000000000e+00 9.990447062781672161e-01 3.268935624433266969e-04
8.208333333333332149e+00 1.009921984189065203e+00 -7.983896049808779372e-04
8.229166666666666075e+00 1.016748009166051236e+00 -1.459169692246332029e-05
8.250000000000000000e+00 1.020855577657412416e+00 -1.458927125885643543e-03
8.270833333333332149e+00 1.020906337307280420e+00 9.645016584063001702e-04
8.291666666666666075e+00 1.023254954777253589e+00 7.204723088361093515e-04
8.312500000000000000e+00 1.018590433861415123e+00 5.808978364256474174e-04
8.333333333333332149e+00 1.010597736855672002e+00 -1.369526892999119779e-03
8.354166666666666075e+00 9.986163583158251811e-01 -2.107652544326468237e-03
8.375000000000000000e+00 9.917294554055497979e-01 -1.594801103955461935e-03
8.395833333333332149e+00 9.872142084554026420e-01 6.262586003551281122e-04
8.416666666666666075e+00 9.958217958712515250e-01 -2.246998041262977027e-03
8.437500000000000000e+00 1.002524173555076503e+00 8.281222658708274533e-04
8.458333333333332149e+00 1.008230734830986908e+00 2.223985268274918277e-03
8.479166666666666075e+00 1.006554123806850498e+00 -7.818100359584721727e-04
8.500000000000000000e+00 1.006361897936677297e+00 -2.283454903718862956e-04
8.520833333333332149e+00 1.005549582524999375e+00 1.236868833314805740e-03
8.541666666666666075e+00 1.003395568794114068e+00 1.150046567635849186e-03
8.562500000000000000e+00 1.000050249556977411e+00 -7.675857319133365690e-04
8.583333333333332149e+00 1.004710444238774203e+00 -2.130339090814602611e-04
8.604166666666666075e+00 1.009501874861981729e+00 1.591871295615311058e-04
8.625000000000000000e+00 1.012687186111136839e+00 -3.250590177965147968e-04
8.645833333333332149e+00 1.015466574791775489e+00 7.316810894005047706e-04
8.666666666666666075e+00 1.011273194595069036e+00 4.217772547567975503e-04
8.687500000000000000e+00 1.012965949279721389e+00 1.644292001770342225e-03
8.708333333333332149e+00 1.009602154261749707e+00 -2.126390384813427355e-03
8.729166666666666075e+00 1.006483406406293746e+00 1.491930031172170566e-03
8.750000000000000000e+00 1.003210637468546773e+00 1.032942014100365858e-03
8.770833333333332149e+00 9.951830671622787783e-01 -1.550502927025062226e-04
8.791666666666666075e+00 9.895459201132721372e-01 5.331674218784258294e-04
8.812500000000000000e+00 9.955338529287185434e-01 1.233685360204613739e-03
8.833333333333332149e+00 9.971723358377696522e-01 3.888289115334243417e-04
8.854166666666666075e+00 9.985121626398617556e-01 -2.974842408921001989e-04
8.875000000000000000e+00 1.005106479948941089e+00 3.655609983766550195e-04
8.895833333333332149e+00 1.014300519180952653e+00 -8.581425338543997037e-04
8.916666666666666075e+00 1.016842923391927389e+00 -1.626758754786287141e-03
8.937500000000000000e+00 1.006468227824232065e+00 -1.081533259100582976e-03
8.958333333333332149e+00 1.004358659801119824e+00 -9.513296368971266162e-04
8.979166666666666075e+00 1.005186062819557247e+00 2.511797467905246307e-04
9.000000000000000000e+00 1.006682784838935474e+00 1.006805693430746140e-03
9.020833333333332149e+00 1.015932729570558912e+00 3.205833685140011512e-04
9.041666666666666075e+00 1.013708319664685886e+00 1.836124658700588608e-03
9.062500000000000000e+00 1.005404589133148230e+00 -9.510241356441613699e-05
9.083333333333332149e+00 9.954719333499719713e-01 -7.881841048964166813e-04
9.104166666666666075e+00 1.002053919420082595e+00 -8.915228331550239822e-04
9.125000000000000000e+00 1.011746200006919283e+00 -1.108888832055898721e-03
9.145833333333332149e+00 1.010203654516187211e+00 -3.626824033327159889e-04
9.166666666666666075e+00 9.997830733119420499e-01 1.738257259713257407e-03
9.187500000000000000e+00 9.838900466992619442e-01 -1.819952592437592588e-03
9.208333333333332149e+00 9.920694018591446062e-01 7.119720962651121532e-04
9.229166666666666075e+00 1.003925189388851225e+00 7.636096948720972401e-06
9.250000000000000000e+00 1.013711904070438985e+00 1.074838549778995385e-03
9.270833333333332149e+00 1.024129191827405583e+00 -5.561385311178525725e-04
9.291666666666666075e+00 1.018545603608806971e+00 9.416787265504952690e-04
9.312500000000000000e+00 1.017592159820052133e+00 -5.847887371872479171e-04
9.333333333333332149e+00 1.014511018588482472e+00 8.294187033770257381e-04
9.354166666666666075e+00 1.012671189945970829e+00 -2.403104692472650059e-03
9.375000000000000000e+00 9.989810890423017620e-01 6.611180687451045880e-04
9.395833333333332149e+00 9.869079525332297154e-01 9.780069646522452503e-04
9.416666666666666075e+00 9.897176556370868017e-01 -1.941770439670616535e-03
9.437500000000000000e+00 9.991021789298916156e-01 1.113740067099177776e-03
9.458333333333332149e+00 1.010370950792340183e+00 -1.364557477019032964e-03
9.479166666666666075e+00 1.019547363275520535e+00 1.293386830067446737e-03
9.500000000000000000e+00 1.012125453586038226e+00 5.533334082572593886e-05
9.520833333333332149e+00 1.006717207540081427e+00 9.218123855465478562e-04
9.541666666666666075e+00 1.003622653343561710e+00 5.318664880082803583e-04
9.562500000000000000e+00 9.964752009915105457e-01 -1.429483529114716290e-03
9.583333333333332149e+00 9.914004139540314453e-01 2.006062803171853540e-03
9.604166666666666075e+00 9.946787205966719503e-01 1.594228390433049007e-03
9.625000000000000000e+00 9.980320464634608868e-01 -1.201211922348600046e-03
9.645833333333332149e+00 1.020557853227155976e+00 7.849206825651397577e-04
9.666666666666666075e+00 1.032069982487819004e+00 6.574204934341574972e-04
9.687500000000000000e+00 1.028021681097743167e+00 -7.659627202834039077e-04
9.708333333333332149e+00 1.012251425983485165e+00 -1.216978899972677832e-03
9.729166666666666075e+00 9.920906519318410943e-01 1.688788203940199675e-03
9.750000000000000000e+00 9.862546893462007525e-01 -4.095385291637455719e-04
9.770833333333332149e+00 9.985436212189561234e-01 1.222902408458502801e-03
9.791666666666666075e+00 1.004992540537111179e+00 2.470515729109095098e-03
9.812500000000000000e+00 1.002701874247606151e+00 6.999672493088154694e-04
9.833333333333332149e+00 9.947776213353364261e-01 -1.013711220140214040e-03
9.854166666666666075e+00 9.930106130121375552e-01 1.325469258112406141e-03
9.875000000000000000e+00 1.002836013638183088e+00 -1.621614803435220218e-03
9.895833333333332149e+00 1.011767304109713717e+00 -1.038484552673222617e-03
9.916666666666666075e+00 1.014243163230207578e+00 3.758499315818641853e-03
9.937500000000000000e+00 1.010753065134639694e+00 -8.970248344955561622e-04
9.958333333333332149e+00 1.006911800534969093e+00 5.356440612721301070e-04
9.979166666666666075e+00 1.012283858497269762e+00 -1.225328193717039292e-03
1.000000000000000000e+01 1.011865875813421800e+00 -5.407969494160307149e-05
1.002083333333333215e+01 1.014434597397741555e+00 3.493454826892795884e-04
1.004166666666666607e+01 1.009464566761959059e+00 -3.213722963105240110e-03
1.006250000000000000e+01 1.007179089670177108e+00 -7.233024640437398433e-04
1.008333333333333215e+01 1.003612374952513653e+00 9.242600013935239585e-04
1.010416666666666607e+01 9.982407975326781369e-01 1.180235272207036390e-03
1.012500000000000000e+01 1.001052440027714763e+00 5.165275766008044526e-04
1.014583333333333215e+01 9.976629373837262449e-01 -1.090383068218022701e-03
1.016666666666666607e+01 9.902209680083728927e-01 5.864587931628845348e-04
1.018750000000000000e+01 9.970915368177918348e-01 -5.239146696195737642e-04
1.020833333333333215e+01 1.003560350879746155e+00 -8.751498030123522299e-04
1.022916666666666607e+01 1.001842539763889706e+00 8.823627075760620932e-05
1.025000000000000000e+01 1.014794594543286133e+00 2.935747945070431471e-03
1.027083333333333215e+01 1.017611283465096106e+00 -1.040569240205284351e-03
1.029166666666666607e+01 1.021824150530933339e+00 1.387489333351635571e-03
1.031250000000000000e+01 1.025916774780147422e+00 4.036368248650759518e-04
1.033333333333333215e+01 1.012334669134016929e+00 -1.770819974812074026e-03
1.035416666666666607e+01 9.968637070003456557e-01 -1.055880873459413448e-03
1.037500000000000000e+01 9.940979131238736333e-01 -1.290088097495509765e-04
1.039583333333333215e+01 9.904241602578828241e-01 -5.081468831423239293e-04
1.041666666666666607e+01 1.009828347161031425e+00 4.094926349110516463e-04
1.043750000000000000e+01 1.013416241062783829e+00 -1.158318524780752035e-03
1.045833333333333215e+01 1.021465528114222643e+00 -1.187726233548781285e-03
1.047916666666666607e+01 1.017471790406185628e+00 1.336969328531905374e-03
1.050000000000000000e+01 1.009365416452558284e+00 3.990161915945215280e-05
1.052083333333333215e+01 9.956904028679569585e-01 -9.843612556752216660e-04
1.054166666666666607e+01 9.792074162623364275e-01 7.865514279057153352e-05
1.056250000000000000e+01 9.808251178282098026e-01 2.373244769538078707e-03
1.058333333333333215e+01 9.869002556838599727e-01 -6.497122338707501206e-04
1.060416666666666607e+01 1.000350957890862924e+00 -1.784662981499897643e-03
1.062500000000000000e+01 1.014723530833485210e+00 1.246218235811589548e-03
1.064583333333333215e+01 1.022312629304106713e+00 2.531118794585981383e-03
1.066666666666666607e+01 1.029692639408930299e+00 1.648632052918469438e-03
1.068750000000000000e+01 1.037034838698962735e+00 -1.572176432999283346e-03
1.070833333333333215e+01 1.028726218985801744e+00 -2.507817883277098890e-03
1.072916666666666607e+01 1.016109206471040416e+00 1.644310098108382051e-03
1.075000000000000000e+01 9.952632374566394713e-01 -1.610305132721481943e-04
1.077083333333333215e+01 9.811435446491767465e-01 6.922428378801855119e-04
1.079166666666666607e+01 9.823298165309264363e-01 -1.746433115102108706e-04
1.081250000000000000e+01 9.957965083291190345e-01 2.156368434255975450e-03
1.083333333333333215e+01 1.004597920391167243e+00 1.447089089750002334e-04
1.085416666666666607e+01 1.002992924371268968e+00 -3.441242255435634405e-04
1.087500000000000000e+01 9.988499905650625177e-01 2.255491959238810872e-04
1.089583333333333215e+01 1.006450891412491000e+00 -1.453658154474864791e-03
1.091666666666666607e+01 1.005095314281455821e+00 2.490440444166553812e-04
1.093750000000000000e+01 1.007376759820880263e+00 -7.056640248456046572e-05
1.095833333333333215e+01 1.006588664492808594e+00 -2.607677422375844888e-03
1.097916666666666607e+01 1.009796640520340905e+00 -1.393576328320377065e-03
1.100000000000000000e+01 1.011608863275035297e+00 -1.538224249410035955e-03
1.102083333333333215e+01 1.017448081407984040e+00 -1.935291851063605665e-03
1.104166666666666607e+01 1.022607508155442657e+00 4.718740871885953756e-04
1.106250000000000000e+01 1.012239047507661249e+00 1.433077189982762427e-03
1.108333333333333215e+01 1.000386324396138615e+00 4.233800010726136254e-04
1.110416666666666607e+01 9.950482052502499508e-01 -1.836943683542695055e-03
1.112500000000000000e+01 1.003074149946282301e+00 -2.213147193927604388e-03
1.114583333333333215e+01 1.013567820964806465e+00 9.891020911487198152e-04
1.116666666666666607e+01 1.012047091032315382e+00 -3.770250969098249620e-04
1.118750000000000000e+01 1.005870370116488832e+00 -1.189327078254973308e-04
1.120833333333333215e+01 1.002470496605669226e+00 -1.618193405326818308e-03
1.122916666666666607e+01 9.999970806294070647e-01 -2.535326577040811907e-03
1.125000000000000000e+01 1.007274024857091499e+00 2.768475619996831928e-03
1.127083333333333215e+01 1.008428998041205116e+00 -7.624797022774293951e-04
1.129166666666666607e+01 1.001730432457997422e+00 -2.471656664572040221e-04
1.131250000000000000e+01 9.993668392818634283e-01 -1.439521080565537561e-03
1.133333333333333215e+01 1.001905646532414096e+00 1.901588892844728118e-03
1.135416666666666607e+01 1.006350910329349979e+00 -4.561001156823497947e-04
1.137500000000000000e+01 1.010514421504582483e+00 -2.164462073771791437e-04
1.139583333333333215e+01 1.005934111813922005e+00 3.795985042841188236e-05
1.141666666666666607e+01 1.007216506755555852e+00 -3.626067993858145321e-05
1.143750000000000000e+01 1.015139259682543704e+00 1.749840538518582060e-03
1.145833333333333215e+01 1.023159561700775155e+00 -2.299761734136749215e-03
1.147916666666666607e+01 1.018505332265361218e+00 7.595260198136995688e-04
1.150000000000000000e+01 1.002361997896410228e+00 -8.040635651199821033e-04
1.152083333333333215e+01 9.966417260848411397e-01 -5.401945279956001751e-04
1.154166666666666607e+01 9.935199344175852376e-01 -8.033552630265548096e-04
1.156250000000000000e+01 9.967000123063594064e-01 4.994962027348360699e-04
1.158333333333333215e+01 9.976190479430231406e-01 -1.638517841771299074e-03
1.160416666666666607e+01 9.928018300772503135e-01 -7.104818102877044498e-04
1.162500000000000000e+01 9.930347569534644370e-01 6.637805208496372822e-04
1.164583333333333215e+01 1.006402951036164284e+00 -7.540141963183179469e-04
1.166666666666666607e+01 1.006775845131805402e+00 -6.361913267052722457e-04
1.168750000000000000e+01 1.017209445387308620e+00 4.296917635460315260e-04
1.170833333333333215e+01 1.013274059143109529e+00 6.915403366451020766e-05
1.172916666666666607e+01 1.003546150069796417e+00 -4.610263139947668874e-04
1.175000000000000000e+01 1.001498662262883865e+00 2.419384577181427865e-05
1.177083333333333215e+01 1.011742016594751936e+00 -1.150873861231917119e-03
1.179166666666666607e+01 1.014172766196233644e+00 1.025273146773340383e-03
1.181250000000000000e+01 1.016352301740030217e+00 -1.411817961599951031e-03
1.183333333333333215e+01 1.008273012051519979e+00 -2.053752655037212674e-03
1.185416666666666607e+01 9.921108752227040251e-01 4.822850029055207621e-04
1.187500000000000000e+01 9.902834673214123695e-01 -1.695285289924135632e-03
1.189583333333333215e+01 9.979537361791073202e-01 -1.248424739687847146e-03
1.191666666666666607e+01 1.007720317878296301e+00 -3.256293264479999481e-04
1.193750000000000000e+01 1.013254287070113779e+00 8.261565401589826291e-04
1.195833333333333215e+01 1.011000347766986218e+00 -6.572645594006617121e-04
1.197916666666666607e+01 1.002608429635479581e+00 -6.150640340980711735e-04
1.200000000000000000e+01 9.955325727972786920e-01 -5.977133903123092078e-04
1.202083333333333215e+01 9.968221472341899370e-01 4.044130490624616185e-04
1.204166666666666607e+01 1.001736112663506262e+00 -7.053424697650304475e-04
1.206250000000000000e+01 1.006313746757364402e+00 2.291711557624275246e-04
1.208333333333333215e+01 1.013956389370102906e+00 1.624959582373062790e-03
1.210416666666666607e+01 1.010433833955326266e+00 -3.548158955666990029e-04
1.212500000000000000e+01 1.001518629885718381e+00 -5.403879264815242322e-04
1.214583333333333215e+01 9.876392647092323562e-01 -1.241265963166724405e-03
1.216666666666666607e+01 9.909201334990554999e-01 -1.026588958122025882e-03
1.218750000000000000e+01 9.930269788860827118e-01 -1.630864574585450932e-03
1.220833333333333215e+01 1.002520946341171504e+00 -1.455059054546001263e-03
1.222916666666666607e+01 1.008550203098484754e+00 -8.087888314281429765e-04
1.225000000000000000e+01 1.015757277558646310e+00 3.348440022033216668e-04
1.227083333333333215e+01 1.022377487722924583e+00 5.198037994370213527e-04
1.229166666666666607e+01 1.013680151682740727e+00 -6.249601277839693120e-04
1.231250000000000000e+01 1.007536940233001443e+00 3.129155459663861228e-04
1.233333333333333215e+01 9.928673259436379128e-01 -1.710115318150115310e-03
1.235416666666666607e+01 9.671310517884836866e-01 2.493411795875969793e-03
1.237500000000000000e+01 9.573532003546728619e-01 2.998848917715767233e-03
1.239583333333333215e+01 9.446840231970983215e-01 -2.366184672106481164e-04
1.241666666666666607e+01 9.510628758482164713e-01 5.417867734985519317e-04
1.243750000000000000e+01 9.567304176388593540e-01 3.487124834640370925e-05
1.245833333333333215e+01 9.675285974579099779e-01 8.833845234596650157e-04
1.247916666666666607e+01 9.805189428945833008e-01 -8.762748438932674603e-04
1.452083333333333215e+01 1.026953960853593806e+00 -1.984368656932928437e-03
1.454166666666666607e+01 1.012524457721991400e+00 9.201807790831284571e-04
1.456250000000000000e+01 9.999388932703214827e-01 -1.449481158577446823e-03
1.458333333333333215e+01 9.994183824803692939e-01 3.508831448490183809e-04
1.460416666666666607e+01 1.000356740276820089e+00 -1.238461079013447206e-03
1.462500000000000000e+01 1.008173226293171298e+00 -1.049571615208813808e-03
1.464583333333333215e+01 1.001518254755630277e+00 1.140117748044387454e-03
1.466666666666666607e+01 9.900539014105506075e-01 1.925122231649786190e-03
1.468750000000000000e+01 9.916146146795741245e-01 -2.797394809713070929e-04
1.470833333333333215e+01 1.004214036581443592e+00 -6.134017614310290859e-04
1.472916666666666607e+01 1.023385817363898553e+00 2.865042092894192166e-04
1.475000000000000000e+01 1.023832113205440653e+00 -7.683765226142763756e-04
1.477083333333333215e+01 1.012279072313347017e+00 -2.247479687249385148e-03
1.479166666666666607e+01 9.997571169610991459e-01 -1.124858070304943301e-04
1.481250000000000000e+01 1.001139763575930486e+00 -2.879873768579556143e-03
1.483333333333333215e+01 1.005562208812416092e+00 4.485469509571620534e-04
1.485416666666666607e+01 1.004053228218742655e+00 -7.163666757400969807e-04
1.487500000000000000e+01 1.001420290124260370e+00 1.496551130865508416e-04
1.489583333333333215e+01 1.000016446047026886e+00 -1.923903107062558933e-03
1.491666666666666607e+01 1.003779011351702666e+00 -1.023946287185566965e-03
1.493750000000000000e+01 1.005331587507264146e+00 6.199811911337127241e-04
1.495833333333333215e+01 1.004981429223060552e+00 1.613223785851087763e-03
1.497916666666666607e+01 1.001583317769738191e+00 9.576017701003611748e-04
1.500000000000000000e+01 1.002939991916397267e+00 3.915652646405436057e-04
1.502083333333333215e+01 1.011368884217135333e+00 -1.477857327984369654e-03
1.504166666666666607e+01 1.020915133398248242e+00 6.231326371858795631e-04
1.506250000000000000e+01 1.019258125381390823e+00 7.587579160586127949e-05
1.508333333333333215e+01 1.014166398389606760e+00 -4.848287541797621260e-04
1.510416666666666607e+01 1.002905426324634197e+00 1.535493416188377785e-03
1.512500000000000000e+01 1.003891340407072619e+00 -1.049433879966593522e-03
1.514583333333333215e+01 9.970796106326232922e-01 2.105647687242957408e-03
1.516666666666666607e+01 9.935838034758732729e-01 -8.972874301530055306e-04
1.518750000000000000e+01 9.841338150853373712e-01 -9.339328515768350377e-04
1.520833333333333215e+01 9.851053492072199269e-01 -2.126477432042296026e-04
1.522916666666666607e+01 9.960284292437587839e-01 -1.737567282370862127e-03
1.525000000000000000e+01 1.020311304322302437e+00 -6.760405547711110337e-04
1.527083333333333215e+01 1.029154436530753003e+00 7.903775748618141079e-06
1.529166666666666607e+01 1.026388777982051526e+00 -2.208770189729641811e-03
1.531250000000000000e+01 1.013138772591286152e+00 -1.127274219755099475e-03
1.533333333333333215e+01 1.002553197814449959e+00 -1.827948376046941012e-03
1.535416666666666607e+01 9.997061774278581670e-01 -6.405205909915634129e-04
1.537500000000000000e+01 1.000944398126146773e+00 1.330352864045471813e-03
1.539583333333333215e+01 9.924840401220956787e-01 -6.351616706794738438e-04
1.541666666666666607e+01 9.933292970603228023e-01 -3.278029083182477954e-04
1.543750000000000000e+01 9.969386853392224745e-01 1.876750402460832076e-04
1.545833333333333215e+01 1.000437574603259661e+00 -1.480069638078796920e-03
1.547916666666666607e+01 1.003744101903772501e+00 1.899347551567068075e-04
1.550000000000000000e+01 1.013263177857689046e+00 -7.424237420184139199e-04
1.552083333333333215e+01 1.019057201868875939e+00 -9.011452544670885741e-04
1.554166666666666607e+01 1.014725521242977102e+00 -2.230870677985652677e-03
1.556250000000000000e+01 1.016042024640563257e+00 -8.833814662929808216e-04
1.558333333333333215e+01 1.009301346883962669e+00 1.197547056462321124e-03
1.560416666666666607e+01 9.984885426762394323e-01 1.414309662514145419e-03
1.562500000000000000e+01 9.878788559957335513e-01 -4.628989912151726567e-04
1.564583333333333215e+01 9.951916825870771310e-01 -6.103531455815171331e-06
1.566666666666666607e+01 9.977933220422511296e-01 -6.200504019220593561e-04
1.568750000000000000e+01 1.003686456156648532e+00 -1.466299353339714159e-03
1.570833333333333215e+01 1.016224489268995113e+00 -2.339345606120403053e-03
1.572916666666666607e+01 1.015333165405329696e+00 2.038370687546937204e-03
1.575000000000000000e+01 1.018556193456984227e+00 -1.321182947693161315e-03
1.577083333333333215e+01 1.003845017023436315e+00 1.764239949879417980e-04
1.579166666666666607e+01 9.960550613186156532e-01 1.852449938279503725e-03
1.581250000000000000e+01 9.855142356484838384e-01 -5.594280502753479559e-04
1.583333333333333215e+01 9.962993241895481411e-01 -2.836717976530785047e-04
1.585416666666666607e+01 1.012976995452263829e+00 2.576851889881740789e-04
1.587500000000000000e+01 1.028756426187859674e+00 -5.158056625506432947e-04
1.589583333333333215e+01 1.031680670551558432e+00 2.462170721954463079e-04
1.591666666666666607e+01 1.024882619592585753e+00 -4.839341463400667924e-04
1.593750000000000000e+01 1.003654069002526850e+00 1.353907385896189249e-03
1.595833333333333215e+01 9.982088142420222354e-01 5.535587878908318970e-04
1.597916666666666607e+01 9.905564201544254654e-01 -1.530870873559005661e-03
1.600000000000000000e+01 9.847109806451365133e-01 -1.711052352715130122e-03
1.602083333333333215e+01 9.832503058112398442e-01 -8.487696531613407461e-04
1.604166666666666430e+01 9.982525810731185389e-01 -8.055491982538699400e-04
1.606250000000000000e+01 1.006674759278104014e+00 -9.634295974686438082e-04
1.608333333333333215e+01 1.024816593175068791e+00 1.119559411372091778e-03
1.610416666666666430e+01 1.026736445486552407e+00 -9.355938420681867438e-04
1.612500000000000000e+01 1.020132806260563241e+00 -6.027835361770597471e-04
1.614583333333333215e+01 9.985477096667174646e-01 1.462557384129397633e-04
1.616666666666666430e+01 1.004018654664635024e+00 -2.509912937959718135e-03
1.618750000000000000e+01 1.003235840642283438e+00 5.108351793997897936e-04
1.620833333333333215e+01 1.005271107287977417e+00 6.984100961951642504e-04
1.622916666666666430e+01 1.009697334281335568e+00 1.722482883218691115e-03
1.625000000000000000e+01 1.011365809890582668e+00 -1.247083424964054573e-03
1.627083333333333215e+01 1.013225452444904695e+00 -5.992831524146329317e-04
1.629166666666666430e+01 1.012425621164481759e+00 2.453501079686649065e-04
1.631250000000000000e+01 1.007619723004364420e+00 -4.849631641822339822e-04
1.633333333333333215e+01 9.929246559223502411e-01 -1.831615189913928530e-03
1.635416666666666430e+01 9.844868895809523179e-01 1.117737390007356862e-03
1.637500000000000000e+01 9.830639221612026413e-01 -3.650714661899767742e-04
1.639583333333333215e+01 1.001605218102867401e+00 4.255222518136138614e-04
1.641666666666666430e+01 1.011299013855303075e+00 -1.348196165353286475e-03
1.643750000000000000e+01 1.007053044799016916e+00 1.187676222315613541e-03
1.645833333333333215e+01 1.000748146493627866e+00 -4.416204259521087526e-04
1.647916666666666430e+01 1.006928261017373982e+00 -9.021296053000044503e-04
1.650000000000000000e+01 1.024889129354834338e+00 9.795973609805907079e-04
1.652083333333333215e+01 1.022745822962609408e+00 1.376282717599419713e-03
1.654166666666666430e+01 1.011657137597788969e+00 -1.168665508887591726e-03
1.656250000000000000e+01 9.941491847040393459e-01 1.239169740018901227e-03
1.658333333333333215e+01 9.909965049654146929e-01 2.019487562282129643e-03
1.660416666666666430e+01 9.974677577639531334e-01 3.258869042808856353e-04
1.662500000000000000e+01 1.012331975663118389e+00 -1.759992709790401738e-03
1.664583333333333215e+01 1.016957331489975802e+00 7.102284179289963459e-04
1.666666666666666430e+01 1.013841171224583393e+00 1.331337369932650847e-03
1.668750000000000000e+01 1.007001217884257338e+00 -1.270588592299271274e-03
1.670833333333333215e+01 1.001191996256939110e+00 2.089560469926090083e-03
1.672916666666666430e+01 1.006055937029951775e+00 -2.405338007799009894e-04
1.675000000000000000e+01 1.003335894613290646e+00 -1.440813700303012997e-04
1.677083333333333215e+01 9.958209188597756389e-01 1.373736263352517495e-03
1.679166666666666430e+01 9.883874978912923215e-01 2.673359398545201659e-04
1.681250000000000000e+01 9.887247573546348312e-01 1.566115438522505720e-03
1.683333333333333215e+01 1.001008105857265740e+00 -6.938985498929256646e-06
1.685416666666666430e+01 1.012363577681436588e+00 4.935441597564264610e-04
1.687500000000000000e+01 1.019360848907545192e+00 3.712745931107460599e-05
1.689583333333333215e+01 1.026188973546262151e+00 3.065900446103448545e-04
1.691666666666666430e+01 1.026151866935206547e+00 7.369761400649124401e-04
1.693750000000000000e+01 1.022015884681196418e+00 6.124294557103799686e-04
1.695833333333333215e+01 1.009470003880657218e+00 -3.685653693056344733e-04
1.697916666666666430e+01 9.972262410989255477e-01 1.179081912303413596e-03
1.700000000000000000e+01 9.871162032878499915e-01 -9.961489589340453196e-05
1.702083333333333215e+01 9.974288521415296538e-01 1.510674045751710624e-03
1.704166666666666430e+01 1.010578155570436953e+00 7.803048251664496029e-04
1.706250000000000000e+01 1.009927464815734366e+00 -1.015168544941995684e-04
1.708333333333333215e+01 1.014366897688477875e+00 -9.045900327650877731e-04
1.710416666666666430e+01 1.003907281543161334e+00 6.188199600729883936e-05
1.712500000000000000e+01 9.980932019795796251e-01 1.742185483363991021e-03
1.714583333333333215e+01 9.938022782958907397e-01 2.487973421013140026e-04
1.716666666666666430e+01 1.001609743839202649e+00 1.224892523223418362e-03
1.718750000000000000e+01 9.958799042748772701e-01 -9.631718539457380401e-05
1.720833333333333215e+01 9.978656810062991322e-01 -3.817195556483715885e-04
1.722916666666666430e+01 1.006205206622838855e+00 -8.597666677154862901e-04
1.725000000000000000e+01 1.011720820582816094e+00 -2.415836026998392002e-03
1.727083333333333215e+01 1.019483280542113457e+00 3.994713637643458864e-04
1.729166666666666430e+01 1.020248296160563450e+00 5.366489667211988217e-05
1.731250000000000000e+01 1.017590894712477656e+00 -5.646948549096911327e-05
1.733333333333333215e+01 1.011407029464438834e+00 9.804360995629406855e-04
1.735416666666666430e+01 1.004325763855762998e+00 -1.224913209519988165e-03
1.737500000000000000e+01 1.001378143335590165e+00 2.123715654368942257e-03
1.739583333333333215e+01 1.000717311778128282e+00 -1.824261722969476151e-03
1.741666666666666430e+01 1.005643526156870360e+00 3.163208758479771864e-04
1.743750000000000000e+01 1.005931008684361583e+00 -1.484654172303095151e-03
1.745833333333333215e+01 1.010303163838446983e+00 -3.391693602461511112e-04
1.747916666666666430e+01 9.998130725879853520e-01 1.445762497406925936e-03
1.750000000000000000e+01 9.903929594653886337e-01 -1.863272717749907270e-03
1.752083333333333215e+01 9.947927706625360189e-01 2.227621691921016463e-04
1.754166666666666430e+01 1.007309268465025109e+00 1.338994765032184881e-04
1.756250000000000000e+01 1.002250774355967877e+00 2.207231491569506328e-04
1.758333333333333215e+01 1.000683977723770157e+00 3.145578248935671666e-04
1.760416666666666430e+01 9.991031854414401669e-01 9.982277439990934215e-04
1.762500000000000000e+01 1.001105941192516058e+00 6.130375600092449013e-04
1.764583333333333215e+01 1.022390358926084986e+00 4.660290862087024147e-04
1.766666666666666430e+01 1.039350893183980107e+00 1.110074049632786769e-03
1.768750000000000000e+01 1.036130288181102754e+00 8.229969788285007755e-04
1.770833333333333215e+01 1.029724567985308203e+00 -1.658807562749809849e-04
1.772916666666666430e+01 1.007228594745219086e+00 -1.540322988284478778e-03
1.775000000000000000e+01 9.917726794476471319e-01 9.860282271610442198e-04
1.777083333333333215e+01 9.837742164277631929e-01 -4.373651584109946601e-04
1.779166666666666430e+01 9.757646640392861892e-01 2.047232652444324220e-03
1.781250000000000000e+01 9.719618947246919660e-01 -7.077841934906248201e-04
1.783333333333333215e+01 9.857937168816979234e-01 -1.514778428643840736e-03
1.785416666666666430e+01 1.001241916709818103e+00 1.405968215279821808e-03
1.787500000000000000e+01 1.023633917681361583e+00 -9.402293928322609691e-04
1.789583333333333215e+01 1.030935190035642490e+00 -1.880319468931267819e-03
1.791666666666666430e+01 1.028980168295990483e+00 1.460364089243898315e-03
1.793750000000000000e+01 1.018597850468891286e+00 -1.827772216019539790e-03
1.795833333333333215e+01 1.013604390719838877e+00 1.632628051725646453e-03
1.797916666666666430e+01 1.008580187798538752e+00 -1.204759825849017118e-03
1.800000000000000000e+01 1.008321838553349892e+00 4.961711595952179041e-04
1.802083333333333215e+01 9.990843653868325402e-01 2.649145860980097432e-04
1.804166666666666430e+01 9.852086359893934553e-01 -2.282055000057656852e-03
1.806250000000000000e+01 9.880061047322111767e-01 -3.388519727720186973e-05
1.808333333333333215e+01 1.000070359186076452e+00 -5.401425784262315743e-04
1.810416666666666430e+01 1.006712959382781492e+00 1.419679566577410664e-04
1.812500000000000000e+01 1.005419404552911011e+00 6.483796179682237192e-04
1.814583333333333215e+01 1.004923056719127183e+00 1.955804491961859060e-03
1.816666666666666430e+01 1.009590458566138604e+00 -3.131046680764674951e-04
1.818750000000000000e+01 1.018712190150163233e+00 -1.409121461308964548e-04
1.820833333333333215e+01 1.021668564522899558e+00 2.674743058273106218e-03
1.822916666666666430e+01 1.011827947185859111e+00 8.891739766701467138e-04
1.825000000000000000e+01 1.000850602131557299e+00 9.348971564791578280e-04
1.827083333333333215e+01 9.949301945487104559e-01 -1.928351040330878851e-03
1.829166666666666430e+01 1.005737588708198960e+00 -1.762877723542089891e-03
1.831250000000000000e+01 1.005314596338811040e+00 -7.079396033079137038e-04
1.833333333333333215e+01 1.001926102763048387e+00 -2.517134110509887997e-04
1.835416666666666430e+01 9.943798115507520574e-01 5.941341505438838509e-04
1.837500000000000000e+01 9.934913336541194573e-01 3.401120992972843371e-03
1.839583333333333215e+01 1.001377879075094901e+00 -1.582754541307690097e-03
1.841666666666666430e+01 1.013429013672557222e+00 -5.307630394854289920e-04
1.843750000000000000e+01 1.014381746186279187e+00 7.669225216860500044e-04
1.845833333333333215e+01 1.011794917924983217e+00 3.198672049404045368e-04
1.847916666666666430e+01 1.004986020414568415e+00 1.383186138852318106e-03
1.850000000000000000e+01 1.010624519808982491e+00 -3.796677048001650435e-04
1.852083333333333215e+01 1.014495515993480756e+00 -1.141627943426356444e-03
1.854166666666666430e+01 1.002229207813067680e+00 2.591999060210361649e-03
1.856250000000000000e+01 9.895923892545626099e-01 5.294282827541672756e-04
1.858333333333333215e+01 9.776538143088668864e-01 -1.516718812859834146e-03
1.860416666666666430e+01 9.795149630084110104e-01 -4.539345262179247248e-04
1.862500000000000000e+01 9.967738509389394430e-01 -1.011525224129640807e-04
1.864583333333333215e+01 1.013116823203655814e+00 -1.890229693726732741e-03
1.866666666666666430e+01 1.031081683622243839e+00 9.392840512450439895e-04
1.868750000000000000e+01 1.024526585396679845e+00 1.585562465095969871e-04
1.870833333333333215e+01 1.014604758390825312e+00 -4.897410397229261464e-04
1.872916666666666430e+01 1.006308570698166927e+00 -8.505317855860913693e-04
1.875000000000000000e+01 9.852795833376494228e-01 2.021027787394786852e-03
1.877083333333333215e+01 9.791784703033390436e-01 -1.377771177180001213e-04
1.879166666666666430e+01 9.722438484888605847e-01 -1.010307172561903787e-03
1.881250000000000000e+01 9.747268853794096577e-01 -2.601922501569630883e-03
1.883333333333333215e+01 9.776726618085629372e-01 -1.375595673830191153e-03
1.885416666666666430e+01 9.801201403356043507e-01 8.188740006615643705e-04
1.887500000000000000e+01 9.805096631552155939e-01 1.815315702123898155e-03
1.889583333333333215e+01 9.868967632282905633e-01 -1.504724367299439380e-03
1.891666666666666430e+01 9.760555059821106605e-01 -2.608222109783764429e-03
1.893750000000000000e+01 9.662552701768358787e-01 -1.102455528212775170e-05
1.895833333333333215e+01 9.612369146370947082e-01 -1.125660811381045691e-04
1.897916666666666430e+01 9.519900798947119602e-01 1.023289424075726718e-03
1.900000000000000000e+01 9.624343085775038942e-01 -9.432605497207316274e-04
1.902083333333333215e+01 9.833318520995552037e-01 7.939518331662469199e-05
1.904166666666666430e+01 1.003473848878194463e+00 -2.377662770616666837e-03
1.906250000000000000e+01 1.012985580103663796e+00 -1.601725772158328837e-03
1.908333333333333215e+01 1.014009650168730792e+00 -7.400424134903747526e-04
1.910416666666666430e+01 1.010129473871088868e+00 -6.130249823599933636e-04
1.912500000000000000e+01 9.997050117759791465e-01 6.073932008619353914e-04
1.914583333333333215e+01 9.855232155982952547e-01 1.471431323849893341e-03
1.916666666666666430e+01 9.878446026638927346e-01 -1.833493742302149711e-03
1.918750000000000000e+01 9.962339874926692262e-01 2.048796861179310019e-03
1.920833333333333215e+01 9.987638764832779126e-01 -9.917256132647759258e-04
1.922916666666666430e+01 1.000644060076740338e+00 -5.818232516102213488e-04
1.925000000000000000e+01 1.004066079166381353e+00 1.354949953543553836e-03
1.927083333333333215e+01 9.954042383571910513e-01 -3.054143778489068397e-03
1.929166666666666430e+01 1.003610172096489839e+00 -1.867591733552347163e-03
1.931250000000000000e+01 1.006141222849699535e+00 -1.086823003995203473e-03
1.933333333333333215e+01 1.013372161683816497e+00 5.097977612065367393e-05
1.935416666666666430e+01 1.013541043717288703e+00 1.303842273916370857e-03
1.937500000000000000e+01 1.009224505731253219e+00 1.324395865616325709e-03
1.939583333333333215e+01 1.000385482289975814e+00 -1.188745022661400700e-03
1.941666666666666430e+01 1.000535625041473420e+00 8.921143080083090201e-04
1.943750000000000000e+01 1.010458006088831739e+00 -5.689404694964654520e-04
1.945833333333333215e+01 1.011900704316934796e+00 1.817839320098916904e-03
1.947916666666666430e+01 1.001201828907507529e+00 -3.887253516062488118e-04
1.950000000000000000e+01 9.956769730665341323e-01 1.284213391017127292e-03
1.952083333333333215e+01 9.899648563442403626e-01 -1.325514480758201987e-03
1.954166666666666430e+01 9.963418179763576799e-01 9.315262359864774416e-04
1.956250000000000000e+01 1.002180394250631990e+00 -1.747510593174943488e-03
1.958333333333333215e+01 1.005639241301738762e+00 9.822389853895698237e-05
1.960416666666666430e+01 1.000870197258280969e+00 -2.061171631422494682e-03
1.962500000000000000e+01 1.001241659045898569e+00 -2.153197929926267261e-04
1.964583333333333215e+01 1.016685162028227118e+00 -1.020220349336701561e-03
1.966666666666666430e+01 1.032943674876067641e+00 -1.254056424547619853e-03
1.968750000000000000e+01 1.035222641537499211e+00 2.685378913822516556e-04
1.970833333333333215e+01 1.028608257324787223e+00 9.530310360756651502e-04
1.972916666666666430e+01 9.993007648544751653e-01 1.158625390254553161e-04
1.975000000000000000e+01 9.866913097842802127e-01 3.586712341978975883e-04
1.977083333333333215e+01 9.836607413745451778e-01 8.763448264279649451e-04
1.979166666666666430e+01 9.917325300527186638e-01 1.499027555774817659e-03
1.981250000000000000e+01 9.927212267772392851e-01 1.249748790736533504e-03
1.983333333333333215e+01 9.997210934284491701e-01 4.811455238590001127e-04
1.985416666666666430e+01 1.008721494928049189e+00 2.474249812110933602e-03
1.987500000000000000e+01 1.017313413169209868e+00 -6.590889752588203728e-04
1.989583333333333215e+01 1.014295545777350371e+00 9.775539725275692558e-04
1.991666666666666430e+01 1.008769536345872408e+00 -1.453756944792617247e-03
1.993750000000000000e+01 9.978968491287339981e-01 2.968317357164907289e-03
1.995833333333333215e+01 1.001274160359635346e+00 -3.336773730874274856e-04
1.997916666666666430e+01 1.009856236606916369e+00 1.727987311794086265e-04
2.000000000000000000e+01 1.027904006571824569e+00 1.703217905856437529e-03
2.002083333333333215e+01 1.017544939813051386e+00 -2.649464187639239353e-04
2.004166666666666430e+01 1.005782746432428931e+00 -1.080410250382322261e-03
2.006250000000000000e+01 1.004476331938407130e+00 -2.344443102861393756e-03
2.008333333333333215e+01 1.006448313339922462e+00 -3.675100614939060331e-04
2.010416666666666430e+01 1.007935400389179170e+00 2.528983728897423594e-03
2.012500000000000000e+01 9.955314625985280941e-01 1.808164058966098189e-04
2.014583333333333215e+01 9.881947372609508617e-01 2.137218799785689689e-03
2.016666666666666430e+01 9.881399167763860181e-01 1.005050103335593942e-03
2.018750000000000000e+01 9.925801678752260715e-01 -5.939601361729619430e-04
2.020833333333333215e+01 1.009393275188039230e+00 -1.803371755448403497e-03
2.022916666666666430e+01 1.017021576695149587e+00 -2.767689728731146325e-04
2.025000000000000000e+01 1.021892124816390801e+00 7.378876058176634008e-04
2.027083333333333215e+01 1.019789649647047769e+00 -3.122015428496380317e-04
2.029166666666666430e+01 1.018120409201605181e+00 1.760218100155561225e-04
2.031250000000000000e+01 1.016749934868261596e+00 6.826101195219186736e-04
2.033333333333333215e+01 1.010822112858523081e+00 -4.980941504725117618e-04
2.035416666666666430e+01 9.950354755140253804e-01 -1.862998989774183444e-03
2.037500000000000000e+01 9.878968421282303680e-01 -4.612832984412256658e-04
2.039583333333333215e+01 9.846136936423330877e-01 6.612950178262347409e-04
2.041666666666666430e+01 9.951316381672042910e-01 -1.087007432174089345e-03
2.043750000000000000e+01 1.007769225969288085e+00 -1.382014808059043925e-03
2.045833333333333215e+01 1.009275745975092509e+00 -1.316254180917504710e-03
2.047916666666666430e+01 1.012551161948059830e+00 -3.581270391928089054e-04
2.050000000000000000e+01 1.014306461993655928e+00 -2.226775874991584081e-04
2.052083333333333215e+01 1.012267902884486537e+00 -1.397095790989108467e-04
2.054166666666666430e+01 1.007763064391309582e+00 -1.660635503647609227e-03
2.056250000000000000e+01 1.003216722928374161e+00 -3.621782700483009148e-05
2.058333333333333215e+01 1.004448418752748928e+00 -8.630735949585494494e-04
2.060416666666666430e+01 9.991716847965546044e-01 -1.259699737927522665e-03
2.062500000000000000e+01 1.005325044907955823e+00 -2.394597371301569397e-03
2.064583333333333215e+01 1.008313023680658338e+00 -1.473742448176716983e-03
2.066666666666666430e+01 1.009821825265382333e+00 -8.521838918696301871e-04
2.068750000000000000e+01 1.010097624006394357e+00 9.310415910505540592e-05
2.070833333333333215e+01 1.002161270848652919e+00 4.247646878901751070e-04
2.072916666666666430e+01 9.956955830587290723e-01 -4.759360468809529414e-05
2.075000000000000000e+01 9.993453436713504168e-01 2.010050390244916231e-04
2.077083333333333215e+01 9.958650457604245609e-01 -1.502054607930158317e-03
2.079166666666666430e+01 1.001356431768115396e+00 9.121346214610878776e-04
2.081250000000000000e+01 1.006223262349271952e+00 9.343090242489530267e-04
2.083333333333333215e+01 1.012450420386855843e+00 7.695690136186570957e-04
2.085416666666666430e+01 1.012618006112148583e+00 -7.050833121358539594e-04
2.087500000000000000e+01 1.009253442339212992e+00 -1.891579585673739869e-04
2.089583333333333215e+01 1.004041775207169529e+00 -6.672626796198274923e-04
2.091666666666666430e+01 1.006546842311618173e+00 -1.731587912129721723e-03
2.093750000000000000e+01 1.011145037446076422e+00 -5.063933733872242986e-04
2.095833333333333215e+01 1.009784060332832079e+00 -2.016214378723400411e-03
2.097916666666666430e+01 1.007466074922671595e+00 -2.292148632364474949e-03
2.100000000000000000e+01 1.002906975906309839e+00 6.200284067719805808e-04
2.102083333333333215e+01 1.000310505307186570e+00 6.107836319898992663e-04
2.104166666666666430e+01 1.007660488977417446e+00 9.704693891259859448e-04
2.106250000000000000e+01 1.004629375719281015e+00 -6.237596072283664280e-04
2.108333333333333215e+01 9.985515121365911018e-01 -3.937629451015143173e-05
2.110416666666666430e+01 9.991268710396674635e-01 5.944565546597006984e-04
2.112500000000000000e+01 1.000826168314244313e+00 -5.363725288329782969e-04
2.114583333333333215e+01 1.003062217203813500e+00 -2.616087650334387917e-03
2.116666666666666430e+01 1.008807489995708684e+00 2.736296476100181889e-03
2.118750000000000000e+01 1.005711776763292375e+00 1.487500835234841900e-03
2.120833333333333215e+01 1.009279096207334137e+00 1.508345504880411478e-03
2.122916666666666430e+01 1.007938928319213723e+00 5.608703991998750896e-05
2.125000000000000000e+01 1.007212084457949075e+00 -1.051959388531914204e-03
2.127083333333333215e+01 1.002063044970674888e+00 5.402440505992952343e-05
2.129166666666666430e+01 9.995635905252742148e-01 3.160933761815443947e-04
2.131250000000000000e+01 1.002501214768766635e+00 -1.754147084586997734e-03
2.133333333333333215e+01 1.018898748539484700e+00 -6.307848695426044889e-04
2.135416666666666430e+01 1.018705232177528952e+00 6.659542833719994366e-04
2.137500000000000000e+01 1.015724764349934084e+00 1.853865055742174011e-03
2.139583333333333215e+01 9.984753124744771835e-01 7.335593479363333377e-04
2.141666666666666430e+01 9.912818187332157471e-01 -5.283527330816254050e-04
2.143750000000000000e+01 9.951008438364364883e-01 -1.626513671141366010e-03
2.145833333333333215e+01 1.008936543006413666e+00 2.520149116203421191e-03
2.147916666666666430e+01 1.014040894832679340e+00 1.388906191833564089e-04
2.150000000000000000e+01 1.013788118898217849e+00 9.458260402017057682e-04
2.152083333333333215e+01 9.899220296544831710e-01 2.973557707884928481e-05
2.154166666666666430e+01 9.884354679472351357e-01 -1.684086756804965270e-03
2.156250000000000000e+01 9.845998874209223040e-01 2.705664258859701889e-03
2.158333333333333215e+01 9.977395751926788625e-01 8.287446097683986079e-04
2.160416666666666430e+01 1.003768464903822766e+00 1.521477410422725782e-03
2.162500000000000000e+01 1.006719579557477484e+00 -9.909155399140134358e-04
2.164583333333333215e+01 1.015183109037857578e+00 -4.394884903797456984e-05
2.166666666666666430e+01 1.025702351153123137e+00 1.700720801277223575e-03
2.168750000000000000e+01 1.030576167054373382e+00 -4.487201837153884966e-04
2.170833333333333215e+01 1.026585285417262572e+00 -9.074217147418060488e-04
2.172916666666666430e+01 1.008462569871125591e+00 -1.415911828200266129e-03
2.175000000000000000e+01 9.945601860846892128e-01 -1.704485180382928153e-03
2.177083333333333215e+01 9.929343506423887744e-01 1.028696128879849235e-03
2.179166666666666430e+01 9.926593347459763406e-01 -8.193807207787210019e-05
2.181250000000000000e+01 9.986308724827674954e-01 -2.260622833114032081e-03
2.183333333333333215e+01 9.988495173096346713e-01 1.898186342046298677e-03
2.185416666666666430e+01 9.958500623267325658e-01 1.590866200920843790e-03
2.187500000000000000e+01 1.002288087536529204e+00 1.437869183169967298e-03
2.189583333333333215e+01 1.005403565728199888e+00 -2.319532047694184990e-03
2.191666666666666430e+01 9.961126474234653916e-01 1.242936248801661226e-04
2.193750000000000000e+01 9.987253736188723696e-01 1.616487530574007257e-03
2.195833333333333215e+01 1.003607865554914325e+00 -1.302742238741867167e-03
2.197916666666666430e+01 1.015154108250203357e+00 -1.008960901965810569e-03
2.200000000000000000e+01 1.032008073532166170e+00 -3.066313180860879314e-04
2.202083333333333215e+01 1.033589517527699009e+00 -2.534154654398788030e-03
2.204166666666666430e+01 1.014057896717528218e+00 2.640985728713224194e-04
2.206250000000000000e+01 1.007050074805673212e+00 1.233731946466620202e-03
2.208333333333333215e+01 1.003412063460988879e+00 8.254648997962618423e-04
2.210416666666666430e+01 1.007756426778550374e+00 1.864743081113447859e-03
2.212500000000000000e+01 1.010062065406033049e+00 1.125141387334904080e-04
2.214583333333333215e+01 9.980317621588303822e-01 -4.298468123906057863e-05
2.216666666666666430e+01 9.842404704392671011e-01 -2.411225088534589892e-04
2.218750000000000000e+01 9.799084457394416914e-01 -8.817889627500765954e-04
2.220833333333333215e+01 9.887508514839067342e-01 -1.349693793975090652e-03
2.222916666666666430e+01 9.997520281216478732e-01 -9.355944803760571707e-04
2.225000000000000000e+01 1.005512054660180565e+00 -1.122237010584854468e-04
2.227083333333333215e+01 1.009602531949005622e+00 -6.823031613869876390e-04
2.229166666666666430e+01 1.013421156266083978e+00 1.261604876041061245e-04
2.231250000000000000e+01 1.019812588793969077e+00 9.144613864590532201e-05
2.233333333333333215e+01 1.018796571942535589e+00 7.929478351813656987e-04
2.235416666666666430e+01 1.013334422871776663e+00 -6.525319834619501460e-04
2.237500000000000000e+01 1.010524443746379397e+00 -2.598363236542236988e-03
2.239583333333333215e+01 1.010534775801597229e+00 -1.211884467501917265e-03
2.241666666666666430e+01 1.002957683473028716e+00 2.386283666849580657e-03
2.243750000000000000e+01 1.000746004971796443e+00 9.345808442302458918e-04
2.245833333333333215e+01 1.000458620065837856e+00 -5.170642364007293091e-04
2.247916666666666430e+01 9.993081120327048650e-01 -2.624709209321924295e-04
2.250000000000000000e+01 1.007061619153024390e+00 -1.137082138850384946e-04
2.252083333333333215e+01 1.000061982414325978e+00 -5.936167070668790487e-04
2.254166666666666430e+01 1.006075334843270053e+00 2.405431943857901155e-04
2.256250000000000000e+01 9.972515009047694390e-01 8.549645025651076346e-04
2.258333333333333215e+01 9.946559377452167672e-01 1.522323154335014075e-03
2.260416666666666430e+01 1.002641968391817295e+00 -4.570919352003969052e-04
2.262500000000000000e+01 1.003016288044914051e+00 -3.671729879033348485e-04
2.264583333333333215e+01 1.011574851898251470e+00 -4.180218809050406724e-04
2.266666666666666430e+01 1.012777212940106031e+00 3.380918608558589273e-05
2.268750000000000000e+01 1.009828502799267280e+00 1.327209715060792897e-03
2.270833333333333215e+01 1.010383226514013799e+00 -9.474935166644826712e-04
2.272916666666666430e+01 1.010913136899528553e+00 2.758714652085487388e-03
2.275000000000000000e+01 1.000933959569011211e+00 6.934956353462762681e-04
2.277083333333333215e+01 9.983081764261810820e-01 1.388879999183625143e-03
2.279166666666666430e+01 1.001329682878814964e+00 -1.129046554702004684e-03
2.281250000000000000e+01 1.011769174782526592e+00 -4.692866723628626711e-04
2.283333333333333215e+01 1.011905133075529095e+00 -6.557765857616224252e-04
2.285416666666666430e+01 1.011313326557044423e+00 5.887478731128653115e-05
2.287500000000000000e+01 1.007994854180446431e+00 -2.546905325577104688e-03
2.289583333333333215e+01 9.959080314690567093e-01 6.247835306968619554e-04
2.291666666666666430e+01 1.004352366727086610e+00 -2.102428877357266201e-03
2.293750000000000000e+01 1.003501211264345327e+00 4.775373209487544356e-04
2.295833333333333215e+01 1.002197738164242624e+00 1.284623453710387548e-03
2.297916666666666430e+01 1.007232335597844974e+00 -6.039162326951496982e-05
2.300000000000000000e+01 1.001472224252086152e+00 -1.987341607519743116e-04
2.302083333333333215e+01 1.007754420502954273e+00 -1.929739410313882945e-04
2.304166666666666430e+01 1.005315422701536843e+00 -2.553966668883373239e-04
2.306250000000000000e+01 1.003067458204311757e+00 3.538722607726220589e-04
2.308333333333333215e+01 9.944345424204249495e-01 1.166688347878502190e-03
2.310416666666666430e+01 9.953076273472198920e-01 8.448900075302078448e-04
2.312500000000000000e+01 1.007820106750361600e+00 1.919578677907246090e-03
2.314583333333333215e+01 1.021180037237311433e+00 1.644668450590692371e-04
2.316666666666666430e+01 1.028159328366002434e+00 -5.858252537978685679e-04
2.318750000000000000e+01 1.017064680070672411e+00 -5.249940789451826208e-04
2.320833333333333215e+01 1.010630279082940008e+00 -1.483454907764897041e-03
2.322916666666666430e+01 1.006924752769825071e+00 -4.148223918828197808e-04
2.325000000000000000e+01 1.007829528726452706e+00 -6.645610745541227857e-04
2.327083333333333215e+01 9.982642921537971947e-01 2.311255279823599094e-03
2.329166666666666430e+01 9.932109910391940799e-01 7.387501615730092440e-04
2.331250000000000000e+01 9.835663314415041825e-01 2.333726506210296713e-03
2.333333333333333215e+01 9.925029815571135838e-01 -2.293604368876190746e-03
2.335416666666666430e+01 1.006621252456789239e+00 4.697454782624406466e-04
2.337500000000000000e+01 1.017930397811467325e+00 1.381795065691964570e-03
2.339583333333333215e+01 1.013233540628959206e+00 5.043254034145452794e-04
2.341666666666666430e+01 1.005634523994805019e+00 -4.741903548897541247e-04
2.343750000000000000e+01 1.008692400838577363e+00 3.164832971533711355e-04
2.345833333333333215e+01 1.019937603391307235e+00 2.328018799327177639e-04
2.347916666666666430e+01 1.026902841984653314e+00 2.727624067346215301e-04
2.350000000000000000e+01 1.017713536469971869e+00 4.411193647616109604e-04
2.352083333333333215e+01 1.002336206045836509e+00 1.294203004274684186e-03
2.354166666666666430e+01 9.920316025253419490e-01 3.964638438298906213e-04
2.356250000000000000e+01 9.924549297840422613e-01 4.774171974403563275e-04
2.358333333333333215e+01 9.984040130593075935e-01 1.431031804232769065e-04
2.360416666666666430e+01 1.013420224092652200e+00 6.940178538997174339e-04
2.362500000000000000e+01 1.014405221600111817e+00 -7.568332344395519145e-04
2.364583333333333215e+01 1.005586732930329630e+00 8.529148907907262026e-04
2.366666666666666430e+01 1.005325750894881409e+00 -2.643298025368093023e-04
2.368750000000000000e+01 1.002682952022313501e+00 1.203908695180407875e-03
2.370833333333333215e+01 1.010075280974270129e+00 -5.897508700961714328e-04
2.372916666666666430e+01 1.005707252795785100e+00 7.713950454386008220e-05
2.375000000000000000e+01 1.015791122581030104e+00 -7.091113643829035241e-05
2.377083333333333215e+01 1.009543485692769416e+00 -1.115078941776929044e-03
2.379166666666666430e+01 1.015296664953148520e+00 1.454958223347374135e-03
2.381250000000000000e+01 1.007060899209784255e+00 6.158835960173120140e-04
2.383333333333333215e+01 9.912063830858430791e-01 1.984361646420309340e-04
2.385416666666666430e+01 9.848665492569572688e-01 1.685279140686818345e-03
2.387500000000000000e+01 9.950380982346803682e-01 -2.559831347135862523e-04
2.389583333333333215e+01 1.007060964699799888e+00 1.275475248379655583e-04
2.391666666666666430e+01 1.016924982191326210e+00 1.529255682235427637e-03
2.393750000000000000e+01 1.018174337275639552e+00 3.194841918972152195e-03
2.395833333333333215e+01 1.012841344588224723e+00 2.606934493078651572e-04
2.397916666666666430e+01 1.010385211048738130e+00 2.170871583762355728e-03
2.400000000000000000e+01 1.009906878012461373e+00 3.735142578739345290e-04
2.402083333333333215e+01 1.000751721567004537e+00 -8.369908518769382608e-04
2.404166666666666430e+01 9.938696020428499089e-01 7.844636143634981179e-04
2.406250000000000000e+01 9.883782260138438414e-01 1.695814023213697373e-03
2.408333333333333215e+01 1.000302735394091425e+00 4.010475532943920439e-04
2.410416666666666430e+01 1.010631446100904274e+00 7.369084940910143990e-04
2.412500000000000000e+01 1.029852982555169216e+00 -1.192538168242113965e-03
2.414583333333333215e+01 1.022084984129939755e+00 -2.675689034260258017e-03
2.416666666666666430e+01 1.016912910007281567e+00 4.391833204854822818e-04
2.418750000000000000e+01 9.985016613075735625e-01 -1.659352329721766389e-03
2.420833333333333215e+01 9.908645155728168508e-01 1.326158824528565321e-05
2.422916666666666430e+01 9.838055536636283183e-01 -7.309641793036464373e-04
2.425000000000000000e+01 9.851159177452579740e-01 2.530862026059462573e-04
2.427083333333333215e+01 9.988606272053123236e-01 1.123798465926456993e-03
2.429166666666666430e+01 1.014970573784254926e+00 -2.054181279361588092e-03
2.431250000000000000e+01 1.016371591356625581e+00 -1.679476207787738409e-04
2.433333333333333215e+01 1.016466807691515983e+00 -1.754074163712188443e-04
2.435416666666666430e+01 1.008754586547967902e+00 1.675723891584001779e-03
2.437500000000000000e+01 1.009342199844785126e+00 7.997394670809782188e-05
2.439583333333333215e+01 1.016218428800488738e+00 -1.023064019647423840e-03
2.441666666666666430e+01 1.017790122201781999e+00 -7.286894463213504586e-04
2.443750000000000000e+01 1.002180638629616150e+00 2.231469721031208945e-03
2.445833333333333215e+01 9.969406281616615129e-01 -1.110456349572773839e-03
2.447916666666666430e+01 9.927165266956230472e-01 5.170838119271705389e-05
2.450000000000000000e+01 1.005224212854966437e+00 3.223229116897000741e-04
2.452083333333333215e+01 1.007485216686694995e+00 -1.435374736120340142e-03
2.454166666666666430e+01 1.007118880228678792e+00 -1.026114808095660112e-03
2.456250000000000000e+01 9.983250580338867142e-01 -2.465860733948196330e-03
2.458333333333333215e+01 9.995524550711818446e-01 -1.138305106931177067e-03
2.460416666666666430e+01 1.004513322729596592e+00 8.087248401961290648e-04
2.462500000000000000e+01 1.012562242451978234e+00 2.589331608222004283e-04
2.464583333333333215e+01 1.007416248272536174e+00 -2.360766037596446175e-03
2.466666666666666430e+01 1.010688185906057024e+00 1.778959350391092322e-03
2.468750000000000000e+01 1.006580845949367475e+00 -1.656241079553970319e-03
2.470833333333333215e+01 1.008574841457871463e+00 -1.189025839192066987e-03
2.472916666666666430e+01 1.007115722151651127e+00 1.992390073475850971e-03
2.475000000000000000e+01 1.000260718545700422e+00 5.763621064168648715e-04
2.477083333333333215e+01 9.947494761947772712e-01 -9.491626127962101008e-05
2.479166666666666430e+01 1.000093431042324621e+00 1.858313901778891469e-03
2.481250000000000000e+01 9.972493513203625204e-01 -9.268998004714830061e-05
2.483333333333333215e+01 1.002596029169272374e+00 4.324012874693024949e-04
2.485416666666666430e+01 1.003841938796078193e+00 -7.061460003823267096e-04
2.487500000000000000e+01 9.915852207986705080e-01 -1.502646999739884633e-04
2.489583333333333215e+01 1.001955889583047377e+00 -8.792639204179339548e-05
2.491666666666666430e+01 1.013653300974647120e+00 1.370326921606448761e-03
2.493750000000000000e+01 1.028483222338742342e+00 -7.805189461398939809e-04
2.495833333333333215e+01 1.028946760915830039e+00 -2.489308818835895545e-04
2.497916666666666430e+01 1.010136968407419511e+00 -2.704442287657648179e-03
2.500000000000000000e+01 9.915827500058903565e-01 -2.134577422477573240e-03
2.502083333333333215e+01 9.856400083675947998e-01 8.597567784376226700e-04
2.504166666666666430e+01 9.873185188083062336e-01 -4.929792806858276054e-04
2.506250000000000000e+01 9.874887803933725117e-01 -4.418227906092936624e-04
2.508333333333333215e+01 9.902179033224703941e-01 7.432862921940026207e-04
2.510416666666666430e+01 9.917130965496554484e-01 -4.251635115414146367e-04
2.512500000000000000e+01 1.010015124029160827e+00 1.062609293913848314e-04
2.514583333333333215e+01 1.016540239832333548e+00 -3.652258032296817154e-04
2.516666666666666430e+01 1.021845664843197277e+00 -2.524856198816753227e-03
2.518750000000000000e+01 1.013411944038653756e+00 7.411719346322290279e-04
2.520833333333333215e+01 9.960424818349018494e-01 1.823767163391251493e-03
2.522916666666666430e+01 9.901028363591900527e-01 1.441238217811925681e-03
2.525000000000000000e+01 9.994356149042206150e-01 4.884158360079625828e-05
2.527083333333333215e+01 1.011582496024787670e+00 2.970145500778244491e-04
2.529166666666666430e+01 1.014472452897367871e+00 4.474225333617116215e-04
2.531250000000000000e+01 9.949997489631824399e-01 1.840224158221433030e-03
2.533333333333333215e+01 9.724351051410916602e-01 1.447998839874034072e-03
2.535416666666666430e+01 9.626676829428836291e-01 -4.674785388047812944e-04
2.537500000000000000e+01 9.428927289759436725e-01 -2.086440497163097806e-04
2.539583333333333215e+01 9.356277930745856564e-01 -2.968657835780838181e-04
2.541666666666666430e+01 9.350756941931859245e-01 -7.677985069867458625e-04
2.543750000000000000e+01 9.501151519451390692e-01 -8.211365583756657796e-04
2.545833333333333215e+01 9.774279577076684378e-01 -2.234428053111785478e-04
2.547916666666666430e+01 1.004168545657355249e+00 -3.060552442187506467e-03
2.550000000000000000e+01 1.021405854739847907e+00 3.878112406456455047e-04
2.552083333333333215e+01 1.016568936585264815e+00 -6.473175336006758073e-04
2.554166666666666430e+01 1.003126065706033021e+00 -1.593648570304337202e-03
2.556250000000000000e+01 9.911528202958269640e-01 -3.242471237819342478e-04
2.558333333333333215e+01 9.978693983936590683e-01 -1.026830736551275760e-03
2.560416666666666430e+01 9.926608600630517643e-01 1.397712145200639229e-03
2.562500000000000000e+01 9.912105582793555580e-01 -1.469666402473517085e-03
2.564583333333333215e+01 9.919704715852505350e-01 -1.589115714317691349e-05
2.566666666666666430e+01 9.930884729911263475e-01 3.254476362236278478e-04
2.568750000000000000e+01 1.000406965415974625e+00 -1.137676843706188039e-03
2.570833333333333215e+01 1.007042510049821482e+00 -1.630917810747057554e-03
2.572916666666666430e+01 1.007303329663392644e+00 3.650966975942858601e-04
2.575000000000000000e+01 1.008811114279061449e+00 -5.993337614978147456e-04
2.577083333333333215e+01 1.004826816981754689e+00 -1.266508959232683041e-03
2.579166666666666430e+01 1.002093543752018645e+00 -1.887294341487806863e-03
2.581250000000000000e+01 9.914376404182609903e-01 6.546275991457427496e-04
2.583333333333333215e+01 9.851581399152774532e-01 1.757774413129192456e-03
2.585416666666666430e+01 9.864452017339597756e-01 -7.502271093535307998e-04
2.587500000000000000e+01 9.958716950909687338e-01 5.554599687503499134e-04
2.589583333333333215e+01 1.008451322649143611e+00 1.255983976909559336e-03
2.591666666666666430e+01 1.021806087193971813e+00 1.144502705682454245e-03
2.593750000000000000e+01 1.022249913324288162e+00 -8.069531953600308973e-04
2.595833333333333215e+01 1.016382255854052952e+00 5.724674587816572019e-04
2.597916666666666430e+01 1.003770979676664066e+00 7.662494788336979409e-04
