0.000000000000000000e+00 1.014112248641320324e+00 -3.164003307742793112e-05
2.083333333333333218e-02 9.923136512613598414e-01 -1.066629972702598517e-03
4.166666666666666435e-02 9.769642017841776438e-01 -1.186579829833110536e-03
6.250000000000000000e-02 9.817364452953627474e-01 4.566198640043678340e-05
8.333333333333332871e-02 9.944079463390440576e-01 8.553854846146744092e-04
1.041666666666666574e-01 1.007586894642139574e+00 2.789381868473550085e-03
1.250000000000000000e-01 1.021175454440172325e+00 -7.987555506932326110e-04
1.458333333333333148e-01 1.041626360457933664e+00 -1.121645841965014960e-03
1.666666666666666574e-01 1.037616294150158547e+00 -1.493954471839227657e-03
1.875000000000000000e-01 1.019736531283379266e+00 -1.463854703736355324e-03
2.083333333333333148e-01 9.929317494675158340e-01 -3.444843629845570614e-04
2.291666666666666574e-01 9.796701728912803331e-01 6.841486397079373210e-04
2.500000000000000000e-01 9.850160209980957093e-01 -1.579955858443965076e-04
2.708333333333333148e-01 9.987114734579677355e-01 1.865517797691735929e-03
2.916666666666666297e-01 1.006183543972412275e+00 1.770582442253644875e-03
3.125000000000000000e-01 1.016820353934119403e+00 -1.032976168957212056e-03
3.333333333333333148e-01 1.028855239253952725e+00 -1.042657022705535371e-03
3.541666666666666297e-01 1.029201909905206103e+00 -5.356942315691273424e-04
3.750000000000000000e-01 1.006168657815981637e+00 4.195314939739692647e-04
3.958333333333333148e-01 9.874238034439829503e-01 -6.518363673458976628e-04
4.166666666666666297e-01 9.789249953569961749e-01 -1.096707163812742601e-03
4.375000000000000000e-01 9.799178648877143738e-01 2.367090188487131310e-04
4.583333333333333148e-01 9.811277226223715786e-01 1.890952193757083726e-03
4.791666666666666297e-01 9.902050748196609131e-01 1.051348495667896827e-03
5.000000000000000000e-01 9.911621040579624564e-01 -5.907608692617838256e-04
5.208333333333332593e-01 1.008916163599900440e+00 -4.939708026711886728e-05
5.416666666666666297e-01 1.033803773227002232e+00 5.094633974153358127e-04
5.625000000000000000e-01 1.053745208349797791e+00 -1.770731869168406733e-03
5.833333333333332593e-01 1.046943023328261946e+00 -5.009285371529914512e-04
6.041666666666666297e-01 1.023322506504311891e+00 1.166211320778773233e-03
6.250000000000000000e-01 1.007424832788713420e+00 1.378895824354634892e-03
6.458333333333332593e-01 9.996061655042701721e-01 -3.942633806909487653e-04
6.666666666666666297e-01 9.927256618269965083e-01 -1.966760602269415018e-04
6.875000000000000000e-01 9.725108659260419675e-01 3.208714505066872781e-05
7.083333333333332593e-01 9.701978666300978826e-01 -1.462439578616885364e-03
7.291666666666666297e-01 9.864701605584351718e-01 3.469419338474477674e-03
7.500000000000000000e-01 9.915070502467957514e-01 3.909188404991060508e-04
7.708333333333332593e-01 9.912737215605952334e-01 5.135045238745631095e-04
7.916666666666666297e-01 9.892574092698478427e-01 3.057496472500461759e-03
8.125000000000000000e-01 1.000902404865360973e+00 5.305794650032299217e-04
8.333333333333332593e-01 1.010857377477830665e+00 1.892527119351048760e-03
8.541666666666666297e-01 1.024807288626437662e+00 5.608518209768421870e-04
8.750000000000000000e-01 1.033611349676712088e+00 -1.726554616112052371e-03
8.958333333333332593e-01 1.041067470959559760e+00 -5.283251240932277260e-04
9.166666666666666297e-01 1.030652572107262133e+00 2.432058820243278210e-03
9.375000000000000000e-01 1.011437083359373545e+00 1.689418981197169235e-04
9.583333333333332593e-01 9.918192376755146089e-01 7.928758910847070671e-04
9.791666666666666297e-01 9.928520169090814251e-01 -1.439003684779263355e-03
1.000000000000000000e+00 9.908844623454675649e-01 1.833172158816802013e-05
1.020833333333333259e+00 9.850699724819899084e-01 -9.889342937700690772e-05
1.041666666666666519e+00 9.714096952293618248e-01 1.548384993351644518e-03
1.062500000000000000e+00 9.822879866412633776e-01 8.594990027231714114e-04
1.083333333333333259e+00 1.006993931573795464e+00 -1.229452430111165019e-03
1.104166666666666519e+00 1.009694097444469696e+00 1.790930782028520105e-03
1.125000000000000000e+00 9.947362978086009555e-01 -7.499475899980387545e-04
1.145833333333333259e+00 9.828507440256533112e-01 8.731826980950863114e-04
1.166666666666666519e+00 9.767109563218968615e-01 2.004365085020356346e-04
1.187500000000000000e+00 9.759606910876197361e-01 1.162734089482273274e-03
1.208333333333333259e+00 9.871416133356127887e-01 1.598930097087314893e-03
1.229166666666666519e+00 9.985927204328454154e-01 -2.009637893195722128e-03
1.250000000000000000e+00 1.019179284106650263e+00 -1.372377942575343009e-03
1.270833333333333259e+00 1.017225657988875653e+00 -1.177706360362309996e-04
1.291666666666666519e+00 1.011061047944313174e+00 -5.192938215042056140e-06
1.312500000000000000e+00 9.939434936765449979e-01 -8.739874690002801330e-04
1.333333333333333259e+00 9.912961526903156795e-01 7.199204388424513970e-05
1.354166666666666519e+00 9.847412942604317765e-01 3.133619173571613819e-04
1.375000000000000000e+00 9.773099525149196998e-01 2.820098113571986066e-04
1.395833333333333259e+00 9.748046022469630811e-01 3.298405951566742958e-04
1.416666666666666519e+00 9.799696718318618993e-01 2.293601408462776065e-04
1.437500000000000000e+00 9.902987419606557040e-01 9.724451167962149022e-04
1.458333333333333259e+00 9.935962497968655605e-01 -2.670445714873598492e-04
1.479166666666666519e+00 9.931588558732545868e-01 -1.260950686412651810e-03
1.500000000000000000e+00 1.012086103619868060e+00 1.267295916773169195e-03
1.520833333333333259e+00 1.017917742795239278e+00 1.077546706086055482e-03
1.541666666666666519e+00 1.007300884753600689e+00 1.484364734791474147e-03
1.562500000000000000e+00 9.898497423823910957e-01 1.991001149860503402e-03
1.583333333333333259e+00 9.929727021470927673e-01 1.070060372366522230e-03
1.604166666666666519e+00 1.002445214568382870e+00 -1.566686413533456199e-04
1.625000000000000000e+00 1.016051390882254823e+00 -1.864611544295464779e-04
1.645833333333333259e+00 1.032859288472186776e+00 -2.661860563669750032e-03
1.666666666666666519e+00 1.038598357790079918e+00 -1.224550655833269233e-03
1.687500000000000000e+00 1.023486997529609699e+00 -1.085227997859897816e-03
1.708333333333333259e+00 1.003403632610463170e+00 -2.150651167808889132e-03
1.729166666666666519e+00 9.778723601811987187e-01 2.332876997388335771e-03
1.750000000000000000e+00 9.880041703954344223e-01 -9.016828220275816420e-04
1.770833333333333259e+00 9.953755516969683415e-01 1.444814726441372762e-04
1.791666666666666519e+00 1.009421223540097889e+00 -3.439904134588685875e-05
1.812500000000000000e+00 9.941265711415643302e-01 -3.089018875567226322e-05
1.833333333333333259e+00 9.856157531404579064e-01 1.102231623110491547e-03
1.854166666666666519e+00 9.879202480035614853e-01 -5.784728093124883504e-04
1.875000000000000000e+00 1.001992709519808900e+00 -8.745712279046994383e-04
1.895833333333333259e+00 1.023634491157403126e+00 6.728081492322593622e-04
1.916666666666666519e+00 1.021667093277314642e+00 -5.208627619421175555e-04
1.937500000000000000e+00 1.013136139653416201e+00 -2.363095798777855010e-03
1.958333333333333259e+00 1.009759029992494561e+00 -4.765877953812638315e-04
1.979166666666666519e+00 1.013286661952838008e+00 5.611492113810036470e-05
2.000000000000000000e+00 1.014561426831368740e+00 -1.048412534426714122e-03
2.020833333333333037e+00 1.007741652746775296e+00 6.382964059413223342e-04
2.041666666666666519e+00 1.012326791479787325e+00 2.175325185491591685e-04
2.062500000000000000e+00 1.020452235346480441e+00 1.626373616684471252e-04
2.083333333333333037e+00 1.025628879670313021e+00 -2.048453129709765924e-03
2.104166666666666519e+00 1.006597718937827679e+00 2.958531081063351916e-04
2.125000000000000000e+00 9.763395706159514464e-01 -2.026658850635925768e-05
2.145833333333333037e+00 9.675959095281113642e-01 2.103311701392859227e-03
2.166666666666666519e+00 9.805807682475616849e-01 -4.441513295518539559e-04
2.187500000000000000e+00 9.994108714172446062e-01 8.050774293232784967e-04
2.208333333333333037e+00 9.909794289425398750e-01 4.540998554891019392e-04
2.229166666666666519e+00 9.801419095065524445e-01 3.415900423530094060e-04
2.250000000000000000e+00 9.850280172254081146e-01 8.200092310622961568e-04
2.270833333333333037e+00 1.000163280347901029e+00 3.038014688915434587e-04
2.291666666666666519e+00 1.007480583478074898e+00 -1.802986921848848253e-03
2.312500000000000000e+00 1.015500431479511079e+00 5.433074576955491388e-04
2.333333333333333037e+00 1.028547297936115879e+00 9.242892806922448513e-04
2.354166666666666519e+00 1.031093249344383178e+00 1.194673860655601954e-03
2.375000000000000000e+00 1.011416342087386511e+00 -1.510805419662290643e-03
2.395833333333333037e+00 9.779918753189119629e-01 -3.857965154445079756e-04
2.416666666666666519e+00 9.575537202011218385e-01 1.930032536266931614e-03
2.437500000000000000e+00 9.620421531901496293e-01 2.074694998878585071e-03
2.458333333333333037e+00 9.511866066425586075e-01 1.422786756515443491e-03
2.479166666666666519e+00 9.469954542171385992e-01 7.240705929498896529e-04
2.500000000000000000e+00 9.470910261928074947e-01 -1.794079407425406419e-03
2.520833333333333037e+00 9.436297002464910655e-01 3.205364549316351780e-04
2.541666666666666519e+00 9.332273869289435808e-01 -1.289058389754462852e-04
2.562500000000000000e+00 9.363485474677067932e-01 1.166129979300305035e-03
2.583333333333333037e+00 9.464477950382174098e-01 8.982159150287717794e-04
2.604166666666666519e+00 9.748707200573677456e-01 -4.754422939347406618e-04
2.625000000000000000e+00 1.002077712685051303e+00 2.062171711892612364e-03
2.645833333333333037e+00 1.027769643587288062e+00 5.910045764006280821e-04
2.666666666666666519e+00 1.036282395604861906e+00 -1.195544794499032093e-03
2.687500000000000000e+00 1.028980236811793958e+00 -2.069445793341310991e-04
2.708333333333333037e+00 1.004990712634630690e+00 -1.126391702291703548e-03
2.729166666666666519e+00 9.917032851104617963e-01 -1.961278953902276505e-03
2.750000000000000000e+00 9.961521499588874562e-01 2.737852214248946638e-04
2.770833333333333037e+00 1.005834162060929016e+00 -6.880538592479816789e-04
2.791666666666666519e+00 1.010929290164556571e+00 1.012846118413829712e-03
2.812500000000000000e+00 9.941065228966559086e-01 8.898997967068844779e-04
2.833333333333333037e+00 9.819994999592849272e-01 2.130532475951544755e-03
2.854166666666666519e+00 9.964502204264131802e-01 -1.004372668331262415e-03
2.875000000000000000e+00 9.967598790869154346e-01 -1.426532257800800559e-03
2.895833333333333037e+00 9.942642385955441364e-01 -3.951402135074692334e-04
2.916666666666666519e+00 9.852865043085768937e-01 2.229122286620020734e-03
2.937500000000000000e+00 9.916931308704347581e-01 -8.791503170861960422e-04
2.958333333333333037e+00 1.004711621918948694e+00 -4.442710813702547071e-05
2.979166666666666519e+00 1.008624484544177635e+00 1.930023652588922032e-03
3.000000000000000000e+00 1.008244755396472847e+00 1.009235912246386974e-03
3.020833333333333037e+00 1.005343667241423988e+00 9.309211911448020535e-04
3.041666666666666519e+00 1.015775390254895605e+00 -9.549924902596298700e-04
3.062500000000000000e+00 1.016365283494065297e+00 -5.503873720562813465e-04
3.083333333333333037e+00 1.015917450702749747e+00 -9.678391158043186504e-05
3.104166666666666519e+00 1.010283843058878750e+00 -1.720361515646427796e-03
3.125000000000000000e+00 9.977476924174969453e-01 -1.599129986158160256e-04
3.145833333333333037e+00 9.920892879367757544e-01 1.559459823875846687e-03
3.166666666666666519e+00 1.001962575424687696e+00 -1.711517690121819139e-03
3.187500000000000000e+00 9.965943931397883704e-01 2.297911451062251056e-03
3.208333333333333037e+00 9.995101831914927626e-01 3.733892264763518450e-04
3.229166666666666519e+00 9.997625085800119216e-01 7.142876703055307808e-04
3.250000000000000000e+00 9.976721353893681643e-01 9.269112290645580010e-04
3.270833333333333037e+00 9.987645114001947322e-01 -1.210028850700973135e-03
3.291666666666666519e+00 1.004124093933442596e+00 -1.135897942886648394e-03
3.312500000000000000e+00 1.018364130942252643e+00 1.890549855004889637e-04
3.333333333333333037e+00 1.017726490729194744e+00 4.317159732200919679e-04
3.354166666666666519e+00 1.005015548300784545e+00 -1.011600146487626802e-03
3.375000000000000000e+00 9.889036896358129880e-01 1.425629306844244872e-04
3.395833333333333037e+00 9.868324290824773692e-01 1.422059684974353970e-03
3.416666666666666519e+00 9.997954211422862558e-01 -1.896131298317312161e-03
3.437500000000000000e+00 1.010529648733198060e+00 1.327233180702625318e-03
3.458333333333333037e+00 1.011527780654185360e+00 2.336015961415618871e-03
3.479166666666666519e+00 1.009776235306439229e+00 6.199811317162512133e-04
3.500000000000000000e+00 1.009768801206988975e+00 -3.758024987124817433e-04
3.520833333333333037e+00 1.035062297487073568e+00 1.954669114132496881e-03
3.541666666666666519e+00 1.031141922396718646e+00 1.119130613193779471e-03
3.562500000000000000e+00 1.022848839524722830e+00 4.883475335615310902e-04
3.583333333333333037e+00 1.013583635810016093e+00 1.822356560449353829e-03
3.604166666666666519e+00 1.004038189830110950e+00 1.799337854458116052e-03
3.625000000000000000e+00 9.930492485861279750e-01 -1.315058624582271995e-03
3.645833333333333037e+00 9.748370285756705611e-01 1.121936450298332720e-03
3.666666666666666519e+00 9.627757460703242343e-01 -9.161586137173818520e-04
3.687500000000000000e+00 9.778947922923664215e-01 4.536764944543046196e-04
3.708333333333333037e+00 9.944284011867332573e-01 -8.354043150306325344e-04
3.729166666666666519e+00 1.002982941031996811e+00 -7.742547123045662866e-04
3.750000000000000000e+00 1.006193917484608180e+00 -5.332044265648017232e-04
3.770833333333333037e+00 1.020603773197619413e+00 3.957621006767786235e-04
3.791666666666666519e+00 1.033214501054776635e+00 9.280962729047573852e-04
3.812500000000000000e+00 1.034567019985975111e+00 5.510489608330509806e-04
3.833333333333333037e+00 1.034616796237044500e+00 -1.259662137216935069e-04
3.854166666666666519e+00 1.035257642570062364e+00 1.485308296832198432e-03
3.875000000000000000e+00 1.041988656174107408e+00 1.040126364440731224e-03
3.895833333333333037e+00 1.019946119498149395e+00 3.632477826734440405e-04
3.916666666666666519e+00 9.878494681803329236e-01 2.572353805745527036e-03
3.937500000000000000e+00 9.663490345295145945e-01 6.359573120750017282e-04
3.958333333333333037e+00 9.706575920752710251e-01 -3.308817971923216960e-04
3.979166666666666519e+00 9.795772269832692114e-01 1.884850938045703594e-03
4.000000000000000000e+00 9.709907001875067722e-01 1.361052176493580078e-04
4.020833333333333037e+00 9.748741920152060869e-01 -1.584971767320654621e-03
4.041666666666666075e+00 9.823864713125285419e-01 -4.100429862730737380e-04
4.062500000000000000e+00 1.006959799915438047e+00 1.209685963677168720e-03
4.083333333333333037e+00 1.035937499225909386e+00 8.487033805233967776e-04
4.104166666666666075e+00 1.045784111606904654e+00 3.067981102528975768e-03
4.125000000000000000e+00 1.045769268747958058e+00 -1.374878088586525002e-03
4.145833333333333037e+00 1.029988489841610733e+00 1.886331108925709587e-03
4.166666666666666075e+00 1.012116193641280804e+00 -2.272834066025482443e-03
4.187500000000000000e+00 1.005208710524805538e+00 -1.070648967140175236e-03
4.208333333333333037e+00 1.001264096406640158e+00 3.201253257350922948e-03
4.229166666666666075e+00 9.975887239296691300e-01 1.662824200150259243e-03
4.250000000000000000e+00 9.895120970154299700e-01 -6.734056791472971780e-04
4.270833333333333037e+00 9.922929770138686489e-01 -7.925746517561319112e-04
4.291666666666666075e+00 1.006670780983436098e+00 -1.317990689977907874e-04
4.312500000000000000e+00 1.010972898572891632e+00 -8.843825372410237667e-04
4.333333333333333037e+00 1.004239372678926268e+00 7.190910230420539864e-04
4.354166666666666075e+00 9.949470064016373572e-01 8.994675852149776460e-05
4.375000000000000000e+00 9.948099014401472484e-01 -1.945557311098525515e-03
4.395833333333333037e+00 9.980670490601277756e-01 -4.359886194429275622e-04
4.416666666666666075e+00 9.933438170592767680e-01 -1.440845058831936344e-03
4.437500000000000000e+00 9.893290848930030856e-01 9.474001105929722149e-04
4.458333333333333037e+00 9.983532436308985014e-01 -6.005989496117244714e-05
4.479166666666666075e+00 1.016119797411730419e+00 -9.725203244314801002e-04
4.500000000000000000e+00 1.031920589186725579e+00 -6.766602009738230221e-04
4.520833333333333037e+00 1.031590770171659122e+00 -2.340362520446196033e-03
4.541666666666666075e+00 1.029941307310636933e+00 1.122430545481108632e-03
4.562500000000000000e+00 1.023433639591706079e+00 1.078999322881869435e-03
4.583333333333333037e+00 1.020224798193796190e+00 -4.907623545580037808e-04
4.604166666666666075e+00 1.007427450653120005e+00 2.408346706980495804e-04
4.625000000000000000e+00 9.977608775537355479e-01 -1.192420125600252663e-03
4.645833333333333037e+00 9.911030728442491444e-01 -5.172992414287717585e-04
4.666666666666666075e+00 9.858830108488341182e-01 -1.682928346849426715e-04
4.687500000000000000e+00 9.819485527353394305e-01 -2.239200686374088643e-04
4.708333333333333037e+00 9.813351174944772159e-01 1.467895330229811472e-03
4.729166666666666075e+00 9.884977286288904041e-01 1.197906155962965083e-03
4.750000000000000000e+00 1.002879276895040972e+00 -9.359297229351993923e-04
4.770833333333333037e+00 1.017431886666532170e+00 -2.287450970872633056e-03
4.791666666666666075e+00 1.023181547686981885e+00 8.123936951435358454e-04
4.812500000000000000e+00 1.018653358498592620e+00 2.621929627980124338e-03
4.833333333333333037e+00 1.005546585727672859e+00 -3.652005727511423985e-04
4.854166666666666075e+00 1.013310774741473130e+00 -2.474911656276732510e-05
4.875000000000000000e+00 1.018014585767604396e+00 -9.723986637578827192e-04
4.895833333333333037e+00 1.004157995803811598e+00 1.908116710054988180e-03
4.916666666666666075e+00 9.857596045301333376e-01 -7.782192409540245525e-04
4.937500000000000000e+00 9.928180388888987462e-01 -4.801342152491020246e-04
4.958333333333333037e+00 1.016575651474545650e+00 -7.527832985269063528e-04
4.979166666666666075e+00 1.030985291716802088e+00 2.652433971193718440e-06
5.000000000000000000e+00 1.019843029399854828e+00 -2.394622608035041917e-03
5.020833333333333037e+00 9.993514875545479459e-01 6.246277389716144721e-04
5.041666666666666075e+00 9.837305329633647677e-01 1.660091377529597251e-03
5.062500000000000000e+00 9.888075691652831178e-01 -3.901891233078795193e-04
5.083333333333333037e+00 9.755488254871730325e-01 -1.049249964422857394e-04
5.104166666666666075e+00 9.794380187208264754e-01 -5.181634617724007862e-04
5.125000000000000000e+00 9.984625899905210655e-01 -1.268426860793386076e-04
5.145833333333333037e+00 1.018179251672220564e+00 -6.568224128821599332e-04
5.166666666666666075e+00 1.026480151274745456e+00 6.209598555254646824e-05
5.187500000000000000e+00 1.018069025430119678e+00 3.239847322875851615e-03
5.208333333333333037e+00 1.003298742767156027e+00 1.885722301897402038e-04
5.229166666666666075e+00 9.985351950949735711e-01 1.882457325650076490e-03
5.250000000000000000e+00 9.934422027239330211e-01 3.596035172752030593e-03
5.270833333333333037e+00 9.831483226106597639e-01 1.581331129350231103e-03
5.291666666666666075e+00 9.900795271003914877e-01 9.409411783459452599e-04
5.312500000000000000e+00 9.992572067305856010e-01 3.712633931979690159e-04
5.333333333333333037e+00 9.972943323165157636e-01 1.247460588958872902e-05
5.354166666666666075e+00 9.885104242338345060e-01 -5.631486219832309610e-05
5.375000000000000000e+00 9.902476683194576523e-01 -1.312568850122395507e-04
5.395833333333333037e+00 9.900711924447074264e-01 -2.822657846027462939e-04
5.416666666666666075e+00 9.905041776114871244e-01 8.915726591029234788e-04
5.437500000000000000e+00 9.738734216342537220e-01 8.330401681134868696e-05
5.458333333333333037e+00 9.719877367946294644e-01 -1.279193943919641968e-03
5.479166666666666075e+00 9.880410121190458250e-01 -1.374880829170423277e-03
5.500000000000000000e+00 1.004494337648978775e+00 1.083029576697335883e-04
5.520833333333333037e+00 1.011556685169818781e+00 -4.325771560732110657e-04
5.541666666666666075e+00 1.012949039488721947e+00 1.546265128614658212e-03
5.562500000000000000e+00 1.004430454173985687e+00 1.133721966381636731e-05
5.583333333333333037e+00 9.917306121344359182e-01 6.746632885411077158e-04
5.604166666666666075e+00 9.839828289469129130e-01 -1.617227372318620323e-03
5.625000000000000000e+00 9.884738031820254900e-01 -4.146045703650689938e-05
5.645833333333333037e+00 1.007160369594678473e+00 -5.842820305563090198e-06
5.666666666666666075e+00 1.020951001152661242e+00 -8.586950740977429466e-04
5.687500000000000000e+00 1.018137062192884912e+00 -4.418856125113379703e-04
5.708333333333333037e+00 1.023672966014227192e+00 -2.098314278123335989e-03
5.729166666666666075e+00 1.012913715404691439e+00 -4.506516557149212090e-04
5.750000000000000000e+00 1.011119897860725647e+00 -2.393521927769275918e-03
5.770833333333333037e+00 9.977110460865048491e-01 -2.145159872008876346e-03
5.791666666666666075e+00 9.818741322375286185e-01 9.544385051549435358e-04
5.812500000000000000e+00 9.806656235313900849e-01 2.679385644133829448e-03
5.833333333333333037e+00 9.849580981657388712e-01 -4.921638878964421310e-04
5.854166666666666075e+00 9.917407942691370826e-01 -1.387906573882771114e-03
5.875000000000000000e+00 1.001529944486775348e+00 1.571015259275732056e-04
5.895833333333333037e+00 1.010434492696169917e+00 2.598755183309379730e-04
5.916666666666666075e+00 1.018378963990600017e+00 2.227015591041752590e-03
5.937500000000000000e+00 1.018595327312756593e+00 -2.582694612814706060e-03
5.958333333333333037e+00 1.022913305475722456e+00 -2.624944314576407715e-04
5.979166666666666075e+00 1.019275666089063392e+00 1.410075096237570430e-03
6.000000000000000000e+00 1.009618233318363201e+00 -2.195062282251079508e-03
6.020833333333333037e+00 1.001240256683688656e+00 6.991989097578974301e-04
6.041666666666666075e+00 1.005595104878756807e+00 2.187169369838376596e-03
6.062500000000000000e+00 1.012740400551610520e+00 1.989894620501072263e-03
6.083333333333333037e+00 1.014928594044112842e+00 1.853065925921492134e-03
6.104166666666666075e+00 1.015660681870043103e+00 2.952463781124453103e-04
6.125000000000000000e+00 1.001118326325867391e+00 -8.568914334154637078e-04
6.145833333333333037e+00 9.810410105586543361e-01 -7.635940464975972571e-04
6.166666666666666075e+00 9.630554332480879554e-01 -4.453552735745523153e-04
6.187500000000000000e+00 9.652906422359752714e-01 1.781834988494280505e-03
6.208333333333333037e+00 9.779892369749340064e-01 -2.088447195132493283e-03
6.229166666666666075e+00 9.980941648211971717e-01 1.049339905646604195e-03
6.250000000000000000e+00 1.009764220798013756e+00 1.572283162353515888e-03
6.270833333333333037e+00 1.019882082104985654e+00 -1.308838825248940466e-03
6.291666666666666075e+00 1.028372925899165180e+00 -1.090258653594727584e-03
6.312500000000000000e+00 1.030223039978716892e+00 2.813636085847783744e-03
6.333333333333333037e+00 1.007374518557752952e+00 -4.616366967978296912e-04
6.354166666666666075e+00 9.875770905553343804e-01 -1.510884908171954187e-03
6.375000000000000000e+00 9.924356146029271741e-01 1.241142195290902302e-04
6.395833333333333037e+00 1.015755132010708550e+00 6.422316242153416855e-04
6.416666666666666075e+00 1.011568001008232631e+00 -9.024198349226363389e-06
6.437500000000000000e+00 9.883478656457486133e-01 -3.656675948017008501e-03
6.458333333333333037e+00 9.616276312583145192e-01 1.726425517650583984e-04
6.479166666666666075e+00 9.656727553753158277e-01 1.861591623871989068e-04
6.500000000000000000e+00 9.727765825175155312e-01 -1.344271427694387899e-03
6.520833333333333037e+00 9.677291016398479329e-01 -1.620585301758091295e-03
6.541666666666666075e+00 9.686282604947563657e-01 -2.589617344091528061e-03
6.562500000000000000e+00 9.630710246136547914e-01 -8.911183242602671714e-04
6.583333333333333037e+00 9.677354635707364761e-01 1.077160498948313188e-03
6.604166666666666075e+00 9.673875110334415606e-01 1.077171140461760310e-03
6.625000000000000000e+00 9.612150051973230580e-01 8.956711728782365848e-04
6.645833333333333037e+00 9.651365894129344536e-01 8.034740334512893581e-04
6.666666666666666075e+00 9.763064959561676970e-01 1.061832556649804343e-03
6.687500000000000000e+00 9.746535213744500492e-01 3.043917680817832816e-04
6.708333333333333037e+00 9.664384079077866785e-01 -1.584864634647866442e-03
6.729166666666666075e+00 9.664550216957498163e-01 4.193189941514017301e-04
6.750000000000000000e+00 9.834143500348011546e-01 -1.663094454022331393e-03
6.770833333333333037e+00 1.008589974897599273e+00 -1.226325936357396465e-03
6.791666666666666075e+00 1.018934704961160786e+00 1.087061808087800294e-03
6.812500000000000000e+00 1.029367110789305872e+00 -2.671213875650682579e-03
6.833333333333333037e+00 1.029225131485083100e+00 2.388202689094105421e-03
6.854166666666666075e+00 1.014908156845831355e+00 2.778929283430821100e-04
6.875000000000000000e+00 9.935515078951374646e-01 -1.584692975948626126e-03
6.895833333333333037e+00 9.752008244793028968e-01 -2.299254994413888723e-04
6.916666666666666075e+00 9.779663801607129114e-01 -6.806759459213518240e-04
6.937500000000000000e+00 9.920456961328421031e-01 5.985300121895626227e-04
6.958333333333333037e+00 1.007801521504355424e+00 2.198808214062814362e-03
6.979166666666666075e+00 1.019522842029304543e+00 7.357051724514961349e-04
7.000000000000000000e+00 1.012279207697551087e+00 -5.433405933973126767e-05
7.020833333333333037e+00 1.007052184691010766e+00 1.964849518194784837e-04
7.041666666666666075e+00 1.001866193458367915e+00 1.999617022305212773e-03
7.062500000000000000e+00 1.005371612858258823e+00 -2.514543172836376989e-04
7.083333333333333037e+00 1.013419122057226396e+00 4.162819924474876971e-04
7.104166666666666075e+00 9.988174193043242166e-01 1.831805139774421790e-03
7.125000000000000000e+00 9.926351077608316364e-01 -1.129332926571606803e-03
7.145833333333333037e+00 9.943274697325650280e-01 7.910540900335463928e-04
7.166666666666666075e+00 1.012432650654907285e+00 1.972803124219435489e-03
7.187500000000000000e+00 1.027069964283245485e+00 2.544631993042827979e-03
7.208333333333333037e+00 1.018243287522001772e+00 -1.993895826709755534e-04
7.229166666666666075e+00 9.969649537401609196e-01 -1.152709073720806611e-03
7.250000000000000000e+00 9.867996037601783899e-01 -2.005344427384064441e-04
7.270833333333333037e+00 9.962896626883213091e-01 -7.315894369920688785e-04
7.291666666666666075e+00 1.003917016064804324e+00 1.597937467462511420e-03
7.312500000000000000e+00 1.013954631994588462e+00 -2.087130656790145194e-04
7.333333333333333037e+00 1.019292694558820100e+00 -6.819210763359740465e-04
7.354166666666666075e+00 1.014877271923623647e+00 5.889240793231231581e-04
7.375000000000000000e+00 1.008717818594006221e+00 -4.870347734588539434e-04
7.395833333333333037e+00 9.942513241524516543e-01 -3.366904608553986599e-04
7.416666666666666075e+00 9.821784875238873669e-01 1.197898558873134567e-04
7.437500000000000000e+00 9.801218177292864153e-01 8.048546751394675819e-05
7.458333333333333037e+00 9.835930089420928946e-01 -3.429107799196076103e-04
7.479166666666666075e+00 1.007088944918079321e+00 -1.515201463866270085e-04
7.500000000000000000e+00 1.026952100583081284e+00 -6.470564845993110031e-04
7.520833333333333037e+00 1.030568990121997208e+00 -3.565961967358715137e-03
7.541666666666666075e+00 1.026362846569396581e+00 1.184342743972811130e-04
7.562500000000000000e+00 1.023222745215180307e+00 -3.958652671616781291e-03
7.583333333333333037e+00 1.011552035687383944e+00 1.917639819456741892e-03
7.604166666666666075e+00 9.983589591054469192e-01 -2.396510500413892748e-03
7.625000000000000000e+00 9.873258393523405285e-01 1.797296963218593304e-04
7.645833333333333037e+00 9.807601642843503109e-01 -6.715252718908043235e-04
7.666666666666666075e+00 9.850330305798881136e-01 -3.107481167519059000e-04
7.687500000000000000e+00 9.947604355308456991e-01 -2.416297042431743154e-04
7.708333333333333037e+00 1.001779738998050062e+00 -1.945444309153522284e-04
7.729166666666666075e+00 1.013369432830202976e+00 -4.174173468982271084e-04
7.750000000000000000e+00 1.021017047334837224e+00 2.924849664888689985e-04
7.770833333333333037e+00 1.011644452677893380e+00 -5.787675952161027478e-04
7.791666666666666075e+00 9.978355756663511711e-01 5.567297654366916253e-04
7.812500000000000000e+00 9.893502695268318048e-01 -1.043116415553993308e-03
7.833333333333333037e+00 1.009509421216804537e+00 2.449282682608852906e-04
7.854166666666666075e+00 1.028838463227293776e+00 -7.008364542898951272e-04
7.875000000000000000e+00 1.026481094915790537e+00 3.225716996888501110e-04
7.895833333333333037e+00 1.011562570615971657e+00 -3.509840985572774508e-04
7.916666666666666075e+00 1.006280575514924669e+00 -5.334866705322238289e-04
7.937500000000000000e+00 1.002917650070699551e+00 8.568926349617546649e-05
7.958333333333333037e+00 9.979604416556325797e-01 7.522248387354727979e-04
7.979166666666666075e+00 9.898547918992816053e-01 -4.387908367845110317e-04
8.000000000000000000e+00 9.930331777815002425e-01 2.609172256665551106e-03
8.020833333333332149e+00 1.004019944203074610e+00 1.589190725039590739e-03
8.041666666666666075e+00 1.009090837105551586e+00 -2.016951178157616598e-03
8.062500000000000000e+00 1.012842364375474036e+00 -1.591152174273477785e-03
8.083333333333332149e+00 1.010901217905614047e+00 7.748302298628822072e-04
8.104166666666666075e+00 1.019441050675056859e+00 1.937301249118166251e-04
8.125000000000000000e+00 1.017369376716756646e+00 -9.412437583472681472e-04
8.145833333333332149e+00 9.994222417933876779e-01 -1.831293009619171892e-03
8.166666666666666075e+00 1.005430012378382365e+00 2.076698993547238057e-03
8.187500000000000000e+00 1.007983592979371457e+00 1.546599870181302730e-03
8.208333333333332149e+00 1.001776772945565774e+00 -1.299735826876088809e-04
8.229166666666666075e+00 9.951816699948137224e-01 -8.537755228900592444e-04
8.250000000000000000e+00 9.963588445049662567e-01 1.571042296117879707e-03
8.270833333333332149e+00 1.014748391549920248e+00 1.865787241015082502e-03
8.291666666666666075e+00 1.033994013727566275e+00 3.020020424076691728e-03
8.312500000000000000e+00 1.029163974984301566e+00 -3.314277762341014881e-04
8.333333333333332149e+00 1.010901905256324174e+00 2.865597407797745226e-04
8.354166666666666075e+00 9.989866860035725438e-01 -5.023915866540701932e-04
8.375000000000000000e+00 9.905840813327539962e-01 1.198151930719301922e-03
8.395833333333332149e+00 9.899871403034598005e-01 -2.224723170715592769e-03
8.416666666666666075e+00 9.932213573190120659e-01 6.863148326138404382e-04
8.437500000000000000e+00 1.004022564766030801e+00 3.541597018244713960e-03
8.458333333333332149e+00 1.006089893277425595e+00 2.093338390829619896e-04
8.479166666666666075e+00 1.008185960148265670e+00 -3.626905011796873086e-04
8.500000000000000000e+00 1.011402644581551380e+00 -1.788761974927541244e-04
8.520833333333332149e+00 1.007782113160145876e+00 -1.371560439142236864e-03
8.541666666666666075e+00 1.004486523242262175e+00 -1.275098669663613741e-03
8.562500000000000000e+00 1.004759493350913857e+00 2.390150059080242337e-04
8.583333333333332149e+00 1.016362928393789611e+00 1.146649618578361078e-03
8.604166666666666075e+00 1.021080546388603683e+00 -4.304063108428927520e-04
8.625000000000000000e+00 1.009030942409723464e+00 -2.615261439398161645e-04
8.645833333333332149e+00 9.880355530591755642e-01 5.421006897491311869e-04
8.666666666666666075e+00 9.811564456566911341e-01 -9.046046830157444818e-04
8.687500000000000000e+00 9.918397704708674656e-01 -3.057532506110191475e-03
8.708333333333332149e+00 1.017583464497148205e+00 2.380827276108762555e-04
8.729166666666666075e+00 1.034972952979573702e+00 1.586364054284743522e-04
8.750000000000000000e+00 1.027144463632690963e+00 -9.315466651322378087e-04
8.770833333333332149e+00 1.008925633138459510e+00 -8.121860416314176118e-04
8.791666666666666075e+00 9.920557688674209729e-01 1.141052190395450963e-03
8.812500000000000000e+00 9.837543835476778575e-01 1.329371154493021439e-03
8.833333333333332149e+00 9.891990035578334117e-01 1.755735124872069087e-03
8.854166666666666075e+00 9.962619870719038317e-01 -2.342307449673615254e-03
8.875000000000000000e+00 1.006858704378082336e+00 -1.218925751540128269e-04
8.895833333333332149e+00 1.009051571116490020e+00 2.430347328566108151e-03
8.916666666666666075e+00 1.008636207920847294e+00 8.018952668753461010e-04
8.937500000000000000e+00 1.005856698073862798e+00 -1.856887860157218663e-03
8.958333333333332149e+00 1.004685743459239333e+00 -1.151579577078499584e-03
8.979166666666666075e+00 1.005441178247326262e+00 1.105920733496540236e-03
9.000000000000000000e+00 1.011998291783866799e+00 1.172646501257714868e-03
9.020833333333332149e+00 1.003086965847687306e+00 -5.719362949366406422e-04
9.041666666666666075e+00 9.932807158169957296e-01 -3.221120174152925647e-04
9.062500000000000000e+00 9.870301546737751952e-01 -2.251221831274784549e-03
9.083333333333332149e+00 9.945590773575078147e-01 2.656254596791054329e-03
9.104166666666666075e+00 1.015188747847648232e+00 1.317277312174643664e-04
9.125000000000000000e+00 1.023043254128912949e+00 9.892643472931123526e-04
9.145833333333332149e+00 1.015589621030245526e+00 7.077136631724525052e-04
9.166666666666666075e+00 1.015487187403715019e+00 -1.127087221058821779e-03
9.187500000000000000e+00 1.011562689004634308e+00 3.454914301025150021e-03
9.208333333333332149e+00 9.874408459030024066e-01 8.065840352958304413e-04
9.229166666666666075e+00 9.616215546083847210e-01 1.474154396877997569e-03
9.250000000000000000e+00 9.568724060023029443e-01 1.539913351502637069e-03
9.270833333333332149e+00 9.806154481875009044e-01 1.608099909324556829e-03
9.291666666666666075e+00 1.006638242979499998e+00 1.040425611729638069e-03
9.312500000000000000e+00 1.001329090097949015e+00 9.187856664112152528e-04
9.333333333333332149e+00 9.958457788492713902e-01 9.903244631546822229e-05
9.354166666666666075e+00 1.006890241403644914e+00 1.431101577837241325e-03
9.375000000000000000e+00 1.026276093138344558e+00 -3.198716424240262489e-04
9.395833333333332149e+00 1.020663663768033746e+00 8.757755930241298802e-04
9.416666666666666075e+00 9.921672573531798989e-01 -1.066536068108918768e-03
9.437500000000000000e+00 9.680825797726616555e-01 -1.879056677580884997e-04
9.458333333333332149e+00 9.670305627246542635e-01 8.555421877754930057e-04
9.479166666666666075e+00 9.743518442947257663e-01 5.194443473041642509e-04
9.500000000000000000e+00 9.807374360627119092e-01 -1.805734281518475443e-03
9.520833333333332149e+00 9.789298563493953331e-01 -6.599565888131467403e-04
9.541666666666666075e+00 9.855893196318170624e-01 8.166462691087022011e-04
9.562500000000000000e+00 9.915429199952687789e-01 1.462401850991848766e-04
9.583333333333332149e+00 9.906836500428042314e-01 1.364636642419411305e-03
9.604166666666666075e+00 9.936950962775975560e-01 4.165377143829450250e-04
9.625000000000000000e+00 1.004935337389604832e+00 2.189383506278749433e-04
9.645833333333332149e+00 1.021279980649782537e+00 -7.276728432906779103e-04
9.666666666666666075e+00 1.026435780126545794e+00 -6.338828201479008734e-04
9.687500000000000000e+00 1.020136008873873790e+00 2.176202456079987489e-04
9.708333333333332149e+00 1.015377429971997314e+00 -1.020771270317929027e-03
9.729166666666666075e+00 1.007332745468383806e+00 -2.810691006837017208e-04
9.750000000000000000e+00 9.943795475639237713e-01 3.609122844476333677e-03
9.770833333333332149e+00 9.823737139195446444e-01 -1.204198527532319551e-03
9.791666666666666075e+00 9.835226291738106141e-01 5.824919327042022603e-04
9.812500000000000000e+00 9.864625356081122565e-01 -6.909768781739551507e-04
9.833333333333332149e+00 9.967826203614016389e-01 1.557145376855671032e-03
9.854166666666666075e+00 1.007813836761105142e+00 -9.110055713577939725e-04
9.875000000000000000e+00 1.017041473942276619e+00 -1.064606673867609342e-03
9.895833333333332149e+00 1.021386940124017428e+00 -3.078041584968614782e-04
9.916666666666666075e+00 1.016480791465144140e+00 -4.075784397923867190e-04
9.937500000000000000e+00 1.008057523602829741e+00 1.428020779423708198e-03
9.958333333333332149e+00 1.000412111882063915e+00 3.777000210381357167e-04
9.979166666666666075e+00 9.899315514501517699e-01 6.804404477975789219e-05
1.000000000000000000e+01 9.777312819732196791e-01 -4.291433817752588614e-04
1.002083333333333215e+01 9.902894838701757907e-01 -1.679454200886298194e-03
1.004166666666666607e+01 1.015258193482944549e+00 1.711137802658947932e-03
1.006250000000000000e+01 1.026628770947531910e+00 5.313112737341427975e-04
1.008333333333333215e+01 1.026696001831865823e+00 5.170155291560644614e-04
1.010416666666666607e+01 1.015662561762446403e+00 1.972806312255830259e-03
1.012500000000000000e+01 1.004707514953706138e+00 1.906149181472459667e-03
1.014583333333333215e+01 1.001952485303515772e+00 2.278616305610290781e-03
1.016666666666666607e+01 1.010922084177398705e+00 6.278830766714958451e-04
1.018750000000000000e+01 9.997055443735229918e-01 -1.051236154826953439e-04
1.020833333333333215e+01 9.952774933082140230e-01 -1.518922367271901283e-03
1.022916666666666607e+01 9.832385599591534353e-01 7.403930974284391201e-04
1.025000000000000000e+01 9.828009936099265653e-01 3.667858104157034095e-04
1.027083333333333215e+01 9.898912269143199660e-01 6.173134074622609567e-04
1.029166666666666607e+01 1.006590703097340889e+00 -3.232312750585801834e-04
1.031250000000000000e+01 1.007084845577800314e+00 -1.397460167108961976e-03
1.033333333333333215e+01 1.004685021413965762e+00 -1.544172653628108358e-03
1.035416666666666607e+01 1.006115381548865040e+00 -1.773371696252263674e-03
1.037500000000000000e+01 1.010376992210622493e+00 3.429854805189671966e-04
1.039583333333333215e+01 1.004020021409770536e+00 -1.667769021330941018e-04
1.041666666666666607e+01 9.928327607847000635e-01 -6.079709327264190988e-04
1.043750000000000000e+01 9.879643426613061719e-01 -1.816293711455240715e-03
1.045833333333333215e+01 9.904655769481132133e-01 -1.638358250186504024e-03
1.047916666666666607e+01 9.948885881163689326e-01 -5.435510283445953888e-05
1.050000000000000000e+01 1.003108626114273427e+00 -1.883849733208775535e-03
1.052083333333333215e+01 1.002462699139408997e+00 8.479371026155038725e-04
1.054166666666666607e+01 1.003995530728462926e+00 -2.134778052456978692e-04
1.056250000000000000e+01 9.998464410372430722e-01 5.277215261677516058e-04
1.058333333333333215e+01 9.788985667331869811e-01 -4.394121704729867200e-04
1.060416666666666607e+01 9.656957550032960746e-01 -4.353181135022351394e-04
1.062500000000000000e+01 9.717520042557682425e-01 2.223629606945214761e-04
1.064583333333333215e+01 9.640939614973381699e-01 -5.465001255479368493e-04
1.066666666666666607e+01 9.475615055054928959e-01 -2.700886249512183455e-05
1.068750000000000000e+01 9.385931953331672073e-01 -1.727479313527801132e-04
1.070833333333333215e+01 9.469865791275559053e-01 7.743911974548101313e-04
1.072916666666666607e+01 9.650546259081408396e-01 -6.889625037985300151e-04
1.075000000000000000e+01 9.702416025664567512e-01 1.980300754303044013e-03
1.077083333333333215e+01 9.628432343312359754e-01 -5.906464178527559864e-04
1.079166666666666607e+01 9.804280471862154567e-01 -4.070421096884886680e-03
1.081250000000000000e+01 1.007079012926848316e+00 -5.231421604881478227e-04
1.083333333333333215e+01 1.013685540859769363e+00 -1.271919000888774342e-03
1.085416666666666607e+01 1.001743715390703393e+00 4.071075995169314639e-04
1.087500000000000000e+01 9.933194306923259775e-01 1.639547532864635542e-03
1.089583333333333215e+01 1.001614085501031370e+00 1.823647541457525806e-03
1.091666666666666607e+01 1.005909381320440277e+00 5.950358003542295573e-04
1.093750000000000000e+01 9.922078888879866110e-01 2.062703136988953967e-03
1.095833333333333215e+01 9.815641652955949814e-01 -1.264508812949559141e-03
1.097916666666666607e+01 9.832232179484932111e-01 -4.573157472750017738e-04
1.100000000000000000e+01 9.918452098315456711e-01 -1.932585997250695715e-04
1.102083333333333215e+01 9.982977807900210721e-01 4.417652054968975031e-05
1.104166666666666607e+01 1.013976337500160030e+00 -2.025258098688292180e-03
1.106250000000000000e+01 1.028890012863707293e+00 -1.910941843809589027e-03
1.108333333333333215e+01 1.034384734008267470e+00 5.831933426309794406e-04
1.110416666666666607e+01 1.021281074431990676e+00 2.201844710684269058e-05
1.112500000000000000e+01 1.005243626128030643e+00 1.371627398885675404e-03
1.114583333333333215e+01 9.978420674943563329e-01 -1.633879126698650460e-03
1.116666666666666607e+01 9.965906378254368869e-01 4.014135370861257775e-04
1.118750000000000000e+01 9.934416830891986683e-01 -1.169975779054559109e-03
1.120833333333333215e+01 9.871566745914203134e-01 3.238486695033955466e-04
1.122916666666666607e+01 9.800435051100047090e-01 4.778836188023735101e-04
1.125000000000000000e+01 9.807875456248500434e-01 -1.262990738369136742e-03
1.127083333333333215e+01 9.955521826310211875e-01 1.269127889561448693e-03
1.129166666666666607e+01 1.008755071633548495e+00 6.012001806979701268e-04
1.131250000000000000e+01 1.015179942905621635e+00 7.034868663362072198e-04
1.133333333333333215e+01 1.011283485729481013e+00 8.076083644046987142e-04
1.135416666666666607e+01 1.019560978477537239e+00 1.509534117191788810e-04
1.137500000000000000e+01 1.028582624574061466e+00 1.730482550898396546e-03
1.139583333333333215e+01 1.031063881145713346e+00 -6.272367597454697524e-04
1.141666666666666607e+01 1.026856067182021048e+00 1.117081084240464451e-03
1.143750000000000000e+01 1.008837342890861688e+00 -5.729969952077947418e-04
1.145833333333333215e+01 9.904265822061081304e-01 3.517726694739757467e-04
1.147916666666666607e+01 9.769787907681606320e-01 -3.747089721283076123e-04
1.150000000000000000e+01 9.817031418980454172e-01 1.500785603968640431e-03
1.152083333333333215e+01 9.787161927613603485e-01 -1.473555725860032761e-03
1.154166666666666607e+01 9.815454914875376691e-01 -1.320402193444668521e-03
1.156250000000000000e+01 9.972985641016541836e-01 -4.212732221333268727e-04
1.158333333333333215e+01 1.020245832786114804e+00 2.230863640038159383e-04
1.160416666666666607e+01 1.026904922736182835e+00 1.513166603554976213e-03
1.162500000000000000e+01 1.021638143297569412e+00 1.586936544254578633e-03
1.164583333333333215e+01 1.009717972675035602e+00 8.450608895622767217e-04
1.166666666666666607e+01 1.012075252120413937e+00 1.200153953782723184e-03
1.168750000000000000e+01 1.015955972638815208e+00 1.257537877039399199e-03
1.170833333333333215e+01 1.017022738846943941e+00 1.279589502851028696e-04
1.172916666666666607e+01 1.010313180842276726e+00 1.016756128298341522e-03
1.175000000000000000e+01 9.934298826165993690e-01 -5.037011488232777650e-04
1.177083333333333215e+01 9.852982125844912398e-01 -1.091414226860214611e-03
1.179166666666666607e+01 9.979481473612574760e-01 -1.099837547064870177e-03
1.181250000000000000e+01 1.020726073542703727e+00 4.459221698369732922e-05
1.183333333333333215e+01 1.019534118651454380e+00 -8.066442395959896655e-04
1.185416666666666607e+01 1.005143658970590215e+00 -6.916959919569486397e-04
1.187500000000000000e+01 9.976592684449887560e-01 1.849463959693726752e-04
1.189583333333333215e+01 9.856005322802270374e-01 -9.431684242285458264e-04
1.191666666666666607e+01 9.874764056742570961e-01 4.456221210583026613e-04
1.193750000000000000e+01 9.894251543866534604e-01 1.892900462989085967e-03
1.195833333333333215e+01 1.000083974781134755e+00 -3.504207654593802842e-04
1.197916666666666607e+01 1.021173525672675941e+00 4.591316815207051511e-04
1.200000000000000000e+01 1.027136581876713750e+00 -1.151584153644037364e-03
1.202083333333333215e+01 1.019642442256176507e+00 1.482454340321550474e-03
1.204166666666666607e+01 1.006053627099559478e+00 -1.344081212541970143e-03
1.206250000000000000e+01 1.021040748738893722e+00 -1.597972705078769479e-03
1.208333333333333215e+01 1.025674450826127293e+00 -1.056899787609506943e-03
1.210416666666666607e+01 1.011658355504172491e+00 -1.194668712148978318e-03
1.212500000000000000e+01 9.895535116335771875e-01 6.885795325126750502e-04
1.214583333333333215e+01 9.913385739467525104e-01 -2.948085944262567037e-03
1.216666666666666607e+01 1.000976951667983839e+00 9.423910635527124602e-04
1.218750000000000000e+01 9.991705329776009448e-01 -1.584815273581853909e-06
1.220833333333333215e+01 9.976886258903696625e-01 1.084331241962666927e-03
1.222916666666666607e+01 9.908425688667894526e-01 -5.419979758092262909e-04
1.225000000000000000e+01 1.000524033460643336e+00 -4.875743786232575880e-04
1.227083333333333215e+01 1.007279176339770377e+00 8.708933044462162550e-04
1.229166666666666607e+01 9.952657178186646858e-01 4.647825348178018034e-05
1.231250000000000000e+01 9.961671766707320685e-01 1.058186952270978240e-03
1.233333333333333215e+01 1.018943980147693606e+00 -6.588090556813515656e-04
1.235416666666666607e+01 1.033985921566674904e+00 8.275273573334287905e-04
1.237500000000000000e+01 1.038058952494638421e+00 1.983335009167892489e-04
1.239583333333333215e+01 1.018713054483630698e+00 -2.454778284588969377e-04
1.241666666666666607e+01 1.007070260855523092e+00 -4.740934903885977194e-05
1.243750000000000000e+01 9.943371859838395777e-01 -1.659596360219719340e-04
1.245833333333333215e+01 9.949713090962784001e-01 5.276209981824489352e-04
1.247916666666666607e+01 1.002680007646663762e+00 -2.032890406740357791e-04
1.452083333333333215e+01 1.031224789455601920e+00 -5.877907630293409185e-04
1.454166666666666607e+01 1.029884028897417370e+00 -1.833590586765098491e-03
1.456250000000000000e+01 1.017015532429072611e+00 -7.286588197398960551e-04
1.458333333333333215e+01 1.005033431988890946e+00 -1.722997448826104738e-03
1.460416666666666607e+01 9.978939721959182441e-01 -1.861804694444784986e-03
1.462500000000000000e+01 9.833523687412082381e-01 2.457296251035098397e-05
1.464583333333333215e+01 9.783690360515843176e-01 -1.687164303222015967e-03
1.466666666666666607e+01 9.781093707848718122e-01 -1.490013331228264102e-03
1.468750000000000000e+01 9.864229733980004466e-01 2.021708108480743638e-04
1.470833333333333215e+01 9.764882089425347411e-01 -5.508147747974982022e-05
1.472916666666666607e+01 9.559001334675968353e-01 -2.524416702199020531e-03
1.475000000000000000e+01 9.330945935973593564e-01 -8.986201385202574783e-04
1.477083333333333215e+01 9.379135217532553748e-01 -1.766832809911621357e-03
1.479166666666666607e+01 9.490469510560989308e-01 -3.215074798084059616e-04
1.481250000000000000e+01 9.609997302436776856e-01 -2.056932195272934572e-03
1.483333333333333215e+01 9.548948739488899440e-01 -6.875068017224069414e-04
1.485416666666666607e+01 9.708007551185536821e-01 3.411732909126334546e-04
1.487500000000000000e+01 9.841187451079093096e-01 1.349408792125869096e-03
1.489583333333333215e+01 1.002819168872566280e+00 -1.158860558705625222e-03
1.491666666666666607e+01 1.007802773688077691e+00 -2.254300231035994903e-03
1.493750000000000000e+01 1.020250872263748887e+00 1.793119204362588186e-04
1.495833333333333215e+01 1.012601054841292259e+00 8.322607453353085853e-04
1.497916666666666607e+01 9.981100525502110132e-01 -1.596890835854271979e-03
1.500000000000000000e+01 9.782782437530458397e-01 2.776400533889532025e-04
1.502083333333333215e+01 9.774891909068758045e-01 2.052604347389175993e-03
1.504166666666666607e+01 9.913536933467158585e-01 1.155530228500025857e-03
1.506250000000000000e+01 1.003416677984346972e+00 1.228344234623644218e-03
1.508333333333333215e+01 9.957083831388565676e-01 1.363692664542186369e-03
1.510416666666666607e+01 9.904709017418779071e-01 -1.323135498450862856e-03
1.512500000000000000e+01 1.004337202198370527e+00 -1.569797169587585674e-03
1.514583333333333215e+01 1.010946848096021977e+00 -2.220504755549666549e-03
1.516666666666666607e+01 1.004730268151204253e+00 2.173885370036638884e-03
1.518750000000000000e+01 9.984742009087834713e-01 -3.765393450999988782e-03
1.520833333333333215e+01 1.010913861087950227e+00 1.219647220346947421e-03
1.522916666666666607e+01 1.018891714867186105e+00 -1.275011157526689766e-03
1.525000000000000000e+01 1.020426311940914044e+00 -1.972811718828148143e-03
1.527083333333333215e+01 1.008856735593120613e+00 -1.527276248117194696e-03
1.529166666666666607e+01 1.000199325479487644e+00 -1.338186700653251670e-03
1.531250000000000000e+01 1.002567178775528145e+00 1.088839564941867025e-03
1.533333333333333215e+01 9.962021893069284983e-01 2.296461413663086770e-04
1.535416666666666607e+01 9.974281024706291854e-01 1.781145893571270346e-04
1.537500000000000000e+01 9.934351382324677626e-01 -1.904417666587198679e-03
1.539583333333333215e+01 1.003256877864154184e+00 -1.400782903276835429e-03
1.541666666666666607e+01 1.006664107591203061e+00 8.031904594866379329e-04
1.543750000000000000e+01 1.002819872998139461e+00 1.553410524828440821e-04
1.545833333333333215e+01 9.979067190011706723e-01 9.852108606134704974e-04
1.547916666666666607e+01 9.908153451208683293e-01 -1.361653233703535252e-03
1.550000000000000000e+01 9.942293355709753699e-01 -9.186712704128825431e-04
1.552083333333333215e+01 9.983625404342529874e-01 1.111159856535869810e-03
1.554166666666666607e+01 1.011882216561833969e+00 -4.385818727614139824e-05
1.556250000000000000e+01 1.028692309775176339e+00 2.538276894133527210e-04
1.558333333333333215e+01 1.040487260267456415e+00 2.029975192549212615e-05
1.560416666666666607e+01 1.033261998879278165e+00 6.572697324148167684e-04
1.562500000000000000e+01 1.012002276607968154e+00 -3.487752511490611906e-05
1.564583333333333215e+01 9.796860324548557486e-01 3.777307205378748660e-04
1.566666666666666607e+01 9.692739150735650844e-01 1.089937731833894074e-03
1.568750000000000000e+01 9.762214375747492179e-01 1.930922824932112484e-03
1.570833333333333215e+01 9.982293999007699759e-01 -1.970326175038167229e-03
1.572916666666666607e+01 1.013945169674167701e+00 2.102753638264581986e-03
1.575000000000000000e+01 1.011791159579407129e+00 -2.002821589901150612e-03
1.577083333333333215e+01 1.014964342629161465e+00 2.058369059182137487e-03
1.579166666666666607e+01 1.025002612387299727e+00 4.700309074736179086e-05
1.581250000000000000e+01 1.030647294888332510e+00 -1.014084565617738359e-03
1.583333333333333215e+01 1.014693904211559472e+00 4.085449425286881778e-04
1.585416666666666607e+01 9.961969088141855444e-01 -2.623552971433285724e-03
1.587500000000000000e+01 9.815964510322059411e-01 2.240762243210913795e-04
1.589583333333333215e+01 9.909934687933639186e-01 -3.886008733179448834e-04
1.591666666666666607e+01 1.001732904903196442e+00 8.998904477757361728e-04
1.593750000000000000e+01 1.002866593477195201e+00 5.499961972619779490e-05
1.595833333333333215e+01 1.005060972168075439e+00 1.489305538848187871e-04
1.597916666666666607e+01 1.015374027526100953e+00 -4.423363333360685336e-04
1.600000000000000000e+01 1.022864525978264716e+00 1.858526748602298525e-03
1.602083333333333215e+01 1.014860399504239119e+00 1.554869534096322030e-03
1.604166666666666430e+01 1.006063177604797465e+00 -3.354468460730382221e-04
1.606250000000000000e+01 9.960629987783907735e-01 1.260369631406953314e-03
1.608333333333333215e+01 9.864916679890155526e-01 4.842199622607686049e-04
1.610416666666666430e+01 9.887293683314809511e-01 1.685647885856789803e-03
1.612500000000000000e+01 1.015868611223940565e+00 2.411807060382664333e-03
1.614583333333333215e+01 1.018228476849719399e+00 9.116276260460547641e-04
1.616666666666666430e+01 1.016535295401555183e+00 -2.702374103343947666e-04
1.618750000000000000e+01 1.009482597345976895e+00 1.503644147015786045e-04
1.620833333333333215e+01 1.012446015670551924e+00 3.537487510553942297e-04
1.622916666666666430e+01 1.012108488375170756e+00 1.370162564154999915e-03
1.625000000000000000e+01 1.012574542315350268e+00 -1.511277411971580871e-03
1.627083333333333215e+01 1.001927554732535253e+00 1.787769924920660711e-03
1.629166666666666430e+01 9.977518436335957031e-01 -2.097886083736462837e-03
1.631250000000000000e+01 1.003824736985678534e+00 -6.961606787330050505e-04
1.633333333333333215e+01 9.906999306520838378e-01 1.570947700670516888e-03
1.635416666666666430e+01 9.779185361815534439e-01 2.392390731816445432e-03
1.637500000000000000e+01 9.763501810215646781e-01 -8.888246759689640442e-04
1.639583333333333215e+01 9.956505114620510799e-01 1.951002103249902843e-03
1.641666666666666430e+01 1.014686864276916678e+00 1.954889130993284164e-04
1.643750000000000000e+01 1.019950117618273255e+00 -1.200261097029935945e-03
1.645833333333333215e+01 1.024557069254869557e+00 8.612322195372790049e-05
1.647916666666666430e+01 1.035257943731307417e+00 -3.820726661010571349e-04
1.650000000000000000e+01 1.035181512133017012e+00 -1.187571640176093672e-03
1.652083333333333215e+01 1.015271282454212054e+00 8.624824580145565387e-04
1.654166666666666430e+01 9.995304165280071151e-01 -1.578002823269065991e-03
1.656250000000000000e+01 1.005316794264965674e+00 7.797337073213444093e-04
1.658333333333333215e+01 1.004947726370428285e+00 -1.315510613455545897e-03
1.660416666666666430e+01 9.920995976641772129e-01 -1.358658257166690505e-03
1.662500000000000000e+01 9.650789990689291331e-01 -2.368819054418184363e-05
1.664583333333333215e+01 9.560806929471776794e-01 -1.600001911590587288e-03
1.666666666666666430e+01 9.886478367615809670e-01 -6.092081477735483610e-04
1.668750000000000000e+01 1.021233128818492819e+00 -1.980819972775058405e-03
1.670833333333333215e+01 1.044167322423762867e+00 1.822789681371401365e-04
1.672916666666666430e+01 1.051261672264959923e+00 -4.401032277940038993e-05
1.675000000000000000e+01 1.032745717868383650e+00 -8.883727815855281887e-04
1.677083333333333215e+01 1.022109668384947545e+00 -6.796236768859268340e-04
1.679166666666666430e+01 1.000120340859334434e+00 9.363076041131274075e-04
1.681250000000000000e+01 9.960315498976515247e-01 -1.650887137879620886e-03
1.683333333333333215e+01 9.972477998361463092e-01 8.133207327943844977e-04
1.685416666666666430e+01 9.951869098373036238e-01 3.513661844078484037e-04
1.687500000000000000e+01 9.955509413464684876e-01 1.408132878252148180e-03
1.689583333333333215e+01 9.922303334097212213e-01 5.855320477917970402e-04
1.691666666666666430e+01 9.944413699740216606e-01 -1.794706222990004362e-03
1.693750000000000000e+01 9.984628154387006349e-01 7.695992352332919808e-04
1.695833333333333215e+01 1.006081190704522399e+00 -5.539127086887498741e-04
1.697916666666666430e+01 1.024056900533799830e+00 2.881128417464336657e-05
1.700000000000000000e+01 1.030153176904325507e+00 -4.220765850120545486e-04
1.702083333333333215e+01 1.026263249471277117e+00 -2.358158165209772901e-03
1.704166666666666430e+01 1.007442676428922157e+00 -1.661672423289141040e-03
1.706250000000000000e+01 9.963884391644767247e-01 7.284515348458252574e-04
1.708333333333333215e+01 9.850952899320303269e-01 5.058762686871799740e-04
1.710416666666666430e+01 9.927730422125689014e-01 1.952649529743599776e-03
1.712500000000000000e+01 1.006638015646224460e+00 -5.893727391919815041e-04
1.714583333333333215e+01 1.007854684824247338e+00 -6.926890041054160072e-04
1.716666666666666430e+01 1.010785088923848996e+00 -1.838226402679008506e-03
1.718750000000000000e+01 9.996373124603987748e-01 2.009931980250843127e-03
1.720833333333333215e+01 1.000119836917193528e+00 -3.194069730839844815e-04
1.722916666666666430e+01 1.013503087737304575e+00 1.390741048578659567e-03
1.725000000000000000e+01 1.022725639649429530e+00 -1.667423655696168927e-03
1.727083333333333215e+01 1.012962282661900693e+00 2.125558605451327143e-03
1.729166666666666430e+01 1.000769513483827255e+00 5.417969451045615481e-04
1.731250000000000000e+01 9.910020413837096198e-01 2.798831532939045105e-04
1.733333333333333215e+01 9.959430647003780779e-01 2.611882057296473821e-04
1.735416666666666430e+01 1.003393959354882181e+00 -5.198371098668648363e-04
1.737500000000000000e+01 1.005794045221878097e+00 -8.929997582273277185e-04
1.739583333333333215e+01 1.012281883941410499e+00 -1.414217656553894533e-03
1.741666666666666430e+01 1.004481603235755749e+00 1.638381043235511911e-03
1.743750000000000000e+01 9.964354765759895205e-01 5.808061938887973874e-04
1.745833333333333215e+01 9.942243618034064534e-01 6.022049253376122622e-04
1.747916666666666430e+01 9.941993050336438431e-01 9.589279115265557764e-04
1.750000000000000000e+01 9.994112333857624320e-01 1.036841137197243735e-03
1.752083333333333215e+01 9.916002736528006789e-01 6.933064315108615266e-04
1.754166666666666430e+01 9.772109473601818808e-01 -7.232698003107841320e-04
1.756250000000000000e+01 9.860722048060331923e-01 2.038941504582945149e-03
1.758333333333333215e+01 9.878642476050595311e-01 1.636988589824164798e-03
1.760416666666666430e+01 9.850048074358760397e-01 4.994512450074871032e-04
1.762500000000000000e+01 9.798890317569755037e-01 -2.002005741126783485e-03
1.764583333333333215e+01 9.911883137838050084e-01 3.985396386634606591e-04
1.766666666666666430e+01 1.003643984201881834e+00 7.370292822722625779e-04
1.768750000000000000e+01 1.008752890800596047e+00 -1.536673348585412824e-03
1.770833333333333215e+01 1.000241905319337654e+00 -2.590796204796759440e-04
1.772916666666666430e+01 1.001915825547806893e+00 7.246470264740468344e-04
1.775000000000000000e+01 1.009977396620454382e+00 -1.602285872904414066e-03
1.777083333333333215e+01 1.000083656576763902e+00 4.949785813093730098e-04
1.779166666666666430e+01 9.830725550994431350e-01 1.213241950695550814e-03
1.781250000000000000e+01 9.726356684592605273e-01 6.319451123267891138e-04
1.783333333333333215e+01 9.628186370471897293e-01 -2.241240472534779347e-03
1.785416666666666430e+01 9.625177197664445128e-01 1.358651050006511951e-03
1.787500000000000000e+01 9.760169831577593103e-01 -1.660735348829781239e-03
1.789583333333333215e+01 1.008399265592000216e+00 -1.093746872039893462e-03
1.791666666666666430e+01 1.043949497320310948e+00 1.103290157152890354e-03
1.793750000000000000e+01 1.059607453247066289e+00 2.536215018331699524e-04
1.795833333333333215e+01 1.041200542199206769e+00 -2.823277821214022795e-04
1.797916666666666430e+01 1.013045115776411320e+00 -1.105473077705343074e-03
1.800000000000000000e+01 1.009177248820312123e+00 -4.016320628142033486e-04
1.802083333333333215e+01 1.007991087586996404e+00 -1.499513015300843986e-03
1.804166666666666430e+01 9.962537619265171562e-01 -1.137882919637209971e-04
1.806250000000000000e+01 9.793254282343083483e-01 2.386203795748446075e-04
1.808333333333333215e+01 9.765406036434737258e-01 -5.474692267519246092e-04
1.810416666666666430e+01 9.931655374398359326e-01 9.356234971599484735e-05
1.812500000000000000e+01 9.949176111463442496e-01 -6.045439474460613050e-04
1.814583333333333215e+01 9.894174530235044784e-01 -4.560268438848215605e-04
1.816666666666666430e+01 9.799700272330554851e-01 4.646547641457019016e-04
1.818750000000000000e+01 9.908913790551262535e-01 -1.138550822294354245e-03
1.820833333333333215e+01 1.010467955700044662e+00 4.357134223939452948e-04
1.822916666666666430e+01 1.026138994104981883e+00 1.555953204132598251e-04
1.825000000000000000e+01 1.028174888542635834e+00 3.136186482987989889e-03
1.827083333333333215e+01 1.030762698839759128e+00 -8.892643120906634682e-05
1.829166666666666430e+01 1.026368375149031342e+00 3.770836036118906218e-04
1.831250000000000000e+01 1.023432856234409272e+00 -1.226769274815608371e-03
1.833333333333333215e+01 1.015941772046929259e+00 3.209969673994074110e-03
1.835416666666666430e+01 1.000095130766337936e+00 1.387290971246309622e-04
1.837500000000000000e+01 9.875731050883574946e-01 -1.121448304078292643e-03
1.839583333333333215e+01 9.800939704161458765e-01 3.241244017564881737e-04
1.841666666666666430e+01 9.796480685286508283e-01 3.137027972715500618e-04
1.843750000000000000e+01 9.838087096004148879e-01 -3.144351153891744073e-06
1.845833333333333215e+01 9.868786530859819939e-01 -9.618848555746472434e-04
1.847916666666666430e+01 9.993446168970610000e-01 -8.186619527021883668e-05
1.850000000000000000e+01 1.014597755004581936e+00 1.898809045998148650e-03
1.852083333333333215e+01 1.012170607964259839e+00 -1.100819258245774434e-03
1.854166666666666430e+01 1.003506657588375317e+00 1.838910715866473545e-03
1.856250000000000000e+01 1.004706799534311967e+00 7.839846725312028678e-05
1.858333333333333215e+01 1.015866600362514971e+00 -1.249629663891687649e-03
1.860416666666666430e+01 1.025086629041441988e+00 7.717013037223662301e-04
1.862500000000000000e+01 1.019445785042063068e+00 1.941530577468104707e-03
1.864583333333333215e+01 1.003385147293901714e+00 -2.360143696108448267e-04
1.866666666666666430e+01 9.973643893731785059e-01 -4.045046601771042018e-04
1.868750000000000000e+01 9.856533780875446071e-01 1.751258475434560972e-03
1.870833333333333215e+01 9.728694312433489033e-01 1.985405033098696075e-03
1.872916666666666430e+01 9.616395305906025870e-01 -1.103587268680402610e-04
1.875000000000000000e+01 9.666839833452477437e-01 -5.537104435831249666e-05
1.877083333333333215e+01 9.713116101542043079e-01 -2.772138533805776003e-03
1.879166666666666430e+01 9.801379362395182815e-01 2.508898385144827997e-04
1.881250000000000000e+01 9.789042737549271678e-01 -2.640486207921739336e-03
1.883333333333333215e+01 9.766541096956176116e-01 -2.097939021356769705e-03
1.885416666666666430e+01 9.767484430398234441e-01 -8.306901772717489602e-04
1.887500000000000000e+01 9.831393953958000864e-01 -6.687495505667720268e-04
1.889583333333333215e+01 9.872002878645681490e-01 -5.327239226406230025e-04
1.891666666666666430e+01 9.830387065904676591e-01 -1.250637412578671503e-03
1.893750000000000000e+01 9.640360201125818262e-01 4.514459777267584677e-04
1.895833333333333215e+01 9.291950014453492779e-01 4.348197237576058478e-05
1.897916666666666430e+01 9.212314782066234331e-01 -5.758830492003602728e-04
1.900000000000000000e+01 9.456344162941262566e-01 -9.537839240347891542e-04
1.902083333333333215e+01 9.811865765118082949e-01 -3.274211761728296828e-04
1.904166666666666430e+01 1.000241016816433071e+00 3.441438964358622152e-04
1.906250000000000000e+01 1.007806962871115042e+00 -4.038141096264627537e-04
1.908333333333333215e+01 1.018363031784967232e+00 2.902677942838460833e-04
1.910416666666666430e+01 1.038004473191886490e+00 6.013145702819871433e-04
1.912500000000000000e+01 1.038716128082423307e+00 2.080523453239071195e-03
1.914583333333333215e+01 1.030134131726549329e+00 2.296990886595682234e-04
1.916666666666666430e+01 1.025906009619518056e+00 -1.854416614144723365e-03
1.918750000000000000e+01 1.018329256135369176e+00 -8.668827248956527528e-04
1.920833333333333215e+01 1.001151293007973786e+00 1.355038082213027000e-03
1.922916666666666430e+01 9.669923448267114807e-01 -3.065287895371165538e-03
1.925000000000000000e+01 9.460853069610488664e-01 -2.953751962652489960e-03
1.927083333333333215e+01 9.557421631283754548e-01 -7.034115675167197396e-04
1.929166666666666430e+01 9.762609783568290123e-01 1.254077619868274257e-03
1.931250000000000000e+01 9.975089937096023318e-01 1.164592515644437189e-03
1.933333333333333215e+01 1.010508304729617057e+00 1.852532015961494980e-03
1.935416666666666430e+01 1.027867100602388506e+00 -1.174325368622558628e-03
1.937500000000000000e+01 1.037768072366547889e+00 8.475798970298903607e-04
1.939583333333333215e+01 1.026121762691184047e+00 5.027661564544634023e-04
1.941666666666666430e+01 1.020608580371670682e+00 1.515715624636280144e-03
1.943750000000000000e+01 1.020080450788030113e+00 5.543357379328277832e-04
1.945833333333333215e+01 1.020713792081984650e+00 1.258211908216367095e-03
1.947916666666666430e+01 1.009133797558928070e+00 1.735995066311972132e-03
1.950000000000000000e+01 9.895807784845680466e-01 1.357564962163367549e-03
1.952083333333333215e+01 9.756998836067626302e-01 -1.512023205446516930e-03
1.954166666666666430e+01 9.861224049222424570e-01 -3.389597387728875426e-04
1.956250000000000000e+01 1.000467233425360147e+00 -8.168418841797415834e-04
1.958333333333333215e+01 1.000159617887473207e+00 -2.033031684426540864e-04
1.960416666666666430e+01 9.941211141083844405e-01 -1.809456418855846251e-04
1.962500000000000000e+01 9.920277890671359566e-01 1.754611012632821543e-03
1.964583333333333215e+01 9.982562095756102316e-01 6.610404453179596993e-04
1.966666666666666430e+01 1.011364235354788477e+00 -1.431018449186847270e-03
1.968750000000000000e+01 1.018081709480681551e+00 1.098729606125513607e-03
1.970833333333333215e+01 1.024349831043515291e+00 1.213269336571576708e-03
1.972916666666666430e+01 1.025611627705301343e+00 -2.436212660463351210e-03
1.975000000000000000e+01 1.017147252356220388e+00 1.896159023009856299e-03
1.977083333333333215e+01 1.012433932217699173e+00 1.227063339288918817e-03
1.979166666666666430e+01 1.003801848213991210e+00 -4.237157689372790482e-04
1.981250000000000000e+01 9.950251927394677676e-01 6.101761707657006053e-05
1.983333333333333215e+01 9.900396695051405516e-01 -1.354376093117359110e-03
1.985416666666666430e+01 9.864109462620962443e-01 7.571932361533564989e-04
1.987500000000000000e+01 9.850528171446027992e-01 6.374324420038336584e-04
1.989583333333333215e+01 9.926064315929585824e-01 8.392544693802514617e-04
1.991666666666666430e+01 1.006721688240282520e+00 -4.634357056350326071e-04
1.993750000000000000e+01 1.020950984603310685e+00 -8.744439313392053312e-04
1.995833333333333215e+01 1.025566495672515899e+00 2.238486499647496155e-03
1.997916666666666430e+01 1.028723701496991438e+00 2.400831598670521115e-03
2.000000000000000000e+01 1.027531625267346538e+00 -1.995717110115978986e-03
2.002083333333333215e+01 1.024428135757473157e+00 -1.565011345884211947e-03
2.004166666666666430e+01 1.008675573095598965e+00 9.324022520443312964e-04
2.006250000000000000e+01 9.846028487599580714e-01 6.135190212317208954e-04
2.008333333333333215e+01 9.703206746419181794e-01 1.897641653851782437e-03
2.010416666666666430e+01 9.758373971300297045e-01 -2.327972618388358516e-04
2.012500000000000000e+01 9.898643216868744377e-01 -6.016480183029931103e-04
2.014583333333333215e+01 9.976674481704687070e-01 -1.175975256030938748e-03
2.016666666666666430e+01 9.975697373200441698e-01 1.203214730703063137e-03
2.018750000000000000e+01 1.006955943709919366e+00 7.747179468590996605e-04
2.020833333333333215e+01 1.031033901122520913e+00 -7.305961522144728201e-04
2.022916666666666430e+01 1.048175094677754604e+00 7.045240368489222348e-04
2.025000000000000000e+01 1.036373879871863579e+00 -1.654626481121550556e-03
2.027083333333333215e+01 1.026318015398332451e+00 -2.061748993241889309e-03
2.029166666666666430e+01 1.010227869023155201e+00 7.084025591833289929e-04
2.031250000000000000e+01 9.937759740141459686e-01 1.392048867051533332e-03
2.033333333333333215e+01 9.870971214148815953e-01 4.780516455679058351e-04
2.035416666666666430e+01 9.731446528641265470e-01 -2.965997012369085846e-04
2.037500000000000000e+01 9.756645711637944585e-01 8.239622175859797476e-04
2.039583333333333215e+01 9.777016323981254642e-01 -3.973045592139632168e-03
2.041666666666666430e+01 9.923562444882931821e-01 2.714655702236623731e-04
2.043750000000000000e+01 1.010639467052280915e+00 -2.312849195881766604e-03
2.045833333333333215e+01 1.026037420500892194e+00 2.836366098059466033e-04
2.047916666666666430e+01 1.021162903647399922e+00 9.964233392945715754e-04
2.050000000000000000e+01 1.002852581910742558e+00 1.466262033765801647e-03
2.052083333333333215e+01 1.005625116358219051e+00 1.300365397993152048e-03
2.054166666666666430e+01 1.015975783569714519e+00 1.760025342953575609e-03
2.056250000000000000e+01 1.027848269126780734e+00 9.133303139909899589e-04
2.058333333333333215e+01 1.023349187597915488e+00 1.030438759869887339e-03
2.060416666666666430e+01 1.018878424900645951e+00 -5.646578319458175595e-04
2.062500000000000000e+01 1.015171614943651379e+00 1.431229278252406150e-03
2.064583333333333215e+01 1.000502542798866079e+00 8.170611697685507824e-04
2.066666666666666430e+01 9.812591867715668714e-01 2.436148254735000360e-04
2.068750000000000000e+01 9.685712282709036947e-01 -6.189861050911770520e-04
2.070833333333333215e+01 9.844481187825627755e-01 -8.613653086417240529e-04
2.072916666666666430e+01 1.001437225769269412e+00 -1.196499256418253557e-03
2.075000000000000000e+01 1.003873359060865722e+00 1.984594639225800174e-04
2.077083333333333215e+01 1.013393425330809450e+00 1.252034049140102970e-03
2.079166666666666430e+01 1.025387051629233603e+00 2.306407801727001055e-05
2.081250000000000000e+01 1.027842583079058514e+00 1.735003902769342073e-03
2.083333333333333215e+01 1.015487626628680529e+00 -9.450426993492123257e-04
2.085416666666666430e+01 9.881387736747944128e-01 3.290487924513081901e-03
2.087500000000000000e+01 9.853671198562777844e-01 3.741145802132774239e-04
2.089583333333333215e+01 9.974676200258776326e-01 4.813028109133179880e-05
2.091666666666666430e+01 1.012013425996069360e+00 -1.755033477607502131e-04
2.093750000000000000e+01 1.005728220024601383e+00 -7.551942782327816968e-04
2.095833333333333215e+01 1.005461974956916471e+00 -3.019358386714885681e-04
2.097916666666666430e+01 1.020235670293327956e+00 -5.432871946053940190e-04
2.100000000000000000e+01 1.028811966572913406e+00 7.019992906777914330e-04
2.102083333333333215e+01 1.019162179127675039e+00 1.248039736905855613e-03
2.104166666666666430e+01 9.979902629070785958e-01 -7.067112939530538337e-06
2.106250000000000000e+01 9.821428178970510459e-01 -1.264255627065505793e-03
2.108333333333333215e+01 9.867474492613085291e-01 2.884405271465243989e-03
2.110416666666666430e+01 1.002021521908065038e+00 1.282566117538952487e-03
2.112500000000000000e+01 1.008470685593967797e+00 1.597154130755702424e-03
2.114583333333333215e+01 9.952279705090850692e-01 1.127937717980986160e-03
2.116666666666666430e+01 9.962223453058035583e-01 1.997997217108685684e-03
2.118750000000000000e+01 1.002776502815822868e+00 1.281919110898498354e-03
2.120833333333333215e+01 1.013201534452441654e+00 -7.905608343398264689e-05
2.122916666666666430e+01 1.017244750845640366e+00 1.400180942882924299e-03
2.125000000000000000e+01 1.007035971361092352e+00 -2.132771167287622442e-03
2.127083333333333215e+01 9.985805786883513724e-01 2.185753661386344044e-03
2.129166666666666430e+01 1.001388256055782744e+00 -9.634757897164170299e-04
2.131250000000000000e+01 1.012712735021038535e+00 1.491807766392099790e-04
2.133333333333333215e+01 1.013207999541789084e+00 -7.051266941979594631e-04
2.135416666666666430e+01 1.016080034311576341e+00 -2.063792606671369610e-04
2.137500000000000000e+01 1.007798764486565135e+00 -1.240620261805034687e-03
2.139583333333333215e+01 1.008232641361656245e+00 -4.140091284145637859e-05
2.141666666666666430e+01 9.882950865598791879e-01 1.728780064285072131e-03
2.143750000000000000e+01 9.862649500665185975e-01 2.100047268949572208e-05
2.145833333333333215e+01 9.896577969606642489e-01 -1.460718285606003647e-03
2.147916666666666430e+01 1.002214926953368668e+00 1.999456182919816163e-03
2.150000000000000000e+01 9.992821030555003592e-01 -4.144091025259245408e-05
2.152083333333333215e+01 1.002216152897920987e+00 1.721428546724494994e-03
2.154166666666666430e+01 1.004836891292200551e+00 2.143648185838383912e-04
2.156250000000000000e+01 1.007389026088010064e+00 1.123715781853840958e-03
2.158333333333333215e+01 9.966969530388076759e-01 5.197649716104279973e-04
2.160416666666666430e+01 9.765927252530464120e-01 1.360488947426448034e-03
2.162500000000000000e+01 9.840747148514542575e-01 -4.487405198447509553e-06
2.164583333333333215e+01 9.925639480438824824e-01 1.926144742243141375e-03
2.166666666666666430e+01 9.915734488457967899e-01 1.555067786110799540e-03
2.168750000000000000e+01 9.908190968256018749e-01 -8.819418188634749840e-04
2.170833333333333215e+01 9.999744475186691517e-01 -8.676160570659553501e-04
2.172916666666666430e+01 1.002147824088986283e+00 -6.036654385414031440e-04
2.175000000000000000e+01 1.001138792179449899e+00 1.330042927832304290e-03
2.177083333333333215e+01 9.936944194182534273e-01 4.330906017999380775e-04
2.179166666666666430e+01 9.892420704339138782e-01 1.056101630773822976e-03
2.181250000000000000e+01 9.838327603764662754e-01 -1.297837366757789105e-03
2.183333333333333215e+01 9.794152717436234168e-01 1.030400689602645279e-03
2.185416666666666430e+01 9.700302704289609501e-01 -1.542506700359231459e-03
2.187500000000000000e+01 9.800399186723420808e-01 5.168140778407532545e-04
2.189583333333333215e+01 9.926047984413017833e-01 -1.100174406755593387e-03
2.191666666666666430e+01 9.974978188682113167e-01 -1.314306239399872216e-03
2.193750000000000000e+01 9.957018300682441980e-01 -1.566634489461813924e-04
2.195833333333333215e+01 1.001642468046122003e+00 1.574297093396218603e-03
2.197916666666666430e+01 1.019833560558135011e+00 -1.115312189348929795e-03
2.200000000000000000e+01 1.034914532412858135e+00 -6.727528553992570548e-04
2.202083333333333215e+01 1.027727559208533092e+00 1.689311401966510622e-03
2.204166666666666430e+01 1.013386661161886471e+00 -1.250062828822676479e-04
2.206250000000000000e+01 1.004323793762278205e+00 6.508226606458797012e-04
2.208333333333333215e+01 1.003692766612576337e+00 3.235545405952410295e-04
2.210416666666666430e+01 9.964144303510846790e-01 1.997939608874978006e-03
2.212500000000000000e+01 9.909109731602843141e-01 1.194207270877181227e-03
2.214583333333333215e+01 9.950206433187606114e-01 1.182974909062448413e-03
2.216666666666666430e+01 9.934664013031754282e-01 1.269843594457771519e-03
2.218750000000000000e+01 9.937229896760239045e-01 4.313324410682910313e-04
2.220833333333333215e+01 9.917404914553851203e-01 -9.313532945261750401e-04
2.222916666666666430e+01 1.012445807369059647e+00 -2.359832154628572663e-04
2.225000000000000000e+01 1.021362470450707161e+00 5.150958384824044127e-04
2.227083333333333215e+01 1.009664724030738814e+00 -6.464817566839687040e-04
2.229166666666666430e+01 9.998871733300592757e-01 7.406154978714229314e-05
2.231250000000000000e+01 9.935297519738729433e-01 5.038176039276160778e-04
2.233333333333333215e+01 1.010194140059951895e+00 -1.371631912702613032e-03
2.235416666666666430e+01 1.012777184061804059e+00 7.079976682817734840e-04
2.237500000000000000e+01 1.015241795145453985e+00 6.571986268176221177e-04
2.239583333333333215e+01 1.008167215718980048e+00 -6.896657592260125756e-04
2.241666666666666430e+01 1.019935558642599993e+00 -3.083970111433883719e-04
2.243750000000000000e+01 1.020105380961346730e+00 7.519080961018463410e-04
2.245833333333333215e+01 1.014276528958569790e+00 -2.106558885438726807e-03
2.247916666666666430e+01 1.002044170252784916e+00 -1.089273906680178830e-03
2.250000000000000000e+01 9.985504488560187353e-01 1.717035147345187052e-03
2.252083333333333215e+01 1.012805533541271563e+00 -8.355213327560417815e-04
2.254166666666666430e+01 1.016851702140910252e+00 1.415881123874105979e-03
2.256250000000000000e+01 9.991775990021446452e-01 8.271358047491340860e-05
2.258333333333333215e+01 9.784735890416512705e-01 1.352643955106375986e-04
2.260416666666666430e+01 9.669976722269503222e-01 1.959203615540298872e-04
2.262500000000000000e+01 9.779807962604598615e-01 -1.162338525908984503e-03
2.264583333333333215e+01 9.911512567849231070e-01 -2.355320314399586383e-03
2.266666666666666430e+01 9.959215386333791775e-01 -7.282666403902719353e-04
2.268750000000000000e+01 9.966984128442044621e-01 1.137575173037660634e-03
2.270833333333333215e+01 9.949967052701098602e-01 -8.644857989486757870e-04
2.272916666666666430e+01 1.007671874226749642e+00 3.651124580551287765e-04
2.275000000000000000e+01 1.026368196102825481e+00 -2.548043137899933495e-03
2.277083333333333215e+01 1.036795128915487085e+00 1.015226887413656109e-04
2.279166666666666430e+01 1.041326753190151999e+00 -1.618665549163462297e-04
2.281250000000000000e+01 1.033673500454459049e+00 1.599219006499073229e-03
2.283333333333333215e+01 1.006303094809551713e+00 -6.642638250925367261e-04
2.285416666666666430e+01 9.601293191102326929e-01 -9.669539649433047269e-04
2.287500000000000000e+01 9.228362677492262245e-01 -1.966483918768188472e-03
2.289583333333333215e+01 9.231048269479567026e-01 5.549116272729078241e-04
2.291666666666666430e+01 9.333967199331709708e-01 4.700942276232946185e-04
2.293750000000000000e+01 9.468256290778854778e-01 2.274438526433358865e-03
2.295833333333333215e+01 9.422006595816245778e-01 -1.220059237465341480e-04
2.297916666666666430e+01 9.493809634968718436e-01 6.032044344032008905e-04
2.300000000000000000e+01 9.609339457674166418e-01 7.637386634005650845e-04
2.302083333333333215e+01 9.699824842050654983e-01 1.548386116071558951e-03
2.304166666666666430e+01 9.705724351555891083e-01 -5.456536025422266184e-04
2.306250000000000000e+01 9.916446806107054313e-01 -1.635983404194415113e-04
2.308333333333333215e+01 1.020290264167957872e+00 1.259328085794539104e-03
2.310416666666666430e+01 1.048031098713761544e+00 -4.445432758008121361e-04
2.312500000000000000e+01 1.034598971666627953e+00 6.487766069915380839e-04
2.314583333333333215e+01 1.008232657571079827e+00 5.122667661789185320e-04
2.316666666666666430e+01 9.834670124349548237e-01 7.910013899149412071e-04
2.318750000000000000e+01 9.669007074084018383e-01 -5.963783434273403324e-04
2.320833333333333215e+01 9.713402280976501935e-01 -3.507664499230771053e-03
2.322916666666666430e+01 9.733346171170469407e-01 4.088297022171542014e-04
2.325000000000000000e+01 9.789661452532519847e-01 -1.087878879816527814e-03
2.327083333333333215e+01 9.838262384226187374e-01 9.217407400848065839e-04
2.329166666666666430e+01 9.948939607578091149e-01 7.239734258608864197e-04
2.331250000000000000e+01 1.007339665885340407e+00 -1.829648961055906423e-03
2.333333333333333215e+01 1.032084377395804164e+00 -9.746466964718609972e-04
2.335416666666666430e+01 1.034135114272189293e+00 -7.031126965690746508e-04
2.337500000000000000e+01 1.014068127089106541e+00 7.062901795929663008e-04
2.339583333333333215e+01 1.012275650065661781e+00 2.076375746225319751e-04
2.341666666666666430e+01 1.020310894542165503e+00 -2.509860832769221137e-04
2.343750000000000000e+01 1.016551811033731711e+00 -1.982268872593371395e-03
2.345833333333333215e+01 1.004061991987485802e+00 8.207065789643709511e-04
2.347916666666666430e+01 9.885152201769777935e-01 9.981078274616094620e-04
2.350000000000000000e+01 9.941002645976285690e-01 -4.945782805491302260e-04
2.352083333333333215e+01 9.996614064540981781e-01 1.929285897731107318e-03
2.354166666666666430e+01 9.951857052234929224e-01 2.154039601508813198e-03
2.356250000000000000e+01 9.816865188468234527e-01 -1.810990921818857961e-03
2.358333333333333215e+01 9.809529063904781632e-01 1.304379159760865169e-03
2.360416666666666430e+01 9.903551336325560062e-01 3.310503935561267576e-04
2.362500000000000000e+01 1.001015523725056422e+00 4.488472914854314886e-04
2.364583333333333215e+01 1.016322286295256339e+00 -3.056450975951501524e-03
2.366666666666666430e+01 1.024019199311408501e+00 -1.351830932102192805e-05
2.368750000000000000e+01 1.034076638518435010e+00 -1.859034038244718328e-05
2.370833333333333215e+01 1.031860271216995972e+00 -2.527475179081967085e-03
2.372916666666666430e+01 1.012091340062801326e+00 -6.513617000511650809e-04
2.375000000000000000e+01 9.973000900492531295e-01 -9.052098522577415110e-04
2.377083333333333215e+01 9.959732794744723394e-01 -9.092825917007503261e-04
2.379166666666666430e+01 9.982659431936662386e-01 -1.795878044272398782e-03
2.381250000000000000e+01 9.922668905061317046e-01 7.051224914089164637e-04
2.383333333333333215e+01 9.787215232650513519e-01 -4.511770942914624760e-04
2.385416666666666430e+01 9.830858323476875382e-01 -6.509580013008657573e-04
2.387500000000000000e+01 9.952524545797420963e-01 7.169891173843746975e-04
2.389583333333333215e+01 1.010071814059362083e+00 -1.252696637835039100e-03
2.391666666666666430e+01 1.019059405316657063e+00 2.123735097882412917e-04
2.393750000000000000e+01 1.029376067893593483e+00 3.065506475627845229e-03
2.395833333333333215e+01 1.031907625187498345e+00 -1.200097537800797181e-03
2.397916666666666430e+01 1.032835106209000209e+00 -2.098887268623135635e-04
2.400000000000000000e+01 1.027080725426326335e+00 5.626068040721269150e-04
2.402083333333333215e+01 1.008715188208667346e+00 2.185709759250752528e-04
2.404166666666666430e+01 9.867575547406414183e-01 -2.169364233036057046e-03
2.406250000000000000e+01 9.703845323239441711e-01 -1.605245145073731176e-04
2.408333333333333215e+01 9.728097978616593311e-01 -1.506110145568336205e-03
2.410416666666666430e+01 9.754326417720848852e-01 4.742005874786612380e-04
2.412500000000000000e+01 9.787982813641264990e-01 3.488656792177314983e-04
2.414583333333333215e+01 9.963191560376427613e-01 -3.400756626671552112e-04
2.416666666666666430e+01 1.022310530239088910e+00 1.173512177752106039e-03
2.418750000000000000e+01 1.044132547466495531e+00 1.268364587548051134e-03
2.420833333333333215e+01 1.041499119956760255e+00 -1.105096112966055854e-03
2.422916666666666430e+01 1.025827612604714778e+00 -9.980902890146122440e-04
2.425000000000000000e+01 1.015780501082131471e+00 -2.127812708963312132e-04
2.427083333333333215e+01 9.972665397775039020e-01 1.138817412582842975e-03
2.429166666666666430e+01 9.919336692813230938e-01 1.420932203557540800e-03
2.431250000000000000e+01 9.951265805029418932e-01 1.592089931025986215e-03
2.433333333333333215e+01 1.001111639944288090e+00 5.120546139062079468e-04
2.435416666666666430e+01 1.005079591041600384e+00 -1.350521429005383878e-03
2.437500000000000000e+01 9.910784275092009432e-01 6.564368813281616427e-04
2.439583333333333215e+01 9.872245873726817056e-01 5.871797831524943083e-04
2.441666666666666430e+01 1.000833357341789576e+00 -2.391438222446567747e-03
2.443750000000000000e+01 1.015107707241990509e+00 -1.938317977793015991e-03
2.445833333333333215e+01 1.011224052624515091e+00 -3.910420583228201258e-04
2.447916666666666430e+01 1.001342301622732744e+00 2.304481708068970795e-03
2.450000000000000000e+01 9.939019446134419455e-01 2.457541784515199917e-04
2.452083333333333215e+01 1.010650154104330678e+00 8.660502744085981025e-04
2.454166666666666430e+01 1.025715741586376684e+00 -1.027345718129430959e-03
2.456250000000000000e+01 1.024863195554968520e+00 -2.752517160206840313e-03
2.458333333333333215e+01 1.021596350635698425e+00 1.559661726270128185e-03
2.460416666666666430e+01 1.012185985051581527e+00 -1.241912776047088751e-03
2.462500000000000000e+01 1.003139728831765831e+00 9.150411711972262184e-04
2.464583333333333215e+01 9.785604974607821083e-01 -1.322673107995711670e-03
2.466666666666666430e+01 9.778174300837562116e-01 1.810042592485747517e-03
2.468750000000000000e+01 9.947645437385884692e-01 -6.851868460926883791e-04
2.470833333333333215e+01 1.008838409184579232e+00 -1.239144514555221097e-03
2.472916666666666430e+01 1.025242841595070065e+00 -1.886708527871403234e-03
2.475000000000000000e+01 1.021653044926501774e+00 9.981654037343392228e-04
2.477083333333333215e+01 1.021185920528067781e+00 -5.616204452667948772e-04
2.479166666666666430e+01 1.011156674087911655e+00 2.635212184264697891e-05
2.481250000000000000e+01 9.973091947842466221e-01 -2.398230384835683667e-04
2.483333333333333215e+01 9.932920344933732215e-01 -9.081878670328593240e-04
2.485416666666666430e+01 9.968695531588311898e-01 1.097291350964665582e-04
2.487500000000000000e+01 9.960683328598407549e-01 -1.789305835661876868e-03
2.489583333333333215e+01 9.874042191805512125e-01 6.718966134097245505e-04
2.491666666666666430e+01 9.816052703513306055e-01 -2.454605564079107537e-03
2.493750000000000000e+01 9.946552602945751831e-01 3.082564941287428304e-04
2.495833333333333215e+01 1.019949429022606990e+00 2.587645803233582474e-03
2.497916666666666430e+01 1.036811461722778827e+00 -1.090328152376222968e-03
2.500000000000000000e+01 1.036982165718570936e+00 6.325751917728796069e-04
2.502083333333333215e+01 1.024180273767010041e+00 1.270619066301377758e-03
2.504166666666666430e+01 1.014713006399668327e+00 -3.215795705785621378e-03
2.506250000000000000e+01 9.937875574638731502e-01 -1.499519118593185775e-04
2.508333333333333215e+01 9.864876780170340753e-01 5.197518555570859429e-04
2.510416666666666430e+01 9.884802079643689732e-01 -3.879493103173788440e-04
2.512500000000000000e+01 1.003905249808543676e+00 3.544853519858647494e-04
2.514583333333333215e+01 9.957633834123104100e-01 -7.125980927992830657e-04
2.516666666666666430e+01 9.796446125146264228e-01 8.527880167764891007e-04
2.518750000000000000e+01 9.715076217015650162e-01 -6.364831590779403527e-04
2.520833333333333215e+01 9.844502865511703948e-01 1.537734304833976440e-03
2.522916666666666430e+01 1.010559408617762278e+00 -1.337745694964374019e-03
2.525000000000000000e+01 1.023151926117637611e+00 7.939026783520601550e-04
2.527083333333333215e+01 1.031491220299911138e+00 1.419037719553992508e-03
2.529166666666666430e+01 1.041127744851680248e+00 -7.767135280648759538e-04
2.531250000000000000e+01 1.045508305994024445e+00 9.547817240374259127e-05
2.533333333333333215e+01 1.031567635038138198e+00 -2.264007661076891697e-04
2.535416666666666430e+01 1.000453699072266334e+00 3.073605419274260796e-03
2.537500000000000000e+01 9.710307319545254945e-01 -1.100920711993933019e-03
2.539583333333333215e+01 9.701438057762309386e-01 3.084693325385560840e-03
2.541666666666666430e+01 9.753683807411506201e-01 -3.524788017612588741e-04
2.543750000000000000e+01 9.872769665483623891e-01 -1.583668399892992299e-03
2.545833333333333215e+01 9.909079460204669454e-01 -1.304606994679861735e-03
2.547916666666666430e+01 9.931760275205834265e-01 -4.557083863773283335e-04
2.550000000000000000e+01 1.003891590018437530e+00 2.216984234476621247e-03
2.552083333333333215e+01 1.030713981586458994e+00 -1.295887190203505847e-03
2.554166666666666430e+01 1.038185301641128655e+00 5.199056866461240507e-04
2.556250000000000000e+01 1.031041277254814759e+00 -2.192460781746423859e-04
2.558333333333333215e+01 1.020962638438864589e+00 -3.862798132912382350e-04
2.560416666666666430e+01 1.017541580825519487e+00 -4.106525685204721931e-04
2.562500000000000000e+01 1.010261612832662914e+00 1.083071599757909039e-03
2.564583333333333215e+01 9.904143056713629045e-01 -8.737650138038846647e-04
2.566666666666666430e+01 9.649786972882155034e-01 -1.383598292054566718e-03
2.568750000000000000e+01 9.515362730512642031e-01 1.746347669741394812e-03
2.570833333333333215e+01 9.598686090155034156e-01 -6.387301880977602460e-04
2.572916666666666430e+01 9.745840314141642757e-01 1.239054359749380742e-03
2.575000000000000000e+01 9.849310274130050891e-01 3.273207120252909393e-03
2.577083333333333215e+01 1.008417191165802640e+00 9.653128387435209968e-04
2.579166666666666430e+01 1.016378222588019797e+00 1.689206622006509404e-03
2.581250000000000000e+01 1.021770033293475377e+00 7.518253463600660814e-04
2.583333333333333215e+01 1.003419993972549440e+00 -3.541722587904183855e-04
2.585416666666666430e+01 9.896034089399269318e-01 -7.146202811731075955e-04
2.587500000000000000e+01 9.885897584817775474e-01 -1.827527399778451677e-03
2.589583333333333215e+01 9.817032808753003437e-01 2.053965945304725600e-03
2.591666666666666430e+01 9.744774555819134543e-01 -7.154536775808111569e-05
2.593750000000000000e+01 9.751476995216709076e-01 8.521457065319604403e-04
2.595833333333333215e+01 9.872789668809608399e-01 -2.680626559791779486e-05
2.597916666666666430e+01 9.999814500860561006e-01 -1.755636393667115379e-04
