0.000000000000000000e+00 1.023712294582428184e+00 5.753708022997098106e-04
2.083333333333333218e-02 1.020261960140078861e+00 -1.451158757652076595e-05
4.166666666666666435e-02 1.007714999603685824e+00 1.729435440394722079e-03
6.250000000000000000e-02 9.946824171768237077e-01 -1.477880461447459175e-04
8.333333333333332871e-02 9.852771780155608061e-01 2.010126095910056364e-04
1.041666666666666574e-01 9.834134959282072597e-01 6.818729213574739644e-04
1.250000000000000000e-01 9.834996798831735498e-01 1.974923620946280570e-04
1.458333333333333148e-01 1.009773019570751496e+00 1.125803441521932603e-03
1.666666666666666574e-01 1.019889920449445375e+00 7.819987149196076478e-05
1.875000000000000000e-01 1.003683771716497697e+00 4.179954287876630351e-04
2.083333333333333148e-01 9.943988111062700419e-01 9.974379167919011826e-04
2.291666666666666574e-01 9.861712809002827207e-01 3.193502788844838490e-04
2.500000000000000000e-01 9.912504206730540224e-01 -1.030622644841946685e-03
2.708333333333333148e-01 9.972705647314459299e-01 -3.016812907491348244e-04
2.916666666666666297e-01 9.928068225300724636e-01 -7.750411298548594719e-04
3.125000000000000000e-01 9.875098847305662231e-01 3.321537096225945021e-03
3.333333333333333148e-01 9.839253203925862890e-01 2.076419719749348150e-03
3.541666666666666297e-01 9.845984322243134246e-01 6.627191610904570361e-04
3.750000000000000000e-01 9.862097833866153573e-01 -2.792726819137952049e-05
3.958333333333333148e-01 9.863155616799990089e-01 1.637768911314821515e-03
4.166666666666666297e-01 9.927349055321824656e-01 1.067843156901363173e-03
4.375000000000000000e-01 9.942337772549963981e-01 1.662404926804525842e-03
4.583333333333333148e-01 1.010609062126230251e+00 1.772472077068118577e-03
4.791666666666666297e-01 1.021585424994836400e+00 -1.577215418242356197e-03
5.000000000000000000e-01 1.030309754106251141e+00 -3.048771863707155200e-04
5.208333333333332593e-01 1.037670660032266046e+00 7.821049898261900248e-04
5.416666666666666297e-01 1.038169066845767485e+00 -1.629223934673543976e-04
5.625000000000000000e-01 1.035659094233817079e+00 9.662110418134830375e-04
5.833333333333332593e-01 1.017995195309298939e+00 2.182381062886339096e-03
6.041666666666666297e-01 9.960574293292457915e-01 -5.537111931167579618e-04
6.250000000000000000e-01 9.869937574532985369e-01 6.684458456643387276e-04
6.458333333333332593e-01 9.986124708207542167e-01 8.285424477783977313e-04
6.666666666666666297e-01 1.014727004436160707e+00 -1.446181926066244247e-03
6.875000000000000000e-01 1.020048242532971328e+00 1.780635907583759696e-03
7.083333333333332593e-01 1.015118751485691861e+00 -4.415847240206622368e-04
7.291666666666666297e-01 1.008960531106631198e+00 1.271282919897967142e-03
7.500000000000000000e-01 1.002640896682665650e+00 -2.497786006072052686e-03
7.708333333333332593e-01 9.977633065543237700e-01 1.883010279729783239e-03
7.916666666666666297e-01 9.938503701959494618e-01 -3.921041839080894394e-04
8.125000000000000000e-01 9.846247857210914667e-01 1.602961814228019179e-03
8.333333333333332593e-01 9.842486117336797236e-01 -1.247365758866589909e-04
8.541666666666666297e-01 9.859360934335346105e-01 -6.293330040891616944e-05
8.750000000000000000e-01 9.945737205375122514e-01 2.399285794696635887e-03
8.958333333333332593e-01 9.976119755193451066e-01 -2.442090904149176595e-03
9.166666666666666297e-01 9.920213059992151194e-01 -9.198342249653205854e-04
9.375000000000000000e-01 9.827504769527539707e-01 -7.510865729873457061e-04
9.583333333333332593e-01 9.901486816656083212e-01 -5.950953060009969145e-04
9.791666666666666297e-01 9.980535054638887127e-01 6.821875641892857908e-04
1.000000000000000000e+00 1.012200036610811704e+00 1.216257401899675317e-03
1.020833333333333259e+00 1.017479051200871121e+00 -2.533658816559581934e-03
1.041666666666666519e+00 1.026340241253869356e+00 2.226780103703323958e-03
1.062500000000000000e+00 1.024392321712473297e+00 -1.747402901092025111e-03
1.083333333333333259e+00 1.021667864486695887e+00 1.160412242450894853e-03
1.104166666666666519e+00 1.015685881359592813e+00 -9.775698395804058131e-04
1.125000000000000000e+00 9.979899872877293632e-01 1.487376180962459750e-03
1.145833333333333259e+00 9.807870784476164783e-01 4.276239463374730877e-04
1.166666666666666519e+00 9.727422729954130487e-01 4.705220829024472418e-04
1.187500000000000000e+00 9.716958440919046813e-01 -1.839451317614324412e-04
1.208333333333333259e+00 9.736556526639534859e-01 1.104883200265702539e-03
1.229166666666666519e+00 9.874360315185398695e-01 1.374534055066183339e-03
1.250000000000000000e+00 9.968437064621136212e-01 -1.855476038410112005e-04
1.270833333333333259e+00 1.016285244637284091e+00 -4.973500166702037647e-04
1.291666666666666519e+00 1.036243759038417700e+00 6.157482332280009860e-04
1.312500000000000000e+00 1.040398064918645726e+00 -2.307825209291268075e-04
1.333333333333333259e+00 1.026308718361288230e+00 -1.186348991534682775e-05
1.354166666666666519e+00 1.017856340267400128e+00 9.212599035408132507e-04
1.375000000000000000e+00 1.004651026569514549e+00 6.678875674463541573e-04
1.395833333333333259e+00 9.954066201537697944e-01 5.844103800486497503e-06
1.416666666666666519e+00 9.848177083335639681e-01 -1.916706823863692120e-04
1.437500000000000000e+00 9.814237406157344523e-01 -1.399184480887694180e-03
1.458333333333333259e+00 9.862710553302339589e-01 9.669880128606136212e-05
1.479166666666666519e+00 1.003153144170876310e+00 2.553277470734047834e-04
1.500000000000000000e+00 1.022493058024287249e+00 1.848763671410123908e-03
1.520833333333333259e+00 1.034380170403095045e+00 1.415408830972278995e-03
1.541666666666666519e+00 1.026955765429503398e+00 2.920623229046545089e-04
1.562500000000000000e+00 1.017282322837069541e+00 2.023793157584231114e-03
1.583333333333333259e+00 1.014891052451775133e+00 1.632443882005535363e-03
1.604166666666666519e+00 1.001123354202759330e+00 -7.382074442166378135e-04
1.625000000000000000e+00 9.851892884541929574e-01 -5.363884870441778304e-04
1.645833333333333259e+00 9.708367853008185167e-01 5.255927887576790629e-05
1.666666666666666519e+00 9.663630476051950913e-01 -1.929263022337216566e-03
1.687500000000000000e+00 9.715720878248254033e-01 -2.262013786214368133e-03
1.708333333333333259e+00 9.896386185859680218e-01 3.310528827178585258e-05
1.729166666666666519e+00 1.006948217425616132e+00 -1.310229111447600491e-03
1.750000000000000000e+00 1.014766545900621875e+00 -1.964700550851494840e-03
1.770833333333333259e+00 1.016610663847987039e+00 -9.841177096682977160e-04
1.791666666666666519e+00 1.006310159462500353e+00 7.275849303156312585e-04
1.812500000000000000e+00 1.003503744009710097e+00 6.595731354742235229e-04
1.833333333333333259e+00 1.000034576968785283e+00 -1.630199443185539410e-03
1.854166666666666519e+00 1.004595502203762036e+00 2.039065114017060611e-03
1.875000000000000000e+00 1.014929630538924821e+00 -1.202435884136943307e-03
1.895833333333333259e+00 1.017952177310625483e+00 4.025257483109642861e-04
1.916666666666666519e+00 1.017429177473342827e+00 -5.204585031991346058e-04
1.937500000000000000e+00 1.001141050414749323e+00 -4.216691911673328902e-04
1.958333333333333259e+00 9.911492241923591795e-01 -1.047733540885185726e-03
1.979166666666666519e+00 9.944721306882263745e-01 6.978829722761169686e-04
2.000000000000000000e+00 1.002933197696436407e+00 4.667415551007874481e-04
2.020833333333333037e+00 1.010738202573433941e+00 4.942668527315113121e-04
2.041666666666666519e+00 1.005596222946573581e+00 -4.282517290558115336e-04
2.062500000000000000e+00 1.000970407461970524e+00 -4.534450558497050889e-04
2.083333333333333037e+00 9.942878911799510888e-01 5.059247156978805612e-04
2.104166666666666519e+00 9.962952218729848042e-01 -4.114711923306380199e-03
2.125000000000000000e+00 1.003657327395625520e+00 8.570146214642022746e-04
2.145833333333333037e+00 1.003787370452051020e+00 1.372922198333751927e-03
2.166666666666666519e+00 9.892321867335500674e-01 -1.962457285727419939e-03
2.187500000000000000e+00 9.779712729288285722e-01 -4.031148016538746741e-04
2.208333333333333037e+00 9.774965791157933515e-01 2.164624190980667020e-03
2.229166666666666519e+00 9.811726234857031104e-01 -1.961150796112883562e-03
2.250000000000000000e+00 9.945921867067770705e-01 1.014713214818651569e-03
2.270833333333333037e+00 1.010886922554825373e+00 -4.235100347525180180e-04
2.291666666666666519e+00 1.027635052647709601e+00 -1.933819002472711738e-03
2.312500000000000000e+00 1.041652732805022685e+00 6.544700566078074039e-04
2.333333333333333037e+00 1.030316844788230712e+00 -1.129167238502310064e-03
2.354166666666666519e+00 1.020702876778011747e+00 -2.288189536670812098e-06
2.375000000000000000e+00 1.007708524479300483e+00 4.146844438021106373e-04
2.395833333333333037e+00 1.012158138357377890e+00 2.032277855156496699e-03
2.416666666666666519e+00 1.015257340009032783e+00 1.415705047126009433e-03
2.437500000000000000e+00 1.009303408203333863e+00 -2.147867722891379054e-03
2.458333333333333037e+00 9.944927862608248237e-01 -8.822992409218802278e-04
2.479166666666666519e+00 9.749327964456202533e-01 1.444903682734234585e-03
2.500000000000000000e+00 9.675892303422429785e-01 3.766172291497391035e-04
2.520833333333333037e+00 9.777701698414010822e-01 3.401931223757970776e-04
2.541666666666666519e+00 9.905283544017959851e-01 1.270573803958545455e-03
2.562500000000000000e+00 9.916006178230387658e-01 -5.287404429600930673e-04
2.583333333333333037e+00 9.918785492379954549e-01 -4.821324635689525095e-04
2.604166666666666519e+00 9.891858997981056723e-01 4.118981909367193492e-04
2.625000000000000000e+00 9.861712412366410163e-01 -1.316465659555595639e-03
2.645833333333333037e+00 9.957062397410589849e-01 1.123103579943079749e-03
2.666666666666666519e+00 1.003892271850988838e+00 2.884632146898584264e-03
2.687500000000000000e+00 1.007837422237082059e+00 6.522000034707110469e-04
2.708333333333333037e+00 1.017977229230896397e+00 -2.575210208325583866e-03
2.729166666666666519e+00 1.028519114852379790e+00 1.409050907325117832e-03
2.750000000000000000e+00 1.019254122554364983e+00 4.768213553690890216e-04
2.770833333333333037e+00 1.010700832854876996e+00 1.468132812904016701e-03
2.791666666666666519e+00 9.991152162482836996e-01 3.063342882960668270e-04
2.812500000000000000e+00 1.006473077363844615e+00 2.282233915093755919e-04
2.833333333333333037e+00 1.013382813023015139e+00 1.126943018857944762e-03
2.854166666666666519e+00 1.019468432534446301e+00 -2.607267971040763991e-04
2.875000000000000000e+00 1.003029150214608034e+00 -2.105029006957036524e-03
2.895833333333333037e+00 9.902761093481784460e-01 1.227774232002211169e-04
2.916666666666666519e+00 9.772493756922563390e-01 1.614705242476199083e-04
2.937500000000000000e+00 9.834757748978829595e-01 2.470176568231986780e-03
2.958333333333333037e+00 9.964669765610651986e-01 8.581299578757952936e-04
2.979166666666666519e+00 1.004440925749576330e+00 2.559059007589503058e-03
3.000000000000000000e+00 1.003131644156977753e+00 1.833109271005513904e-03
3.020833333333333037e+00 9.931551586942674037e-01 7.580994114120433560e-04
3.041666666666666519e+00 9.819045807030062356e-01 -8.488739782678773925e-04
3.062500000000000000e+00 9.804142137479436858e-01 1.004285370549924455e-03
3.083333333333333037e+00 9.873619267764018881e-01 -4.541653508581929488e-05
3.104166666666666519e+00 1.000620577216019935e+00 -6.284710568300310449e-04
3.125000000000000000e+00 1.015752963660484509e+00 -1.350726589500217747e-03
3.145833333333333037e+00 1.025417401199383516e+00 -3.240343403465269136e-03
3.166666666666666519e+00 1.020610081930458657e+00 8.819713940881211342e-04
3.187500000000000000e+00 1.007440340069632345e+00 8.456994035240400238e-04
3.208333333333333037e+00 1.000779318724354772e+00 1.067054761207908127e-03
3.229166666666666519e+00 1.006928413031549674e+00 -1.475169007944605610e-03
3.250000000000000000e+00 1.016317755844096560e+00 -1.464089409377556392e-03
3.270833333333333037e+00 1.020626694625308195e+00 4.546044235551049972e-04
3.291666666666666519e+00 9.911545826716704477e-01 1.991328644619495478e-03
3.312500000000000000e+00 9.753829568630917324e-01 1.922429831540208023e-03
3.333333333333333037e+00 9.701610391907499187e-01 -1.439751531263202340e-04
3.354166666666666519e+00 9.804504838066536720e-01 -1.184000766288353213e-04
3.375000000000000000e+00 1.000908926980577318e+00 4.182985548014972769e-04
3.395833333333333037e+00 1.006278124247968808e+00 1.799485180801120793e-03
3.416666666666666519e+00 1.002476220287214836e+00 1.081571799702999489e-03
3.437500000000000000e+00 9.896926439110719231e-01 -1.222892797751172576e-03
3.458333333333333037e+00 9.840533290613210360e-01 1.213219394371225753e-03
3.479166666666666519e+00 9.827349241074050390e-01 -5.064267833051746626e-04
3.500000000000000000e+00 9.773070667973713377e-01 4.959916744026550742e-05
3.520833333333333037e+00 9.682195039430934180e-01 -1.652525788679354637e-03
3.541666666666666519e+00 9.569255742233770956e-01 8.814826174243490619e-05
3.562500000000000000e+00 9.478957003760021260e-01 -3.994858672153286158e-04
3.583333333333333037e+00 9.274523497111565318e-01 2.648405981548684288e-03
3.604166666666666519e+00 9.114702931462261848e-01 1.568493277394272497e-03
3.625000000000000000e+00 9.023686653320198703e-01 -1.523166986818049807e-04
3.645833333333333037e+00 9.035561125733871934e-01 -1.553737934437029566e-04
3.666666666666666519e+00 9.134106185621715390e-01 -1.254867641655620569e-03
3.687500000000000000e+00 9.149074029921506757e-01 7.871929448096682267e-05
3.708333333333333037e+00 9.012984624590651972e-01 -1.385846893775820972e-03
3.729166666666666519e+00 9.012627631334741984e-01 1.164854293759066441e-03
3.750000000000000000e+00 8.978973430338986761e-01 5.177493697149603263e-05
3.770833333333333037e+00 9.030589752995198394e-01 3.604664647079174793e-04
3.791666666666666519e+00 9.127449629095197858e-01 -3.820461911636015848e-04
3.812500000000000000e+00 9.098976059647726489e-01 -8.950124414440957304e-04
3.833333333333333037e+00 9.084831296632832620e-01 -8.842239694328202140e-04
3.854166666666666519e+00 9.079882251750424071e-01 1.297134793905977985e-03
3.875000000000000000e+00 9.189617349398125912e-01 1.715223229131701121e-03
3.895833333333333037e+00 9.304934869230201411e-01 -2.078342231088953912e-03
3.916666666666666519e+00 9.428450674370888462e-01 1.227777464202233068e-03
3.937500000000000000e+00 9.643204629388973936e-01 1.926073388951682428e-03
3.958333333333333037e+00 9.740640074482533883e-01 -2.549979356125572569e-03
3.979166666666666519e+00 9.824187145857711245e-01 -6.182666201502181984e-04
4.000000000000000000e+00 9.781048708108158740e-01 -1.211832090811526194e-03
4.020833333333333037e+00 9.755871437630873055e-01 -1.011191759996291854e-03
4.041666666666666075e+00 9.717682466815387166e-01 -3.807518585149981608e-05
4.062500000000000000e+00 9.868075611549640414e-01 -9.996428170200217546e-04
4.083333333333333037e+00 1.002483405649393644e+00 1.056501687583774043e-03
4.104166666666666075e+00 1.013012740983182391e+00 -1.761838804667714784e-03
4.125000000000000000e+00 1.021409526814212265e+00 3.112425915107149064e-04
4.145833333333333037e+00 1.011962778529950535e+00 1.610541410759542104e-03
4.166666666666666075e+00 1.017873865274428358e+00 -6.174898217232345238e-04
4.187500000000000000e+00 1.022745407789347194e+00 3.931113940593221985e-04
4.208333333333333037e+00 1.028685870880188924e+00 -1.669957258864026043e-04
4.229166666666666075e+00 1.018705604236857187e+00 1.291755748259151588e-03
4.250000000000000000e+00 1.008124598188253618e+00 1.210598108481032546e-03
4.270833333333333037e+00 1.001886843913165626e+00 -1.174151686386083185e-03
4.291666666666666075e+00 9.928195875368510670e-01 -1.926887295373280046e-03
4.312500000000000000e+00 9.900145154270945103e-01 -2.095945837235107026e-04
4.333333333333333037e+00 9.882773023086252051e-01 -1.113027801775500749e-03
4.354166666666666075e+00 9.836936151859353439e-01 -1.574599800984384816e-04
4.375000000000000000e+00 9.915750562461121964e-01 9.369916678997548994e-04
4.395833333333333037e+00 9.948081443075791341e-01 -1.525785221240847029e-03
4.416666666666666075e+00 9.884238800433078342e-01 8.235182991672844498e-04
4.437500000000000000e+00 9.858641467382324164e-01 1.109922488368570142e-03
4.458333333333333037e+00 9.955295408538427093e-01 -3.856054491279500731e-04
4.479166666666666075e+00 1.005141928519906802e+00 1.633625910399263774e-04
4.500000000000000000e+00 1.008590691807078388e+00 -2.305826538912007708e-04
4.520833333333333037e+00 9.878197023191939152e-01 2.524685872775196877e-04
4.541666666666666075e+00 9.635863199438559068e-01 -1.876293929935772065e-03
4.562500000000000000e+00 9.580720277946255248e-01 5.805482187358912286e-04
4.583333333333333037e+00 9.718970764362780956e-01 8.502466572506651651e-04
4.604166666666666075e+00 1.001134476963296827e+00 -8.618122320921854445e-05
4.625000000000000000e+00 1.018282466450275203e+00 -1.419165290727218785e-03
4.645833333333333037e+00 1.024789342719270691e+00 6.760350329111291861e-04
4.666666666666666075e+00 1.025286464372336948e+00 6.647747606755247682e-04
4.687500000000000000e+00 1.029681893105068191e+00 1.119789917732920415e-03
4.708333333333333037e+00 1.016658841422102943e+00 1.341933323263981136e-03
4.729166666666666075e+00 1.006270023894696442e+00 3.690385150704875356e-04
4.750000000000000000e+00 9.895877245282842516e-01 1.067778076053433971e-04
4.770833333333333037e+00 9.732824110633696568e-01 7.700476026856067652e-04
4.791666666666666075e+00 9.806961385622109395e-01 -6.422364257354280803e-05
4.812500000000000000e+00 9.935689771153420891e-01 2.453823727845194430e-04
4.833333333333333037e+00 1.008153487763660427e+00 6.484509818168346070e-04
4.854166666666666075e+00 1.017282744263065863e+00 -2.906033401535095245e-03
4.875000000000000000e+00 1.023980145776304695e+00 -1.413666235850971186e-03
4.895833333333333037e+00 1.017920204157260811e+00 -4.441687599575120608e-04
4.916666666666666075e+00 1.006005208580409649e+00 -1.381535717386797027e-03
4.937500000000000000e+00 9.872399895673135140e-01 -7.893280900970645769e-05
4.958333333333333037e+00 9.692271965646463983e-01 -1.410589797850838852e-03
4.979166666666666075e+00 9.745350612179904948e-01 1.021272528391660656e-03
5.000000000000000000e+00 9.829122528209860432e-01 -2.932577395679965802e-05
5.020833333333333037e+00 9.956879969490035620e-01 1.012556506614129513e-03
5.041666666666666075e+00 1.003685968419596231e+00 4.019808145884976990e-04
5.062500000000000000e+00 9.990060205836513996e-01 -5.967742177698736423e-04
5.083333333333333037e+00 9.933919849909953470e-01 2.592681754783458282e-04
5.104166666666666075e+00 9.895326165065758683e-01 -1.364608891058549439e-04
5.125000000000000000e+00 9.989064204286486337e-01 2.752958434913262099e-04
5.145833333333333037e+00 9.957725837161984783e-01 5.309398093175699039e-04
5.166666666666666075e+00 1.007260701594376640e+00 -1.231239786995839882e-03
5.187500000000000000e+00 1.010617627012805997e+00 3.271277163617129780e-03
5.208333333333333037e+00 1.021403197145743125e+00 3.950388924656374244e-04
5.229166666666666075e+00 1.023920083862498664e+00 7.958123457505786834e-04
5.250000000000000000e+00 1.023009114185314816e+00 1.782109672094233277e-04
5.270833333333333037e+00 1.005289258723085277e+00 2.359773912967445906e-03
5.291666666666666075e+00 1.008604872453235268e+00 -2.875098932183397724e-03
5.312500000000000000e+00 1.006167898259648252e+00 -2.634422878077295966e-04
5.333333333333333037e+00 1.008270320529672581e+00 -4.462189268406894995e-04
5.354166666666666075e+00 1.011695389891882790e+00 -2.464050691542315997e-04
5.375000000000000000e+00 1.006091114720206292e+00 6.445718138596680594e-04
5.395833333333333037e+00 1.009770739424941777e+00 9.977907926818857607e-04
5.416666666666666075e+00 1.013918406575419429e+00 -1.610074015428827020e-03
5.437500000000000000e+00 1.016230274355007568e+00 -2.740405582143670628e-04
5.458333333333333037e+00 1.007261590782432936e+00 -1.311760616337165472e-03
5.479166666666666075e+00 9.841073279961376485e-01 8.645290805139155786e-04
5.500000000000000000e+00 9.685102370875001698e-01 1.023781508731076690e-04
5.520833333333333037e+00 9.713288573624271338e-01 -2.664488913892365334e-04
5.541666666666666075e+00 9.702441664181155057e-01 1.429077490084340899e-03
5.562500000000000000e+00 9.745729428509654069e-01 7.705529798556437580e-04
5.583333333333333037e+00 9.695972077373531395e-01 1.267379761392670818e-03
5.604166666666666075e+00 9.723824321822646111e-01 3.817112972860876386e-04
5.625000000000000000e+00 9.713107490657947318e-01 1.450227208355247231e-03
5.645833333333333037e+00 9.749706000936427808e-01 2.106522984614987628e-04
5.666666666666666075e+00 9.824982812156587419e-01 -6.315992492710984950e-04
5.687500000000000000e+00 9.884522807029879621e-01 -1.013487981741466098e-03
5.708333333333333037e+00 1.010588791762977001e+00 -3.560899763888181299e-04
5.729166666666666075e+00 1.026686052017142803e+00 2.230841974876654563e-03
5.750000000000000000e+00 1.037653279190987377e+00 7.850416859695808283e-04
5.770833333333333037e+00 1.036114685005321778e+00 -2.107906376250731628e-04
5.791666666666666075e+00 1.028166390190998314e+00 1.565494229998052027e-03
5.812500000000000000e+00 1.027168758948201033e+00 1.145654532077461374e-03
5.833333333333333037e+00 1.036581293840945106e+00 -9.374364284734223660e-04
5.854166666666666075e+00 1.037668139800461686e+00 2.721892433544154753e-05
5.875000000000000000e+00 1.027525929384992320e+00 7.394911874124232250e-05
5.895833333333333037e+00 1.017355900358914322e+00 -1.239431848174948338e-04
5.916666666666666075e+00 1.008006719977373677e+00 -8.825191472371373162e-04
5.937500000000000000e+00 1.013519371210130471e+00 -1.916580091126089506e-03
5.958333333333333037e+00 1.020567037155092338e+00 -1.855585304645042790e-03
5.979166666666666075e+00 1.008572794654589266e+00 5.342519242296504042e-04
6.000000000000000000e+00 9.922249811186085733e-01 3.713091974842774715e-04
6.020833333333333037e+00 9.870366701153482358e-01 -1.069596853210318609e-04
6.041666666666666075e+00 9.839981128871871929e-01 3.566843558484065297e-04
6.062500000000000000e+00 9.949924479071337036e-01 7.552926007612727243e-04
6.083333333333333037e+00 9.928782258746674527e-01 -1.177231685312734449e-03
6.104166666666666075e+00 9.961420893891664852e-01 3.552452246420949832e-04
6.125000000000000000e+00 9.951516786876302145e-01 2.025881124704634849e-03
6.145833333333333037e+00 9.936297267569340619e-01 -6.487039263257059598e-04
6.166666666666666075e+00 9.893085891132398224e-01 1.558560652352623810e-03
6.187500000000000000e+00 9.882183569723811400e-01 6.989829885541271309e-04
6.208333333333333037e+00 9.900780546203485910e-01 9.404951753400623074e-04
6.229166666666666075e+00 9.921536397576684596e-01 -1.307026321685239405e-03
6.250000000000000000e+00 1.001948579351876534e+00 1.293204886039328279e-04
6.270833333333333037e+00 1.003608748662661032e+00 -1.432335565239599776e-03
6.291666666666666075e+00 9.988696820513758290e-01 7.657505228971177953e-04
6.312500000000000000e+00 9.884134882369358666e-01 2.060195497332311255e-04
6.333333333333333037e+00 9.883986986573150002e-01 -4.700608424434951269e-04
6.354166666666666075e+00 9.959343252848834593e-01 2.686691452533247152e-03
6.375000000000000000e+00 1.004236019337923169e+00 9.518063035947024655e-04
6.395833333333333037e+00 1.003678338251700941e+00 9.091604729436153715e-04
6.416666666666666075e+00 1.002250654624355031e+00 -2.224948993181513623e-03
6.437500000000000000e+00 1.011370585969211922e+00 2.110504774769485844e-04
6.458333333333333037e+00 1.014814386086415166e+00 3.527596530195336449e-04
6.479166666666666075e+00 1.010904691422700230e+00 -1.027726522543915113e-03
6.500000000000000000e+00 9.987798416973598936e-01 2.134711731410140426e-03
6.520833333333333037e+00 9.872835612893006152e-01 1.820224779814972422e-03
6.541666666666666075e+00 9.872290586046960081e-01 1.953622936312209046e-04
6.562500000000000000e+00 9.999607962784102799e-01 -2.946835269499620833e-04
6.583333333333333037e+00 1.018177391833815504e+00 -8.085220547559382768e-04
6.604166666666666075e+00 1.021509884358350773e+00 -3.262671749858282754e-04
6.625000000000000000e+00 1.024199654058254527e+00 3.177888282580270513e-04
6.645833333333333037e+00 1.009006051242510527e+00 -1.554723840158358725e-03
6.666666666666666075e+00 1.003379872915025839e+00 1.237245253801128107e-04
6.687500000000000000e+00 9.988453918386294150e-01 -1.265975715086582742e-03
6.708333333333333037e+00 9.876935844356922178e-01 -1.141501274573605233e-03
6.729166666666666075e+00 9.886169285805063156e-01 -8.825259261610698177e-04
6.750000000000000000e+00 9.992072241066396465e-01 1.765982360418338979e-03
6.770833333333333037e+00 1.011335159496223435e+00 -3.540394061981589333e-04
6.791666666666666075e+00 1.021327532260838389e+00 -1.002789873496500849e-03
6.812500000000000000e+00 1.022487746593215618e+00 -5.303760923952952370e-04
6.833333333333333037e+00 1.015944249192190840e+00 4.251842980686999307e-04
6.854166666666666075e+00 1.009215629321297047e+00 -1.392942956420197909e-03
6.875000000000000000e+00 1.005638551398112535e+00 -2.305962983244528273e-03
6.895833333333333037e+00 9.929211514199707267e-01 2.406904420591047741e-03
6.916666666666666075e+00 9.745457267922107425e-01 -8.561588287658764397e-04
6.937500000000000000e+00 9.684849503374461932e-01 3.762850034437737693e-04
6.958333333333333037e+00 9.697166209863694597e-01 2.664157183889924885e-04
6.979166666666666075e+00 9.856394823901467594e-01 3.448403672654871857e-04
7.000000000000000000e+00 9.848822443734298604e-01 -4.997369031242665342e-04
7.020833333333333037e+00 9.932571681438374656e-01 1.159427630751243537e-03
7.041666666666666075e+00 9.818531931464169471e-01 1.126244792251802559e-03
7.062500000000000000e+00 9.929047005452338315e-01 1.717933562250738866e-05
7.083333333333333037e+00 1.008148460087770371e+00 2.887311657957676234e-03
7.104166666666666075e+00 1.016425647207306771e+00 1.213065040359184108e-04
7.125000000000000000e+00 1.026520470703428334e+00 -5.291529537854974862e-05
7.145833333333333037e+00 1.022867017238348941e+00 -1.345375179574582200e-03
7.166666666666666075e+00 1.022243289056618432e+00 -1.490163875494481894e-03
7.187500000000000000e+00 1.006440531880146816e+00 -6.805112884267044667e-04
7.208333333333333037e+00 9.894448839126349649e-01 5.832154815856275968e-04
7.229166666666666075e+00 9.638598920522846170e-01 1.455064702954292702e-03
7.250000000000000000e+00 9.551429582573046639e-01 3.374937424207826364e-05
7.270833333333333037e+00 9.613829393306579929e-01 -3.230672991983793581e-04
7.291666666666666075e+00 9.935993021507655287e-01 2.054643917939438558e-05
7.312500000000000000e+00 1.008039031313096245e+00 4.398662873177916488e-04
7.333333333333333037e+00 1.014678803583375588e+00 3.379208966279106073e-03
7.354166666666666075e+00 1.010539949639695845e+00 -8.063229856779863302e-04
7.375000000000000000e+00 1.013133558749906848e+00 2.065722924235826197e-03
7.395833333333333037e+00 1.011744288627299149e+00 3.197147989313056833e-04
7.416666666666666075e+00 1.009319283282569701e+00 -4.079150777293847371e-04
7.437500000000000000e+00 1.004508883601013425e+00 1.248225229262050692e-03
7.458333333333333037e+00 9.976448443550879341e-01 2.424043817292520478e-05
7.479166666666666075e+00 9.997460192164951964e-01 2.144403204109358776e-03
7.500000000000000000e+00 9.960042791535892448e-01 2.989025518586445242e-03
7.520833333333333037e+00 9.921638394956227014e-01 -3.567629445483013872e-04
7.541666666666666075e+00 9.864836714638338666e-01 1.194147125079958547e-03
7.562500000000000000e+00 9.983134242225519817e-01 8.703848005585030408e-04
7.583333333333333037e+00 1.003226605124303505e+00 1.307273521016811798e-03
7.604166666666666075e+00 1.008426877668139987e+00 1.481746779805108438e-03
7.625000000000000000e+00 1.007277670571654848e+00 -9.881490120184617618e-04
7.645833333333333037e+00 9.987673085950744545e-01 -1.199093311282536239e-03
7.666666666666666075e+00 1.003435550829183009e+00 1.010321011698401151e-03
7.687500000000000000e+00 1.020620628269437891e+00 1.116050028560506549e-03
7.708333333333333037e+00 1.022663925500737259e+00 -3.416799239972415731e-04
7.729166666666666075e+00 1.007458940434289962e+00 -1.499456065051409711e-03
7.750000000000000000e+00 9.850616091191495283e-01 -8.973418807283877483e-04
7.770833333333333037e+00 9.604990225846536944e-01 -1.660693866561876704e-04
7.791666666666666075e+00 9.639118266736473872e-01 -1.494237571016930610e-03
7.812500000000000000e+00 9.816626335387005353e-01 -5.928954401484779212e-05
7.833333333333333037e+00 1.001032477863900372e+00 -2.833933007687903008e-04
7.854166666666666075e+00 1.015857894299663222e+00 3.257602008457686983e-04
7.875000000000000000e+00 1.020001330705010201e+00 -3.821129081622283517e-04
7.895833333333333037e+00 1.000923411407451225e+00 -1.078813703487966783e-06
7.916666666666666075e+00 9.915248378841599042e-01 -1.752408283948117627e-03
7.937500000000000000e+00 9.735087847792602833e-01 -2.375504661125890920e-04
7.958333333333333037e+00 9.621883988202690752e-01 1.889723510505040476e-04
7.979166666666666075e+00 9.632522964159213608e-01 -5.252528560962408050e-04
8.000000000000000000e+00 9.636514717843008837e-01 9.112226434866099690e-04
8.020833333333332149e+00 9.505796646971971242e-01 -5.589996058733338359e-04
8.041666666666666075e+00 9.379377608633067132e-01 -1.054661799552901891e-03
8.062500000000000000e+00 9.149283231998520671e-01 -1.288969527955199359e-03
8.083333333333332149e+00 9.130304165616216494e-01 -1.223144302647332336e-03
8.104166666666666075e+00 9.057432261260638384e-01 1.604412085750940358e-03
8.125000000000000000e+00 9.138539214695049484e-01 -1.857250826822063683e-03
8.145833333333332149e+00 9.058062617672707484e-01 -2.142562735727324315e-03
8.166666666666666075e+00 8.946542996323728625e-01 2.769130653627194108e-04
8.187500000000000000e+00 8.906821564638245370e-01 2.134803087296246787e-04
8.208333333333332149e+00 9.044482211335295174e-01 1.460901819242901292e-03
8.229166666666666075e+00 9.192735963426890144e-01 2.722135390612877314e-04
8.250000000000000000e+00 9.236534740800281806e-01 -2.000469197244825886e-03
8.270833333333332149e+00 9.226272249919260648e-01 -1.352486148195727140e-03
8.291666666666666075e+00 9.290408927223828828e-01 -2.183499864813065548e-03
8.312500000000000000e+00 9.331382746264879069e-01 -8.276227381541970260e-04
8.333333333333332149e+00 9.431246886888690062e-01 9.200115448387378037e-04
8.354166666666666075e+00 9.563085526728740682e-01 2.054938748360469157e-03
8.375000000000000000e+00 9.759768163692342791e-01 -1.940153523587468266e-04
8.395833333333332149e+00 1.001816744248115176e+00 -2.058717449833640661e-03
8.416666666666666075e+00 1.007261854419107650e+00 -7.301937852143042425e-04
8.437500000000000000e+00 1.001705647496574869e+00 -3.550259882727896908e-05
8.458333333333332149e+00 9.838515019003190032e-01 1.960286360095363516e-04
8.479166666666666075e+00 9.642384842264760669e-01 -1.155019360847413549e-03
8.500000000000000000e+00 9.559958965775900985e-01 -1.150597041831851949e-03
8.520833333333332149e+00 9.715189110270250339e-01 2.952159221563256664e-03
8.541666666666666075e+00 9.969377350929119475e-01 -5.405610912569880269e-04
8.562500000000000000e+00 1.006706265985511273e+00 8.187799667089802288e-05
8.583333333333332149e+00 1.004341770761874253e+00 7.094756520866411873e-04
8.604166666666666075e+00 9.892511319434211803e-01 -5.975208282152407856e-04
8.625000000000000000e+00 9.848974733822914995e-01 -2.020690965706254446e-04
8.645833333333332149e+00 9.858872452424424226e-01 2.196225603785230906e-04
8.666666666666666075e+00 9.894387331911624894e-01 4.486108091448827721e-04
8.687500000000000000e+00 9.905419175414184041e-01 -2.408100821091379174e-03
8.708333333333332149e+00 9.952902506340913780e-01 -1.525436573502411816e-03
8.729166666666666075e+00 9.952495731672832413e-01 1.389259954901858000e-03
8.750000000000000000e+00 1.001749543003592091e+00 1.938057286115404130e-03
8.770833333333332149e+00 1.004014844051579258e+00 1.029237736194630985e-03
8.791666666666666075e+00 1.007713511708027143e+00 1.594502061206225501e-04
8.812500000000000000e+00 1.016099653580837758e+00 1.715178129914174507e-04
8.833333333333332149e+00 1.023853377468763037e+00 1.399010068162976359e-03
8.854166666666666075e+00 1.018847981738054020e+00 9.725403535229546533e-04
8.875000000000000000e+00 1.013094060632509175e+00 8.700150087511288608e-04
8.895833333333332149e+00 1.011296215303580937e+00 -7.853081855957196435e-04
8.916666666666666075e+00 1.023009856087022218e+00 -1.185839643608665658e-03
8.937500000000000000e+00 1.042752275834547993e+00 -1.227832010992067815e-03
8.958333333333332149e+00 1.038830432161843120e+00 -1.272698853032885272e-04
8.979166666666666075e+00 1.019140827035601271e+00 -1.391604972078621652e-03
9.000000000000000000e+00 9.907396185457756355e-01 -1.967752213936447680e-03
9.020833333333332149e+00 9.739770898555754064e-01 -1.697923676525700260e-04
9.041666666666666075e+00 9.649337009351397487e-01 -2.814366203175382012e-04
9.062500000000000000e+00 9.758071587693738502e-01 -8.470694319074352017e-06
9.083333333333332149e+00 9.835008991028483250e-01 2.244540300220072056e-03
9.104166666666666075e+00 9.822108443943970979e-01 2.186895054264514655e-03
9.125000000000000000e+00 9.799882955488499192e-01 -1.612709130578699856e-04
9.145833333333332149e+00 9.714068449730498545e-01 -6.404278202164920015e-04
9.166666666666666075e+00 9.687195520854362529e-01 2.569793501363400678e-04
9.187500000000000000e+00 9.708393855971244601e-01 2.429885722533667997e-03
9.208333333333332149e+00 9.819752194246216259e-01 1.434548952149225032e-03
9.229166666666666075e+00 9.956518284593902646e-01 1.235719057170323303e-03
9.250000000000000000e+00 1.004049978705968682e+00 1.417924786732388748e-03
9.270833333333332149e+00 1.014575367897248226e+00 2.096636146654911551e-03
9.291666666666666075e+00 1.023810759266334580e+00 1.548561468514654592e-04
9.312500000000000000e+00 1.032048621376427278e+00 7.577162376660480500e-04
9.333333333333332149e+00 1.031409421362455614e+00 3.394639440457266548e-04
9.354166666666666075e+00 1.033461528281820030e+00 -1.094389864819207431e-03
9.375000000000000000e+00 1.024943799722917603e+00 2.233528247127792817e-04
9.395833333333332149e+00 1.002268466978813555e+00 -5.545006746324409284e-04
9.416666666666666075e+00 9.895579583685958358e-01 -1.666023202627690001e-03
9.437500000000000000e+00 9.917326102959729273e-01 6.334848015671053559e-04
9.458333333333332149e+00 9.951156952924388177e-01 1.538580836679238699e-04
9.479166666666666075e+00 1.013666743540573290e+00 -6.915844139418864621e-05
9.500000000000000000e+00 1.015000983384030109e+00 2.179956554432623331e-03
9.520833333333332149e+00 1.023874475377733351e+00 -1.343211219260955717e-03
9.541666666666666075e+00 1.022876855563802367e+00 -1.329110832692047793e-03
9.562500000000000000e+00 1.020199864159968328e+00 -9.540544984206574995e-05
9.583333333333332149e+00 1.015504425040670178e+00 -6.425126329740370396e-04
9.604166666666666075e+00 1.006163963063681832e+00 -3.547600726888113756e-04
9.625000000000000000e+00 9.960212906311237679e-01 -2.557481346767577664e-03
9.645833333333332149e+00 9.844565641967095715e-01 1.826158208657018564e-03
9.666666666666666075e+00 9.885115052296622462e-01 -8.293372573087809223e-04
9.687500000000000000e+00 9.802614731129117853e-01 -7.611015132497007995e-04
9.708333333333332149e+00 9.837753092396041010e-01 6.063230040774912491e-04
9.729166666666666075e+00 9.852102816219393544e-01 1.135255523980041809e-03
9.750000000000000000e+00 1.002947986219713927e+00 -3.724122275348376219e-04
9.770833333333332149e+00 1.014788408052133883e+00 3.976234505485053486e-04
9.791666666666666075e+00 1.014334698945953184e+00 1.463402238782804442e-03
9.812500000000000000e+00 1.009119533663319412e+00 7.330368088390785660e-04
9.833333333333332149e+00 9.901105074222379399e-01 6.124642768561614598e-05
9.854166666666666075e+00 9.770501345631829038e-01 2.048639848296997853e-03
9.875000000000000000e+00 9.855880335612551280e-01 -1.726627799701411538e-03
9.895833333333332149e+00 9.903110816082123513e-01 1.002638801526066579e-03
9.916666666666666075e+00 9.953990228398124085e-01 1.170388166333928472e-03
9.937500000000000000e+00 9.947671768828938443e-01 4.285692055883420955e-04
9.958333333333332149e+00 1.000498875010191968e+00 -1.547261246972774559e-03
9.979166666666666075e+00 1.002328191882769337e+00 6.743773051392391643e-04
1.000000000000000000e+01 1.002286692112814404e+00 -1.269057353875424057e-03
1.002083333333333215e+01 1.003149941167645220e+00 -9.805259688486563259e-05
1.004166666666666607e+01 1.005575711301515129e+00 -1.736284916795481593e-03
1.006250000000000000e+01 1.000543325529051453e+00 1.281601725859865537e-03
1.008333333333333215e+01 1.003516912865099808e+00 4.739646309885352704e-05
1.010416666666666607e+01 1.003174305353185192e+00 1.538727710360066926e-03
1.012500000000000000e+01 1.008620147317336624e+00 6.953123224800237092e-04
1.014583333333333215e+01 1.024299501710356441e+00 9.908423421321583494e-04
1.016666666666666607e+01 1.035633053945379967e+00 -1.040577703076685408e-03
1.018750000000000000e+01 1.041701410790344839e+00 -3.826938511312396284e-04
1.020833333333333215e+01 1.037351141272871535e+00 -5.130798867995672082e-04
1.022916666666666607e+01 1.003341030937362710e+00 6.432467089887460628e-04
1.025000000000000000e+01 9.832531812807335792e-01 1.155462744105138241e-04
1.027083333333333215e+01 9.718652812068162561e-01 7.180043018902679437e-04
1.029166666666666607e+01 9.834331725946663383e-01 -1.983217050371282892e-04
1.031250000000000000e+01 9.812613308509825494e-01 3.911401685387451335e-04
1.033333333333333215e+01 9.737214914882140748e-01 1.263978499781335044e-03
1.035416666666666607e+01 9.693962345555149351e-01 2.951410198523545490e-03
1.037500000000000000e+01 9.712892439718826543e-01 6.076049278896364153e-04
1.039583333333333215e+01 9.810893385476774364e-01 4.333585454386636431e-04
1.041666666666666607e+01 9.994468368571651773e-01 1.338486792923356482e-04
1.043750000000000000e+01 1.009095731613660618e+00 -4.574390566304105616e-04
1.045833333333333215e+01 1.020469976877338425e+00 5.427857062039088834e-04
1.047916666666666607e+01 1.034127764739296129e+00 -9.742018039897432221e-05
1.050000000000000000e+01 1.035747260873119524e+00 -1.142104496849900537e-03
1.052083333333333215e+01 1.037012617579201157e+00 -2.021703157659754738e-03
1.054166666666666607e+01 1.038208524736331517e+00 3.269486147891518526e-04
1.056250000000000000e+01 1.032607637775589504e+00 -2.815987821306221647e-03
1.058333333333333215e+01 1.028783758211442301e+00 -6.974926405233370296e-04
1.060416666666666607e+01 1.022328151171139066e+00 1.444579908681165340e-03
1.062500000000000000e+01 1.006607572466950762e+00 6.086517307181320367e-04
1.064583333333333215e+01 9.923375827967078067e-01 2.556910673162833005e-04
1.066666666666666607e+01 9.886744255774430057e-01 2.479161300784774816e-03
1.068750000000000000e+01 9.873046477190884351e-01 5.900181322387079274e-04
1.070833333333333215e+01 9.983874788395405986e-01 -5.383704797429813812e-05
1.072916666666666607e+01 9.917842572563586589e-01 -3.346829370484416533e-04
1.075000000000000000e+01 9.781675421259008463e-01 -1.373125994470952415e-03
1.077083333333333215e+01 9.678280968887736924e-01 6.460052443467974130e-04
1.079166666666666607e+01 9.644370173967485860e-01 1.563990965580856502e-03
1.081250000000000000e+01 9.730270118693487014e-01 -2.248663678059887022e-03
1.083333333333333215e+01 9.850097535905373292e-01 1.578160888988193499e-03
1.085416666666666607e+01 9.779125884944440683e-01 -1.259409696580077436e-03
1.087500000000000000e+01 9.827112896891830873e-01 1.481628586601151142e-03
1.089583333333333215e+01 9.887544506837596670e-01 -6.098655696849906039e-04
1.091666666666666607e+01 1.001123577854335478e+00 1.554936069758245222e-03
1.093750000000000000e+01 1.009544418621969530e+00 9.793361727240791018e-04
1.095833333333333215e+01 1.008832216681326610e+00 2.590337322534891438e-03
1.097916666666666607e+01 1.012740864251739037e+00 -1.235452665060359596e-03
1.100000000000000000e+01 1.024282250192467325e+00 2.516274502459443503e-04
1.102083333333333215e+01 1.030978362244219237e+00 -1.258467648448305777e-03
1.104166666666666607e+01 1.028517236444607130e+00 -7.590544383465713894e-04
1.106250000000000000e+01 1.012156818907707256e+00 8.401733810764285449e-05
1.108333333333333215e+01 9.982934054184782191e-01 -2.305804717697744390e-03
1.110416666666666607e+01 9.918878100950936361e-01 -5.612178717781895988e-04
1.112500000000000000e+01 9.995881604616075888e-01 3.269059692885930755e-04
1.114583333333333215e+01 1.001250475070355694e+00 -1.456859329323229946e-03
1.116666666666666607e+01 1.002939891934096828e+00 8.501971312587487347e-05
1.118750000000000000e+01 1.001769653383347780e+00 -9.799797538346912470e-04
1.120833333333333215e+01 1.012622076135301086e+00 1.208873265716368462e-03
1.122916666666666607e+01 1.021480838848443096e+00 3.951173054852384018e-04
1.125000000000000000e+01 1.026322007783835977e+00 1.909443664447998392e-03
1.127083333333333215e+01 1.025258173875385204e+00 -2.840719259323084178e-04
1.129166666666666607e+01 1.019246874441815498e+00 1.960591355295919854e-05
1.131250000000000000e+01 1.015883849652889692e+00 -1.295645797235979706e-03
1.133333333333333215e+01 1.005518190900543729e+00 -1.076519109515820631e-03
1.135416666666666607e+01 9.981226519430365096e-01 2.106269181426742142e-03
1.137500000000000000e+01 9.870440881639169772e-01 -1.922995182751290055e-03
1.139583333333333215e+01 9.915939199552127326e-01 1.362336426992444239e-03
1.141666666666666607e+01 1.007005082996788037e+00 -1.989939058876395109e-03
1.143750000000000000e+01 1.015333413112363470e+00 -2.685420021804221617e-04
1.145833333333333215e+01 1.015635305166841418e+00 1.692173903823444956e-04
1.147916666666666607e+01 1.005865371546208697e+00 1.558477515424088562e-03
1.150000000000000000e+01 1.004935665867851879e+00 -2.918218668943102934e-04
1.152083333333333215e+01 1.009188769004831343e+00 -6.088974414716252694e-04
1.154166666666666607e+01 1.006092820894027851e+00 3.863519605556779138e-04
1.156250000000000000e+01 1.002893219406624459e+00 2.651132833300643386e-03
1.158333333333333215e+01 9.827935731200344582e-01 1.559351677053078368e-03
1.160416666666666607e+01 9.741647290930716130e-01 -9.179575564762854686e-04
1.162500000000000000e+01 9.762508235697816561e-01 -2.237759506473360402e-03
1.164583333333333215e+01 9.754522438321809874e-01 -8.826254241163178577e-04
1.166666666666666607e+01 9.714847659863397045e-01 7.805124846526854130e-04
1.168750000000000000e+01 9.771839424379098471e-01 1.069474629114179967e-03
1.170833333333333215e+01 9.695937668685706834e-01 1.561069139000742338e-03
1.172916666666666607e+01 9.778875097680002071e-01 -1.911175280633978495e-03
1.175000000000000000e+01 9.880223790276303486e-01 5.789324643950074676e-04
1.177083333333333215e+01 9.941345180460582354e-01 1.729085999526906985e-03
1.179166666666666607e+01 1.001472877172207898e+00 -2.479626702586119023e-03
1.181250000000000000e+01 1.009582614593689920e+00 -1.155096866515151720e-03
1.183333333333333215e+01 1.017026102782176755e+00 -2.319538421887387035e-05
1.185416666666666607e+01 1.026841101244467369e+00 -4.962726269356714220e-04
1.187500000000000000e+01 1.027042974109763973e+00 1.063805112611192368e-04
1.189583333333333215e+01 1.021455044745585905e+00 1.365773752924195460e-03
1.191666666666666607e+01 1.023079917978229725e+00 -2.150100921943809711e-04
1.193750000000000000e+01 1.021146456330709995e+00 -1.130042946612035224e-03
1.195833333333333215e+01 1.019715448264128188e+00 1.431617466010153038e-03
1.197916666666666607e+01 1.018124617992558933e+00 2.132885033270015391e-05
1.200000000000000000e+01 1.018444177971268072e+00 8.400798202515957899e-04
1.202083333333333215e+01 1.022506655913282048e+00 1.919221047826905665e-03
1.204166666666666607e+01 1.032925831238368009e+00 -7.255104891395949959e-04
1.206250000000000000e+01 1.031704793148260579e+00 -4.064836166035590281e-04
1.208333333333333215e+01 1.008862724064975680e+00 -2.073844442490181249e-04
1.210416666666666607e+01 1.001530829034649406e+00 -7.449354724757391516e-04
1.212500000000000000e+01 9.940866996669357469e-01 -1.703208942667363819e-04
1.214583333333333215e+01 1.005014019596569552e+00 2.028528239167438874e-04
1.216666666666666607e+01 1.011166198916134906e+00 -5.821642278795967351e-04
1.218750000000000000e+01 1.005377665460217340e+00 -4.057175867339274399e-04
1.220833333333333215e+01 9.943847472390100473e-01 -1.364237678551452572e-03
1.222916666666666607e+01 9.888102266630015569e-01 2.315001431146469129e-04
1.225000000000000000e+01 9.937724610131304370e-01 -5.123389472385149338e-04
1.227083333333333215e+01 9.943642642907635221e-01 -2.837210389788659957e-04
1.229166666666666607e+01 9.956065148053515612e-01 2.855188324606477914e-04
1.231250000000000000e+01 9.871547290137001607e-01 4.073649007913594301e-04
1.233333333333333215e+01 9.847518534907147014e-01 9.971298376340084063e-04
1.235416666666666607e+01 9.837987572435352712e-01 2.538161038563218307e-03
1.237500000000000000e+01 9.889328734235723894e-01 1.085380432953605658e-04
1.239583333333333215e+01 9.896735656075862364e-01 -1.081515719398766376e-03
1.241666666666666607e+01 1.000632951582367980e+00 6.736505492864349430e-04
1.243750000000000000e+01 1.010706495777813352e+00 1.936187917390705740e-03
1.245833333333333215e+01 1.015337871133895176e+00 1.019850931061633270e-03
1.247916666666666607e+01 1.014269396646576782e+00 -8.669720247750198512e-04
1.452083333333333215e+01 1.028538644746585629e+00 1.529917016821658645e-03
1.454166666666666607e+01 1.034299924642928747e+00 -1.883628995625465194e-04
1.456250000000000000e+01 1.024707137326623885e+00 1.567009820165252837e-03
1.458333333333333215e+01 1.021166346873786379e+00 -2.090628651855888902e-03
1.460416666666666607e+01 1.015257118072667719e+00 -7.412492103443086254e-04
1.462500000000000000e+01 1.026263837351016228e+00 1.615586563196150162e-04
1.464583333333333215e+01 1.038066066690642719e+00 -2.183892483533112633e-03
1.466666666666666607e+01 1.036866861118789451e+00 1.854992668647174924e-03
1.468750000000000000e+01 1.017473409034078902e+00 -5.273558659674311942e-04
1.470833333333333215e+01 9.983552437372896771e-01 -5.946683160398080585e-04
1.472916666666666607e+01 9.905524399374490141e-01 -7.225158799390883537e-04
1.475000000000000000e+01 9.885579143945057989e-01 -9.910471800435912554e-04
1.477083333333333215e+01 9.899764126599127634e-01 -2.248838965331610620e-03
1.479166666666666607e+01 9.848833774344852854e-01 4.657882908214747782e-04
1.481250000000000000e+01 9.862707679743816236e-01 1.896104436424754860e-03
1.483333333333333215e+01 9.947792845583224297e-01 6.930143548298090244e-04
1.485416666666666607e+01 1.007268105479127263e+00 1.498678144811443902e-03
1.487500000000000000e+01 1.021512463928882397e+00 -9.096574100691096586e-04
1.489583333333333215e+01 1.020438185956944910e+00 -1.167020753014492941e-03
1.491666666666666607e+01 1.018416374631062382e+00 -6.835079230665666236e-04
1.493750000000000000e+01 1.011448831824124150e+00 1.202244675773188592e-03
1.495833333333333215e+01 1.001143174899992827e+00 1.809408563715514298e-04
1.497916666666666607e+01 9.993139092288364500e-01 5.002280475816776612e-04
1.500000000000000000e+01 9.924405203595370040e-01 -1.561047212910837917e-03
1.502083333333333215e+01 9.913774623252791240e-01 -8.449076922953706814e-05
1.504166666666666607e+01 9.990339969800461351e-01 6.211965742923332727e-04
1.506250000000000000e+01 1.001854177887139041e+00 -3.683808479906021285e-04
1.508333333333333215e+01 9.869653953816495129e-01 -4.829176462464708584e-04
1.510416666666666607e+01 9.669770392965681971e-01 -1.408068897032567534e-03
1.512500000000000000e+01 9.571429640961534036e-01 -2.219142914975186232e-03
1.514583333333333215e+01 9.686879655614824003e-01 6.873440808308831356e-05
1.516666666666666607e+01 9.842377777804138805e-01 2.571204435852113626e-03
1.518750000000000000e+01 9.962285461111530793e-01 3.738628562918580589e-03
1.520833333333333215e+01 9.963675261051546661e-01 -3.701123211867349792e-03
1.522916666666666607e+01 1.004232713037281899e+00 -2.487662029097308298e-04
1.525000000000000000e+01 1.013582197509231397e+00 -1.524983842834978180e-03
1.527083333333333215e+01 1.013802701613832014e+00 -9.576155170940245940e-04
1.529166666666666607e+01 1.009425256469232313e+00 1.195486283300913272e-03
1.531250000000000000e+01 1.007131152499872506e+00 1.771040746107291168e-03
1.533333333333333215e+01 1.010126432735528823e+00 -2.049941959540764122e-03
1.535416666666666607e+01 1.025285437064343608e+00 -5.451339169332961639e-04
1.537500000000000000e+01 1.030359633403300945e+00 3.057246989493373206e-04
1.539583333333333215e+01 1.029744539762937894e+00 -2.796102497245179347e-04
1.541666666666666607e+01 1.019339002044814757e+00 1.756922053137848893e-03
1.543750000000000000e+01 1.010143536877549320e+00 -1.811105918131624467e-03
1.545833333333333215e+01 1.013466367184356454e+00 -1.879089818080767780e-05
1.547916666666666607e+01 1.013675510774499022e+00 1.741435864315991552e-03
1.550000000000000000e+01 9.989629539817138637e-01 -1.153891590108128366e-03
1.552083333333333215e+01 9.903911139342361780e-01 8.875188633428172762e-04
1.554166666666666607e+01 9.955115239257843474e-01 4.302436429040666470e-05
1.556250000000000000e+01 1.012554029248755372e+00 2.436104955929223499e-03
1.558333333333333215e+01 1.030514556924939429e+00 -1.409621775503166466e-03
1.560416666666666607e+01 1.033863792117102332e+00 -3.654106348435066888e-04
1.562500000000000000e+01 1.019595413423016961e+00 -9.226787441549041653e-04
1.564583333333333215e+01 1.003256551000668795e+00 6.957228467881124937e-05
1.566666666666666607e+01 9.894345780444832039e-01 -1.576350241603449286e-03
1.568750000000000000e+01 9.820671662572006966e-01 -1.437285532501520260e-03
1.570833333333333215e+01 9.851185212362610910e-01 -2.179973614348601431e-04
1.572916666666666607e+01 9.922274566191927603e-01 1.469213428669528072e-03
1.575000000000000000e+01 9.973187764127094956e-01 -1.070042836954302520e-03
1.577083333333333215e+01 1.009702590882654460e+00 -2.690900196023323309e-04
1.579166666666666607e+01 9.996856477680722275e-01 4.701009496358263978e-04
1.581250000000000000e+01 9.907907371127679941e-01 9.148898016943409059e-04
1.583333333333333215e+01 9.910194212119586288e-01 1.322500894743445024e-03
1.585416666666666607e+01 9.980423162882838817e-01 -9.435006564065198534e-04
1.587500000000000000e+01 1.017006434998244169e+00 6.530691193227847711e-04
1.589583333333333215e+01 1.021943368424030218e+00 -2.009715777030629156e-04
1.591666666666666607e+01 1.010324272598188911e+00 6.721282086925204041e-05
1.593750000000000000e+01 1.002248568360446512e+00 2.093851318549017765e-03
1.595833333333333215e+01 9.932993006985039175e-01 -7.551591486615519657e-04
1.597916666666666607e+01 9.985445707972969709e-01 1.483508729837991176e-03
1.600000000000000000e+01 1.001754059890799464e+00 -4.028201933653905082e-04
1.602083333333333215e+01 9.927646669269483137e-01 1.090564027908706842e-03
1.604166666666666430e+01 9.807369652660330450e-01 -1.385233275074109795e-03
1.606250000000000000e+01 9.691731497246001137e-01 2.509082740644275229e-03
1.608333333333333215e+01 9.745968481744262668e-01 1.658415709264365878e-03
1.610416666666666430e+01 9.872438306579520706e-01 7.314810043288046473e-04
1.612500000000000000e+01 9.888194501255754831e-01 2.445257143249359474e-04
1.614583333333333215e+01 9.948794014446015188e-01 -1.885038752343491230e-03
1.616666666666666430e+01 9.921686405940103315e-01 -4.051338759697382182e-04
1.618750000000000000e+01 9.891340371038856993e-01 2.079631378531429642e-05
1.620833333333333215e+01 9.912665941924463375e-01 2.588034947658162028e-04
1.622916666666666430e+01 9.969650610945374192e-01 1.806774944535627153e-03
1.625000000000000000e+01 1.009683654229806882e+00 1.054753568652812409e-03
1.627083333333333215e+01 1.022283860369272768e+00 -1.255635190811871900e-03
1.629166666666666430e+01 1.033813060850453880e+00 4.498334176337600546e-04
1.631250000000000000e+01 1.039142980488226398e+00 2.505330998427924161e-03
1.633333333333333215e+01 1.027597362519961033e+00 6.559373478536528832e-04
1.635416666666666430e+01 1.020692419689090746e+00 3.874462837718246184e-04
1.637500000000000000e+01 1.022147564255041274e+00 1.450960106159701092e-03
1.639583333333333215e+01 1.030561670912710115e+00 5.492859964800566154e-05
1.641666666666666430e+01 1.041058767830163045e+00 -2.608799296995382901e-03
1.643750000000000000e+01 1.040952603091318984e+00 -4.805035012093905773e-04
1.645833333333333215e+01 1.025387518124026398e+00 1.129178025593829569e-03
1.647916666666666430e+01 1.023946852140138697e+00 2.177034659510236787e-03
1.650000000000000000e+01 1.008603663055537725e+00 -1.188235876177258727e-03
1.652083333333333215e+01 9.958149583554333217e-01 1.295482880128636131e-03
1.654166666666666430e+01 9.799145234536925653e-01 4.451352429095589355e-04
1.656250000000000000e+01 9.808917948598003811e-01 -5.093379673947964368e-04
1.658333333333333215e+01 9.767313151520552461e-01 6.820657489659151486e-04
1.660416666666666430e+01 9.899479471606250636e-01 -1.781271051348388610e-04
1.662500000000000000e+01 9.946318155029024721e-01 1.561573196350340411e-03
1.664583333333333215e+01 9.791734010247343800e-01 -1.038650875891077453e-03
1.666666666666666430e+01 9.767113637068846055e-01 2.552530942657865731e-04
1.668750000000000000e+01 9.747604939672164237e-01 2.270340642586404691e-03
1.670833333333333215e+01 9.784236008571430832e-01 -8.233275569302782619e-04
1.672916666666666430e+01 9.859475174892199378e-01 -4.864741496362072655e-04
1.675000000000000000e+01 9.917608605983767589e-01 -1.631044589397350700e-03
1.677083333333333215e+01 1.003813519130861476e+00 2.235169588869035523e-03
1.679166666666666430e+01 1.010124587521171735e+00 -2.726811176323408990e-03
1.681250000000000000e+01 1.026422656951054391e+00 -1.056006999015389117e-04
1.683333333333333215e+01 1.034309577306491867e+00 1.155615430624728612e-03
1.685416666666666430e+01 1.021662290129810913e+00 -2.549577228094865831e-03
1.687500000000000000e+01 1.007032261852794930e+00 -8.567986867092070545e-04
1.689583333333333215e+01 9.978085916509911169e-01 -3.484744691015073247e-05
1.691666666666666430e+01 9.887927480062779217e-01 1.843937808121983097e-03
1.693750000000000000e+01 9.837893060732613160e-01 -1.048671794511428154e-03
1.695833333333333215e+01 9.866981417997927606e-01 -1.422503353714683937e-03
1.697916666666666430e+01 9.856225536858300718e-01 3.431349388186447167e-03
1.700000000000000000e+01 9.951004027655804274e-01 -1.567273563076704073e-03
1.702083333333333215e+01 9.955672705425538949e-01 -7.544133119988496094e-04
1.704166666666666430e+01 9.904295640023944580e-01 5.220803358911179411e-04
1.706250000000000000e+01 9.816225382744380168e-01 3.339860459845494308e-04
1.708333333333333215e+01 9.775880991896026551e-01 6.263405934126191430e-04
1.710416666666666430e+01 9.891069734734019292e-01 -1.109037613511752686e-03
1.712500000000000000e+01 1.002628174231873004e+00 -3.219695669288773991e-04
1.714583333333333215e+01 1.013722271409798648e+00 -5.922228981547969642e-05
1.716666666666666430e+01 1.022059893188171031e+00 2.516103469656855510e-04
1.718750000000000000e+01 1.024667767237474214e+00 -1.596528605894689942e-03
1.720833333333333215e+01 1.029320639757159928e+00 -1.184798739213944758e-03
1.722916666666666430e+01 1.028318289926490214e+00 8.128251377173876082e-04
1.725000000000000000e+01 1.023267155151128982e+00 1.840371603888982591e-03
1.727083333333333215e+01 1.022507830142461716e+00 3.868399011996512412e-04
1.729166666666666430e+01 1.025107483684947862e+00 -1.858419111638307366e-03
1.731250000000000000e+01 1.036010496455092467e+00 -2.558209616343965105e-03
1.733333333333333215e+01 1.045405139629736357e+00 1.185839260719933437e-03
1.735416666666666430e+01 1.041819644412246060e+00 -3.699357587232770237e-04
1.737500000000000000e+01 1.020266944754803840e+00 -6.554561633162792359e-04
1.739583333333333215e+01 1.003375514805659341e+00 7.335071246586909177e-04
1.741666666666666430e+01 9.920691915792017035e-01 -6.994808961390167707e-04
1.743750000000000000e+01 9.823852895876434843e-01 1.700310961305556007e-03
1.745833333333333215e+01 9.820718251049191938e-01 -3.434198850975987011e-03
1.747916666666666430e+01 9.869785485346218579e-01 1.085306581906045776e-04
1.750000000000000000e+01 9.849307589674684005e-01 1.854939920075777179e-03
1.752083333333333215e+01 9.941990816410209986e-01 2.923086288479846435e-03
1.754166666666666430e+01 1.002124904514992032e+00 -2.096822971600581162e-03
1.756250000000000000e+01 1.006113623955306124e+00 -1.120524953858706126e-03
1.758333333333333215e+01 1.006786993158416577e+00 1.307507150658754694e-04
1.760416666666666430e+01 9.966935445760418677e-01 -1.836491233599738069e-03
1.762500000000000000e+01 9.912155227755019560e-01 -3.808877076002651122e-04
1.764583333333333215e+01 9.874829283138432112e-01 -6.195452319124564611e-04
1.766666666666666430e+01 9.790626639254278452e-01 1.245534509462453959e-03
1.768750000000000000e+01 9.815974331745763726e-01 7.595059489810300967e-04
1.770833333333333215e+01 9.918747623202719410e-01 -8.240855124443133371e-04
1.772916666666666430e+01 9.980285759332342410e-01 6.315704870672203498e-04
1.775000000000000000e+01 9.989281649121659612e-01 1.133934986675857624e-03
1.777083333333333215e+01 9.843096802193066486e-01 -2.351509257771913135e-04
1.779166666666666430e+01 9.595536926952482615e-01 -2.080463252043748996e-03
1.781250000000000000e+01 9.511161908700332956e-01 8.442603005679886813e-05
1.783333333333333215e+01 9.670955775938260279e-01 5.806949205372213130e-05
1.785416666666666430e+01 9.940715173148546580e-01 1.575105247736096649e-03
1.787500000000000000e+01 1.007773366457183073e+00 -1.934782360563798128e-03
1.789583333333333215e+01 1.009060741077804746e+00 -9.432694770853414451e-04
1.791666666666666430e+01 1.007734159322566381e+00 -1.475011561315766034e-03
1.793750000000000000e+01 1.008900460812839794e+00 2.753894602740224705e-04
1.795833333333333215e+01 1.016636960184285288e+00 1.095558166768187099e-03
1.797916666666666430e+01 1.029512447379130835e+00 -1.956689443517364065e-03
1.800000000000000000e+01 1.034927131740978501e+00 4.203381498312909557e-04
1.802083333333333215e+01 1.033944814421885239e+00 8.191422149427216330e-04
1.804166666666666430e+01 1.038456333354269345e+00 4.289028450329023163e-04
1.806250000000000000e+01 1.033893834724418204e+00 4.118619751114560644e-04
1.808333333333333215e+01 1.030304115907667795e+00 -1.184847005501685419e-03
1.810416666666666430e+01 1.017455200281877303e+00 -1.830648649639627507e-03
1.812500000000000000e+01 1.024604178508390140e+00 5.413431930100925113e-04
1.814583333333333215e+01 1.022644152090757652e+00 -2.190929510099567067e-03
1.816666666666666430e+01 1.027279530124520779e+00 -1.247112586236892020e-03
1.818750000000000000e+01 1.015841157025456187e+00 -7.997636465316900487e-04
1.820833333333333215e+01 1.003217715102137975e+00 3.612499813698221134e-04
1.822916666666666430e+01 9.972770665907355614e-01 -7.623040686328069011e-04
1.825000000000000000e+01 9.990505689273869727e-01 1.273785710272023423e-03
1.827083333333333215e+01 9.987176484992394965e-01 6.076223469576429317e-05
1.829166666666666430e+01 9.911146509999599896e-01 -8.953760619384151451e-04
1.831250000000000000e+01 9.834873411999078829e-01 4.151830970626373997e-04
1.833333333333333215e+01 9.725434471798735103e-01 5.503512376967724514e-04
1.835416666666666430e+01 9.743928044341421124e-01 1.208826109246518492e-04
1.837500000000000000e+01 9.904090161565199946e-01 2.545387992340787480e-05
1.839583333333333215e+01 1.006027325369878378e+00 2.385449356320442922e-04
1.841666666666666430e+01 1.013610382040665892e+00 -1.343625101141430285e-03
1.843750000000000000e+01 1.021451605999836643e+00 2.998804029915542796e-04
1.845833333333333215e+01 1.021221284712805488e+00 -4.850946403858354930e-04
1.847916666666666430e+01 1.009889245064133467e+00 7.304635938063404593e-04
1.850000000000000000e+01 9.935746732249735036e-01 6.946843442544682395e-04
1.852083333333333215e+01 9.707933756120760149e-01 1.072808976292308029e-03
1.854166666666666430e+01 9.666542760537888412e-01 -8.087482095591800972e-04
1.856250000000000000e+01 9.775886346995480425e-01 -1.933930240962414889e-03
1.858333333333333215e+01 9.847872220737865501e-01 1.946049589442546681e-03
1.860416666666666430e+01 9.747386068594759978e-01 -6.111306228323620587e-04
1.862500000000000000e+01 9.614510742397379683e-01 -1.296659782609354845e-03
1.864583333333333215e+01 9.579546026198768605e-01 1.616185746695122905e-04
1.866666666666666430e+01 9.699644308107369106e-01 1.107975150233093221e-04
1.868750000000000000e+01 9.881230077412891388e-01 -1.225259525537205631e-04
1.870833333333333215e+01 9.970152770567332068e-01 -1.057637723176113771e-03
1.872916666666666430e+01 1.004077811793557817e+00 -5.805516773456495180e-04
1.875000000000000000e+01 1.008442227660468982e+00 -1.324249621331747119e-03
1.877083333333333215e+01 1.015277816054523052e+00 1.742848290414017454e-04
1.879166666666666430e+01 1.027990176769676633e+00 -4.214024107041397797e-04
1.881250000000000000e+01 1.045304203169315160e+00 -2.078126822284695648e-03
1.883333333333333215e+01 1.057362891939734650e+00 -6.049154369645015064e-04
1.885416666666666430e+01 1.056716713872411617e+00 1.131335182807252432e-03
1.887500000000000000e+01 1.052265695673342716e+00 -2.764208692653743484e-04
1.889583333333333215e+01 1.034851508729137892e+00 -1.232943280910159083e-03
1.891666666666666430e+01 1.022783609173516073e+00 5.763030859564163025e-05
1.893750000000000000e+01 1.009871984567580538e+00 1.327738107921575287e-03
1.895833333333333215e+01 1.023003920786485388e+00 2.064109096602990100e-03
1.897916666666666430e+01 1.026803719522334957e+00 3.402356766837087796e-04
1.900000000000000000e+01 1.028302233806863475e+00 -1.713359082128132222e-03
1.902083333333333215e+01 1.011392617319395892e+00 1.835860029774509170e-03
1.904166666666666430e+01 9.986504410839882606e-01 -1.098927502970217481e-04
1.906250000000000000e+01 9.960762507390001907e-01 -2.001144579585544328e-03
1.908333333333333215e+01 1.002609113176382349e+00 -1.543257056805155767e-03
1.910416666666666430e+01 1.001603581040293012e+00 -8.142160077465306154e-04
1.912500000000000000e+01 9.887558274294431238e-01 -6.825791561477685416e-04
1.914583333333333215e+01 9.676359487125694159e-01 2.765280360076210445e-04
1.916666666666666430e+01 9.494493091060226542e-01 9.537695498953201786e-04
1.918750000000000000e+01 9.462043588133316474e-01 1.015986759415874558e-03
1.920833333333333215e+01 9.544682569404194794e-01 1.102296610358753778e-03
1.922916666666666430e+01 9.725760827153182575e-01 -2.050646110327899747e-03
1.925000000000000000e+01 9.853819263709050480e-01 5.149698386458000446e-04
1.927083333333333215e+01 1.003098519453992754e+00 3.175462553849844123e-04
1.929166666666666430e+01 1.017212868623524669e+00 -5.627318059528067475e-05
1.931250000000000000e+01 1.019405690510496010e+00 9.773554623097586817e-04
1.933333333333333215e+01 1.029495852728936178e+00 1.439476197735824268e-04
1.935416666666666430e+01 1.026237173196422381e+00 1.535393207823267082e-04
1.937500000000000000e+01 1.022943626337312839e+00 -7.999067288297459803e-04
1.939583333333333215e+01 1.024840391080282131e+00 -4.087103961994986733e-04
1.941666666666666430e+01 1.016903532127488186e+00 -1.072397560435059389e-04
1.943750000000000000e+01 1.001237588370618825e+00 -7.289203911327815253e-04
1.945833333333333215e+01 9.848576398793176256e-01 -1.804595657699589436e-03
1.947916666666666430e+01 9.813746786426721380e-01 -9.936057781435621435e-05
1.950000000000000000e+01 9.919875375781614935e-01 9.365475034155338989e-04
1.952083333333333215e+01 9.974212773473135618e-01 1.025957984213985786e-03
1.954166666666666430e+01 9.905577385145141189e-01 -2.861099353579408893e-04
1.956250000000000000e+01 9.809986909755945561e-01 5.727087364003319954e-04
1.958333333333333215e+01 9.853781333531934639e-01 -4.865552691460244298e-04
1.960416666666666430e+01 9.819879695926506669e-01 -7.137197551296468835e-04
1.962500000000000000e+01 9.857529305646969275e-01 -2.899091696286279626e-04
1.964583333333333215e+01 9.887682483933447619e-01 2.063295850764036352e-04
1.966666666666666430e+01 9.904711532741207192e-01 1.151955281081669087e-03
1.968750000000000000e+01 9.941429069699125876e-01 -1.838696877004897864e-04
1.970833333333333215e+01 1.009281764187520247e+00 1.015522244824711541e-03
1.972916666666666430e+01 1.018350504489598185e+00 -6.453329538195817826e-04
1.975000000000000000e+01 1.024933775506356559e+00 2.153329784035167786e-03
1.977083333333333215e+01 1.029656465339802152e+00 -7.787829171563221331e-04
1.979166666666666430e+01 1.038370276888372024e+00 1.007979777199405520e-03
1.981250000000000000e+01 1.051324552956327096e+00 3.538836364574480912e-04
1.983333333333333215e+01 1.047596976297832105e+00 2.414478389093892969e-04
1.985416666666666430e+01 1.035050575619441027e+00 1.845110014570254574e-03
1.987500000000000000e+01 1.013613883948418115e+00 2.090189471924253203e-04
1.989583333333333215e+01 1.009198514144316938e+00 9.646303307473614230e-04
1.991666666666666430e+01 1.013903033380640251e+00 1.566943963741973273e-03
1.993750000000000000e+01 1.018995188129459661e+00 -1.584047956713357510e-03
1.995833333333333215e+01 1.006842007062915600e+00 -9.917239580967932185e-05
1.997916666666666430e+01 9.897495558844905394e-01 -6.073063975597909849e-05
2.000000000000000000e+01 9.797793847014096835e-01 -5.514182987247922153e-04
2.002083333333333215e+01 9.870534709762164294e-01 -2.495100645364883157e-03
2.004166666666666430e+01 9.964973258273017720e-01 8.184125410940109842e-04
2.006250000000000000e+01 1.011777070058586858e+00 4.700523696417292178e-04
2.008333333333333215e+01 1.013061176790409856e+00 -1.673444404798301709e-03
2.010416666666666430e+01 1.001229510574952020e+00 -7.291215064819227005e-04
2.012500000000000000e+01 9.925165333992785888e-01 -3.875455175946140233e-04
2.014583333333333215e+01 9.811091195732927206e-01 1.291144651286177045e-03
2.016666666666666430e+01 9.690631296796464733e-01 -3.203354257313193159e-03
2.018750000000000000e+01 9.651630677436561223e-01 -6.279185985961112512e-04
2.020833333333333215e+01 9.666310307347775188e-01 -2.889076220018999951e-04
2.022916666666666430e+01 9.656976345318738497e-01 4.045875459905737509e-04
2.025000000000000000e+01 9.755119020204187086e-01 4.195147407653288061e-04
2.027083333333333215e+01 9.700650357066260554e-01 -1.501522591600332234e-03
2.029166666666666430e+01 9.866812767146891927e-01 -7.731176436797276060e-04
2.031250000000000000e+01 1.006677007057373618e+00 4.504434178539884134e-04
2.033333333333333215e+01 1.030199853264985865e+00 -6.292109312802997853e-04
2.035416666666666430e+01 1.035896226952784938e+00 2.862862256943051126e-04
2.037500000000000000e+01 1.017241106080340129e+00 4.795284432933165039e-04
2.039583333333333215e+01 1.000210306798462012e+00 3.075101255637955147e-04
2.041666666666666430e+01 9.944399485094607138e-01 1.792160911718695222e-03
2.043750000000000000e+01 9.977033945389855996e-01 8.639132343527045673e-04
2.045833333333333215e+01 1.001824562723138357e+00 8.659067106083777506e-04
2.047916666666666430e+01 1.006324410493200761e+00 1.498732576456605989e-03
2.050000000000000000e+01 9.995560841687084475e-01 -2.560630505011192957e-03
2.052083333333333215e+01 9.977388598242027395e-01 -2.952560504434053028e-03
2.054166666666666430e+01 1.001368512147402745e+00 5.092910038377388695e-04
2.056250000000000000e+01 1.012888223861902803e+00 -2.581627552248285263e-03
2.058333333333333215e+01 1.024031837940254430e+00 -4.430934662786944556e-04
2.060416666666666430e+01 1.023797111608554466e+00 1.205135979625324627e-03
2.062500000000000000e+01 1.028682896822181281e+00 -2.276948111086668774e-04
2.064583333333333215e+01 1.024026806305269321e+00 3.236522427410592519e-04
2.066666666666666430e+01 1.020367572946880186e+00 -1.645824502552497280e-05
2.068750000000000000e+01 1.008189926409057913e+00 -1.450142932022627446e-03
2.070833333333333215e+01 1.004431377893285404e+00 1.347771647585762570e-03
2.072916666666666430e+01 1.002527850045550561e+00 -1.016815529870181058e-03
2.075000000000000000e+01 9.997812684280198425e-01 -7.181336278617885243e-04
2.077083333333333215e+01 9.914625521017056409e-01 9.778674733976816177e-04
2.079166666666666430e+01 9.815153556440774363e-01 1.607819828787517263e-03
2.081250000000000000e+01 9.673483465442908047e-01 -2.199038854991230540e-03
2.083333333333333215e+01 9.764626732591400460e-01 1.309216711397882859e-03
2.085416666666666430e+01 9.991571383929743755e-01 7.618041396976162538e-04
2.087500000000000000e+01 1.011886141241352233e+00 -1.416698975236647170e-03
2.089583333333333215e+01 1.017491089716870967e+00 -2.265171825437070922e-04
2.091666666666666430e+01 1.017270029608361437e+00 -1.075980052539647147e-03
2.093750000000000000e+01 1.022500420049175407e+00 1.690421172431880300e-03
2.095833333333333215e+01 1.007315453624742396e+00 4.714426556978092847e-04
2.097916666666666430e+01 1.001000474472588664e+00 1.163886505922582084e-03
2.100000000000000000e+01 9.956479050282641685e-01 -3.600939577645819248e-03
2.102083333333333215e+01 9.915314320491719347e-01 2.663017024660061047e-03
2.104166666666666430e+01 9.926843510192626674e-01 1.402757414369695403e-05
2.106250000000000000e+01 1.000555236075188814e+00 2.067336071337598936e-03
2.108333333333333215e+01 9.983807693875799139e-01 -1.530040146943097753e-03
2.110416666666666430e+01 9.942540017897141258e-01 2.488023805935893665e-04
2.112500000000000000e+01 9.977963157085453227e-01 1.685164675220974248e-03
2.114583333333333215e+01 1.005901696598513695e+00 -1.924717025627248963e-04
2.116666666666666430e+01 1.016072400356188066e+00 9.521663408973037165e-04
2.118750000000000000e+01 1.002712529078840786e+00 -5.940734723595059771e-04
2.120833333333333215e+01 9.834532403471079043e-01 -2.238287952087541447e-03
2.122916666666666430e+01 9.704420733062005811e-01 -8.591198576519066188e-04
2.125000000000000000e+01 9.621794120952406049e-01 -1.506305839299856061e-03
2.127083333333333215e+01 9.760059034576827885e-01 8.968739120058450472e-04
2.129166666666666430e+01 9.949413558749249376e-01 -3.075260811156430886e-04
2.131250000000000000e+01 9.982829624641947897e-01 1.855610343260999400e-05
2.133333333333333215e+01 1.001863806319410299e+00 2.661511718361206976e-03
2.135416666666666430e+01 1.000208568076815574e+00 2.099720924384759020e-04
2.137500000000000000e+01 9.984038452905482641e-01 1.700405507089069838e-03
2.139583333333333215e+01 9.940040826235192473e-01 1.372531057156394603e-03
2.141666666666666430e+01 9.985338405053871824e-01 1.093889564784607336e-03
2.143750000000000000e+01 1.000451313619111327e+00 2.133203488231272271e-04
2.145833333333333215e+01 1.018583361419447275e+00 4.080036108529954547e-04
2.147916666666666430e+01 1.024840350090244323e+00 1.050369799345115488e-03
2.150000000000000000e+01 1.023017064324354131e+00 -7.465475444856121620e-04
2.152083333333333215e+01 1.016668134617709995e+00 5.071032269068110080e-04
2.154166666666666430e+01 1.019314142129313705e+00 -6.733537230888535664e-04
2.156250000000000000e+01 1.027040140973026094e+00 -2.111673677779003712e-04
2.158333333333333215e+01 1.024339818785795497e+00 -1.021961972643328559e-03
2.160416666666666430e+01 1.017713183576469005e+00 8.602100881143358475e-04
2.162500000000000000e+01 9.978598273085707016e-01 1.812792456213055967e-03
2.164583333333333215e+01 9.914109180569575797e-01 -1.792049469893921502e-03
2.166666666666666430e+01 1.005815052410823585e+00 -3.974924095138726229e-04
2.168750000000000000e+01 1.012382233110774132e+00 1.359239810444065740e-03
2.170833333333333215e+01 1.012420379382460656e+00 -1.732064053649913786e-04
2.172916666666666430e+01 1.004001684303313047e+00 1.826862669878515511e-04
2.175000000000000000e+01 9.944845630698447847e-01 -1.207059660059658750e-03
2.177083333333333215e+01 9.896178169709418659e-01 -8.661315003404988690e-04
2.179166666666666430e+01 9.917997510159901609e-01 -4.810680966151114420e-04
2.181250000000000000e+01 9.880428903189018008e-01 2.003997816713842535e-04
2.183333333333333215e+01 9.952589508288625098e-01 -6.382720400617485188e-05
2.185416666666666430e+01 9.981582575499190479e-01 -1.126971070300148916e-04
2.187500000000000000e+01 1.002713084301789737e+00 1.237645568570910513e-03
2.189583333333333215e+01 1.005069997139581339e+00 -1.183545881166993578e-03
2.191666666666666430e+01 9.918688418700819520e-01 1.340692212398192015e-03
2.193750000000000000e+01 9.768178698344398558e-01 1.331864345942515831e-03
2.195833333333333215e+01 9.683943497774276654e-01 1.884844866269483549e-03
2.197916666666666430e+01 9.730484726237939030e-01 -4.911418931787222327e-04
2.200000000000000000e+01 9.651780499422925041e-01 -2.497545856379365637e-04
2.202083333333333215e+01 9.516145199942351862e-01 -6.586325323484809764e-04
2.204166666666666430e+01 9.314356450494749584e-01 -5.631871596662827318e-04
2.206250000000000000e+01 9.174313259921407226e-01 1.091533687980563794e-03
2.208333333333333215e+01 9.053585810528385069e-01 -2.226759044142116208e-03
2.210416666666666430e+01 8.878981315723251111e-01 -1.713222712792186362e-04
2.212500000000000000e+01 8.762897975788448424e-01 -1.551424993656478853e-04
2.214583333333333215e+01 8.727278891800217542e-01 -1.230802907115888722e-03
2.216666666666666430e+01 8.784486293857777239e-01 8.433239504436534570e-04
2.218750000000000000e+01 8.989132952858616132e-01 -1.419611085089573989e-04
2.220833333333333215e+01 9.102149073289275139e-01 -2.136557746169449878e-03
2.222916666666666430e+01 9.095874049487031598e-01 4.740994083105915706e-04
2.225000000000000000e+01 9.042075589396797453e-01 2.863446417980354281e-03
2.227083333333333215e+01 9.011003507397615797e-01 -7.249821531030960567e-04
2.229166666666666430e+01 9.106860372554215211e-01 5.623068113327295628e-04
2.231250000000000000e+01 9.301858418087088909e-01 1.914721749719898013e-03
2.233333333333333215e+01 9.409578801823821337e-01 5.513840797530699571e-04
2.235416666666666430e+01 9.596964829438554556e-01 -7.959947416593704831e-04
2.237500000000000000e+01 9.786858108054661276e-01 4.720328983537922988e-05
2.239583333333333215e+01 1.007183431302831389e+00 1.296829533812941815e-04
2.241666666666666430e+01 1.022100925438637287e+00 -4.133993390345756455e-04
2.243750000000000000e+01 1.014716785575829894e+00 -1.513248425198472375e-03
2.245833333333333215e+01 9.925560872399413759e-01 -2.691848550447943568e-04
2.247916666666666430e+01 9.769911195094870271e-01 1.784390421731138140e-03
2.250000000000000000e+01 9.617012816372718653e-01 -1.899005246083485888e-03
2.252083333333333215e+01 9.602552949541034444e-01 -1.145250903484045608e-03
2.254166666666666430e+01 9.606436004252518757e-01 2.085036742379451496e-03
2.256250000000000000e+01 9.654311994757186488e-01 -8.658377796689552903e-05
2.258333333333333215e+01 9.818447830702528023e-01 2.013461848981423167e-03
2.260416666666666430e+01 9.923135589923997024e-01 3.603455423753891416e-05
2.262500000000000000e+01 9.918262528332351113e-01 3.078942425567539418e-04
2.264583333333333215e+01 9.890475806613348020e-01 -1.167662311935966724e-03
2.266666666666666430e+01 9.765891475361113683e-01 -3.833834689180166109e-04
2.268750000000000000e+01 9.848838334829235208e-01 1.534158312201408265e-03
2.270833333333333215e+01 9.965131835239842140e-01 1.253791444390373868e-03
2.272916666666666430e+01 1.014572704407799009e+00 8.177350706794263855e-04
2.275000000000000000e+01 1.023742448796781668e+00 -5.892185783495229720e-04
2.277083333333333215e+01 1.028763602974132940e+00 1.588592100084329061e-03
2.279166666666666430e+01 1.026463103379927855e+00 2.448322375767901776e-03
2.281250000000000000e+01 1.025407067623619994e+00 5.793651830927171826e-04
2.283333333333333215e+01 1.013643581014541439e+00 -1.619429444978684463e-03
2.285416666666666430e+01 1.004536362378185554e+00 -1.360962051259059725e-04
2.287500000000000000e+01 9.910432902334813665e-01 1.916253819449075576e-03
2.289583333333333215e+01 9.887776199467611660e-01 2.537114425028955643e-03
2.291666666666666430e+01 9.897420024928033078e-01 1.163680290752137914e-03
2.293750000000000000e+01 9.884879511320249224e-01 -2.012815861612028950e-03
2.295833333333333215e+01 9.741468541894126032e-01 -9.176914601074889939e-04
2.297916666666666430e+01 9.616740721975158834e-01 4.567232559851589270e-06
2.300000000000000000e+01 9.623147869536319288e-01 -1.341599070178422969e-05
2.302083333333333215e+01 9.740539484587029673e-01 2.269347049516510150e-04
2.304166666666666430e+01 9.824762768712348437e-01 2.245343435245210871e-03
2.306250000000000000e+01 9.837941950809410141e-01 2.405731488742212008e-05
2.308333333333333215e+01 9.835540113380388805e-01 -1.197150222643056459e-03
2.310416666666666430e+01 9.969187314200524952e-01 -3.747929944955880250e-04
2.312500000000000000e+01 1.008951077095454174e+00 -5.162432143352332610e-04
2.314583333333333215e+01 1.018361982067363947e+00 -9.154119060604695799e-04
2.316666666666666430e+01 1.021215138032636416e+00 -1.129647287906577818e-03
2.318750000000000000e+01 1.008860517165477644e+00 5.161180223783616360e-05
2.320833333333333215e+01 9.995543561676224487e-01 6.238944506189870575e-04
2.322916666666666430e+01 1.002498827118855518e+00 -2.377660612664929830e-03
2.325000000000000000e+01 1.006791359453508727e+00 -9.954340580697841265e-05
2.327083333333333215e+01 1.016680093211561609e+00 -2.453326221942205313e-04
2.329166666666666430e+01 1.019697254014256593e+00 -6.413731682632485900e-04
2.331250000000000000e+01 1.025648676838238904e+00 -9.987668668118810603e-04
2.333333333333333215e+01 1.007681704798093936e+00 6.542416657445387744e-04
2.335416666666666430e+01 9.889091730982731976e-01 1.565457119080013778e-03
2.337500000000000000e+01 9.689797113367558667e-01 6.854482195116259587e-04
2.339583333333333215e+01 9.773314012677490892e-01 2.852342883979644590e-04
2.341666666666666430e+01 9.990332562318736676e-01 3.836129365900831849e-04
2.343750000000000000e+01 1.020351078306236392e+00 -6.951241165192206849e-04
2.345833333333333215e+01 1.035329798816662983e+00 -2.617945890304472067e-03
2.347916666666666430e+01 1.032471688357746498e+00 3.766960268148478435e-03
2.350000000000000000e+01 1.017512749114245718e+00 -9.052567637204674087e-04
2.352083333333333215e+01 1.019442959388551007e+00 -2.722209449354440983e-03
2.354166666666666430e+01 1.021298111410173792e+00 4.847536052412883874e-04
2.356250000000000000e+01 1.019649702121296908e+00 4.004188447100417558e-04
2.358333333333333215e+01 1.011621292046134712e+00 -2.091918072742574453e-03
2.360416666666666430e+01 9.981821978796292516e-01 -1.323975420417250514e-03
2.362500000000000000e+01 9.924078891449081841e-01 -1.128149309648935564e-03
2.364583333333333215e+01 9.934636590214704910e-01 -1.948813767328141109e-03
2.366666666666666430e+01 9.989699554989839303e-01 -9.189262363972895784e-04
2.368750000000000000e+01 9.965470042714369425e-01 1.149064162668607712e-04
2.370833333333333215e+01 9.860686594582602771e-01 -9.963086615255552572e-04
2.372916666666666430e+01 9.850154213897127642e-01 7.234352503152770254e-05
2.375000000000000000e+01 9.835351132646538153e-01 -4.134962729252941727e-03
2.377083333333333215e+01 9.661780035532133715e-01 -1.693773122575216233e-03
2.379166666666666430e+01 9.581877884572291837e-01 -1.332601114835198306e-03
2.381250000000000000e+01 9.640198488896954965e-01 -2.633235244308771393e-03
2.383333333333333215e+01 9.747683818496137853e-01 -1.349891240662386485e-03
2.385416666666666430e+01 9.799827354007927260e-01 1.432343954030522752e-03
2.387500000000000000e+01 9.718851610048807599e-01 5.812639376929370182e-04
2.389583333333333215e+01 9.610732662405845339e-01 -1.065544231634717783e-03
2.391666666666666430e+01 9.624480765020679840e-01 5.374670084464417026e-04
2.393750000000000000e+01 9.754735693575231625e-01 -6.354272429977000187e-04
2.395833333333333215e+01 1.001442279749257924e+00 -2.275588688865541425e-04
2.397916666666666430e+01 1.024860604163565503e+00 1.616121204497869036e-03
2.400000000000000000e+01 1.036804542498628079e+00 8.353016438525100347e-04
2.402083333333333215e+01 1.041571966025970575e+00 -1.596373228106530895e-04
2.404166666666666430e+01 1.040873519074572151e+00 8.634665965176560338e-04
2.406250000000000000e+01 1.037299063468583915e+00 7.153581687233704842e-04
2.408333333333333215e+01 1.030179025631508205e+00 -8.907261680830230819e-04
2.410416666666666430e+01 1.021481633687457036e+00 -2.056366090337786578e-04
2.412500000000000000e+01 1.009730878279008426e+00 1.109887375590223576e-03
2.414583333333333215e+01 1.018877793495916784e+00 -1.998819310521546180e-03
2.416666666666666430e+01 1.021660299676357964e+00 2.191000035260824881e-03
2.418750000000000000e+01 1.023451497645780250e+00 6.308229250784823080e-04
2.420833333333333215e+01 1.012230660922425196e+00 -1.129000634547613902e-03
2.422916666666666430e+01 1.011663847637311875e+00 1.168806495662109328e-03
2.425000000000000000e+01 1.022635248777379102e+00 1.526782765542707100e-03
2.427083333333333215e+01 1.030937561349667408e+00 -3.551911732369203412e-04
2.429166666666666430e+01 1.018732192465340303e+00 -8.092692361041275073e-04
2.431250000000000000e+01 1.002185999917172277e+00 -1.317374518134940397e-03
2.433333333333333215e+01 9.880855423940336779e-01 4.837078190236120286e-05
2.435416666666666430e+01 9.800654500273860981e-01 -1.400645941190058023e-03
2.437500000000000000e+01 9.928509942470155059e-01 -1.486159203208872173e-03
2.439583333333333215e+01 9.915277500172302583e-01 -6.955076697609144203e-04
2.441666666666666430e+01 9.966161179061937547e-01 -2.663157805325696084e-03
2.443750000000000000e+01 9.875782527560410529e-01 -1.122308396661117176e-03
2.445833333333333215e+01 9.885356724056132416e-01 1.043615056460545564e-03
2.447916666666666430e+01 9.948592572454036942e-01 1.387760585410509383e-03
2.450000000000000000e+01 1.007460773739621507e+00 -6.946342944092094313e-04
2.452083333333333215e+01 1.015927930435452264e+00 -6.296870767240945023e-04
2.454166666666666430e+01 1.015437699751681189e+00 6.671004338042801560e-04
2.456250000000000000e+01 1.008456713692049478e+00 -3.393183928460007039e-04
2.458333333333333215e+01 9.916991950628818442e-01 -1.098832418976845296e-03
2.460416666666666430e+01 9.727133183173464204e-01 -1.889053883151892838e-04
2.462500000000000000e+01 9.610748630511181112e-01 4.746808900501118481e-04
2.464583333333333215e+01 9.703697860956482790e-01 1.036922358572319423e-03
2.466666666666666430e+01 9.928078106325975982e-01 6.058616239215113171e-04
2.468750000000000000e+01 1.001436554242234322e+00 7.886772998558696786e-05
2.470833333333333215e+01 9.988062116178545446e-01 -2.105369232806298709e-03
2.472916666666666430e+01 9.885756497151444444e-01 4.802019858670039513e-04
2.475000000000000000e+01 9.810955537526830916e-01 -6.358383991951553453e-04
2.477083333333333215e+01 9.895502113897644003e-01 -1.254336665856472599e-03
2.479166666666666430e+01 1.006480140148447555e+00 -1.426944901653336498e-03
2.481250000000000000e+01 1.012156346427766085e+00 -5.273541039518490339e-04
2.483333333333333215e+01 1.012882969465964456e+00 -1.525954005631524916e-03
2.485416666666666430e+01 1.014262471778502039e+00 6.191555672510583308e-04
2.487500000000000000e+01 1.022450108678247149e+00 8.531974911963264348e-04
2.489583333333333215e+01 1.029365699884168706e+00 -1.524030210449934825e-03
2.491666666666666430e+01 1.025680427937002426e+00 -7.128376056501534207e-04
2.493750000000000000e+01 1.011940279729543812e+00 -7.909720378671259138e-04
2.495833333333333215e+01 1.002383860467870980e+00 -1.213448277344396608e-04
2.497916666666666430e+01 9.977416173439674907e-01 -9.114513045455980211e-04
2.500000000000000000e+01 9.990517398582268171e-01 -4.319967100700853333e-04
2.502083333333333215e+01 9.985954583373565230e-01 -8.454006815681540778e-04
2.504166666666666430e+01 1.003900142954185393e+00 2.041056384506448242e-03
2.506250000000000000e+01 1.016916714942458722e+00 -1.504430506489599807e-05
2.508333333333333215e+01 1.021286970179969389e+00 6.663788656431709632e-05
2.510416666666666430e+01 1.017734519867666387e+00 1.523251894086795908e-03
2.512500000000000000e+01 9.988682041815384327e-01 -3.202826339461930117e-03
2.514583333333333215e+01 9.886467421920546172e-01 2.138954500442424248e-03
2.516666666666666430e+01 9.877152069459763650e-01 -3.440975025627086479e-04
2.518750000000000000e+01 1.002522375238990682e+00 1.706912224952389064e-03
2.520833333333333215e+01 1.016527305320966912e+00 -2.169476681604920552e-03
2.522916666666666430e+01 1.018967898350599199e+00 -3.514609031056065407e-03
2.525000000000000000e+01 1.005995620105029076e+00 -1.766359656297442939e-03
2.527083333333333215e+01 1.007248173747601339e+00 1.662639614498666839e-03
2.529166666666666430e+01 1.003324880827420884e+00 1.372770000384496191e-03
2.531250000000000000e+01 1.004552306085395141e+00 2.334793814871983196e-03
2.533333333333333215e+01 1.008326120757867983e+00 2.340733982104262288e-03
2.535416666666666430e+01 1.005473599302405763e+00 -1.140633937723667651e-03
2.537500000000000000e+01 1.006825753808096913e+00 -3.352405850176115847e-03
2.539583333333333215e+01 1.010648781316376921e+00 9.067952540307045199e-04
2.541666666666666430e+01 1.003772377233418167e+00 -6.271044028940139054e-04
2.543750000000000000e+01 9.881655154557024145e-01 -7.343168604995114297e-04
2.545833333333333215e+01 9.673115198411880167e-01 -8.037012231838789114e-04
2.547916666666666430e+01 9.609168535997522076e-01 9.528297577940092727e-04
2.550000000000000000e+01 9.671452455111291258e-01 9.662550340221993754e-05
2.552083333333333215e+01 9.606331881342083934e-01 -8.882981842867196040e-04
2.554166666666666430e+01 9.555495425556821409e-01 7.860237921689782609e-04
2.556250000000000000e+01 9.548446869120972291e-01 8.392951852867290953e-04
2.558333333333333215e+01 9.722318803269610621e-01 -9.394876694595674519e-04
2.560416666666666430e+01 9.939198502968417115e-01 1.238411064737593784e-03
2.562500000000000000e+01 1.005093969231127815e+00 -2.160922599103643664e-04
2.564583333333333215e+01 1.008384350912935989e+00 1.449061518559215719e-03
2.566666666666666430e+01 9.981622155941678454e-01 -1.948973985838919941e-04
2.568750000000000000e+01 9.937467158092778696e-01 -1.126180336864906746e-04
2.570833333333333215e+01 1.005568332098546458e+00 5.966498383458198338e-04
2.572916666666666430e+01 1.021488529125062827e+00 1.707139465609682849e-03
2.575000000000000000e+01 1.035105498532864710e+00 -2.251318620555692752e-03
2.577083333333333215e+01 1.038682079436779926e+00 1.397398297441037295e-03
2.579166666666666430e+01 1.029496418621667964e+00 -1.081123566673777153e-03
2.581250000000000000e+01 1.012268134225928984e+00 6.177504248455689890e-05
2.583333333333333215e+01 9.987983292708524363e-01 -6.877909699083526070e-04
2.585416666666666430e+01 9.896138705175525629e-01 -1.654263307754692824e-03
2.587500000000000000e+01 1.001354558712335141e+00 -4.643937945592897386e-04
2.589583333333333215e+01 1.016592324267687530e+00 1.306353370873300718e-03
2.591666666666666430e+01 1.032107659472947914e+00 5.509114912782433040e-04
2.593750000000000000e+01 1.031339474920925703e+00 8.580911087488245692e-04
2.595833333333333215e+01 1.008613841764350427e+00 1.131424202042424255e-03
2.597916666666666430e+01 9.990588154659491016e-01 8.898265825884112438e-04
