0.000000000000000000e+00 1.009650028884208073e+00 1.026304562812848428e-03
2.083333333333333218e-02 1.006878373374493707e+00 -1.667266113970186951e-03
4.166666666666666435e-02 1.003606668784512435e+00 1.573457195712611809e-03
6.250000000000000000e-02 1.011869763452470261e+00 1.490129585744119850e-03
8.333333333333332871e-02 1.021811152913423948e+00 1.129618435168132064e-04
1.041666666666666574e-01 1.022247378679105534e+00 1.166794102587441874e-03
1.250000000000000000e-01 1.019866998935768265e+00 -6.680815222620514792e-04
1.458333333333333148e-01 1.005022733626565801e+00 3.012617830015202388e-03
1.666666666666666574e-01 1.005741993446801708e+00 -7.440466684784865928e-04
1.875000000000000000e-01 1.013522304818348374e+00 1.817900015003991003e-03
2.083333333333333148e-01 1.019094488050432457e+00 9.586536836545498123e-04
2.291666666666666574e-01 1.026768869234235160e+00 1.176578091957473059e-03
2.500000000000000000e-01 1.029474703479263953e+00 -1.069863585178513175e-03
2.708333333333333148e-01 1.038739510650504849e+00 1.407007429744956684e-03
2.916666666666666297e-01 1.027265619530271845e+00 5.386403863901949654e-04
3.125000000000000000e-01 1.019712161403155459e+00 4.516944205890341293e-04
3.333333333333333148e-01 1.011791067708292191e+00 2.304369043236099068e-04
3.541666666666666297e-01 1.014750785929458887e+00 2.415157711460726782e-04
3.750000000000000000e-01 1.014207222548457743e+00 2.765405409455496712e-04
3.958333333333333148e-01 1.004492041382082368e+00 -1.088396294117673676e-04
4.166666666666666297e-01 1.000539998389055052e+00 2.378054208896128528e-04
4.375000000000000000e-01 1.000055550193577281e+00 -2.640965075996517240e-04
4.583333333333333148e-01 1.008892512530304097e+00 -2.588636136040795011e-03
4.791666666666666297e-01 1.015350042104287143e+00 2.113267152643318015e-04
5.000000000000000000e-01 1.010768124040668070e+00 6.150851408236024777e-04
5.208333333333332593e-01 1.021161141316411891e+00 3.910532624432272366e-04
5.416666666666666297e-01 1.021691978824664115e+00 -1.407107120663778554e-03
5.625000000000000000e-01 1.027642058280864301e+00 4.635982393611494607e-04
5.833333333333332593e-01 1.028667941454894708e+00 8.287763336856506522e-04
6.041666666666666297e-01 1.016347619413330960e+00 1.852616276731833917e-03
6.250000000000000000e-01 1.022018003970464717e+00 -3.925828839950636084e-04
6.458333333333332593e-01 1.024920054218301901e+00 -6.462013746352829758e-04
6.666666666666666297e-01 1.018484770579062726e+00 -1.750562346697311696e-03
6.875000000000000000e-01 1.015987097610128620e+00 -1.193019970079397694e-03
7.083333333333332593e-01 1.013598881989871137e+00 2.083009826377353081e-03
7.291666666666666297e-01 1.027367641288935429e+00 -4.129856861296322132e-04
7.500000000000000000e-01 1.029783437869050911e+00 -1.519137552176167685e-03
7.708333333333332593e-01 1.026749777619251347e+00 1.286699911545663476e-03
7.916666666666666297e-01 1.011999081882538620e+00 -7.843662263869409772e-04
8.125000000000000000e-01 1.001860652916417793e+00 -1.872416921659231367e-03
8.333333333333332593e-01 9.988450125995038675e-01 -1.142818459774974692e-03
8.541666666666666297e-01 9.987509332461111944e-01 1.670587405052936358e-03
8.750000000000000000e-01 9.995201485862504898e-01 -5.750470487678758852e-04
8.958333333333332593e-01 1.011578732573017447e+00 2.298956967265343020e-04
9.166666666666666297e-01 1.026190326922314933e+00 2.894852401560784249e-04
9.375000000000000000e-01 1.033567368258686558e+00 1.506742599372208700e-03
9.583333333333332593e-01 1.026384605407892447e+00 8.393378458303364393e-04
9.791666666666666297e-01 1.022933427950901475e+00 1.447929309001160739e-03
1.000000000000000000e+00 1.023106648301665311e+00 -1.854658497219910341e-03
1.020833333333333259e+00 1.012865944895888992e+00 1.864667010354751752e-03
1.041666666666666519e+00 1.008132030074360364e+00 1.504346242110161068e-03
1.062500000000000000e+00 1.009389984150240505e+00 1.514039687947745655e-03
1.083333333333333259e+00 1.011162230734648837e+00 -6.920684569852857690e-04
1.104166666666666519e+00 1.024600816939464476e+00 -1.042665475111836964e-04
1.125000000000000000e+00 1.035483441362455403e+00 1.714487517387557329e-04
1.145833333333333259e+00 1.032071874615152707e+00 -1.324647424568196332e-03
1.166666666666666519e+00 1.028248353840155449e+00 -1.556191201573829631e-03
1.187500000000000000e+00 1.018430953251844961e+00 -2.579086707846248161e-03
1.208333333333333259e+00 1.017149241304734941e+00 -8.036030430849346647e-04
1.229166666666666519e+00 1.006711203410600941e+00 3.046877841285843425e-03
1.250000000000000000e+00 9.967452290133111958e-01 -2.219583984694021867e-03
1.270833333333333259e+00 9.949380790304219735e-01 2.272660256703220010e-03
1.291666666666666519e+00 1.004236033597115219e+00 8.682170751022223049e-04
1.312500000000000000e+00 1.012846191791318740e+00 -2.417670978408686337e-03
1.333333333333333259e+00 1.013975131648171546e+00 1.214200859358366934e-03
1.354166666666666519e+00 1.021540725923950843e+00 -2.144059321011552977e-04
1.375000000000000000e+00 1.032690302881331235e+00 -1.611758330683626993e-03
1.395833333333333259e+00 1.035809502501970014e+00 1.884626388917511617e-03
1.416666666666666519e+00 1.027945663349981276e+00 -1.399248367393742887e-03
1.437500000000000000e+00 1.019464832740915927e+00 -8.953680865680380130e-04
1.458333333333333259e+00 1.017249601502017819e+00 1.879269352732037895e-04
1.479166666666666519e+00 1.015904979441970113e+00 1.389009866155144213e-03
1.500000000000000000e+00 1.013911429408256959e+00 2.232387403420270887e-03
1.520833333333333259e+00 1.016055061695360084e+00 1.062709659434265066e-05
1.541666666666666519e+00 1.016680533883093540e+00 6.866087367877725129e-04
1.562500000000000000e+00 1.021343653928765249e+00 -4.634827417028746063e-04
1.583333333333333259e+00 1.014872407027844758e+00 -1.908914912454423704e-03
1.604166666666666519e+00 1.018056595786881680e+00 1.316306977885901050e-04
1.625000000000000000e+00 1.022535698071556753e+00 -3.329606540890346546e-04
1.645833333333333259e+00 1.026768799645848551e+00 -6.812349283488572773e-04
1.666666666666666519e+00 1.022226945405233955e+00 6.924280423851169328e-04
1.687500000000000000e+00 1.010822998638003511e+00 -9.139108709345714066e-04
1.708333333333333259e+00 9.990694325833213707e-01 -1.251063677221413237e-03
1.729166666666666519e+00 1.002737733471861681e+00 -7.230353043720631626e-04
1.750000000000000000e+00 1.017477256150448817e+00 -2.470048934121019980e-03
1.770833333333333259e+00 1.032333234793831434e+00 3.289497939009784701e-04
1.791666666666666519e+00 1.032467928685699254e+00 1.412285117157733270e-03
1.812500000000000000e+00 1.024647739390137646e+00 -8.926883498801025264e-04
1.833333333333333259e+00 1.018573534520092805e+00 -3.480056733331015820e-06
1.854166666666666519e+00 1.012422167565859343e+00 2.708759984941614633e-03
1.875000000000000000e+00 1.005119399069872577e+00 2.824892764875770539e-04
1.895833333333333259e+00 9.999567900296670864e-01 -5.421951198112315556e-04
1.916666666666666519e+00 1.008124214355945902e+00 -1.452066590954415460e-04
1.937500000000000000e+00 1.015116001646114041e+00 1.019064734235740864e-03
1.958333333333333259e+00 1.016799682375231439e+00 1.524729796243029251e-03
1.979166666666666519e+00 1.009353590711304260e+00 -3.843454259358190252e-04
2.000000000000000000e+00 1.011044222512428759e+00 -1.319538537338052833e-03
2.020833333333333037e+00 1.017545350681885452e+00 -3.389111401725419196e-03
2.041666666666666519e+00 1.020782236051983816e+00 -6.430284004134694410e-04
2.062500000000000000e+00 1.034105021391947377e+00 -1.122852394225652478e-03
2.083333333333333037e+00 1.031643701891941767e+00 -1.724181806100944219e-03
2.104166666666666519e+00 1.030823166862401274e+00 8.536888475647379194e-04
2.125000000000000000e+00 1.026525772954891336e+00 1.412929184695842710e-04
2.145833333333333037e+00 1.015842440736343333e+00 1.728138462758218064e-05
2.166666666666666519e+00 9.991947020753170206e-01 -5.485228490302924325e-04
2.187500000000000000e+00 1.004032831685368610e+00 2.318027359350875293e-03
2.208333333333333037e+00 1.008073765573538338e+00 1.006611892176955498e-03
2.229166666666666519e+00 1.019663421040433837e+00 -1.347114750866900508e-03
2.250000000000000000e+00 1.025830155238831809e+00 1.184095337425216266e-03
2.270833333333333037e+00 1.018677469330973473e+00 -1.398973830173046379e-03
2.291666666666666519e+00 1.026297056563441945e+00 -3.950099088701210757e-04
2.312500000000000000e+00 1.018995375428629169e+00 -1.687296373702742113e-05
2.333333333333333037e+00 1.010383036227962217e+00 -1.951687913282614808e-03
2.354166666666666519e+00 1.007536791020385847e+00 -1.469888016096362665e-03
2.375000000000000000e+00 9.966322066480551856e-01 1.778989295484213837e-03
2.395833333333333037e+00 1.005123656303033020e+00 5.453712988052835829e-04
2.416666666666666519e+00 1.017869825043425935e+00 1.393346490044291121e-03
2.437500000000000000e+00 1.012374878260331457e+00 -1.278001778785294680e-03
2.458333333333333037e+00 1.007756322284720563e+00 -1.849228348422585341e-03
2.479166666666666519e+00 1.011856475417618917e+00 -1.077489621901235421e-03
2.500000000000000000e+00 1.021738478079165180e+00 2.419504684932067065e-03
2.520833333333333037e+00 1.027841611922114096e+00 8.422826518006135610e-04
2.541666666666666519e+00 1.033440606060279432e+00 1.994707804459270543e-03
2.562500000000000000e+00 1.031037272358386270e+00 -1.167160620611710229e-03
2.583333333333333037e+00 1.038679914968086315e+00 -2.024469318117577080e-03
2.604166666666666519e+00 1.026000027995487063e+00 -2.663938495423742421e-04
2.625000000000000000e+00 1.022245223150614502e+00 9.510309673697287620e-04
2.645833333333333037e+00 1.020931568543886891e+00 -2.207906287850118672e-03
2.666666666666666519e+00 1.014221900577516822e+00 -1.637353385683118067e-03
2.687500000000000000e+00 1.013044010315361287e+00 -2.514656503156206899e-03
2.708333333333333037e+00 9.944201754982078256e-01 1.645776116800657090e-03
2.729166666666666519e+00 9.811574001648984966e-01 -1.513931031333523548e-04
2.750000000000000000e+00 9.819850721119188774e-01 -2.352560116930396694e-04
2.770833333333333037e+00 1.001718906402304210e+00 -1.593962723720326055e-03
2.791666666666666519e+00 1.024879985110993097e+00 5.880393735063695494e-04
2.812500000000000000e+00 1.031146959410384367e+00 1.985363500128207483e-03
2.833333333333333037e+00 1.034323135031348206e+00 -8.641544991475307155e-04
2.854166666666666519e+00 1.037685117892558351e+00 -6.526904137710394722e-05
2.875000000000000000e+00 1.022299023140286645e+00 1.069569151163385877e-03
2.895833333333333037e+00 1.008424003415878012e+00 1.550735857469834854e-03
2.916666666666666519e+00 1.003296294810377631e+00 6.852958471818919577e-04
2.937500000000000000e+00 1.012543306073870886e+00 1.502372064766041787e-03
2.958333333333333037e+00 1.024217190502242136e+00 7.866899437926174387e-04
2.979166666666666519e+00 1.031668708828846981e+00 9.376734083321986530e-04
3.000000000000000000e+00 1.026312097812135837e+00 -7.176790114373686686e-04
3.020833333333333037e+00 1.022207826596939206e+00 2.582612677538621750e-03
3.041666666666666519e+00 1.027770742254329628e+00 1.544485566945365826e-03
3.062500000000000000e+00 1.026016012528187860e+00 -1.491887902037385930e-04
3.083333333333333037e+00 1.025555002594574106e+00 -2.087455586468075054e-04
3.104166666666666519e+00 1.017806796188249763e+00 -2.610295828132694253e-03
3.125000000000000000e+00 1.012814866292135019e+00 1.712724058889882875e-03
3.145833333333333037e+00 1.004210556358825945e+00 1.485863000400789672e-03
3.166666666666666519e+00 9.985920896354633092e-01 -1.928964189206510077e-03
3.187500000000000000e+00 9.918382772442466688e-01 -2.232091559743196087e-03
3.208333333333333037e+00 9.981783014976207680e-01 5.845057657242429391e-04
3.229166666666666519e+00 1.008326525301875609e+00 1.202514411262836300e-03
3.250000000000000000e+00 1.023710098193422846e+00 -4.153766125898002452e-04
3.270833333333333037e+00 1.029078456811866493e+00 -8.931547317992458287e-04
3.291666666666666519e+00 1.026937921512697471e+00 1.053075483568040533e-03
3.312500000000000000e+00 1.026775423632763085e+00 -8.879608710424065268e-04
3.333333333333333037e+00 1.024133224626225358e+00 2.773072276963770184e-04
3.354166666666666519e+00 1.016487939739789681e+00 9.114206930220455916e-04
3.375000000000000000e+00 1.006610274966516005e+00 -3.056965227484224521e-04
3.395833333333333037e+00 1.014323785513022047e+00 -1.135240424490468851e-03
3.416666666666666519e+00 1.027477733008705041e+00 -5.836916314924077691e-05
3.437500000000000000e+00 1.033220541519054514e+00 2.370771128013662637e-04
3.458333333333333037e+00 1.027327456237092651e+00 -2.398629556519476873e-04
3.479166666666666519e+00 1.022126424819072454e+00 2.793476349423207414e-03
3.500000000000000000e+00 1.012295051226027809e+00 2.136085459594137294e-03
3.520833333333333037e+00 1.013634505386685092e+00 -5.734865529296410969e-04
3.541666666666666519e+00 1.011276912644209158e+00 1.121685065344125596e-04
3.562500000000000000e+00 1.010095586870880968e+00 -6.108113982090358990e-04
3.583333333333333037e+00 1.013444777199492774e+00 -2.234025581912916017e-03
3.604166666666666519e+00 1.011641808126171549e+00 -4.012758234959515200e-05
3.625000000000000000e+00 1.006210410753236584e+00 -9.107130515429757859e-04
3.645833333333333037e+00 1.000907672713729823e+00 -4.708477703495067188e-04
3.666666666666666519e+00 1.005392585862259436e+00 3.780974163519684001e-04
3.687500000000000000e+00 1.014625379587475340e+00 1.844882858638887150e-03
3.708333333333333037e+00 1.031180101789163528e+00 7.562414650926634367e-04
3.729166666666666519e+00 1.035740751554133476e+00 -4.778514138222107136e-04
3.750000000000000000e+00 1.030329023465182958e+00 1.595949378623613951e-03
3.770833333333333037e+00 1.025097292328746468e+00 3.263282990429513955e-04
3.791666666666666519e+00 1.021246903015023522e+00 -1.637075080685768385e-03
3.812500000000000000e+00 1.016010861316360092e+00 -1.518566289234607458e-03
3.833333333333333037e+00 1.009866879568144693e+00 -1.217464295590585345e-03
3.854166666666666519e+00 1.007496680422000468e+00 -1.249807501804853444e-03
3.875000000000000000e+00 1.006008982515546046e+00 2.596517892108491906e-04
3.895833333333333037e+00 1.007812875200569502e+00 -8.100072309069674412e-04
3.916666666666666519e+00 1.000365054642137430e+00 5.241935635201705771e-04
3.937500000000000000e+00 1.007319833921475505e+00 6.427771240459617913e-05
3.958333333333333037e+00 1.016865377657303782e+00 -1.690898098767263606e-03
3.979166666666666519e+00 1.035683131818050606e+00 1.893822049198459192e-03
4.000000000000000000e+00 1.035054938214589715e+00 1.812865292252913369e-03
4.020833333333333037e+00 1.027701408884400536e+00 2.794887154684917350e-04
4.041666666666666075e+00 1.016883029215791323e+00 -1.580444962033856300e-03
4.062500000000000000e+00 1.012140233747387930e+00 7.976000830148634096e-04
4.083333333333333037e+00 1.024984360500830860e+00 4.206555212848403703e-05
4.104166666666666075e+00 1.024717053128281430e+00 -1.209477976851211284e-03
4.125000000000000000e+00 1.015479966508876064e+00 -3.895264941959660073e-04
4.145833333333333037e+00 1.015789354410484568e+00 -1.065895506512038121e-03
4.166666666666666075e+00 1.018241821786052048e+00 5.973561465526790138e-04
4.187500000000000000e+00 1.012395589406962504e+00 -3.408089694517672428e-04
4.208333333333333037e+00 1.009577340672453971e+00 -2.262487205368637552e-03
4.229166666666666075e+00 1.010459523384680036e+00 -1.938734090426597100e-03
4.250000000000000000e+00 1.016446043875646632e+00 -7.590860168013975834e-04
4.270833333333333037e+00 1.019965814303852580e+00 -2.866531759980001093e-03
4.291666666666666075e+00 1.024292119334413664e+00 -3.920028731769500886e-04
4.312500000000000000e+00 1.022727203026845499e+00 4.598767843910892580e-04
4.333333333333333037e+00 1.021877576395102460e+00 -1.947271862132360712e-03
4.354166666666666075e+00 1.021090763601028240e+00 -1.643119683321316808e-03
4.375000000000000000e+00 1.005045996623469717e+00 -1.094464599094910036e-03
4.395833333333333037e+00 1.002479488508751349e+00 2.904121314744379824e-04
4.416666666666666075e+00 1.010763894669957086e+00 3.392641081356103662e-04
4.437500000000000000e+00 1.018917287662697291e+00 9.897802061329334222e-04
4.458333333333333037e+00 1.031067226546994231e+00 -2.548085116072104032e-03
4.479166666666666075e+00 1.037141931085329816e+00 3.911576767953396563e-04
4.500000000000000000e+00 1.035637148660271567e+00 1.039382833809354830e-03
4.520833333333333037e+00 1.029659674660595936e+00 -2.852407370715417511e-03
4.541666666666666075e+00 1.024997052057118552e+00 1.823775543929912315e-03
4.562500000000000000e+00 1.010546035566445955e+00 -9.488874878270394894e-05
4.583333333333333037e+00 1.006433109768509082e+00 -1.362583328748211001e-04
4.604166666666666075e+00 1.003095293702812363e+00 1.987323541782718556e-03
4.625000000000000000e+00 1.010246178111774196e+00 2.370219764218502677e-04
4.645833333333333037e+00 1.010368748272908679e+00 1.809545611669015645e-03
4.666666666666666075e+00 1.008550352439905540e+00 7.504635402296362407e-04
4.687500000000000000e+00 1.003902689540461246e+00 4.996088927847441548e-04
4.708333333333333037e+00 1.008484422254175561e+00 1.443545634196158117e-03
4.729166666666666075e+00 1.014882176332800645e+00 -5.289435839017902347e-04
4.750000000000000000e+00 1.012084897659296656e+00 1.384074705904152734e-03
4.770833333333333037e+00 9.971623059589207472e-01 -1.168763077737459228e-03
4.791666666666666075e+00 9.940073152812339830e-01 2.164918085289579269e-03
4.812500000000000000e+00 9.893844446516248947e-01 8.025865110610348437e-04
4.833333333333333037e+00 9.882491590127517878e-01 9.298841680037451011e-04
4.854166666666666075e+00 9.928140260948679074e-01 -1.084002249601072809e-03
4.875000000000000000e+00 1.003977305060352654e+00 1.347113133686247445e-03
4.895833333333333037e+00 1.018737676614088983e+00 -3.232683743245847656e-04
4.916666666666666075e+00 1.027030492983598498e+00 -4.372364286480996806e-04
4.937500000000000000e+00 1.018676254421727378e+00 2.196405786207610640e-04
4.958333333333333037e+00 1.008761559300114019e+00 8.445785121492091268e-04
4.979166666666666075e+00 1.001449872127371687e+00 -1.836996120996961177e-03
5.000000000000000000e+00 9.930369587961284106e-01 2.332710948955401663e-03
5.020833333333333037e+00 9.679071271293643308e-01 -1.666245699109925667e-04
5.041666666666666075e+00 9.518527552065437769e-01 6.902779399346560324e-04
5.062500000000000000e+00 9.394629945334544985e-01 1.463069152184014740e-03
5.083333333333333037e+00 9.487048735588792248e-01 1.549226631418630174e-03
5.104166666666666075e+00 9.618900666146100731e-01 1.634516294183368179e-04
5.125000000000000000e+00 9.691627660370714104e-01 1.141586127544958525e-03
5.145833333333333037e+00 9.765864855615061790e-01 3.303210680990193489e-03
5.166666666666666075e+00 9.925051724735085568e-01 5.177144222720925747e-04
5.187500000000000000e+00 1.004304694171792800e+00 -5.748477272221315468e-04
5.208333333333333037e+00 1.014885672676757000e+00 2.092725699668800468e-03
5.229166666666666075e+00 1.011606216305011685e+00 -1.890777897805836572e-03
5.250000000000000000e+00 1.012308969454916552e+00 5.185572916550785626e-04
5.270833333333333037e+00 1.023595223179211589e+00 -4.536567447075176389e-04
5.291666666666666075e+00 1.021570226779055623e+00 -1.089289723406378866e-03
5.312500000000000000e+00 1.017178050651323495e+00 -5.797624152760829947e-04
5.333333333333333037e+00 1.011480998346842686e+00 2.630813990123052632e-04
5.354166666666666075e+00 1.014219416867210510e+00 1.372405744712574529e-03
5.375000000000000000e+00 1.010871144208451256e+00 4.265202380639893684e-04
5.395833333333333037e+00 1.007038148901014063e+00 -5.659902462843056058e-04
5.416666666666666075e+00 1.004064810059088986e+00 5.338252906780480302e-05
5.437500000000000000e+00 1.004503942408515371e+00 1.287241091151977842e-03
5.458333333333333037e+00 1.012589496942325473e+00 5.840923008753174219e-04
5.479166666666666075e+00 1.009215960435278392e+00 -1.118822699414717117e-03
5.500000000000000000e+00 1.004096316899944163e+00 -1.181289151120525028e-03
5.520833333333333037e+00 1.004574073363814657e+00 -9.370216703971573965e-04
5.541666666666666075e+00 1.009962677463741354e+00 1.368070252852493160e-03
5.562500000000000000e+00 1.014350727067014013e+00 1.893619366491088648e-04
5.583333333333333037e+00 1.016296355721486355e+00 -2.616466274766644676e-04
5.604166666666666075e+00 1.016702549331320204e+00 5.561152689652980969e-04
5.625000000000000000e+00 1.017847271437005263e+00 -1.106114054469220422e-03
5.645833333333333037e+00 1.023085613986119302e+00 1.962975151317092966e-04
5.666666666666666075e+00 1.022535466861616227e+00 -6.636485438182936460e-04
5.687500000000000000e+00 1.009062556860150783e+00 3.081541338945771656e-04
5.708333333333333037e+00 1.008954635879411699e+00 -4.995981036816627254e-04
5.729166666666666075e+00 1.010593391751611447e+00 2.748361791122343038e-04
5.750000000000000000e+00 1.022545223309297535e+00 -1.334260948976988661e-03
5.770833333333333037e+00 1.029365306506571764e+00 1.026243738299775733e-03
5.791666666666666075e+00 1.031792665884470273e+00 2.674376723605598953e-04
5.812500000000000000e+00 1.027707549104456941e+00 -6.733145050731723568e-04
5.833333333333333037e+00 1.029381420725890894e+00 1.035147488691245607e-04
5.854166666666666075e+00 1.019457856277767638e+00 1.544488944925662133e-03
5.875000000000000000e+00 1.006987561773961648e+00 -1.576216489885413560e-03
5.895833333333333037e+00 1.000745365680231869e+00 -1.021327144144683428e-03
5.916666666666666075e+00 9.957280649895563496e-01 3.268835489329573922e-04
5.937500000000000000e+00 9.962092948515287594e-01 -1.955643563885951352e-03
5.958333333333333037e+00 1.003918255764557399e+00 -1.197674562967431541e-04
5.979166666666666075e+00 1.017020179708966410e+00 1.121622448373220350e-03
6.000000000000000000e+00 1.033365686820788776e+00 4.119063920347410652e-04
6.020833333333333037e+00 1.044827993750005568e+00 5.845045308040759452e-04
6.041666666666666075e+00 1.037125379542576997e+00 -2.289103382093120125e-04
6.062500000000000000e+00 1.023622703187055505e+00 -1.968462341994607363e-03
6.083333333333333037e+00 1.011859238373315373e+00 -6.292613762970648969e-04
6.104166666666666075e+00 1.015688670149752948e+00 6.465278798928607599e-04
6.125000000000000000e+00 1.018109509961169667e+00 -1.105277178521752281e-03
6.145833333333333037e+00 1.023346126749437257e+00 -1.727742527830744817e-03
6.166666666666666075e+00 1.025671524479111030e+00 1.896619910881671952e-04
6.187500000000000000e+00 1.030137502908909930e+00 -1.458766749495558944e-03
6.208333333333333037e+00 1.025879611058443608e+00 1.312815198707745136e-04
6.229166666666666075e+00 1.015184025199249662e+00 1.837053007186093250e-03
6.250000000000000000e+00 1.010709515086096300e+00 1.234268266961242833e-04
6.270833333333333037e+00 1.013361090846783608e+00 4.544381461550936447e-05
6.291666666666666075e+00 1.017196770661931149e+00 1.130794388872607796e-03
6.312500000000000000e+00 1.017393253890457538e+00 9.937417989887683607e-06
6.333333333333333037e+00 1.006203895019774253e+00 4.650295818522528438e-04
6.354166666666666075e+00 9.996912034285042603e-01 -2.790317929184616351e-04
6.375000000000000000e+00 9.994858872025389473e-01 -3.078647424396305861e-04
6.395833333333333037e+00 1.006505673965359948e+00 -8.256044538996730204e-04
6.416666666666666075e+00 1.016876620581578461e+00 2.361069110778521701e-03
6.437500000000000000e+00 1.032153067328548612e+00 -9.945414475189850220e-04
6.458333333333333037e+00 1.037413742220130164e+00 -5.202027363860259324e-04
6.479166666666666075e+00 1.038570203997506436e+00 -3.170488070458612963e-04
6.500000000000000000e+00 1.034819083932364547e+00 8.705321144689179931e-04
6.520833333333333037e+00 1.029200672478744583e+00 1.393094584050102980e-04
6.541666666666666075e+00 1.023030949235339770e+00 -1.006240797204067993e-03
6.562500000000000000e+00 1.020534717417608706e+00 1.425507664989092882e-04
6.583333333333333037e+00 1.017201316235591069e+00 1.526761445593394174e-03
6.604166666666666075e+00 1.011435229006096614e+00 -3.645407216700000748e-04
6.625000000000000000e+00 1.006499949785218062e+00 5.670895877172835902e-04
6.645833333333333037e+00 1.004877369302264123e+00 -3.571111503077502585e-04
6.666666666666666075e+00 1.010502007653166556e+00 1.437215865110878267e-03
6.687500000000000000e+00 1.007247357483077366e+00 1.043784494049341659e-03
6.708333333333333037e+00 1.006023059328421176e+00 1.504012254544563859e-04
6.729166666666666075e+00 1.007300445969345537e+00 -6.443341066031075138e-04
6.750000000000000000e+00 1.021031845651169334e+00 -5.327113544607916130e-04
6.770833333333333037e+00 1.022917735559519592e+00 1.273111977241085175e-05
6.791666666666666075e+00 1.020073331367421954e+00 1.306674397198075935e-03
6.812500000000000000e+00 1.011742999206993066e+00 6.082504558140033619e-04
6.833333333333333037e+00 1.011572434107160801e+00 2.024190053590613214e-03
6.854166666666666075e+00 1.016029545357069797e+00 9.210156241239286085e-04
6.875000000000000000e+00 1.024844023422735617e+00 -8.314972185473507331e-04
6.895833333333333037e+00 1.024589419827878212e+00 1.179388781749171790e-04
6.916666666666666075e+00 1.030502179669693819e+00 -1.248410623954117251e-03
6.937500000000000000e+00 1.037361415433214695e+00 8.278678867040121158e-04
6.958333333333333037e+00 1.030604987728884536e+00 2.015971919474240318e-03
6.979166666666666075e+00 1.029938466092094718e+00 4.084129643984121274e-04
7.000000000000000000e+00 1.012880249929857257e+00 -9.282266396612367252e-04
7.020833333333333037e+00 1.005996354205022758e+00 1.782968643362207485e-03
7.041666666666666075e+00 1.013779947787235125e+00 3.970662829781950853e-04
7.062500000000000000e+00 1.005122936038510773e+00 4.655386356817939201e-04
7.083333333333333037e+00 9.960053042737729845e-01 -8.747738413413051316e-05
7.104166666666666075e+00 9.942417192102334100e-01 9.439173816261667120e-04
7.125000000000000000e+00 9.991142215970917340e-01 1.712289346269002055e-03
7.145833333333333037e+00 1.016775566546955778e+00 2.096898086009611577e-03
7.166666666666666075e+00 1.024123872632274779e+00 8.066615653644958542e-04
7.187500000000000000e+00 1.031147545545099575e+00 -1.218166145117387852e-03
7.208333333333333037e+00 1.036088838618360208e+00 -2.397793820705121544e-03
7.229166666666666075e+00 1.030321852855653919e+00 3.554164171125457971e-05
7.250000000000000000e+00 1.019301482999756647e+00 2.682387430540007236e-04
7.270833333333333037e+00 1.014663419099175679e+00 1.081729815091438378e-03
7.291666666666666075e+00 1.019280314833628687e+00 1.773183859452277745e-04
7.312500000000000000e+00 1.025752263059317659e+00 4.023066494534529376e-04
7.333333333333333037e+00 1.029126162695606084e+00 -2.454401996805264351e-04
7.354166666666666075e+00 1.018901042522839528e+00 -1.401701861729909857e-03
7.375000000000000000e+00 1.001982776942017095e+00 -3.048466026191975456e-04
7.395833333333333037e+00 1.000022030599424738e+00 1.917744297934096537e-04
7.416666666666666075e+00 1.008467819298624724e+00 7.009872597391426582e-04
7.437500000000000000e+00 1.020434284889647270e+00 2.211264250053746484e-03
7.458333333333333037e+00 1.025796377276637417e+00 5.884149358748500501e-04
7.479166666666666075e+00 1.031173018264906371e+00 1.731039588150242836e-04
7.500000000000000000e+00 1.031004795294899967e+00 -3.150845767004425350e-04
7.520833333333333037e+00 1.014370583163446415e+00 -1.241322054848832072e-03
7.541666666666666075e+00 9.974085482402670344e-01 -2.239064416229487754e-03
7.562500000000000000e+00 9.858178822139168629e-01 1.653324104536314570e-03
7.583333333333333037e+00 9.907974281025931917e-01 6.332702886085675052e-04
7.604166666666666075e+00 1.004459042589076034e+00 4.445492828384323917e-04
7.625000000000000000e+00 1.014135991844815177e+00 -1.123827608700037409e-03
7.645833333333333037e+00 1.025356813455388094e+00 1.028266977565535584e-03
7.666666666666666075e+00 1.037126446337772290e+00 -6.698391446848105547e-04
7.687500000000000000e+00 1.038767398682523213e+00 3.523695816426009996e-04
7.708333333333333037e+00 1.035147065622580964e+00 -1.916399581686724233e-03
7.729166666666666075e+00 1.023297419910346395e+00 2.587575024325588363e-03
7.750000000000000000e+00 1.018987497667227959e+00 -1.201801841253567630e-03
7.770833333333333037e+00 1.021408039801037004e+00 -6.713834387305921180e-04
7.791666666666666075e+00 1.018717174343167775e+00 1.501255796262028703e-03
7.812500000000000000e+00 1.013212097239221343e+00 4.640280491519879096e-05
7.833333333333333037e+00 1.011095983221806494e+00 -1.378427489313493581e-03
7.854166666666666075e+00 1.012746681976493424e+00 -2.598048180345469290e-04
7.875000000000000000e+00 1.014702498655692953e+00 5.576764113983588523e-04
7.895833333333333037e+00 1.013204528178002439e+00 1.672583677946036605e-03
7.916666666666666075e+00 1.010314085709034915e+00 -5.737692799404174604e-05
7.937500000000000000e+00 1.011835197699833211e+00 -2.451991738710919844e-03
7.958333333333333037e+00 1.017214139318670663e+00 -5.225697027953483563e-04
7.979166666666666075e+00 1.010602335843824306e+00 1.000132837446512241e-03
8.000000000000000000e+00 9.998282851442039654e-01 -2.426197721476866260e-04
8.020833333333332149e+00 9.969538050768935733e-01 1.703988364795112984e-03
8.041666666666666075e+00 1.010119351251332231e+00 -4.977877235787611133e-04
8.062500000000000000e+00 1.021831002291473389e+00 -4.370829503498115554e-05
8.083333333333332149e+00 1.027602461190048722e+00 -2.071936599387276708e-03
8.104166666666666075e+00 1.026677337881739760e+00 2.015122273580793703e-03
8.125000000000000000e+00 1.029979010642422255e+00 3.404347841839043629e-04
8.145833333333332149e+00 1.032150764110993713e+00 9.756584872290842425e-04
8.166666666666666075e+00 1.032756886793865458e+00 1.619926516060218261e-03
8.187500000000000000e+00 1.029665350360519982e+00 4.437083541818847253e-03
8.208333333333332149e+00 1.030506704238381532e+00 -1.122120761443526826e-03
8.229166666666666075e+00 1.029581453558602311e+00 1.040097717262315757e-03
8.250000000000000000e+00 1.013912472005742638e+00 2.966526052049990223e-04
8.270833333333332149e+00 9.954525938929390527e-01 1.497027089170172715e-03
8.291666666666666075e+00 9.927985440097980563e-01 -2.304472646960324244e-04
8.312500000000000000e+00 9.983522703559536415e-01 8.529271979277696205e-04
8.333333333333332149e+00 1.009095233144267301e+00 1.573436514474274052e-03
8.354166666666666075e+00 1.016242606311748231e+00 4.925735675499524034e-04
8.375000000000000000e+00 1.019267511677851346e+00 -1.051758736625019576e-04
8.395833333333332149e+00 1.022713670668966568e+00 5.656836794976416232e-04
8.416666666666666075e+00 1.027439099142946954e+00 -7.147467990695380129e-04
8.437500000000000000e+00 1.030999125709240127e+00 8.598641878703938354e-04
8.458333333333332149e+00 1.027292410785427768e+00 1.330906342192699279e-03
8.479166666666666075e+00 1.020783709457677713e+00 -1.121119683771145238e-03
8.500000000000000000e+00 1.015123733317709886e+00 3.601640539562483805e-04
8.520833333333332149e+00 1.008871443444691263e+00 -6.986436122741585913e-06
8.541666666666666075e+00 9.983074794096662430e-01 6.383455499758360465e-04
8.562500000000000000e+00 9.905363241155287213e-01 -1.973721296840059048e-04
8.583333333333332149e+00 9.940278937374990020e-01 -1.850338975355940961e-03
8.604166666666666075e+00 1.012962403410926804e+00 2.046675978545085643e-03
8.625000000000000000e+00 1.032270259970601956e+00 4.306717466287930630e-04
8.645833333333332149e+00 1.037343501701544657e+00 2.060783910818085509e-03
8.666666666666666075e+00 1.040682990789201900e+00 7.783227632500060774e-04
8.687500000000000000e+00 1.042801581373623554e+00 8.892428967629051936e-04
8.708333333333332149e+00 1.034037095954126295e+00 -2.205027613625346744e-03
8.729166666666666075e+00 1.026731564848712974e+00 2.009431406752193883e-03
8.750000000000000000e+00 1.014914005769576688e+00 2.288275163335813395e-03
8.770833333333332149e+00 1.014658023819674737e+00 -1.031964235646074798e-05
8.791666666666666075e+00 1.012228323930203455e+00 -1.155937976850234059e-03
8.812500000000000000e+00 1.006869956401531097e+00 5.350317601152172363e-04
8.833333333333332149e+00 1.003630552854851476e+00 -2.224076002545461849e-03
8.854166666666666075e+00 1.000524614480889696e+00 -1.375920885406713102e-03
8.875000000000000000e+00 1.003626893999112202e+00 -8.761788349509623997e-05
8.895833333333332149e+00 1.013750306875515816e+00 -1.400931546296260136e-04
8.916666666666666075e+00 1.006388280996377782e+00 3.258944193727264537e-04
8.937500000000000000e+00 1.008894684324378899e+00 -5.016462711019826744e-04
8.958333333333332149e+00 1.012134735957200382e+00 6.336947919969298116e-04
8.979166666666666075e+00 1.026511831029202737e+00 -4.036571978010529632e-04
9.000000000000000000e+00 1.026253558786597964e+00 -1.351553038033702836e-03
9.020833333333332149e+00 1.018785224516892018e+00 7.942520649198569907e-04
9.041666666666666075e+00 1.010820455618153479e+00 -1.115781922877851114e-03
9.062500000000000000e+00 1.009211632208059317e+00 -5.462959904523297713e-04
9.083333333333332149e+00 1.024424300288561351e+00 -2.576756014555531184e-03
9.104166666666666075e+00 1.023175387225849553e+00 1.501136232057319786e-04
9.125000000000000000e+00 1.028939837754831332e+00 4.174723648820569729e-04
9.145833333333332149e+00 1.028136707754368606e+00 -3.402341550834298445e-03
9.166666666666666075e+00 1.027685248453629629e+00 6.298581839379333552e-06
9.187500000000000000e+00 1.023581641415529875e+00 9.469155317623638478e-04
9.208333333333332149e+00 1.016575508823848395e+00 2.061676823437452201e-04
9.229166666666666075e+00 1.007954472542618385e+00 -1.251608858881660482e-04
9.250000000000000000e+00 1.001499108203403710e+00 1.172865605483903128e-04
9.270833333333332149e+00 1.010310022078440895e+00 -9.881286179198045267e-04
9.291666666666666075e+00 1.007570073744021188e+00 9.406607895259892467e-04
9.312500000000000000e+00 1.017995502946475561e+00 -1.336204715184214275e-03
9.333333333333332149e+00 1.019455916781350169e+00 3.320942621873779806e-03
9.354166666666666075e+00 1.032342711835033455e+00 -2.384654087187252204e-04
9.375000000000000000e+00 1.026251348795254481e+00 -5.143659364423244264e-04
9.395833333333332149e+00 1.010410354906520869e+00 -3.069738118826630851e-04
9.416666666666666075e+00 1.001228240638398770e+00 -1.560566238793480208e-03
9.437500000000000000e+00 9.970860082541318503e-01 -4.830985182436458073e-04
9.458333333333332149e+00 9.997076610290481780e-01 1.260140900714173040e-03
9.479166666666666075e+00 9.995575848618462045e-01 2.991816527791741199e-04
9.500000000000000000e+00 1.016001586222359698e+00 9.146284431775556466e-04
9.520833333333332149e+00 1.025575821914247454e+00 -9.324217754257866329e-04
9.541666666666666075e+00 1.037783115678942991e+00 2.590286405414293953e-03
9.562500000000000000e+00 1.030832186537045114e+00 2.045953240567084143e-03
9.583333333333332149e+00 1.033099447079033784e+00 1.681146382328717846e-03
9.604166666666666075e+00 1.028046469583738132e+00 1.207455386753323017e-03
9.625000000000000000e+00 1.036528120272764086e+00 1.425440973781627639e-03
9.645833333333332149e+00 1.031003813693329940e+00 2.026797909755998720e-03
9.666666666666666075e+00 1.020265974384523489e+00 1.980213673603048539e-03
9.687500000000000000e+00 1.007895791282664932e+00 1.398809326906195029e-03
9.708333333333332149e+00 1.004100446049989159e+00 8.777238373251002729e-04
9.729166666666666075e+00 1.006082673559498319e+00 -4.319532636834813024e-04
9.750000000000000000e+00 1.001496691698315011e+00 1.548689879537045204e-03
9.770833333333332149e+00 1.002996216824456166e+00 1.032936898054555123e-03
9.791666666666666075e+00 1.003552964770284772e+00 -1.897670502465547641e-03
9.812500000000000000e+00 1.010527454032063011e+00 -1.163051067097963485e-03
9.833333333333332149e+00 1.010712300015358833e+00 6.778993135729560488e-04
9.854166666666666075e+00 1.008674697807773857e+00 3.815785099983242637e-04
9.875000000000000000e+00 1.016566986613505197e+00 3.035647354173543833e-04
9.895833333333332149e+00 1.023323150665963244e+00 -7.293834876048796564e-04
9.916666666666666075e+00 1.028012139080239917e+00 -8.828927834599384480e-04
9.937500000000000000e+00 1.025167471598470659e+00 -9.345511963446987910e-04
9.958333333333332149e+00 1.021085087656823820e+00 -7.401169844541826152e-05
9.979166666666666075e+00 1.027781842151641811e+00 -2.035749424590147655e-03
1.000000000000000000e+01 1.027224885732315407e+00 1.274728781902989549e-03
1.002083333333333215e+01 1.030182440812426936e+00 -2.839323902168485575e-04
1.004166666666666607e+01 1.025985564362483338e+00 -2.558214064974997232e-03
1.006250000000000000e+01 1.014435782997519908e+00 7.987517620178737109e-04
1.008333333333333215e+01 1.020365427203747233e+00 -6.092703305792341115e-05
1.010416666666666607e+01 1.012761189624603819e+00 -4.569548987379488383e-04
1.012500000000000000e+01 1.007800524432952427e+00 -2.116324969013331104e-03
1.014583333333333215e+01 1.001248766394834844e+00 5.691344588518138610e-04
1.016666666666666607e+01 1.002242696590135873e+00 -1.598134730578204023e-03
1.018750000000000000e+01 1.011153778045359442e+00 5.486679944751036899e-04
1.020833333333333215e+01 1.007200137326808242e+00 -5.296535603316883216e-04
1.022916666666666607e+01 1.008911748478619419e+00 -2.583353517825956198e-04
1.025000000000000000e+01 1.008524584963737869e+00 -2.023306981348323673e-03
1.027083333333333215e+01 1.014144019558361309e+00 -1.294237219419977795e-03
1.029166666666666607e+01 1.021305547279739434e+00 5.199961724876552352e-04
1.031250000000000000e+01 1.021821829080452604e+00 -1.336436869130530006e-03
1.033333333333333215e+01 1.023240048861997487e+00 -8.167417140897482216e-04
1.035416666666666607e+01 1.024797951870719537e+00 -1.100690390843085849e-03
1.037500000000000000e+01 1.034762741375472972e+00 2.786635865208597239e-04
1.039583333333333215e+01 1.025846733833388758e+00 5.116999691516743937e-04
1.041666666666666607e+01 1.017854008681396749e+00 1.284910700344054670e-03
1.043750000000000000e+01 1.005743343532815359e+00 1.461381721918689853e-03
1.045833333333333215e+01 1.015533862423936284e+00 -1.869437979513966083e-03
1.047916666666666607e+01 1.010874657222079698e+00 5.458856428760701634e-04
1.050000000000000000e+01 1.015194277047622107e+00 -4.223747697605887579e-04
1.052083333333333215e+01 1.015841992792376303e+00 -8.918348016951717144e-04
1.054166666666666607e+01 1.017383898054875280e+00 3.527572594604329401e-04
1.056250000000000000e+01 1.007052634272540992e+00 5.174171886862883240e-04
1.058333333333333215e+01 9.956908198810872079e-01 -2.224264868911165344e-03
1.060416666666666607e+01 9.898792652710602935e-01 -2.930588665905191695e-03
1.062500000000000000e+01 1.001899075275943796e+00 1.745342749258464938e-03
1.064583333333333215e+01 1.028060721592883642e+00 -1.187940656664765709e-04
1.066666666666666607e+01 1.040982771973871790e+00 8.414537446019388451e-04
1.068750000000000000e+01 1.034028924101628055e+00 8.260424298560272143e-04
1.070833333333333215e+01 1.024381980052745389e+00 -2.590034917396955667e-05
1.072916666666666607e+01 1.017475256274798401e+00 -3.179378392715754838e-05
1.075000000000000000e+01 1.012167476694532109e+00 3.366896586285091954e-04
1.077083333333333215e+01 1.014188673050541833e+00 2.170982160851859296e-03
1.079166666666666607e+01 1.018588626391858654e+00 -2.618441414761298221e-03
1.081250000000000000e+01 1.020922673467478337e+00 -2.146883172299017973e-03
1.083333333333333215e+01 1.029154965145855805e+00 -1.177900948797516853e-03
1.085416666666666607e+01 1.027509252351587632e+00 -1.987928262200961381e-03
1.087500000000000000e+01 1.015262423289373217e+00 2.133788307098282745e-03
1.089583333333333215e+01 1.014733654438802812e+00 -2.600649205317314707e-04
1.091666666666666607e+01 1.011855036260362217e+00 -8.886897046620809799e-04
1.093750000000000000e+01 1.016624779060463668e+00 1.891758498076715291e-04
1.095833333333333215e+01 1.011154050588906506e+00 -8.455778732622745838e-05
1.097916666666666607e+01 1.004824880836933554e+00 -6.431365495430411997e-06
1.100000000000000000e+01 1.002240402338820946e+00 3.191140365037365648e-03
1.102083333333333215e+01 1.007616324240414585e+00 1.945045968943292635e-03
1.104166666666666607e+01 1.005938041639952596e+00 8.729705171158017160e-04
1.106250000000000000e+01 1.008739491878403616e+00 -7.855640246735195098e-04
1.108333333333333215e+01 1.014580552584827045e+00 -3.825412735297710129e-04
1.110416666666666607e+01 1.018412274851787647e+00 -2.023263026122096211e-03
1.112500000000000000e+01 1.026680930831170624e+00 -1.748257935985823917e-04
1.114583333333333215e+01 1.029553274931042095e+00 -2.583968779328180620e-04
1.116666666666666607e+01 1.032484718009363256e+00 8.335886395216083201e-04
1.118750000000000000e+01 1.033562301123262195e+00 -3.111800577089388498e-04
1.120833333333333215e+01 1.038493103511075155e+00 3.996317819771836449e-04
1.122916666666666607e+01 1.025987484532346894e+00 -1.044097513913192507e-04
1.125000000000000000e+01 1.016147154925490348e+00 -3.902842945251099949e-04
1.127083333333333215e+01 1.012856405599365850e+00 -6.332706950620458014e-04
1.129166666666666607e+01 1.014759910918229036e+00 6.114432307302705358e-04
1.131250000000000000e+01 1.013486720418519171e+00 3.352862811491674928e-04
1.133333333333333215e+01 1.004513766113397821e+00 7.738392693133432348e-04
1.135416666666666607e+01 1.009027611057166762e+00 -4.122627953803159628e-04
1.137500000000000000e+01 1.013276310937115676e+00 -6.893122601500087160e-04
1.139583333333333215e+01 1.020755472814591780e+00 -8.603529330643186175e-04
1.141666666666666607e+01 1.018209847763253739e+00 7.203058073046511578e-04
1.143750000000000000e+01 1.009921963905818565e+00 1.622826591066428830e-03
1.145833333333333215e+01 9.972765218654666697e-01 3.393810499328757955e-04
1.147916666666666607e+01 9.953942263022202974e-01 -1.487715707712722541e-03
1.150000000000000000e+01 9.974711351990998009e-01 1.441838689471698024e-03
1.152083333333333215e+01 1.005586686475025804e+00 -1.444946519026754801e-04
1.154166666666666607e+01 1.025560698312916852e+00 -2.401674671433492482e-03
1.156250000000000000e+01 1.042358054343370588e+00 1.010704617841421543e-03
1.158333333333333215e+01 1.049213447074868633e+00 -6.667393391932428977e-04
1.160416666666666607e+01 1.043443189787514269e+00 1.025745035016506403e-03
1.162500000000000000e+01 1.032000349923950067e+00 2.717625752483754549e-04
1.164583333333333215e+01 1.033514964859950647e+00 -3.182923375268180400e-04
1.166666666666666607e+01 1.029597351239162517e+00 2.941845509552165768e-04
1.168750000000000000e+01 1.027178006165238022e+00 4.231636464281490198e-04
1.170833333333333215e+01 1.011936058778077241e+00 -1.838902552008408716e-03
1.172916666666666607e+01 9.954052551092102963e-01 3.920618633911679939e-04
1.175000000000000000e+01 9.856441055118195793e-01 5.013948005366126439e-04
1.177083333333333215e+01 9.890482080179098245e-01 1.329826047905964233e-03
1.179166666666666607e+01 9.925334183383973663e-01 2.655294142011017738e-04
1.181250000000000000e+01 1.007445098569484054e+00 -1.728877215177863349e-03
1.183333333333333215e+01 1.021323705302405571e+00 1.020195405052674561e-03
1.185416666666666607e+01 1.038391595070159212e+00 1.379674484483390531e-04
1.187500000000000000e+01 1.028174426517336260e+00 3.401019768783265698e-03
1.189583333333333215e+01 1.010557476832070423e+00 -2.344376376051034183e-04
1.191666666666666607e+01 1.003344935627996648e+00 -1.273662401927956036e-03
1.193750000000000000e+01 1.009751020766207485e+00 4.401855925941925763e-04
1.195833333333333215e+01 1.016921050869389997e+00 1.600960893564728517e-03
1.197916666666666607e+01 1.019434677520599797e+00 1.007645118072938084e-03
1.200000000000000000e+01 1.016796812616617141e+00 6.315779116025388180e-04
1.202083333333333215e+01 1.018773104052368206e+00 3.341220031523759511e-03
1.204166666666666607e+01 1.015013462782285991e+00 -7.291895864574660189e-04
1.206250000000000000e+01 1.011089782412258886e+00 -1.792213307662552085e-03
1.208333333333333215e+01 1.003466852731840886e+00 -1.938143300519464592e-03
1.210416666666666607e+01 9.985186082090247162e-01 -9.757170747133084255e-04
1.212500000000000000e+01 1.003435437548169995e+00 -1.015017577985961829e-03
1.214583333333333215e+01 1.007651405207365958e+00 5.500989480657075955e-04
1.216666666666666607e+01 1.003167721987484162e+00 3.899556778110249613e-04
1.218750000000000000e+01 9.960596656420607209e-01 -2.190113220796066802e-03
1.220833333333333215e+01 9.981551333484809385e-01 -3.461001842786789014e-05
1.222916666666666607e+01 9.975310490778374062e-01 5.848732377494188618e-04
1.225000000000000000e+01 9.818815858355646187e-01 2.546955566108531524e-04
1.227083333333333215e+01 9.702680689405916992e-01 5.447263397150037831e-04
1.229166666666666607e+01 9.665079521236020765e-01 2.764371191877451270e-03
1.231250000000000000e+01 9.769362104789981460e-01 -1.390197366543968977e-04
1.233333333333333215e+01 9.714824392643242046e-01 -1.597060881124814143e-03
1.235416666666666607e+01 9.672218475913495483e-01 1.643557861733031204e-03
1.237500000000000000e+01 9.626578058908581426e-01 1.170888521788008337e-03
1.239583333333333215e+01 9.667912605731256992e-01 1.261470729548211985e-03
1.241666666666666607e+01 9.791825837831342749e-01 -3.216406750331551770e-04
1.243750000000000000e+01 9.877541446338022890e-01 -8.467204897333090521e-04
1.245833333333333215e+01 9.970745607028606017e-01 2.311025149114756647e-04
1.247916666666666607e+01 1.006539857020311235e+00 6.211352572508451733e-04
1.452083333333333215e+01 1.009819137420277402e+00 1.226353093378699209e-03
1.454166666666666607e+01 1.016680628034477341e+00 6.716434208149400569e-04
1.456250000000000000e+01 1.023186310066637850e+00 -6.770520649025020283e-04
1.458333333333333215e+01 1.014498388502028892e+00 -1.317732349407724820e-03
1.460416666666666607e+01 1.012677997841480826e+00 -1.673472071243569488e-03
1.462500000000000000e+01 1.019270634895246941e+00 1.570884861959782669e-03
1.464583333333333215e+01 1.013754962727945852e+00 9.432621169370980756e-04
1.466666666666666607e+01 1.009800703088374441e+00 1.438324366940224239e-03
1.468750000000000000e+01 1.015625821713772137e+00 -7.552628408030212352e-05
1.470833333333333215e+01 1.016841867644033837e+00 -2.623774170305171057e-04
1.472916666666666607e+01 1.035872460813122675e+00 -1.228291340869979006e-03
1.475000000000000000e+01 1.035854592787121886e+00 -1.776225552880739437e-03
1.477083333333333215e+01 1.023992007194132192e+00 9.386585962572543832e-04
1.479166666666666607e+01 1.017526300305520603e+00 -2.555340818125029223e-03
1.481250000000000000e+01 1.016292207400397274e+00 1.470759914570666897e-03
1.483333333333333215e+01 1.009753143287976940e+00 -1.629998687572943366e-03
1.485416666666666607e+01 1.014060879606812016e+00 2.279804372040361050e-03
1.487500000000000000e+01 1.012049586802646228e+00 -2.808779452454529101e-03
1.489583333333333215e+01 1.014305029544480208e+00 -1.229259348333211575e-03
1.491666666666666607e+01 1.019915088787781698e+00 2.992542325006821097e-04
1.493750000000000000e+01 1.018456929454942594e+00 5.708036901595029420e-04
1.495833333333333215e+01 1.005534468517677693e+00 3.051239163400261281e-04
1.497916666666666607e+01 1.012918613663053691e+00 -7.815612478121695007e-04
1.500000000000000000e+01 1.019266126388447047e+00 6.775921994314041438e-05
1.502083333333333215e+01 1.023132217736799854e+00 -1.385001945881775753e-03
1.504166666666666607e+01 1.021347016718819001e+00 5.998383741052174927e-05
1.506250000000000000e+01 1.014760634679412465e+00 -9.178779683283664595e-05
1.508333333333333215e+01 1.013033180875151151e+00 1.426745167846758073e-03
1.510416666666666607e+01 1.011477595681590236e+00 -3.882336986315720081e-04
1.512500000000000000e+01 1.014950630381030505e+00 1.204312571974801641e-03
1.514583333333333215e+01 1.024345145023720205e+00 4.365690998787683831e-04
1.516666666666666607e+01 1.030688490131594692e+00 -2.801539702056552675e-03
1.518750000000000000e+01 1.041549710140255325e+00 -4.025672786950378014e-05
1.520833333333333215e+01 1.031351472413897019e+00 -4.391064791242846603e-04
1.522916666666666607e+01 1.011471475841413392e+00 -1.607760694674675384e-03
1.525000000000000000e+01 9.936716013815077853e-01 1.136803565579085334e-03
1.527083333333333215e+01 9.941225392218979717e-01 -8.938858815968734088e-05
1.529166666666666607e+01 1.005873663308501254e+00 2.174685756986589717e-03
1.531250000000000000e+01 1.014793654397369238e+00 -1.625286904317649285e-04
1.533333333333333215e+01 1.019550903917971318e+00 -6.183105114168329893e-04
1.535416666666666607e+01 1.024129448565228140e+00 -1.656451968237651921e-03
1.537500000000000000e+01 1.026870578210540730e+00 5.057426591931154548e-04
1.539583333333333215e+01 1.028695075134617110e+00 7.270096587412339020e-05
1.541666666666666607e+01 1.025099634614157873e+00 -7.062571476019270569e-04
1.543750000000000000e+01 1.024349353975203103e+00 -3.072584436666973579e-03
1.545833333333333215e+01 1.023661626311521466e+00 9.654521323112137416e-04
1.547916666666666607e+01 1.019608473572839902e+00 -1.992186638262631669e-04
1.550000000000000000e+01 1.013175083073496685e+00 2.738819635641863014e-04
1.552083333333333215e+01 1.007442082937761940e+00 1.236609078255143743e-03
1.554166666666666607e+01 1.003551017613727447e+00 2.101757219521054217e-03
1.556250000000000000e+01 1.010266510636831150e+00 -9.800730691765939030e-05
1.558333333333333215e+01 1.007757146753746280e+00 6.418112858805831477e-04
1.560416666666666607e+01 1.009936914565356725e+00 1.681542322493274661e-04
1.562500000000000000e+01 1.009536052362030478e+00 2.692776467636204062e-05
1.564583333333333215e+01 1.016235056382352786e+00 2.054542857686503764e-03
1.566666666666666607e+01 1.012550573690483846e+00 1.099504184576090803e-03
1.568750000000000000e+01 1.016065037490624379e+00 -6.586394864919386735e-04
1.570833333333333215e+01 1.018127721335127633e+00 9.964341881828827231e-04
1.572916666666666607e+01 1.028252142427995564e+00 -1.646224834198729359e-03
1.575000000000000000e+01 1.027863550722259545e+00 -8.067528928592156156e-05
1.577083333333333215e+01 1.027070543364707600e+00 1.221109657162376769e-03
1.579166666666666607e+01 1.019919961302552691e+00 1.624666065439665493e-03
1.581250000000000000e+01 1.014667535924889119e+00 -1.677952237387333014e-03
1.583333333333333215e+01 1.015712247604429352e+00 -5.782397929810074685e-05
1.585416666666666607e+01 1.011574184927369169e+00 -1.160967582220093480e-03
1.587500000000000000e+01 1.007343356824745850e+00 -2.790985358885725992e-03
1.589583333333333215e+01 1.013581642854299192e+00 -5.336443886587775810e-04
1.591666666666666607e+01 1.015957489266437364e+00 -5.149667036440391419e-04
1.593750000000000000e+01 1.023497744166070866e+00 -1.894731377278499867e-03
1.595833333333333215e+01 1.015737145029966815e+00 2.509231268260311756e-03
1.597916666666666607e+01 1.010253246729333254e+00 -6.451044303348555005e-04
1.600000000000000000e+01 1.011648837615354957e+00 -3.435659372263070825e-04
1.602083333333333215e+01 1.023673123646377858e+00 1.985311587118855398e-04
1.604166666666666430e+01 1.025442861470221789e+00 -5.780844218680418868e-04
1.606250000000000000e+01 1.031864468887215391e+00 1.465543779216030599e-03
1.608333333333333215e+01 1.017965865352126853e+00 -3.538019076642660095e-04
1.610416666666666430e+01 1.007775740429330380e+00 2.545221143082980974e-04
1.612500000000000000e+01 9.922442392322333715e-01 -1.643751969060549840e-03
1.614583333333333215e+01 9.883947932744143738e-01 8.629020615739410680e-04
1.616666666666666430e+01 9.887345374968107281e-01 3.226713898309692668e-03
1.618750000000000000e+01 1.016168755708720894e+00 3.405323177871030869e-03
1.620833333333333215e+01 1.038724332255624994e+00 -1.038554230310161260e-03
1.622916666666666430e+01 1.046975481264890595e+00 3.479730427193104131e-04
1.625000000000000000e+01 1.044383181410486694e+00 -9.315012746122708007e-04
1.627083333333333215e+01 1.033744547052680263e+00 -5.481177058782150209e-04
1.629166666666666430e+01 1.029574161003525834e+00 -2.155945887729648729e-03
1.631250000000000000e+01 1.022159652593034762e+00 -8.860323501763797856e-04
1.633333333333333215e+01 1.014851867054468171e+00 -1.566301588050356217e-03
1.635416666666666430e+01 1.005911444507561869e+00 -9.579411943677085825e-04
1.637500000000000000e+01 1.002947789425409519e+00 -1.586859643406545741e-04
1.639583333333333215e+01 1.005991637409614281e+00 2.201664298016700225e-04
1.641666666666666430e+01 1.005746188438831235e+00 -5.597156512741477744e-05
1.643750000000000000e+01 1.012109561774879651e+00 -2.781389703626513821e-03
1.645833333333333215e+01 1.017445001284635886e+00 9.263021934390273243e-04
1.647916666666666430e+01 1.030687680850562726e+00 -1.076103927728808618e-03
1.650000000000000000e+01 1.032821753169172130e+00 9.435103712633532286e-04
1.652083333333333215e+01 1.019283160947420441e+00 1.622568256844895572e-04
1.654166666666666430e+01 1.006396707777983401e+00 3.139314539194708382e-06
1.656250000000000000e+01 9.997173795813922847e-01 -2.944301977594280129e-03
1.658333333333333215e+01 1.007613144829762719e+00 4.365721153594829596e-04
1.660416666666666430e+01 1.004646271939201307e+00 -2.152545613178985084e-03
1.662500000000000000e+01 1.011351873759123388e+00 1.791933702840129740e-03
1.664583333333333215e+01 1.021506313583365744e+00 1.234678346552255329e-03
1.666666666666666430e+01 1.030988190385576209e+00 1.540707192047623619e-04
1.668750000000000000e+01 1.040646081235699016e+00 6.437213070953617120e-04
1.670833333333333215e+01 1.032444094613201857e+00 -1.295025073452721548e-03
1.672916666666666430e+01 1.025072961898992885e+00 -9.312808895249717622e-05
1.675000000000000000e+01 1.018816323097695653e+00 9.232417495053227069e-04
1.677083333333333215e+01 1.010630003855541803e+00 -1.332344609803990786e-03
1.679166666666666430e+01 1.008799544831688211e+00 -6.805978543859479658e-04
1.681250000000000000e+01 1.005542283694516259e+00 7.848385724364397714e-04
1.683333333333333215e+01 1.007464672695486785e+00 -2.531835018180666683e-03
1.685416666666666430e+01 1.015640964852860373e+00 1.628863921344967909e-03
1.687500000000000000e+01 1.013736083161514312e+00 -8.657177182307826879e-04
1.689583333333333215e+01 1.014241385129290185e+00 7.163645699160486673e-05
1.691666666666666430e+01 1.017514580820865877e+00 -1.840882282575869344e-04
1.693750000000000000e+01 1.026997348687901157e+00 1.552074154772441683e-05
1.695833333333333215e+01 1.029097303155879661e+00 -8.868268986289140751e-04
1.697916666666666430e+01 1.018976461932138200e+00 4.594003214419205522e-04
1.700000000000000000e+01 1.008172930073707452e+00 -1.607501133291576456e-03
1.702083333333333215e+01 1.005567915070727292e+00 -1.172214148859673484e-03
1.704166666666666430e+01 1.016532542612817336e+00 1.289419418406721578e-03
1.706250000000000000e+01 1.017104479119685490e+00 -2.495030347401120535e-03
1.708333333333333215e+01 1.021064100584982537e+00 3.242128357231312068e-04
1.710416666666666430e+01 1.017401884321464500e+00 -1.677109463287107874e-03
1.712500000000000000e+01 1.016489208463757787e+00 6.638605233692385218e-04
1.714583333333333215e+01 1.008993943630264623e+00 -6.750483191523858669e-04
1.716666666666666430e+01 1.011120955812231159e+00 9.573456076226779382e-04
1.718750000000000000e+01 1.010964199692122367e+00 2.591564206229468158e-03
1.720833333333333215e+01 1.024060631361092266e+00 -1.290957138420766948e-03
1.722916666666666430e+01 1.031306355951711273e+00 -7.502631687577096661e-05
1.725000000000000000e+01 1.021293185672259796e+00 6.857790950923446547e-06
1.727083333333333215e+01 1.017009699680886836e+00 -2.768450355515457342e-03
1.729166666666666430e+01 1.007605017169552530e+00 -9.232274322567876439e-04
1.731250000000000000e+01 1.002712958651830411e+00 1.640250737685759481e-03
1.733333333333333215e+01 1.012143140066469993e+00 -5.637736306195450251e-04
1.735416666666666430e+01 1.011461189093728619e+00 -8.079933473926661613e-05
1.737500000000000000e+01 1.019679931319607435e+00 -1.212487466175338452e-04
1.739583333333333215e+01 1.023539917579423530e+00 -1.325854433680370920e-03
1.741666666666666430e+01 1.028401838872721630e+00 -1.467103362317379641e-03
1.743750000000000000e+01 1.021715965619621969e+00 -5.306434706748520882e-04
1.745833333333333215e+01 1.014544456049988108e+00 1.474156164738888667e-03
1.747916666666666430e+01 1.013486429539962375e+00 7.582525649265823512e-05
1.750000000000000000e+01 1.018566010353366691e+00 -1.014074011028111619e-04
1.752083333333333215e+01 1.016026961885920343e+00 8.071562315694381397e-05
1.754166666666666430e+01 1.011321524043682585e+00 -5.883533778172955796e-04
1.756250000000000000e+01 1.007165702973315646e+00 1.360477692553994098e-03
1.758333333333333215e+01 1.012459496873520770e+00 -1.944570209398532976e-04
1.760416666666666430e+01 1.010592496746539393e+00 8.316323294689222058e-05
1.762500000000000000e+01 1.015310610159112059e+00 1.226309786895579809e-03
1.764583333333333215e+01 1.009319900445841967e+00 -2.192397889287913879e-04
1.766666666666666430e+01 1.006153478504525856e+00 9.511789718734961832e-04
1.768750000000000000e+01 1.026964168129110400e+00 -4.003676111489710542e-04
1.770833333333333215e+01 1.032813379764366379e+00 -1.356411186774258461e-03
1.772916666666666430e+01 1.036365570551148085e+00 -1.334468091341151552e-03
1.775000000000000000e+01 1.027512431105888302e+00 1.443548441044960112e-03
1.777083333333333215e+01 1.027854352537937110e+00 3.265123852153971448e-05
1.779166666666666430e+01 1.015651731668347990e+00 -1.369921432248868715e-04
1.781250000000000000e+01 1.000188088597938840e+00 -5.868515785043900042e-04
1.783333333333333215e+01 9.933985872074677648e-01 -6.885858615841228617e-04
1.785416666666666430e+01 9.998953589053771740e-01 -2.392149836642276824e-03
1.787500000000000000e+01 1.015763799883430130e+00 7.211839692730088840e-04
1.789583333333333215e+01 1.030904295943933846e+00 -8.449345276565220844e-04
1.791666666666666430e+01 1.028057960771899149e+00 -1.390614126652102087e-03
1.793750000000000000e+01 1.028700035226764564e+00 -1.079338626386198551e-03
1.795833333333333215e+01 1.031850638542421539e+00 1.259471592200978431e-03
1.797916666666666430e+01 1.027670900773222984e+00 -7.073267339648215205e-04
1.800000000000000000e+01 1.013202057371677345e+00 9.263370191515614719e-04
1.802083333333333215e+01 9.995738136928468132e-01 2.386860529384890396e-04
1.804166666666666430e+01 1.001065334817136332e+00 -2.470510909374199512e-04
1.806250000000000000e+01 1.006161875230959568e+00 -1.047548165753813812e-03
1.808333333333333215e+01 1.013208178773410406e+00 6.809984941595617820e-05
1.810416666666666430e+01 1.008581175778933137e+00 -7.416933845729607993e-04
1.812500000000000000e+01 1.016559024615977469e+00 2.702590812195182577e-03
1.814583333333333215e+01 1.023232958729989095e+00 1.322682788743505776e-03
1.816666666666666430e+01 1.028967945393337136e+00 -2.954400427960057296e-04
1.818750000000000000e+01 1.032045735201887915e+00 -1.329877495118627880e-03
1.820833333333333215e+01 1.017034510674072356e+00 -1.000674235852597876e-03
1.822916666666666430e+01 1.022357491363647730e+00 1.085735959252270930e-03
1.825000000000000000e+01 1.015331124532446561e+00 -8.207798280341749688e-04
1.827083333333333215e+01 1.010360309430801351e+00 -1.968424129150417280e-04
1.829166666666666430e+01 1.002502490594976647e+00 2.335508436021488908e-03
1.831250000000000000e+01 1.008708772371303519e+00 -3.509306299752018902e-04
1.833333333333333215e+01 1.015606789234938301e+00 -5.276642757002032898e-04
1.835416666666666430e+01 1.026299923780068069e+00 -1.057899686886173540e-03
1.837500000000000000e+01 1.033673062060052716e+00 -1.554284512223169223e-03
1.839583333333333215e+01 1.026796928813241250e+00 -1.182855902232509424e-03
1.841666666666666430e+01 1.022061176910766589e+00 4.660980146278071801e-05
1.843750000000000000e+01 1.012153654984050410e+00 5.141189684360478662e-04
1.845833333333333215e+01 9.968014911160691938e-01 -8.033747388813589118e-04
1.847916666666666430e+01 9.938578941302540493e-01 -4.895844114312217134e-04
1.850000000000000000e+01 9.972748379444787981e-01 2.943356574653111391e-03
1.852083333333333215e+01 1.007782788995564616e+00 -2.021827679831683482e-04
1.854166666666666430e+01 1.016404900845019554e+00 -1.208141077181909984e-03
1.856250000000000000e+01 1.017635238724050373e+00 -1.235643299469756312e-03
1.858333333333333215e+01 1.022346768835077135e+00 -1.869281808174167977e-03
1.860416666666666430e+01 1.031332241366887947e+00 -1.277094080201271941e-03
1.862500000000000000e+01 1.040072130759516433e+00 1.415550271858227131e-03
1.864583333333333215e+01 1.042764440467721654e+00 1.786214998980826391e-03
1.866666666666666430e+01 1.032803726132644595e+00 -3.531531634318442470e-03
1.868750000000000000e+01 1.022199151577905862e+00 8.085336493455722723e-04
1.870833333333333215e+01 1.012741596025388269e+00 -1.174417049388757055e-03
1.872916666666666430e+01 1.002645354292032609e+00 -9.747349977147572696e-04
1.875000000000000000e+01 1.000740405002712885e+00 -5.336625595778664256e-04
1.877083333333333215e+01 1.000648115468197874e+00 -2.012825775167348050e-03
1.879166666666666430e+01 1.006477279623108956e+00 4.073761670915449569e-04
1.881250000000000000e+01 1.012261846554551870e+00 -8.602194461713376806e-04
1.883333333333333215e+01 1.011744598484128232e+00 -1.048878074980734562e-03
1.885416666666666430e+01 1.011716357492539187e+00 -8.573637260339689314e-04
1.887500000000000000e+01 1.025321311757266596e+00 9.612805415226294845e-04
1.889583333333333215e+01 1.035791257528706266e+00 -6.693163581022057527e-04
1.891666666666666430e+01 1.044592123199029610e+00 2.879927238664262406e-03
1.893750000000000000e+01 1.032697655169228623e+00 1.807499118148135002e-04
1.895833333333333215e+01 1.022376755306982465e+00 -3.888493659857641862e-04
1.897916666666666430e+01 1.010123183875039521e+00 -1.454656591112516383e-04
1.900000000000000000e+01 1.006005760160918694e+00 9.582232275691106001e-04
1.902083333333333215e+01 9.937235793791361349e-01 8.286659318916402657e-04
1.904166666666666430e+01 9.999427655175062712e-01 2.491593318155307718e-04
1.906250000000000000e+01 1.014706869836073722e+00 9.027317607823194534e-04
1.908333333333333215e+01 1.019377246669165960e+00 7.087940607882735344e-05
1.910416666666666430e+01 1.027927753841633818e+00 1.458742028838354949e-03
1.912500000000000000e+01 1.024216030576826864e+00 1.850233714530806874e-03
1.914583333333333215e+01 1.023197784579473968e+00 4.430447676321925339e-04
1.916666666666666430e+01 1.022596544166948451e+00 2.437190376681040846e-04
1.918750000000000000e+01 1.020341891652440713e+00 1.033102675377254491e-03
1.920833333333333215e+01 1.019829698447939581e+00 1.582982729908752610e-05
1.922916666666666430e+01 1.018502317022932147e+00 -1.554316213619848783e-04
1.925000000000000000e+01 1.023688550454593393e+00 -2.140979501527494767e-03
1.927083333333333215e+01 1.013382116849586234e+00 5.954376177345241080e-04
1.929166666666666430e+01 1.002243088216248079e+00 -2.955761977577891792e-04
1.931250000000000000e+01 9.867405114910733355e-01 -2.096231153396177320e-03
1.933333333333333215e+01 9.803747278307347601e-01 -8.303131080526869731e-04
1.935416666666666430e+01 9.941888102965961149e-01 1.193724752898620576e-03
1.937500000000000000e+01 1.005294479672330876e+00 1.151051721706106059e-03
1.939583333333333215e+01 1.008600281614128180e+00 1.663130506728685565e-03
1.941666666666666430e+01 1.016084954398601248e+00 -1.426413751396711851e-03
1.943750000000000000e+01 1.012630726263825443e+00 9.950654496021281523e-04
1.945833333333333215e+01 1.002032015785009111e+00 1.310117732084220251e-03
1.947916666666666430e+01 9.920523715257270059e-01 -6.868220442009330797e-04
1.950000000000000000e+01 9.917254601987841589e-01 2.061248211216089657e-03
1.952083333333333215e+01 9.999787970343332333e-01 1.710805309784877793e-03
1.954166666666666430e+01 1.002860284392390389e+00 3.167721716923870283e-04
1.956250000000000000e+01 1.001154899374214757e+00 -2.864961715610145430e-03
1.958333333333333215e+01 9.862628264559868407e-01 -1.213564869128148883e-03
1.960416666666666430e+01 9.783697538727864629e-01 1.196762541592575561e-03
1.962500000000000000e+01 9.807780332274241841e-01 1.154044330234829186e-03
1.964583333333333215e+01 9.716396677085895606e-01 2.028254458194055348e-03
1.966666666666666430e+01 9.750893456013487448e-01 -6.548942260617047779e-04
1.968750000000000000e+01 9.632958310085607545e-01 1.790196818703802643e-03
1.970833333333333215e+01 9.661522572861269698e-01 -2.096226268360688785e-03
1.972916666666666430e+01 9.655311224458990038e-01 -4.106086299538711545e-04
1.975000000000000000e+01 9.722681056391887511e-01 -8.689390070311367909e-05
1.977083333333333215e+01 9.833663819214927271e-01 -5.931615403042517871e-04
1.979166666666666430e+01 9.998408924005575127e-01 -2.081089498662739515e-03
1.981250000000000000e+01 1.021698293623356513e+00 1.271660002413366576e-03
1.983333333333333215e+01 1.022935083288848856e+00 -7.811893652662456940e-04
1.985416666666666430e+01 1.013326816131266073e+00 -1.063288030129932744e-03
1.987500000000000000e+01 1.002435226283584946e+00 -7.108431491044639753e-04
1.989583333333333215e+01 9.976786611498320578e-01 -1.304117740912398528e-03
1.991666666666666430e+01 1.002548149346241813e+00 1.243808789882272763e-03
1.993750000000000000e+01 1.007163511947909207e+00 -2.080694947639918479e-03
1.995833333333333215e+01 1.000525455463184166e+00 1.458230239770883733e-03
1.997916666666666430e+01 1.011633217326404433e+00 8.184609175383815568e-04
2.000000000000000000e+01 1.021253908321219539e+00 8.573209104987719294e-04
2.002083333333333215e+01 1.017756191249492348e+00 -4.194520573946321326e-04
2.004166666666666430e+01 1.013866344478366655e+00 1.500371227300395863e-03
2.006250000000000000e+01 1.014263695382495500e+00 -1.405204628676121970e-03
2.008333333333333215e+01 1.017095493962098418e+00 6.316798626414664051e-04
2.010416666666666430e+01 1.022577652209352372e+00 -6.022866345425611275e-04
2.012500000000000000e+01 1.018288570992267328e+00 4.061965433629808556e-04
2.014583333333333215e+01 1.012481124598148874e+00 3.445638599671123196e-04
2.016666666666666430e+01 1.009898695094644472e+00 2.368906466273233181e-04
2.018750000000000000e+01 1.013978214875381312e+00 -8.605162807274538417e-04
2.020833333333333215e+01 1.013731896417195300e+00 -5.337989651740563876e-04
2.022916666666666430e+01 1.008213200048973635e+00 -4.511723006139987100e-04
2.025000000000000000e+01 1.012615128500549799e+00 -2.113492252701090323e-03
2.027083333333333215e+01 1.015962571133075532e+00 -1.155720719680939680e-03
2.029166666666666430e+01 1.023083292661498778e+00 1.052810044971333892e-03
2.031250000000000000e+01 1.015168314328459331e+00 -4.237217375846710787e-04
2.033333333333333215e+01 1.000641093510166391e+00 6.548063327390446151e-04
2.035416666666666430e+01 9.989878560584166678e-01 6.489558586770858119e-04
2.037500000000000000e+01 1.014242639182777683e+00 1.351366966557888960e-03
2.039583333333333215e+01 1.028048224571519675e+00 4.290805851541209806e-06
2.041666666666666430e+01 1.035719089964739492e+00 1.137468016698729191e-03
2.043750000000000000e+01 1.037848408375621423e+00 4.488517715776780539e-04
2.045833333333333215e+01 1.037995694918969258e+00 -1.956916774916773929e-03
2.047916666666666430e+01 1.029872542179342432e+00 -1.105257929302772436e-03
2.050000000000000000e+01 1.012230733291902052e+00 -2.233969394455124959e-03
2.052083333333333215e+01 1.002432349403239664e+00 -1.096827044828036554e-03
2.054166666666666430e+01 1.008488933486330952e+00 8.061464987555607125e-04
2.056250000000000000e+01 1.022329282005731699e+00 -4.280026925744172218e-04
2.058333333333333215e+01 1.022706313768927178e+00 -6.987922669568648716e-04
2.060416666666666430e+01 1.010540603355670530e+00 2.036333756355604863e-03
2.062500000000000000e+01 1.005139990548379769e+00 -2.706048906713154280e-04
2.064583333333333215e+01 1.010257408912732302e+00 -2.438793684722373716e-03
2.066666666666666430e+01 1.011318637121317421e+00 -8.487036756382294140e-04
2.068750000000000000e+01 1.014674390243614832e+00 -4.444440222248756422e-04
2.070833333333333215e+01 1.017025680011140354e+00 1.778631690334920874e-03
2.072916666666666430e+01 1.024581625942780905e+00 -2.072156692554912201e-03
2.075000000000000000e+01 1.018556910382826253e+00 -2.488016593523491868e-04
2.077083333333333215e+01 1.015621012203719919e+00 -1.150798678591651210e-04
2.079166666666666430e+01 1.002392375688027082e+00 -1.159014587990285896e-03
2.081250000000000000e+01 1.009747005545972076e+00 -1.018543916593697490e-04
2.083333333333333215e+01 1.021607687826548316e+00 -2.162491225469157668e-04
2.085416666666666430e+01 1.031023088976456670e+00 2.485605065647341618e-04
2.087500000000000000e+01 1.031196106329004269e+00 -1.852934655970900736e-03
2.089583333333333215e+01 1.032973107077425512e+00 1.031396702365448099e-03
2.091666666666666430e+01 1.029973381840366242e+00 -2.450434583736126309e-03
2.093750000000000000e+01 1.030368231536615387e+00 3.301831450138421192e-03
2.095833333333333215e+01 1.018603703999903853e+00 -9.407869401504626765e-04
2.097916666666666430e+01 1.008948748175735544e+00 7.526283721787993672e-04
2.100000000000000000e+01 9.963124147944371067e-01 -1.039798024424301999e-04
2.102083333333333215e+01 9.981428212645899745e-01 -3.452657510276955707e-03
2.104166666666666430e+01 1.005132908016256543e+00 -3.208213393689637871e-03
2.106250000000000000e+01 1.014748284609910511e+00 3.157586858863008477e-04
2.108333333333333215e+01 1.018554773521254120e+00 1.333818203834722174e-03
2.110416666666666430e+01 1.027344576349699778e+00 -1.689856771108244095e-03
2.112500000000000000e+01 1.033220091650296935e+00 3.057783615407770107e-04
2.114583333333333215e+01 1.028627432307205769e+00 6.704968527975633868e-04
2.116666666666666430e+01 1.015879557750549944e+00 -1.245260642470936681e-03
2.118750000000000000e+01 1.011226398176116925e+00 -1.323080974118535751e-03
2.120833333333333215e+01 1.006952278099592535e+00 -1.065291957847892910e-03
2.122916666666666430e+01 9.989305446913884223e-01 -1.436573474926499403e-03
2.125000000000000000e+01 1.000406554317359475e+00 1.526078546855480327e-03
2.127083333333333215e+01 1.010131673664828700e+00 7.685690064699635419e-04
2.129166666666666430e+01 1.022928135434800767e+00 9.900368298122355463e-04
2.131250000000000000e+01 1.034863569008725337e+00 -1.263647333626767609e-03
2.133333333333333215e+01 1.032543209865677936e+00 7.222392734870034241e-05
2.135416666666666430e+01 1.027402756658650773e+00 2.182016812536476038e-04
2.137500000000000000e+01 1.023117698796759401e+00 3.138765454572454939e-04
2.139583333333333215e+01 1.022797126237764642e+00 1.180224958465998526e-03
2.141666666666666430e+01 1.013793439578626332e+00 1.086637748451656010e-03
2.143750000000000000e+01 1.016490408581298910e+00 -4.022032790037774496e-04
2.145833333333333215e+01 1.012710731198711578e+00 -1.978024285014956670e-04
2.147916666666666430e+01 1.017233143315871002e+00 2.155297020978698083e-04
2.150000000000000000e+01 1.017842475331039109e+00 1.515046578058154222e-03
2.152083333333333215e+01 1.014894050109336865e+00 7.568065028331506100e-04
2.154166666666666430e+01 1.008242525821222868e+00 9.065841278468217716e-04
2.156250000000000000e+01 1.014321615371057028e+00 -6.199566722688160938e-04
2.158333333333333215e+01 1.028491277424725237e+00 -2.385347223757369739e-03
2.160416666666666430e+01 1.029916596451130317e+00 -1.374949215123320292e-03
2.162500000000000000e+01 1.020625683956252860e+00 -7.598837679038619600e-04
2.164583333333333215e+01 1.014728965398026705e+00 1.121102866007586294e-03
2.166666666666666430e+01 1.008373761084617737e+00 8.393175818941667633e-04
2.168750000000000000e+01 1.009086690589369173e+00 -7.476267711122650114e-04
2.170833333333333215e+01 1.011520936862433828e+00 1.842194373331583436e-03
2.172916666666666430e+01 1.020025301736822154e+00 1.395026068551293740e-05
2.175000000000000000e+01 1.020900073529119600e+00 -2.464320227976435785e-03
2.177083333333333215e+01 1.028712009711520103e+00 -2.012150642218222488e-03
2.179166666666666430e+01 1.026947749240403773e+00 2.803991310802883032e-03
2.181250000000000000e+01 1.021292909375088209e+00 -5.356717404586024069e-05
2.183333333333333215e+01 1.020423640178478308e+00 -1.366506133057865694e-03
2.185416666666666430e+01 1.026143111999310298e+00 -7.639345352351844826e-04
2.187500000000000000e+01 1.026526145244406329e+00 1.647549343004190911e-03
2.189583333333333215e+01 1.019605119069809440e+00 1.082599191118637199e-04
2.191666666666666430e+01 1.010512286356394007e+00 5.910309431374085416e-04
2.193750000000000000e+01 1.008900224100020893e+00 9.818364564758389357e-04
2.195833333333333215e+01 1.014138095871463641e+00 2.292992989345456027e-03
2.197916666666666430e+01 1.006752107097048876e+00 -5.125672131783728632e-04
2.200000000000000000e+01 1.005217900160447764e+00 -8.728498839012696457e-04
2.202083333333333215e+01 1.010550042427786455e+00 -1.449807427591200950e-03
2.204166666666666430e+01 1.020491981346946631e+00 7.401582529042696670e-04
2.206250000000000000e+01 1.030849196252044742e+00 -5.368866478150726177e-04
2.208333333333333215e+01 1.032374002995514184e+00 -7.763959242632422581e-04
2.210416666666666430e+01 1.034863149624176248e+00 -3.131086673942964417e-04
2.212500000000000000e+01 1.039424096048764401e+00 -1.762364704161403111e-04
2.214583333333333215e+01 1.031520770315551783e+00 -1.363911480920243719e-03
2.216666666666666430e+01 1.012473074182979493e+00 -1.290431473190651205e-05
2.218750000000000000e+01 9.969316465397478622e-01 1.641741602761018562e-03
2.220833333333333215e+01 9.911524863020702014e-01 -9.183047579109944849e-04
2.222916666666666430e+01 9.978367553985271199e-01 6.817189146529384521e-04
2.225000000000000000e+01 1.004527196608721917e+00 -2.299795805262171925e-03
2.227083333333333215e+01 1.002561794495631098e+00 -1.263782434777569385e-03
2.229166666666666430e+01 1.014455911630020024e+00 -3.767699786346340694e-03
2.231250000000000000e+01 1.023432598268918303e+00 4.805867074070345035e-04
2.233333333333333215e+01 1.026647367277767398e+00 6.248643949825757665e-04
2.235416666666666430e+01 1.027385018266987693e+00 -1.924215655559179160e-03
2.237500000000000000e+01 1.030349883603203232e+00 -2.342172434831430849e-03
2.239583333333333215e+01 1.037149588345938511e+00 -1.006426793048465591e-03
2.241666666666666430e+01 1.035587127042092437e+00 7.673604623856726363e-04
2.243750000000000000e+01 1.029646894020227688e+00 -1.074069887959923884e-03
2.245833333333333215e+01 1.009745211922801200e+00 -2.196639950697012664e-03
2.247916666666666430e+01 1.006583039272935132e+00 3.853538707494825631e-04
2.250000000000000000e+01 1.003780432401433220e+00 2.301394868073076104e-03
2.252083333333333215e+01 1.003951325757268531e+00 7.501099472298231128e-04
2.254166666666666430e+01 1.004099665632230964e+00 -5.223966788761211753e-04
2.256250000000000000e+01 1.008013145616694750e+00 3.127980232965801421e-03
2.258333333333333215e+01 1.016861769622142253e+00 9.131625953516017268e-05
2.260416666666666430e+01 1.038590371275812441e+00 1.207282946827908888e-03
2.262500000000000000e+01 1.033287383598106901e+00 8.020114441688883447e-04
2.264583333333333215e+01 1.020601907067194780e+00 1.450357621012323805e-03
2.266666666666666430e+01 1.013514358183165376e+00 7.316867183119085986e-04
2.268750000000000000e+01 1.011189270584208266e+00 -2.211918687511062187e-03
2.270833333333333215e+01 1.011761392170582363e+00 -1.063523224289404353e-03
2.272916666666666430e+01 1.014745555711770386e+00 -4.255056624617894781e-06
2.275000000000000000e+01 1.015109501380921042e+00 -1.587968828254698915e-03
2.277083333333333215e+01 1.018271961019752592e+00 5.184217586566667061e-04
2.279166666666666430e+01 1.021639484864704350e+00 7.528765987507637925e-04
2.281250000000000000e+01 1.013697996191759376e+00 -2.715633625940102550e-03
2.283333333333333215e+01 1.005930461383065522e+00 -9.141626114954626032e-04
2.285416666666666430e+01 1.011220277115242538e+00 2.952614465939230881e-03
2.287500000000000000e+01 1.014394416401917631e+00 -7.304856964917946956e-04
2.289583333333333215e+01 1.015024465867530701e+00 1.890801929307291823e-03
2.291666666666666430e+01 1.010901052945561540e+00 -5.822489301620264492e-04
2.293750000000000000e+01 1.012693322116757111e+00 1.600739741740220354e-03
2.295833333333333215e+01 1.023980091758985189e+00 2.033523224570783165e-03
2.297916666666666430e+01 1.035201758348924361e+00 -9.232321598087072419e-04
2.300000000000000000e+01 1.043476512959768066e+00 2.180905994014551569e-03
2.302083333333333215e+01 1.034867484935137805e+00 -1.526131574122571765e-03
2.304166666666666430e+01 1.033810178743771901e+00 1.353789865893102219e-03
2.306250000000000000e+01 1.027228182714005955e+00 -1.784159077450043780e-03
2.308333333333333215e+01 1.012529925662568830e+00 -5.427077550012715914e-04
2.310416666666666430e+01 1.001423736733780379e+00 1.511175332743852672e-03
2.312500000000000000e+01 1.000038776452202516e+00 -2.007735396161556163e-04
2.314583333333333215e+01 1.005369872659337194e+00 -1.581459099591430491e-03
2.316666666666666430e+01 1.011351143967462063e+00 -4.947089411402355759e-04
2.318750000000000000e+01 1.000890968707453865e+00 1.994202961130480366e-03
2.320833333333333215e+01 9.976420853177059289e-01 -2.684940265668767177e-04
2.322916666666666430e+01 1.004717344719568084e+00 -2.033779599035336408e-03
2.325000000000000000e+01 1.018694056259945357e+00 8.643900297391199491e-04
2.327083333333333215e+01 1.030485556254812973e+00 1.050076244193056882e-03
2.329166666666666430e+01 1.031089809504855959e+00 1.298603968644410295e-03
2.331250000000000000e+01 1.029707768118842681e+00 -2.987169700210329302e-04
2.333333333333333215e+01 1.030320944551565976e+00 6.909566503168570626e-04
2.335416666666666430e+01 1.019979920740213597e+00 -9.955759832814491637e-04
2.337500000000000000e+01 1.008967690420645935e+00 2.922506305104527967e-06
2.339583333333333215e+01 1.007354817109102241e+00 -1.283037329381244665e-04
2.341666666666666430e+01 1.014882373605883847e+00 -1.721272175164852928e-03
2.343750000000000000e+01 1.018093103710983272e+00 -1.925592410228881956e-04
2.345833333333333215e+01 1.014094533145459387e+00 -1.099556595152625981e-03
2.347916666666666430e+01 1.013722201526457312e+00 -6.116292822959096045e-06
2.350000000000000000e+01 1.021884596318391125e+00 -1.397605137204842329e-04
2.352083333333333215e+01 1.020086112304315229e+00 -1.263502518515282908e-03
2.354166666666666430e+01 1.023814228755112854e+00 -7.582926758501963745e-04
2.356250000000000000e+01 1.018868094184406159e+00 7.164039033063615732e-04
2.358333333333333215e+01 1.020057184187477262e+00 7.286599185308347167e-04
2.360416666666666430e+01 1.028167249740360223e+00 8.981754492296037916e-04
2.362500000000000000e+01 1.022325425134623433e+00 1.696494049935251677e-04
2.364583333333333215e+01 1.007238503903735038e+00 1.433802054298402009e-03
2.366666666666666430e+01 9.950981850001215934e-01 3.639878185318668759e-04
2.368750000000000000e+01 9.970668605779917648e-01 5.221029164642501750e-04
2.370833333333333215e+01 1.002503000547223744e+00 -1.612063194126834133e-03
2.372916666666666430e+01 1.015719812015720924e+00 6.703105017620303871e-04
2.375000000000000000e+01 1.024749930700396217e+00 -1.062079098094063288e-04
2.377083333333333215e+01 1.027980164856277190e+00 6.147603235033736145e-04
2.379166666666666430e+01 1.027785733890671960e+00 1.480986329346402905e-03
2.381250000000000000e+01 1.024650360427367790e+00 1.850392208905432198e-03
2.383333333333333215e+01 1.012145935159527665e+00 -5.430351777609446163e-04
2.385416666666666430e+01 1.006837306664250420e+00 1.364406169304894622e-03
2.387500000000000000e+01 1.015766902199169985e+00 1.698184584107769683e-03
2.389583333333333215e+01 1.029025184786777736e+00 -2.455892079910255380e-03
2.391666666666666430e+01 1.035968790331270650e+00 -8.228083959198642357e-04
2.393750000000000000e+01 1.036908119368522563e+00 6.522446398880076641e-04
2.395833333333333215e+01 1.029616376920221787e+00 -5.640962827212876122e-04
2.397916666666666430e+01 1.025203824944407760e+00 -1.689642638436634602e-03
2.400000000000000000e+01 1.019179442513473033e+00 1.810172153993788507e-03
2.402083333333333215e+01 1.016891338727453631e+00 -2.170224724118300426e-04
2.404166666666666430e+01 1.011601550130625249e+00 4.993157345485580052e-04
2.406250000000000000e+01 1.006505872219228159e+00 -5.501338466871841899e-04
2.408333333333333215e+01 1.001805903190057245e+00 6.316758429961259746e-04
2.410416666666666430e+01 9.957511362565075741e-01 -2.627821118382026857e-04
2.412500000000000000e+01 9.877201790228309353e-01 6.828561440501300286e-04
2.414583333333333215e+01 9.994777835297634638e-01 2.269675153869870048e-03
2.416666666666666430e+01 1.013512232305244565e+00 8.511687278972085652e-04
2.418750000000000000e+01 1.026377925520321144e+00 4.147692949084524075e-05
2.420833333333333215e+01 1.026488973124084936e+00 6.642621904796893037e-04
2.422916666666666430e+01 1.021683189051866947e+00 -1.044959776664209760e-03
2.425000000000000000e+01 1.028301079848831900e+00 4.486551585329825380e-04
2.427083333333333215e+01 1.037406042909140735e+00 -6.105995878996727368e-05
2.429166666666666430e+01 1.042300203530331926e+00 -1.934040107980486683e-03
2.431250000000000000e+01 1.028733474954756977e+00 4.495462623246740223e-04
2.433333333333333215e+01 1.023876170393861251e+00 2.899726384046299901e-04
2.435416666666666430e+01 1.020927132789013925e+00 1.506742341581848244e-03
2.437500000000000000e+01 1.009283460845446401e+00 -2.768591576067434791e-04
2.439583333333333215e+01 1.007347210151211980e+00 3.620793317337216697e-04
2.441666666666666430e+01 1.002268616387286260e+00 1.376850844046220495e-03
2.443750000000000000e+01 1.014961399667382524e+00 4.157958017588173766e-04
2.445833333333333215e+01 1.029069314990491479e+00 -6.097175351528241445e-04
2.447916666666666430e+01 1.021734686930977798e+00 1.067106263669494182e-03
2.450000000000000000e+01 1.015287334496302041e+00 -2.599175526965410526e-05
2.452083333333333215e+01 1.007887920820463190e+00 1.892824498923018116e-03
2.454166666666666430e+01 1.003840859419858234e+00 -7.414791572152933758e-04
2.456250000000000000e+01 9.990241778575348341e-01 1.114924586741918282e-03
2.458333333333333215e+01 9.977759689598156845e-01 -4.644353335723112874e-04
2.460416666666666430e+01 1.003129399805864796e+00 -4.606785488141187804e-04
2.462500000000000000e+01 1.022462716414309414e+00 9.252520571378106476e-05
2.464583333333333215e+01 1.032658077318239220e+00 -1.109025992796115311e-03
2.466666666666666430e+01 1.030829086175695242e+00 7.431380328652757803e-04
2.468750000000000000e+01 1.024646634708167525e+00 -1.161804424515527553e-03
2.470833333333333215e+01 1.020199941226324736e+00 -1.114837503104858804e-03
2.472916666666666430e+01 1.016668067854546775e+00 -3.218442852354437209e-03
2.475000000000000000e+01 1.013220892656332417e+00 -7.437353269046881408e-04
2.477083333333333215e+01 1.016157257553368609e+00 -5.298999950115871379e-04
2.479166666666666430e+01 1.020375723349344677e+00 8.840092403541836581e-04
2.481250000000000000e+01 1.028421914035577256e+00 2.357502101710673773e-03
2.483333333333333215e+01 1.028818126239256392e+00 -1.977421714580336349e-03
2.485416666666666430e+01 1.014018103696079143e+00 1.750841980392792933e-03
2.487500000000000000e+01 1.004307236178453966e+00 9.983864529623052292e-04
2.489583333333333215e+01 1.006831637385488865e+00 1.759056105372552642e-04
2.491666666666666430e+01 1.018687681878356566e+00 4.303276571041026941e-03
2.493750000000000000e+01 1.017136109451119097e+00 -1.174242644855032040e-03
2.495833333333333215e+01 1.009679060700201747e+00 4.389547141202960177e-04
2.497916666666666430e+01 1.000689540953932255e+00 9.052304667289569470e-04
2.500000000000000000e+01 9.958665257595979980e-01 -1.982777319258560635e-04
2.502083333333333215e+01 1.003829953603851077e+00 1.197157439583955299e-03
2.504166666666666430e+01 1.012949101913197092e+00 1.755708640756418982e-03
2.506250000000000000e+01 1.019999943020227784e+00 -3.441091624194289210e-04
2.508333333333333215e+01 1.029058271990105133e+00 -1.409140906244026568e-03
2.510416666666666430e+01 1.033987623986091675e+00 -2.906970802503774411e-04
2.512500000000000000e+01 1.024788847912097900e+00 -6.753552768487842820e-05
2.514583333333333215e+01 1.010458471166770567e+00 -3.908756409740345920e-04
2.516666666666666430e+01 1.010163140698713713e+00 -7.712428536912470335e-04
2.518750000000000000e+01 1.020474982547266318e+00 5.833653991797879343e-05
2.520833333333333215e+01 1.027143316352324032e+00 -1.164104764127582396e-03
2.522916666666666430e+01 1.023282836892668524e+00 -5.483227665189943948e-04
2.525000000000000000e+01 1.018732411162517337e+00 2.335021997666425660e-03
2.527083333333333215e+01 1.016227690983738663e+00 4.703014370402457448e-04
2.529166666666666430e+01 1.016709109801148037e+00 4.556826257395583187e-04
2.531250000000000000e+01 1.017170428099412716e+00 5.768855375805733354e-04
2.533333333333333215e+01 1.006886309350132347e+00 -1.338944046031780065e-03
2.535416666666666430e+01 1.005690335789118484e+00 1.222155262083330892e-03
2.537500000000000000e+01 1.009079424250121093e+00 -5.492371740330056172e-04
2.539583333333333215e+01 1.003811586551342394e+00 -7.919333810784237896e-04
2.541666666666666430e+01 9.997112530234892880e-01 -1.702297898312353671e-04
2.543750000000000000e+01 9.970155965972931078e-01 -1.339526037063605611e-03
2.545833333333333215e+01 1.016841895322899036e+00 1.812845087980307604e-04
2.547916666666666430e+01 1.020588244921984078e+00 -7.185437290060109209e-04
2.550000000000000000e+01 1.022701317245088282e+00 1.648585591399631244e-03
2.552083333333333215e+01 1.026577566976625944e+00 -1.401080756852735075e-03
2.554166666666666430e+01 1.025874174788988569e+00 3.974705233836870041e-04
2.556250000000000000e+01 1.036008771301264231e+00 -2.274289275418145189e-04
2.558333333333333215e+01 1.035151250417015278e+00 -6.433681236291067997e-04
2.560416666666666430e+01 1.028871858927637994e+00 1.174285664267179846e-03
2.562500000000000000e+01 1.026535056889492425e+00 -7.575252364995141950e-04
2.564583333333333215e+01 1.022122492638438462e+00 1.131959558669382113e-03
2.566666666666666430e+01 1.016427933872471101e+00 -1.134915169021970911e-03
2.568750000000000000e+01 1.003590763108588968e+00 1.470974009260623628e-03
2.570833333333333215e+01 9.987065522690120600e-01 -1.149024064417030746e-03
2.572916666666666430e+01 9.984808876860961080e-01 3.284851723887843964e-04
2.575000000000000000e+01 1.010145713812584889e+00 1.752020337289753493e-04
2.577083333333333215e+01 1.011596022652054172e+00 1.040355521993459277e-03
2.579166666666666430e+01 1.012945098204785177e+00 -8.826368936671626347e-04
2.581250000000000000e+01 1.020953127878742484e+00 2.563014580533065591e-04
2.583333333333333215e+01 1.027001530317961597e+00 3.245383644624437068e-04
2.585416666666666430e+01 1.030487397553677908e+00 2.288237540908952868e-03
2.587500000000000000e+01 1.014045079434077179e+00 -1.793595237603564469e-03
2.589583333333333215e+01 1.009037476218282992e+00 1.262748731806483419e-03
2.591666666666666430e+01 1.009763641115002830e+00 -5.929562066858546894e-04
2.593750000000000000e+01 1.026630006801429129e+00 -7.405669174128764716e-04
2.595833333333333215e+01 1.029102791500078551e+00 4.665593061839272415e-04
2.597916666666666430e+01 1.025727559209595796e+00 5.216584432124544068e-04
