0.000000000000000000e+00 1.001029786400968957e+00 1.248827436347702859e-03
2.083333333333333218e-02 9.881639286431940228e-01 1.476858302043132206e-03
4.166666666666666435e-02 9.925807210285192417e-01 -1.866106440623891078e-03
6.250000000000000000e-02 1.018539416414625975e+00 4.728494065697591542e-04
8.333333333333332871e-02 1.023990610818397595e+00 -1.974990952715217733e-03
1.041666666666666574e-01 1.007941264376548407e+00 1.372069259945875004e-03
1.250000000000000000e-01 9.864665425139498289e-01 5.658744374186031392e-04
1.458333333333333148e-01 9.808180779980004704e-01 1.557074437747529069e-03
1.666666666666666574e-01 9.894639706470343965e-01 2.875544081227299795e-04
1.875000000000000000e-01 1.005760423059269604e+00 -1.554037678693229955e-03
2.083333333333333148e-01 1.008649936149011328e+00 2.402538219657155381e-03
2.291666666666666574e-01 9.947029082932905553e-01 -6.191149019190272376e-04
2.500000000000000000e-01 9.838688698214662631e-01 -1.604178431774703822e-03
2.708333333333333148e-01 9.889807764284220815e-01 1.389911131933780708e-03
2.916666666666666297e-01 1.010313196686389858e+00 -1.078294723177102227e-03
3.125000000000000000e-01 1.014588338859509165e+00 -2.577439234189862326e-03
3.333333333333333148e-01 1.017802091301139189e+00 1.555082126143407517e-03
3.541666666666666297e-01 1.004341381544891831e+00 -7.372272378547687526e-05
3.750000000000000000e-01 9.961894203609933385e-01 -7.540235993357262715e-04
3.958333333333333148e-01 9.855625459629574481e-01 1.287584534492904834e-03
4.166666666666666297e-01 9.885253246930821858e-01 -2.188995549873786373e-04
4.375000000000000000e-01 9.966107428357094955e-01 5.899568255530790103e-04
4.583333333333333148e-01 9.908103537289630891e-01 -8.522964400404681477e-04
4.791666666666666297e-01 9.850866113508117694e-01 8.948298716603315679e-04
5.000000000000000000e-01 9.860309743685102823e-01 3.825677788714763731e-04
5.208333333333332593e-01 1.006122486014094930e+00 -2.368297249861702619e-03
5.416666666666666297e-01 1.028713008653294514e+00 8.269460184790944010e-04
5.625000000000000000e-01 1.035910038659748622e+00 2.467784440957970435e-04
5.833333333333332593e-01 1.021287317256446725e+00 -4.686170478095429484e-04
6.041666666666666297e-01 9.933047452878188688e-01 1.142898119619418151e-03
6.250000000000000000e-01 9.840425880385009760e-01 -2.020797137265464795e-04
6.458333333333332593e-01 9.894794783404277094e-01 6.395575364423968130e-04
6.666666666666666297e-01 9.892086795657775156e-01 -5.157128812939874244e-04
6.875000000000000000e-01 9.861566455863776115e-01 1.088468381311061706e-03
7.083333333333332593e-01 9.746277938938001650e-01 -1.549612933077549378e-03
7.291666666666666297e-01 9.840219179931698479e-01 1.800433634035835707e-03
7.500000000000000000e-01 1.010802380214801399e+00 -6.021758527737486842e-04
7.708333333333332593e-01 1.022202117588494552e+00 -2.765613860621122643e-03
7.916666666666666297e-01 1.013962987416228145e+00 2.352516552753508138e-05
8.125000000000000000e-01 9.967066934886765761e-01 -2.644886551988354269e-03
8.333333333333332593e-01 1.005359851947707162e+00 -2.671009396041819904e-04
8.541666666666666297e-01 1.016200654265899894e+00 -2.119441975689930879e-03
8.750000000000000000e-01 1.018796358767687371e+00 1.419582960604265365e-03
8.958333333333332593e-01 1.008045152725099758e+00 -6.088806494781935684e-04
9.166666666666666297e-01 9.790294058359363394e-01 1.468767301064645165e-03
9.375000000000000000e-01 9.727881518229286595e-01 6.823175006265781630e-04
9.583333333333332593e-01 9.753894159219800297e-01 -9.118045018757296141e-05
9.791666666666666297e-01 9.927238320984724806e-01 1.464610521021022745e-04
1.000000000000000000e+00 1.003314808212727893e+00 3.269189013761736144e-04
1.020833333333333259e+00 9.873415096004420910e-01 -9.599508907148078963e-04
1.041666666666666519e+00 9.643821958583107534e-01 -9.691179860660170588e-04
1.062500000000000000e+00 9.551174380825677712e-01 -5.673422006658824330e-04
1.083333333333333259e+00 9.524597036109637704e-01 -4.815297337524304146e-04
1.104166666666666519e+00 9.448451609819334962e-01 -6.111011198986268504e-05
1.125000000000000000e+00 9.319958827828229708e-01 2.242726555951971533e-03
1.145833333333333259e+00 8.952215567880231761e-01 -1.788739179054919240e-03
1.166666666666666519e+00 8.473598053378139650e-01 6.301824630047574366e-04
1.187500000000000000e+00 7.947667091937882233e-01 -3.292461167492688988e-03
1.208333333333333259e+00 7.537436993366239957e-01 9.641851520250549782e-04
1.229166666666666519e+00 7.364978600585261326e-01 -3.081744065871083629e-04
1.250000000000000000e+00 7.351146439802874744e-01 -2.353466346855181100e-03
1.270833333333333259e+00 7.436682096170943446e-01 1.142787486287391791e-03
1.291666666666666519e+00 7.715190406752204799e-01 -7.008067858532171339e-04
1.312500000000000000e+00 8.090725680137503817e-01 2.657862289375078572e-03
1.333333333333333259e+00 8.365687137687924935e-01 -2.226297464524459283e-04
1.354166666666666519e+00 8.438000468828765754e-01 -4.740055102252914323e-04
1.375000000000000000e+00 8.431416223827892242e-01 2.375419986959718521e-03
1.395833333333333259e+00 8.392660789558952228e-01 5.348082158209956300e-04
1.416666666666666519e+00 8.422948325130428238e-01 1.150049885177916852e-03
1.437500000000000000e+00 8.622660795362021569e-01 5.856769836114207551e-04
1.458333333333333259e+00 8.873993519762042315e-01 -4.819797109932108135e-04
1.479166666666666519e+00 9.248151117819041200e-01 8.310465995154729625e-04
1.500000000000000000e+00 9.560709946700758355e-01 -2.468435275895006329e-04
1.520833333333333259e+00 9.871282669433801837e-01 2.541474128949016776e-04
1.541666666666666519e+00 9.920828050503974760e-01 -2.894265100564996575e-04
1.562500000000000000e+00 9.929069094586600031e-01 2.140728773722690246e-03
1.583333333333333259e+00 9.912683148844372294e-01 -2.166597243765182659e-03
1.604166666666666519e+00 1.013343221907862191e+00 -3.046786153961767384e-04
1.625000000000000000e+00 1.030607435667377336e+00 -9.410155232977158578e-05
1.645833333333333259e+00 1.039623645557389953e+00 2.107897997071857439e-03
1.666666666666666519e+00 1.015695683648631276e+00 8.774094443118285415e-04
1.687500000000000000e+00 9.827257271094950175e-01 -7.473698423622826895e-04
1.708333333333333259e+00 9.681619803441248173e-01 1.821213424739761286e-03
1.729166666666666519e+00 9.694235324158224643e-01 -1.458003783667396851e-03
1.750000000000000000e+00 9.754517189815314904e-01 -2.110666327962711867e-03
1.770833333333333259e+00 9.918129124744992087e-01 1.003542651004881141e-03
1.791666666666666519e+00 1.007540045211620994e+00 -1.136437034354567926e-03
1.812500000000000000e+00 1.030313229157509003e+00 -6.206037157612331141e-04
1.833333333333333259e+00 1.038855274922589000e+00 -1.199992359332853172e-03
1.854166666666666519e+00 1.013411139765814761e+00 -3.818929532012571137e-03
1.875000000000000000e+00 9.877920407881649600e-01 1.106486590396146092e-03
1.895833333333333259e+00 9.708638667294670066e-01 1.813718694952702994e-03
1.916666666666666519e+00 9.791976936447917002e-01 -6.726518856098793976e-04
1.937500000000000000e+00 9.987802544581599884e-01 -1.275597973224706233e-04
1.958333333333333259e+00 1.003219424242354663e+00 -2.269243803279633563e-03
1.979166666666666519e+00 1.001338496026276337e+00 -5.265148338871182727e-04
2.000000000000000000e+00 9.994527361224494477e-01 -2.533216172655675807e-04
2.020833333333333037e+00 1.008554945331059161e+00 -2.999993834701709396e-04
2.041666666666666519e+00 1.020701846483284880e+00 -8.318012737608427578e-05
2.062500000000000000e+00 1.021564009963691788e+00 -1.758665630095350836e-05
2.083333333333333037e+00 1.004516539126176111e+00 7.813751819735784100e-04
2.104166666666666519e+00 9.854483238931540656e-01 1.181981124866962390e-03
2.125000000000000000e+00 9.717812230559372821e-01 -2.235625438532331741e-03
2.145833333333333037e+00 9.766914098623373786e-01 -2.830796671272453781e-05
2.166666666666666519e+00 9.855489576736505830e-01 -3.007809004472945195e-03
2.187500000000000000e+00 1.007062148603760754e+00 5.629479908950391466e-04
2.208333333333333037e+00 1.015198507765420421e+00 -4.965337469647031557e-04
2.229166666666666519e+00 1.020178705848953760e+00 -8.672107173467851491e-04
2.250000000000000000e+00 1.018150408231968340e+00 6.270384304692051044e-04
2.270833333333333037e+00 1.009766924632203189e+00 -1.556041224002914719e-03
2.291666666666666519e+00 1.001293497881744488e+00 7.691208748299232199e-04
2.312500000000000000e+00 9.996778479947540097e-01 -1.440573279230654554e-03
2.333333333333333037e+00 9.855846527429295012e-01 6.241313791640266647e-04
2.354166666666666519e+00 9.807383754380788465e-01 3.994052808357574018e-04
2.375000000000000000e+00 9.807534190464339829e-01 -8.356206963545194290e-05
2.395833333333333037e+00 9.968228768829632269e-01 2.070867900455609977e-04
2.416666666666666519e+00 1.020805170709218723e+00 -8.577956742631862551e-04
2.437500000000000000e+00 1.021137176784567613e+00 1.430562425446027823e-03
2.458333333333333037e+00 1.010822487555120386e+00 -1.667733503153506075e-03
2.479166666666666519e+00 1.005945691458381530e+00 3.510165334809663270e-04
2.500000000000000000e+00 1.002551850824369151e+00 -1.173031470127459475e-03
2.520833333333333037e+00 9.999927901160869936e-01 1.442656740483315783e-03
2.541666666666666519e+00 9.912137446547998332e-01 -4.124505674091722427e-04
2.562500000000000000e+00 9.939436037476495622e-01 1.397999599272786156e-03
2.583333333333333037e+00 9.954201797319410794e-01 2.454646904207725619e-03
2.604166666666666519e+00 9.960030398431463095e-01 1.745303400665904883e-03
2.625000000000000000e+00 1.003470394797944198e+00 1.053623466590985960e-03
2.645833333333333037e+00 9.981181617259454741e-01 6.693804155835335334e-04
2.666666666666666519e+00 9.983435105119853326e-01 -1.700289323566358721e-04
2.687500000000000000e+00 1.008954994365244273e+00 7.807746874394460006e-04
2.708333333333333037e+00 1.019424544771471153e+00 -5.814925577082768809e-04
2.729166666666666519e+00 1.015896522884269348e+00 -7.309264159986836491e-04
2.750000000000000000e+00 1.006719587991785181e+00 -8.650683069204013987e-04
2.770833333333333037e+00 9.946149731059711341e-01 3.179592120623710096e-04
2.791666666666666519e+00 9.800719613264419205e-01 -1.367398331537299271e-03
2.812500000000000000e+00 9.723313999933924645e-01 -1.095208734393888036e-04
2.833333333333333037e+00 9.816623203159767774e-01 1.838815876528812577e-03
2.854166666666666519e+00 9.891120475799894951e-01 -2.715662024296575366e-03
2.875000000000000000e+00 1.011391989860043639e+00 7.933046616934861291e-04
2.895833333333333037e+00 1.031957466447069205e+00 7.067671108969861109e-05
2.916666666666666519e+00 1.033378989442814477e+00 -7.135820679383299151e-04
2.937500000000000000e+00 1.021725634981720088e+00 -1.123118761003285985e-03
2.958333333333333037e+00 1.001765472687847325e+00 1.475392693366950943e-03
2.979166666666666519e+00 9.908925719594154913e-01 -1.277202243985582457e-03
3.000000000000000000e+00 9.877374234908391504e-01 -6.034395661040208589e-04
3.020833333333333037e+00 9.814643504369393590e-01 -3.163881228462319057e-04
3.041666666666666519e+00 9.783994915497230549e-01 3.603592762527161610e-04
3.062500000000000000e+00 9.853618640809811424e-01 -4.461930536769106830e-04
3.083333333333333037e+00 1.010486378798233442e+00 -9.422124392023341127e-04
3.104166666666666519e+00 1.021892585031577427e+00 -4.633227987913082248e-04
3.125000000000000000e+00 1.017153514173925188e+00 1.069517436501306535e-03
3.145833333333333037e+00 1.005253300478481382e+00 -1.968343792753357753e-03
3.166666666666666519e+00 9.948818016392994013e-01 -5.949080439043508617e-04
3.187500000000000000e+00 1.001775160291932920e+00 1.129138792095906244e-03
3.208333333333333037e+00 9.972336924570526229e-01 -1.668251304591182073e-03
3.229166666666666519e+00 9.950080332762274438e-01 1.248854389654416568e-03
3.250000000000000000e+00 9.948268635727596232e-01 8.270607130335644970e-04
3.270833333333333037e+00 1.002087754166336220e+00 -4.595427947236672582e-04
3.291666666666666519e+00 1.013546066519910749e+00 2.846446766138383076e-03
3.312500000000000000e+00 1.011313635967189262e+00 -2.437763010847739391e-04
3.333333333333333037e+00 1.003254119547753564e+00 -3.280526565955537615e-04
3.354166666666666519e+00 9.932567936674422393e-01 -2.015843767750347907e-03
3.375000000000000000e+00 9.977400698991313321e-01 -1.388953991984541230e-03
3.395833333333333037e+00 1.005544273561072233e+00 3.223927892517371120e-04
3.416666666666666519e+00 9.970159133357822112e-01 -3.948069736870504624e-04
3.437500000000000000e+00 9.911198448608101730e-01 2.480393057805496183e-05
3.458333333333333037e+00 9.890920740959167068e-01 -2.853724873988752655e-04
3.479166666666666519e+00 1.003101215846024408e+00 -1.360840599342736778e-03
3.500000000000000000e+00 1.012139721161034123e+00 1.807381259816360532e-03
3.520833333333333037e+00 1.013870594119104629e+00 3.785126340044885139e-04
3.541666666666666519e+00 1.000345615956489409e+00 2.710859223932909033e-03
3.562500000000000000e+00 1.000729205682418632e+00 3.641124056090357651e-04
3.583333333333333037e+00 1.007402157923241504e+00 -3.128908388349295119e-03
3.604166666666666519e+00 1.009720193390521992e+00 -1.082920266937331471e-04
3.625000000000000000e+00 1.011840685848193200e+00 -2.072922038941641190e-03
3.645833333333333037e+00 9.933734214266602969e-01 1.728048275229857175e-03
3.666666666666666519e+00 9.810249626645195509e-01 1.534751887283521826e-03
3.687500000000000000e+00 9.849556315570480169e-01 -6.454497349390790834e-04
3.708333333333333037e+00 9.921562919069548681e-01 -5.805996214765942560e-04
3.729166666666666519e+00 9.948253484413519532e-01 -1.401576353822170428e-03
3.750000000000000000e+00 1.000629320899780739e+00 -4.099845610303309265e-04
3.770833333333333037e+00 1.005963682724551500e+00 1.697427377997883262e-03
3.791666666666666519e+00 1.016317723838282783e+00 -8.789030072323190165e-04
3.812500000000000000e+00 1.028637359460457423e+00 -1.336656647596760590e-04
3.833333333333333037e+00 1.033816929162033382e+00 -1.631046998472884596e-03
3.854166666666666519e+00 1.017226270754575390e+00 1.146521231620484249e-03
3.875000000000000000e+00 9.859978454165827522e-01 -7.027795506711981494e-04
3.895833333333333037e+00 9.608610166433670940e-01 1.820510853873111116e-03
3.916666666666666519e+00 9.597829385253567880e-01 1.842284579780104374e-03
3.937500000000000000e+00 9.802378791917446543e-01 -1.813759031578755744e-03
3.958333333333333037e+00 1.006084374222961930e+00 -1.046365255216944639e-03
3.979166666666666519e+00 1.027849476790169581e+00 -7.605072626975779935e-04
4.000000000000000000e+00 1.026004843692911450e+00 6.946324882478629699e-04
4.020833333333333037e+00 1.017668016724993185e+00 7.763019660951786484e-04
4.041666666666666075e+00 1.018717826261102077e+00 -5.304410081681327138e-04
4.062500000000000000e+00 1.014549482924917090e+00 -8.076745353925822435e-04
4.083333333333333037e+00 1.004000700515930600e+00 -8.434487119521179256e-04
4.104166666666666075e+00 9.819006491276811577e-01 8.124227684309638610e-04
4.125000000000000000e+00 9.674105599949044398e-01 1.807704790362145127e-03
4.145833333333333037e+00 9.829500690621675307e-01 -4.246604724226081843e-04
4.166666666666666075e+00 9.978664811418773706e-01 2.914419895887112992e-04
4.187500000000000000e+00 1.002121972458419830e+00 -9.102400701296590102e-04
4.208333333333333037e+00 1.001325069006564927e+00 -4.711940572834570867e-04
4.229166666666666075e+00 1.001607549090100635e+00 8.234169371383036904e-04
4.250000000000000000e+00 1.022918598754989805e+00 2.312980008264401820e-03
4.270833333333333037e+00 1.039948440481496705e+00 -6.612039452174657854e-04
4.291666666666666075e+00 1.028758089821676380e+00 -8.553762784850103655e-04
4.312500000000000000e+00 9.932149981169627884e-01 -1.536836106565160317e-03
4.333333333333333037e+00 9.621083180704490534e-01 1.073190172310044830e-03
4.354166666666666075e+00 9.562433887557335588e-01 4.973035432686643675e-04
4.375000000000000000e+00 9.694085035991166777e-01 -4.598086655478737295e-04
4.395833333333333037e+00 9.863757521378657689e-01 -2.082079920268618551e-04
4.416666666666666075e+00 1.001820678456565972e+00 1.045304723878414613e-03
4.437500000000000000e+00 1.011400616678196585e+00 -2.458352262219503509e-03
4.458333333333333037e+00 1.013606540346508433e+00 9.028814063038420427e-04
4.479166666666666075e+00 1.016034086042053142e+00 -1.501764800978519889e-03
4.500000000000000000e+00 1.000279026899898893e+00 -2.626643476569314188e-04
4.520833333333333037e+00 9.815707110218896414e-01 1.614952615447388159e-03
4.541666666666666075e+00 9.548684062903924907e-01 8.728079163161561109e-05
4.562500000000000000e+00 9.333243308015000128e-01 -6.376038208078335266e-04
4.583333333333333037e+00 9.196046383350052755e-01 -1.432715210985456523e-04
4.604166666666666075e+00 8.988642133013825530e-01 1.293767305376055906e-04
4.625000000000000000e+00 8.913493483709670206e-01 -8.648809487296918669e-04
4.645833333333333037e+00 8.862554970605566185e-01 2.657853169850868998e-03
4.666666666666666075e+00 8.882257508322554118e-01 1.478324456166546638e-04
4.687500000000000000e+00 8.832204123840897703e-01 -8.271857273090171868e-04
4.708333333333333037e+00 8.809508288075351690e-01 -5.721981874905762320e-04
4.729166666666666075e+00 8.926056773463487692e-01 -4.098478620405524605e-04
4.750000000000000000e+00 9.150097035476456586e-01 1.348226518988409652e-03
4.770833333333333037e+00 9.421799652129266844e-01 -1.513060784868689021e-03
4.791666666666666075e+00 9.633804378613936015e-01 -2.534280815909974432e-03
4.812500000000000000e+00 9.861432205449700561e-01 -6.915979442896391704e-04
4.833333333333333037e+00 1.002328174671740513e+00 3.801843466760612212e-04
4.854166666666666075e+00 1.008851285609274839e+00 -5.758381315730023422e-04
4.875000000000000000e+00 9.967685532099231915e-01 1.073528900664234842e-03
4.895833333333333037e+00 9.726175842463222754e-01 -1.658095143848717931e-03
4.916666666666666075e+00 9.591152078899891631e-01 -5.583195235425585275e-04
4.937500000000000000e+00 9.575185711041462877e-01 -1.045182842821331141e-03
4.958333333333333037e+00 9.725337084118050868e-01 -5.416909168372553663e-04
4.979166666666666075e+00 9.933342368127774380e-01 1.713874540294013085e-03
5.000000000000000000e+00 1.012532766762796355e+00 -1.893412603001130932e-03
5.020833333333333037e+00 1.029177407707954517e+00 8.008255939891861970e-04
5.041666666666666075e+00 1.030968495346007430e+00 4.274093719588769615e-04
5.062500000000000000e+00 1.020897427724223983e+00 1.013292840861235947e-03
5.083333333333333037e+00 1.008923038312101728e+00 1.140426632231251883e-03
5.104166666666666075e+00 9.982710968982322353e-01 1.665948731229787653e-03
5.125000000000000000e+00 9.865519159114871650e-01 2.497574396959934342e-03
5.145833333333333037e+00 9.809320668119845266e-01 -6.776218824105179148e-04
5.166666666666666075e+00 9.727726974640961144e-01 1.477002604855221293e-03
5.187500000000000000e+00 9.645326782388481401e-01 4.358930834246731710e-04
5.208333333333333037e+00 9.732074955720071419e-01 -6.025125337749321665e-04
5.229166666666666075e+00 9.905062389010736990e-01 6.240615216831262501e-04
5.250000000000000000e+00 1.020571451438193389e+00 5.575980588059399048e-04
5.270833333333333037e+00 1.035835705838565657e+00 2.426829636224203234e-03
5.291666666666666075e+00 1.029487008232295331e+00 -1.886409256370975146e-03
5.312500000000000000e+00 1.022688997388105703e+00 1.018665233133735169e-03
5.333333333333333037e+00 1.001303571312107676e+00 5.375090189875497389e-04
5.354166666666666075e+00 9.918117656140444938e-01 -8.388171496612283453e-04
5.375000000000000000e+00 9.820849465942914636e-01 1.491035784666796529e-03
5.395833333333333037e+00 9.944842520862504642e-01 -1.053409628989286379e-03
5.416666666666666075e+00 1.008427034406785827e+00 6.059871006815835100e-04
5.437500000000000000e+00 1.011363282369402539e+00 -6.910824151932339413e-04
5.458333333333333037e+00 9.931002894115977808e-01 -1.644706953854181740e-03
5.479166666666666075e+00 9.734965372858775945e-01 -1.257994703536232869e-03
5.500000000000000000e+00 9.659699265012121616e-01 3.043623744240578637e-04
5.520833333333333037e+00 9.852184968881499971e-01 -8.240827200552364260e-04
5.541666666666666075e+00 1.017165352448756277e+00 -2.496647229823786905e-04
5.562500000000000000e+00 1.049602169703530485e+00 -6.915818152673815222e-04
5.583333333333333037e+00 1.046929292486935559e+00 -6.738019654952354326e-04
5.604166666666666075e+00 1.027396668242147371e+00 1.868034909454408237e-03
5.625000000000000000e+00 9.893125653977603573e-01 3.398253271481978884e-04
5.645833333333333037e+00 9.649097262430832433e-01 1.498971615803043307e-03
5.666666666666666075e+00 9.590279534303776110e-01 1.754891014922090649e-03
5.687500000000000000e+00 9.775956521258096776e-01 1.806946078836024327e-03
5.708333333333333037e+00 1.004849846493687471e+00 -2.200579796820381412e-04
5.729166666666666075e+00 1.023275523491550709e+00 2.426602078410558787e-03
5.750000000000000000e+00 1.017629834940615652e+00 1.412991711687169535e-04
5.770833333333333037e+00 9.968432553175297084e-01 -3.118991190684128746e-04
5.791666666666666075e+00 9.906763716889388505e-01 -8.897021286864111641e-04
5.812500000000000000e+00 1.013364806300277809e+00 1.664051324388167663e-05
5.833333333333333037e+00 1.032983688519388821e+00 -2.150988083711182462e-03
5.854166666666666075e+00 1.030237626433805342e+00 2.006639349761427885e-03
5.875000000000000000e+00 9.929748270651653774e-01 -6.085829499559908045e-04
5.895833333333333037e+00 9.699531228625474233e-01 1.381355184177481877e-04
5.916666666666666075e+00 9.626949461212760406e-01 1.680599600136882749e-03
5.937500000000000000e+00 9.775452446113438443e-01 -1.792544575722014632e-03
5.958333333333333037e+00 9.974993745752872565e-01 1.810752127442952350e-03
5.979166666666666075e+00 1.014346493275240402e+00 -1.452387746408374206e-03
6.000000000000000000e+00 1.029372265170852119e+00 -1.766476623304743653e-03
6.020833333333333037e+00 1.034396669162472193e+00 9.273908693241230457e-04
6.041666666666666075e+00 1.025336839293374380e+00 -2.404935771483197122e-04
6.062500000000000000e+00 9.979726665015818954e-01 6.650234599041818413e-04
6.083333333333333037e+00 9.779464896399492346e-01 7.944596062262457346e-05
6.104166666666666075e+00 9.847266013010830266e-01 8.609534910554535647e-05
6.125000000000000000e+00 1.009946094303990183e+00 -1.034070252264585304e-03
6.145833333333333037e+00 1.023627635548136627e+00 1.224930307410796414e-03
6.166666666666666075e+00 1.013738761360041707e+00 3.478936682467710672e-04
6.187500000000000000e+00 9.942370844363664917e-01 1.843956539111534605e-03
6.208333333333333037e+00 9.736308093009697906e-01 7.687894800185253365e-04
6.229166666666666075e+00 9.846076848314198049e-01 -1.769274456195791580e-03
6.250000000000000000e+00 1.002357216834056874e+00 -1.350262182735472013e-03
6.270833333333333037e+00 1.012553655493506177e+00 1.891446945394361940e-04
6.291666666666666075e+00 1.022089095364038247e+00 -7.190141362953922062e-04
6.312500000000000000e+00 1.010794017470490580e+00 -2.020115697469486524e-03
6.333333333333333037e+00 1.002935057234005889e+00 8.786333651722487512e-04
6.354166666666666075e+00 1.002525584783274359e+00 5.136948864931788639e-04
6.375000000000000000e+00 1.005238134825130469e+00 1.514028103741946673e-04
6.395833333333333037e+00 1.005509206623012242e+00 8.958690555972436981e-04
6.416666666666666075e+00 1.002352581233912021e+00 2.287053960536071084e-03
6.437500000000000000e+00 9.911002329284940293e-01 2.070840199887656781e-03
6.458333333333333037e+00 9.862067673734195017e-01 -3.659109032987049848e-04
6.479166666666666075e+00 9.886607979810430047e-01 -6.883902488446855131e-04
6.500000000000000000e+00 9.933370326113694082e-01 -4.559856617113524388e-04
6.520833333333333037e+00 9.980366353875990137e-01 9.273736462957505320e-04
6.541666666666666075e+00 1.003084944100546938e+00 1.558784731905168974e-03
6.562500000000000000e+00 1.012901287932674199e+00 -9.825524146232272795e-04
6.583333333333333037e+00 1.021693140208484341e+00 -2.512730471238767537e-03
6.604166666666666075e+00 1.026157892174718311e+00 -1.511725789210098536e-03
6.625000000000000000e+00 1.016546138796025067e+00 3.704137002784820584e-04
6.645833333333333037e+00 9.978441226854369850e-01 5.085018218183333583e-05
6.666666666666666075e+00 9.848420308166926374e-01 6.340775505723162883e-04
6.687500000000000000e+00 9.875862161999598987e-01 1.879897665572593949e-03
6.708333333333333037e+00 9.930443157240751439e-01 3.509596250951039598e-04
6.729166666666666075e+00 9.932896731872071783e-01 -2.357560480815177467e-03
6.750000000000000000e+00 9.906068409345163417e-01 7.605537184824329123e-04
6.770833333333333037e+00 9.913346724600758941e-01 -1.423223841897028807e-03
6.791666666666666075e+00 1.006746207134095794e+00 -6.807101957289764900e-04
6.812500000000000000e+00 1.017365863826635408e+00 -5.938788648875017269e-04
6.833333333333333037e+00 1.012775413860515616e+00 1.088302296214756475e-03
6.854166666666666075e+00 1.001668668122462913e+00 -2.362549706455445604e-03
6.875000000000000000e+00 9.958307016310302684e-01 6.734076562497212301e-04
6.895833333333333037e+00 9.948250762128393321e-01 -2.843816511561757677e-03
6.916666666666666075e+00 1.003829643727558452e+00 1.100060070573703058e-03
6.937500000000000000e+00 9.936137500674229184e-01 1.154534094846090429e-03
6.958333333333333037e+00 9.876906972362637926e-01 -8.612348320709354828e-04
6.979166666666666075e+00 9.865537157783771383e-01 2.730555742820653365e-04
7.000000000000000000e+00 9.977544582617311475e-01 1.422371751165120088e-03
7.020833333333333037e+00 1.007310111939030417e+00 1.855750925744251417e-03
7.041666666666666075e+00 1.008133315153948439e+00 9.241418078391751799e-04
7.062500000000000000e+00 1.000425337581994034e+00 9.856581267425729674e-04
7.083333333333333037e+00 1.003088975532937077e+00 -3.471173157431274212e-04
7.104166666666666075e+00 1.006314624788887668e+00 2.754966255236702619e-04
7.125000000000000000e+00 1.004275064788972216e+00 4.581826230884765514e-04
7.145833333333333037e+00 9.953915880864201426e-01 -1.562555950006298648e-03
7.166666666666666075e+00 9.834244856188796291e-01 1.056722992405372246e-03
7.187500000000000000e+00 9.840740997114525435e-01 1.578079239056712170e-03
7.208333333333333037e+00 9.847889971642649343e-01 -6.431555864751466222e-04
7.229166666666666075e+00 1.003077332604690008e+00 1.137538098803974555e-03
7.250000000000000000e+00 1.025203597836257474e+00 4.372990291676346047e-04
7.270833333333333037e+00 1.031601002166492087e+00 2.736503103843349440e-04
7.291666666666666075e+00 1.029981215071950507e+00 2.135459377580380949e-04
7.312500000000000000e+00 1.004787568313670443e+00 -2.099260097622692410e-03
7.333333333333333037e+00 9.763876733336259717e-01 -6.294816623578988746e-04
7.354166666666666075e+00 9.612321838834628762e-01 1.746253483840560193e-03
7.375000000000000000e+00 9.683099789408072811e-01 5.086216595896476652e-04
7.395833333333333037e+00 9.927398260307904732e-01 -1.328538017403297321e-03
7.416666666666666075e+00 1.009793085931577128e+00 -4.690192230576911768e-04
7.437500000000000000e+00 1.021332379211685515e+00 4.087220761177522187e-04
7.458333333333333037e+00 1.024892335011875044e+00 1.106850167551378305e-03
7.479166666666666075e+00 1.025054291373215243e+00 -9.654864929433838575e-05
7.500000000000000000e+00 1.007184926268192005e+00 -2.009979618036746409e-04
7.520833333333333037e+00 9.913914595348173320e-01 -7.357229378870527034e-04
7.541666666666666075e+00 9.757742414023221622e-01 -8.520951946260896378e-04
7.562500000000000000e+00 9.809368876472051024e-01 -1.074222425415611920e-03
7.583333333333333037e+00 9.930066383257019069e-01 1.017680163322274515e-03
7.604166666666666075e+00 1.001284324773974443e+00 -2.123902194767504040e-04
7.625000000000000000e+00 1.008094495242518596e+00 -3.666007369942982379e-04
7.645833333333333037e+00 1.003006327119581709e+00 6.127866143840403172e-04
7.666666666666666075e+00 1.005508490665218746e+00 -1.960815837877264833e-03
7.687500000000000000e+00 1.015002965968633264e+00 8.802606885227750406e-04
7.708333333333333037e+00 1.014846491093554404e+00 1.044464021792776073e-03
7.729166666666666075e+00 1.003692920395646393e+00 -8.522656943904813667e-04
7.750000000000000000e+00 9.859704091420523620e-01 -9.766865102613447262e-04
7.770833333333333037e+00 9.685867235969178868e-01 2.065039426736597732e-03
7.791666666666666075e+00 9.652269398830815028e-01 -1.458031938553797872e-03
7.812500000000000000e+00 9.542847561448075666e-01 3.660661705990295471e-04
7.833333333333333037e+00 9.438478615971267471e-01 5.893083119429793444e-04
7.854166666666666075e+00 9.206451349477268176e-01 1.266631515878674031e-03
7.875000000000000000e+00 9.065835981408150168e-01 -1.569859079126710176e-04
7.895833333333333037e+00 8.712794816335095449e-01 -1.277121227763681869e-04
7.916666666666666075e+00 8.492970465668013835e-01 2.270192763741313118e-03
7.937500000000000000e+00 8.354041096931852373e-01 1.643046143072926556e-03
7.958333333333333037e+00 8.100607940923471029e-01 9.426591054407855398e-04
7.979166666666666075e+00 7.829454574948206957e-01 2.582216869747823375e-04
8.000000000000000000e+00 7.551377767687454945e-01 -2.012502813263419279e-04
8.020833333333332149e+00 7.366637750667015538e-01 1.189777034021902852e-03
8.041666666666666075e+00 7.575189957082498760e-01 1.000402466152467383e-03
8.062500000000000000e+00 7.798393716864042702e-01 -9.204106009686609897e-04
8.083333333333332149e+00 7.992851515811887353e-01 3.532008428461703184e-04
8.104166666666666075e+00 8.045293495934424666e-01 -7.577889871224947633e-04
8.125000000000000000e+00 8.142416962151455273e-01 7.930646626651655605e-05
8.145833333333332149e+00 8.315177306039100991e-01 4.069485938644098176e-04
8.166666666666666075e+00 8.616062733536763441e-01 -6.557334375461625281e-04
8.187500000000000000e+00 8.921888245982297905e-01 -5.149242432005053530e-04
8.208333333333332149e+00 9.227705782842008375e-01 -2.465854613516993139e-04
8.229166666666666075e+00 9.425143974416942960e-01 1.699332899887210984e-03
8.250000000000000000e+00 9.732523039737016601e-01 -2.939939192925135206e-04
8.270833333333332149e+00 9.862478496363398239e-01 -1.744106102189861595e-04
8.291666666666666075e+00 9.751614886313925146e-01 -1.520318402613506656e-03
8.312500000000000000e+00 9.637971096282113015e-01 4.164044849704765308e-04
8.333333333333332149e+00 9.659143015208863092e-01 -1.630391008809857272e-03
8.354166666666666075e+00 9.920601376304233332e-01 -1.145542295070225243e-03
8.375000000000000000e+00 1.027600991994039203e+00 5.232005567848834219e-04
8.395833333333332149e+00 1.033069240929729071e+00 -1.222659570388136751e-03
8.416666666666666075e+00 1.013443254272945460e+00 -9.904199322184204098e-05
8.437500000000000000e+00 9.912952268759971375e-01 -1.021436819017448828e-03
8.458333333333332149e+00 9.836471627114418137e-01 -1.213592735085755169e-03
8.479166666666666075e+00 9.888059834729917563e-01 7.590730383966745945e-04
8.500000000000000000e+00 9.987357563145859984e-01 3.460255865438098544e-04
8.520833333333332149e+00 1.006100516361400965e+00 1.105642717513606902e-03
8.541666666666666075e+00 1.009898785551092804e+00 8.873725668454130432e-04
8.562500000000000000e+00 1.009375244174643971e+00 1.783211514848327640e-03
8.583333333333332149e+00 9.972148136821155084e-01 -1.006154487371838704e-04
8.604166666666666075e+00 9.884170622527557182e-01 -1.277231983137933026e-03
8.625000000000000000e+00 9.837355052585935455e-01 1.213161583332708236e-03
8.645833333333332149e+00 9.959444006611263278e-01 1.134420407743015049e-03
8.666666666666666075e+00 1.010872830294037961e+00 -1.182327161825153048e-03
8.687500000000000000e+00 1.013838715182559413e+00 -7.279270560139902788e-04
8.708333333333332149e+00 9.997587370509989357e-01 1.530474375590006562e-03
8.729166666666666075e+00 9.911970223644688271e-01 3.255707706986468979e-04
8.750000000000000000e+00 9.907270766785735150e-01 -4.266069402564584144e-04
8.770833333333332149e+00 9.896273421398090742e-01 -2.803918697773491762e-05
8.791666666666666075e+00 1.007268565723753673e+00 -1.364239228099021822e-03
8.812500000000000000e+00 1.020444258641061808e+00 6.915145384206836414e-04
8.833333333333332149e+00 1.028009656432597785e+00 6.497346009175256022e-04
8.854166666666666075e+00 1.027852234099868367e+00 1.040037752192704773e-03
8.875000000000000000e+00 1.005500216096665955e+00 -1.125976448363481212e-03
8.895833333333332149e+00 9.857697229589196253e-01 -9.866061200695071861e-04
8.916666666666666075e+00 9.669710153554118559e-01 1.041037011000074631e-03
8.937500000000000000e+00 9.657403367832684271e-01 -8.135780708879500464e-04
8.958333333333332149e+00 9.677288274380848598e-01 -1.128926663096927558e-03
8.979166666666666075e+00 9.879970643038065159e-01 1.304375642101573496e-03
9.000000000000000000e+00 1.003895529212224247e+00 -8.366218636182103227e-04
9.020833333333332149e+00 1.020225362706150829e+00 -1.584444961241366625e-04
9.041666666666666075e+00 1.035130401941174894e+00 4.258561357277326656e-04
9.062500000000000000e+00 1.031997305551745514e+00 7.989271714266486294e-06
9.083333333333332149e+00 1.025166550789105901e+00 -7.022780055859975668e-04
9.104166666666666075e+00 1.010424409712897376e+00 -1.281140320541481869e-03
9.125000000000000000e+00 9.890194074306548622e-01 8.909004527794658554e-04
9.145833333333332149e+00 9.831479156105075168e-01 -2.052124090731459460e-03
9.166666666666666075e+00 9.641634125097168218e-01 2.599009382835683292e-04
9.187500000000000000e+00 9.684766310126102784e-01 1.344187659189385149e-04
9.208333333333332149e+00 9.894439498894237461e-01 5.196124907304591149e-04
9.229166666666666075e+00 1.014814386433921634e+00 1.779171571911624143e-04
9.250000000000000000e+00 1.016088608462413667e+00 -9.940915681066809541e-04
9.270833333333332149e+00 1.014077330736555149e+00 1.914948393531429099e-03
9.291666666666666075e+00 9.961827819769240033e-01 -1.266561762971811630e-03
9.312500000000000000e+00 1.006809774503880428e+00 9.422377242777725884e-04
9.333333333333332149e+00 1.013198393509087580e+00 1.145634346116112065e-04
9.354166666666666075e+00 1.020181040600157685e+00 1.322907709306983494e-03
9.375000000000000000e+00 1.009011820384174696e+00 -1.204918867145102603e-03
9.395833333333332149e+00 9.910029110897533577e-01 -1.118855883687449801e-03
9.416666666666666075e+00 9.898881927256493185e-01 2.421903359267741469e-04
9.437500000000000000e+00 9.966805641851247399e-01 -2.744152828064909204e-04
9.458333333333332149e+00 1.001033259919340779e+00 2.911330837892487115e-04
9.479166666666666075e+00 9.918133416388921209e-01 -1.860944043557056409e-04
9.500000000000000000e+00 9.867980572932215644e-01 1.082445561010534057e-03
9.520833333333332149e+00 9.950681696667157405e-01 -5.639790584244295081e-04
9.541666666666666075e+00 9.961901592799928817e-01 -5.825303425853274510e-04
9.562500000000000000e+00 9.976659743746807418e-01 4.003359830628552764e-04
9.583333333333332149e+00 1.003797441143752467e+00 1.651187040083471839e-03
9.604166666666666075e+00 1.012753493693405060e+00 -1.540703776131867146e-03
9.625000000000000000e+00 1.021170241853676774e+00 -3.410484046280680328e-03
9.645833333333332149e+00 1.029441863368689258e+00 -3.032616387804928926e-03
9.666666666666666075e+00 1.017019944330588510e+00 3.904205012848116236e-03
9.687500000000000000e+00 9.928472296339877490e-01 7.970469940927297223e-04
9.708333333333332149e+00 9.770507585622016933e-01 -6.451825530733040640e-04
9.729166666666666075e+00 9.796216663459764717e-01 1.030586965490614543e-03
9.750000000000000000e+00 9.901741588900387914e-01 1.989007891585977024e-03
9.770833333333332149e+00 1.005157672807617697e+00 1.127824969213280740e-03
9.791666666666666075e+00 1.001064739637638201e+00 5.838940852098559392e-04
9.812500000000000000e+00 1.005461402193676079e+00 2.058513640850497765e-03
9.833333333333332149e+00 1.005679614592708493e+00 1.118357295773879075e-03
9.854166666666666075e+00 1.003854870902636920e+00 -5.762098272967200062e-04
9.875000000000000000e+00 9.971162993354075743e-01 -1.363324816586500635e-03
9.895833333333332149e+00 1.013059689904364458e+00 -4.259754817432909158e-04
9.916666666666666075e+00 1.017545352086998367e+00 7.509292467481741996e-04
9.937500000000000000e+00 1.019389163964555811e+00 -1.954153943399101708e-04
9.958333333333332149e+00 1.002538192973772002e+00 2.053860762138938131e-03
9.979166666666666075e+00 9.892850617092325827e-01 6.798944947563384435e-04
1.000000000000000000e+01 9.852980641875923595e-01 -2.592906029950833554e-04
1.002083333333333215e+01 9.872661676792542362e-01 -1.590622221239837951e-03
1.004166666666666607e+01 9.866076241867456353e-01 4.314463619447560564e-05
1.006250000000000000e+01 9.923017128914671803e-01 -6.100014045651046051e-04
1.008333333333333215e+01 9.992243173124528699e-01 -1.907630452150174292e-04
1.010416666666666607e+01 1.011331392830653764e+00 4.237344006260781483e-04
1.012500000000000000e+01 1.029722824872434161e+00 -4.657866810940261646e-04
1.014583333333333215e+01 1.025386445080337605e+00 -1.284575540760596931e-03
1.016666666666666607e+01 1.016485287478358535e+00 -1.000174034666172869e-03
1.018750000000000000e+01 1.003911223234399852e+00 -9.558926687375457693e-04
1.020833333333333215e+01 9.966471564177351583e-01 1.749843253666863397e-03
1.022916666666666607e+01 9.901941881391648215e-01 -1.684398318260261823e-03
1.025000000000000000e+01 9.878580735060119578e-01 1.834927623952555941e-03
1.027083333333333215e+01 9.886212595841135098e-01 -1.971780425139984215e-03
1.029166666666666607e+01 9.943079604406116490e-01 1.082968823687769375e-03
1.031250000000000000e+01 1.003813281800696178e+00 -7.189614895106300049e-04
1.033333333333333215e+01 1.006010969723765580e+00 -2.104339168281099334e-03
1.035416666666666607e+01 1.002206820640513696e+00 5.526183474403248289e-04
1.037500000000000000e+01 9.968434849641301110e-01 -2.191079511103750325e-03
1.039583333333333215e+01 1.007879558100752693e+00 3.902316302046069762e-04
1.041666666666666607e+01 1.018612806653200975e+00 2.594069970188568543e-04
1.043750000000000000e+01 1.030800862899548864e+00 1.147654905409814085e-03
1.045833333333333215e+01 1.023067733023379278e+00 1.295573655109686284e-03
1.047916666666666607e+01 1.001079352813065926e+00 2.283466867464830057e-03
1.050000000000000000e+01 9.812161869529550939e-01 -1.882788900628341042e-03
1.052083333333333215e+01 9.652317814854748379e-01 1.033199458125482915e-03
1.054166666666666607e+01 9.715106634570662703e-01 -1.080708729530783976e-03
1.056250000000000000e+01 9.920086280947115753e-01 1.302576343867175353e-03
1.058333333333333215e+01 1.007382550115638598e+00 -1.513810680368372951e-03
1.060416666666666607e+01 1.014493230044410721e+00 1.329472003779875447e-03
1.062500000000000000e+01 1.015051570442239370e+00 1.035981536753888353e-03
1.064583333333333215e+01 1.005035804356143370e+00 4.918142283875184557e-04
1.066666666666666607e+01 1.010200266061240137e+00 -1.008515434471953182e-03
1.068750000000000000e+01 1.013846021362087457e+00 2.099362426595937844e-03
1.070833333333333215e+01 1.010928769332637867e+00 4.179634426881073997e-04
1.072916666666666607e+01 1.003723147643040825e+00 -1.611979553132233522e-04
1.075000000000000000e+01 9.935153812032825327e-01 -3.342489353777448934e-05
1.077083333333333215e+01 9.905284134754300807e-01 -6.443232499240706193e-04
1.079166666666666607e+01 9.862853874340378191e-01 -7.624635471230930411e-04
1.081250000000000000e+01 9.848352385551735200e-01 -2.557617039859786897e-04
1.083333333333333215e+01 9.793470793899623494e-01 3.039126867307182845e-04
1.085416666666666607e+01 9.891621470864178089e-01 5.506442261989351068e-04
1.087500000000000000e+01 1.012137539969296451e+00 1.726815526023462452e-03
1.089583333333333215e+01 1.034251237797575662e+00 2.425072466813073941e-04
1.091666666666666607e+01 1.030333083184439724e+00 2.134477324713452816e-03
1.093750000000000000e+01 9.998725839328196363e-01 -1.245147071464005120e-03
1.095833333333333215e+01 9.783926724409370834e-01 -1.976582501599219357e-04
1.097916666666666607e+01 9.790528667876013946e-01 -1.136537285880545573e-04
1.100000000000000000e+01 1.005115024891303444e+00 -4.663716538737162237e-04
1.102083333333333215e+01 1.016753797613295873e+00 -1.702588578081635617e-03
1.104166666666666607e+01 1.013323401808978508e+00 -1.525681784184252342e-03
1.106250000000000000e+01 9.954584916500855973e-01 -1.005661906026979928e-03
1.108333333333333215e+01 9.857309245822579724e-01 4.157058133390323325e-05
1.110416666666666607e+01 9.903788267794791933e-01 -1.005803815832665874e-04
1.112500000000000000e+01 9.846863948067403616e-01 2.945272950100291491e-04
1.114583333333333215e+01 9.754351607010609548e-01 1.303926292435164148e-03
1.116666666666666607e+01 9.772873165301393383e-01 1.403990783400735918e-03
1.118750000000000000e+01 1.001470655807376930e+00 1.923978821626693564e-03
1.120833333333333215e+01 1.029909856534655610e+00 -9.042989729110962986e-04
1.122916666666666607e+01 1.043146057895453227e+00 -6.517571152646886232e-04
1.125000000000000000e+01 1.015446346499565333e+00 9.742138832507261708e-04
1.127083333333333215e+01 9.731318047081829459e-01 -1.456391660268898389e-03
1.129166666666666607e+01 9.412345728415114632e-01 8.727655476300290619e-04
1.131250000000000000e+01 9.242289514328372313e-01 -5.808237156754574330e-04
1.133333333333333215e+01 9.202134971553070919e-01 3.574063036913771130e-04
1.135416666666666607e+01 9.130840905946042696e-01 3.542833442052708355e-04
1.137500000000000000e+01 8.951576280618294135e-01 -1.593922044065930162e-03
1.139583333333333215e+01 8.795826278007534693e-01 1.518450529290365949e-04
1.141666666666666607e+01 8.809707467496056266e-01 -1.101786628218857439e-04
1.143750000000000000e+01 8.923574038275343678e-01 -6.255474270809917260e-04
1.145833333333333215e+01 9.086242434323114070e-01 1.619134910272694832e-03
1.147916666666666607e+01 9.183956171837472926e-01 1.780776836842265813e-03
1.150000000000000000e+01 9.192788667171954975e-01 1.143885956891909110e-03
1.152083333333333215e+01 9.195182542648866475e-01 -1.359030103949438253e-03
1.154166666666666607e+01 9.301334502694339479e-01 -1.165001023311855439e-04
1.156250000000000000e+01 9.608183697128164225e-01 -7.130723593988283308e-04
1.158333333333333215e+01 9.869640498480607427e-01 1.494657745966433953e-03
1.160416666666666607e+01 9.946554591408800494e-01 1.008933546533604883e-03
1.162500000000000000e+01 9.840059712258734104e-01 -7.261319299198457479e-04
1.164583333333333215e+01 9.783321512925318153e-01 1.181873953241872974e-03
1.166666666666666607e+01 9.902537705700628079e-01 -1.524410411247722856e-03
1.168750000000000000e+01 1.011508454053057227e+00 -6.356160824352831895e-04
1.170833333333333215e+01 1.010968736072908047e+00 -1.012440480560307778e-03
1.172916666666666607e+01 1.009079601457074871e+00 -1.201617885439113270e-05
1.175000000000000000e+01 1.001582117607119793e+00 -1.744202320958561630e-03
1.177083333333333215e+01 9.964447055085847715e-01 -2.379925624159508549e-04
1.179166666666666607e+01 9.853433029751584860e-01 -9.524739453585577250e-04
1.181250000000000000e+01 9.700180018487987166e-01 2.245453362585121335e-03
1.183333333333333215e+01 9.800014250027283547e-01 5.331468441335557740e-04
1.185416666666666607e+01 1.000678525800385410e+00 7.238737041602910432e-04
1.187500000000000000e+01 1.035127395539189310e+00 8.761804066128557481e-04
1.189583333333333215e+01 1.047959188168499089e+00 -1.223381155115105170e-03
1.191666666666666607e+01 1.025938963706415130e+00 -1.488311271697443598e-03
1.193750000000000000e+01 9.996025477420391603e-01 8.859612276958750638e-04
1.195833333333333215e+01 9.670417781306351879e-01 1.941443281432626605e-04
1.197916666666666607e+01 9.638466769818930802e-01 4.872480315480862676e-04
1.200000000000000000e+01 9.823579240858024697e-01 8.706219587971496916e-05
1.202083333333333215e+01 9.959254013479819090e-01 -1.638988616462158253e-04
1.204166666666666607e+01 1.013830424977038458e+00 2.283877348038637536e-03
1.206250000000000000e+01 1.008575900139077053e+00 1.294215293216234314e-03
1.208333333333333215e+01 9.921489923810951073e-01 -1.913981211596847286e-04
1.210416666666666607e+01 9.878974019099332482e-01 1.342159023920150036e-03
1.212500000000000000e+01 1.000534271582771861e+00 1.253173822047913685e-04
1.214583333333333215e+01 1.021207632775440244e+00 -5.508556695485606345e-04
1.216666666666666607e+01 1.040825395682417831e+00 -9.665640317200388651e-04
1.218750000000000000e+01 1.032359238855732553e+00 3.168890456700219037e-03
1.220833333333333215e+01 9.920696756303560848e-01 -4.904625263252855409e-04
1.222916666666666607e+01 9.673450036321260548e-01 -1.066319114800814071e-03
1.225000000000000000e+01 9.584551821252806914e-01 -8.562546148251636317e-04
1.227083333333333215e+01 9.857083865994556993e-01 3.816875166649358439e-04
1.229166666666666607e+01 1.007553377834777608e+00 -5.395864929615742239e-04
1.231250000000000000e+01 1.018075448981405673e+00 -8.971306704396942106e-04
1.233333333333333215e+01 1.010513997274823161e+00 1.436760519642233140e-03
1.235416666666666607e+01 1.006586764620338359e+00 2.206926886123004514e-03
1.237500000000000000e+01 9.998614103945160370e-01 -1.416476342665762582e-03
1.239583333333333215e+01 9.947139050034415897e-01 1.812682491794234815e-03
1.241666666666666607e+01 9.901451492862600734e-01 -1.801941114181225285e-03
1.243750000000000000e+01 1.005361249092457054e+00 1.921477434134858482e-03
1.245833333333333215e+01 1.018321066692632559e+00 -1.837628615593564843e-03
1.247916666666666607e+01 1.027473615040315202e+00 -1.455145942178707802e-04
1.452083333333333215e+01 1.021261853911267004e+00 -8.684768413401501878e-04
1.454166666666666607e+01 9.976501588963873068e-01 7.295995490889755058e-05
1.456250000000000000e+01 9.645302830758123447e-01 3.848752563931078473e-03
1.458333333333333215e+01 9.334580958440288345e-01 -8.348943508317241110e-04
1.460416666666666607e+01 9.098971653728591402e-01 -8.092618863999807887e-04
1.462500000000000000e+01 8.905523045930812120e-01 -1.659578947647006968e-03
1.464583333333333215e+01 8.693198165341838868e-01 -3.757341698729539919e-04
1.466666666666666607e+01 8.438199475149478213e-01 -3.030686703583625489e-04
1.468750000000000000e+01 8.227174929942764336e-01 1.606868727267991501e-03
1.470833333333333215e+01 8.090009937358363379e-01 -1.311581051027257971e-03
1.472916666666666607e+01 8.006912498948615120e-01 2.874017681224045034e-03
1.475000000000000000e+01 7.878171171522908578e-01 -2.063018388388882483e-03
1.477083333333333215e+01 7.664275592280898053e-01 3.594836316115757827e-03
1.479166666666666607e+01 7.581446106848777067e-01 8.691959357170729594e-04
1.481250000000000000e+01 7.644422267321810960e-01 4.872124738329230900e-04
1.483333333333333215e+01 7.779328941111357532e-01 -3.616430712348963792e-04
1.485416666666666607e+01 7.978405506406222036e-01 7.213733472226791909e-05
1.487500000000000000e+01 8.167403562457024035e-01 1.771758582057930513e-03
1.489583333333333215e+01 8.290739312067408884e-01 8.341138438094988783e-04
1.491666666666666607e+01 8.386625276221213454e-01 9.424110968598864175e-04
1.493750000000000000e+01 8.631623698425724411e-01 1.840097450180855874e-03
1.495833333333333215e+01 9.054232856113115790e-01 3.007788195836839321e-04
1.497916666666666607e+01 9.609161052291058658e-01 6.489759337993853501e-04
1.500000000000000000e+01 9.980975499809141560e-01 -1.331596174925948721e-03
1.502083333333333215e+01 1.001469153208654816e+00 -1.197703330515828080e-03
1.504166666666666607e+01 9.780895436092220674e-01 1.670602773994094709e-03
1.506250000000000000e+01 9.588384210729850032e-01 -1.589369512462685766e-03
1.508333333333333215e+01 9.666585120478924376e-01 -2.491903677246656932e-03
1.510416666666666607e+01 9.801259504972748005e-01 -5.214788137982141704e-04
1.512500000000000000e+01 9.911074201897400737e-01 6.974903046823634776e-04
1.514583333333333215e+01 9.942539127553765566e-01 -1.058011201642251702e-03
1.516666666666666607e+01 1.007421468169542367e+00 5.277026147892878482e-04
1.518750000000000000e+01 1.020139637408562727e+00 -5.997767600792322995e-04
1.520833333333333215e+01 1.026205080131684433e+00 7.790531227712491164e-06
1.522916666666666607e+01 1.006150565812875097e+00 -6.296100653945053060e-04
1.525000000000000000e+01 9.860146444632538199e-01 -1.724009184002679501e-03
1.527083333333333215e+01 9.838429726803296083e-01 5.238736569233626078e-04
1.529166666666666607e+01 9.929252031034472292e-01 4.135870592882575541e-04
1.531250000000000000e+01 1.010352447199283077e+00 1.210155091333253979e-03
1.533333333333333215e+01 1.005271107117523988e+00 2.357685965633094633e-04
1.535416666666666607e+01 9.899817828097084993e-01 -3.026895101557246486e-03
1.537500000000000000e+01 9.869360182742792365e-01 -2.350029971900162407e-04
1.539583333333333215e+01 1.000355081194372220e+00 -2.448865691672149725e-04
1.541666666666666607e+01 1.019394332426067251e+00 1.209763692293959773e-03
1.543750000000000000e+01 1.024559838703971160e+00 -1.312250094084401776e-03
1.545833333333333215e+01 1.003458727866068712e+00 2.718675049770457111e-04
1.547916666666666607e+01 9.748347863490947063e-01 1.128668386459472919e-03
1.550000000000000000e+01 9.577890902461428935e-01 -6.926501303001110369e-04
1.552083333333333215e+01 9.730873665974532072e-01 -4.149118543960535936e-04
1.554166666666666607e+01 1.005727328192582926e+00 1.461272345276252581e-04
1.556250000000000000e+01 1.035134898139776771e+00 -1.564414290885402002e-03
1.558333333333333215e+01 1.038215450299685871e+00 1.227814680723242021e-05
1.560416666666666607e+01 1.022300276209402892e+00 2.720601860609738864e-03
1.562500000000000000e+01 9.964545716733431702e-01 -4.387355193700731462e-04
1.564583333333333215e+01 9.871455861307417701e-01 -3.381701957832970035e-03
1.566666666666666607e+01 9.915699599534616437e-01 -9.789894154842474720e-04
1.568750000000000000e+01 9.929254460520453573e-01 -1.874310310001221867e-03
1.570833333333333215e+01 9.787207277019731588e-01 7.234440484113140819e-04
1.572916666666666607e+01 9.795466228463930447e-01 2.775642068787379370e-04
1.575000000000000000e+01 9.887575057539718104e-01 -2.480258399034252197e-03
1.577083333333333215e+01 1.011776693651393222e+00 -1.538908290576850415e-03
1.579166666666666607e+01 1.029070129800162547e+00 1.833092976408772770e-03
1.581250000000000000e+01 1.019096850317468439e+00 6.772854692972723935e-04
1.583333333333333215e+01 1.005429808732620556e+00 -1.936813734859235215e-03
1.585416666666666607e+01 1.006089750874569422e+00 1.689797364508721861e-03
1.587500000000000000e+01 1.009404799123728713e+00 8.850907262504659591e-04
1.589583333333333215e+01 1.006060977630478526e+00 1.961952116167730263e-03
1.591666666666666607e+01 9.875695140939260153e-01 1.483095833468274461e-03
1.593750000000000000e+01 9.780925673999911751e-01 -1.968111413795852437e-03
1.595833333333333215e+01 9.745184165075988503e-01 -5.621863650826825105e-04
1.597916666666666607e+01 9.998473434864746379e-01 7.545000930982433780e-04
1.600000000000000000e+01 1.010576349742903668e+00 1.725357443755003942e-03
1.602083333333333215e+01 1.004831269609703037e+00 -4.800471834512269674e-04
1.604166666666666430e+01 1.003178510079347108e+00 1.190019286791970223e-03
1.606250000000000000e+01 1.003438416227091734e+00 3.512276407912073416e-03
1.608333333333333215e+01 9.982603803669576337e-01 -2.569691073992033236e-03
1.610416666666666430e+01 9.941461216102506215e-01 -5.562371099032912278e-04
1.612500000000000000e+01 9.852491193689367766e-01 -2.263877255181891320e-04
1.614583333333333215e+01 9.950616893389838680e-01 -1.442059269177552302e-03
1.616666666666666430e+01 1.015052981040734936e+00 -4.725947037896041322e-04
1.618750000000000000e+01 1.023140491286003817e+00 1.090021023916139297e-03
1.620833333333333215e+01 1.019272335125556594e+00 -1.359336174291402109e-03
1.622916666666666430e+01 1.007314492758508928e+00 1.455203312819781328e-03
1.625000000000000000e+01 9.950397533040251652e-01 -2.208843734452466177e-04
1.627083333333333215e+01 9.920294272909742084e-01 9.018166233198224606e-04
1.629166666666666430e+01 9.917233270265701783e-01 1.328417108700113503e-03
1.631250000000000000e+01 9.916126888376637361e-01 -2.360651704719110826e-03
1.633333333333333215e+01 9.955453768022705097e-01 -1.449884714385916984e-03
1.635416666666666430e+01 1.003767070997999777e+00 -2.247951695468940018e-03
1.637500000000000000e+01 9.994742839976479276e-01 3.275538140557975562e-04
1.639583333333333215e+01 9.980211653996904353e-01 -9.036762386813526355e-04
1.641666666666666430e+01 9.871041420927562093e-01 -2.296449443730658169e-04
1.643750000000000000e+01 1.007525120852034384e+00 -1.503543977989276132e-03
1.645833333333333215e+01 1.028483605139770996e+00 -5.488177005383476279e-05
1.647916666666666430e+01 1.048473118471418442e+00 -5.153534175007246901e-05
1.650000000000000000e+01 1.038810099861697145e+00 1.380770347708324504e-03
1.652083333333333215e+01 1.010299596291896584e+00 1.004930335311344028e-03
1.654166666666666430e+01 9.777943252839529364e-01 -2.001828814651923432e-04
1.656250000000000000e+01 9.576816647355806955e-01 -1.793283475143218940e-03
1.658333333333333215e+01 9.673271331556921870e-01 1.038068419268055233e-03
1.660416666666666430e+01 9.797572106765456423e-01 -1.462271729099676263e-03
1.662500000000000000e+01 9.966635399694826480e-01 2.512909376689247522e-04
1.664583333333333215e+01 1.000612231219656811e+00 1.582794527039548286e-03
1.666666666666666430e+01 1.004829116866816197e+00 2.407469239198862729e-03
1.668750000000000000e+01 1.016211527324254016e+00 2.308125758791234553e-03
1.670833333333333215e+01 1.028012797003873935e+00 1.398824362043196755e-03
1.672916666666666430e+01 1.037355746579202487e+00 -7.809176106731210163e-04
1.675000000000000000e+01 1.032692649922753114e+00 5.591912632072130980e-05
1.677083333333333215e+01 1.007993797181448103e+00 9.106669827176307663e-04
1.679166666666666430e+01 9.799512962577086039e-01 -1.268102145432406470e-03
1.681250000000000000e+01 9.654008970974169435e-01 2.013678473107603090e-03
1.683333333333333215e+01 9.671617154178228093e-01 2.402255640742587627e-04
1.685416666666666430e+01 9.822752199430948572e-01 1.318900474057745553e-03
1.687500000000000000e+01 9.948802153714282337e-01 5.279231932632641369e-04
1.689583333333333215e+01 9.997977432391058628e-01 -6.947879316156559170e-04
1.691666666666666430e+01 1.017533948569494529e+00 -3.301270759195196322e-04
1.693750000000000000e+01 1.031203144938455107e+00 -1.609214462614105964e-03
1.695833333333333215e+01 1.027493508439234038e+00 -7.710371775419578308e-04
1.697916666666666430e+01 1.013477675157499647e+00 2.651060306643441330e-03
1.700000000000000000e+01 9.973756525276379348e-01 -6.011889806128172973e-04
1.702083333333333215e+01 9.959320206891904004e-01 -1.580810045348936613e-03
1.704166666666666430e+01 9.990807525140240619e-01 -7.335948040328094447e-05
1.706250000000000000e+01 9.997646370920374448e-01 -3.228683062314813344e-04
1.708333333333333215e+01 9.913171615897201638e-01 1.020788208042741141e-03
1.710416666666666430e+01 9.833732593883612871e-01 1.442483359984415587e-03
1.712500000000000000e+01 9.912857059865043396e-01 -9.389324356932164922e-04
1.714583333333333215e+01 1.005219713159791972e+00 -2.657108385970815244e-03
1.716666666666666430e+01 1.020290481812174521e+00 4.953773938491300372e-04
1.718750000000000000e+01 1.018485499042505182e+00 1.126328116187080581e-03
1.720833333333333215e+01 1.001992429049148869e+00 -3.854306619727824990e-04
1.722916666666666430e+01 9.889814523743311048e-01 -2.742385893134659182e-04
1.725000000000000000e+01 9.874876041205202792e-01 -7.578574064246941565e-04
1.727083333333333215e+01 9.884623490967999748e-01 7.636140117717603489e-04
1.729166666666666430e+01 1.000087395143930191e+00 4.743377358580349017e-04
1.731250000000000000e+01 1.017691853484971043e+00 4.258575981121587848e-04
1.733333333333333215e+01 1.020945041313580992e+00 1.174082023361812605e-03
1.735416666666666430e+01 1.019067782278748391e+00 -1.882848481225147521e-03
1.737500000000000000e+01 1.010254692326967296e+00 7.943680366074241722e-04
1.739583333333333215e+01 9.856334416069606474e-01 -8.927668619892800000e-04
1.741666666666666430e+01 9.740720715671458141e-01 8.717900600460193718e-04
1.743750000000000000e+01 9.794254209069823691e-01 2.110060601382503665e-03
1.745833333333333215e+01 9.867863245995751598e-01 -4.718789464250240824e-04
1.747916666666666430e+01 9.932335329573966920e-01 -1.603767260826120550e-04
1.750000000000000000e+01 1.014803612367348062e+00 5.712318234320323644e-04
1.752083333333333215e+01 1.032816210268322044e+00 -1.552469614749010275e-03
1.754166666666666430e+01 1.032683345774521255e+00 -1.828968893117359517e-04
1.756250000000000000e+01 1.012651970146312363e+00 1.087954477239596934e-03
1.758333333333333215e+01 9.819286179670632109e-01 -1.020276365876390682e-03
1.760416666666666430e+01 9.690307144451518750e-01 2.725398354160347178e-04
1.762500000000000000e+01 9.826939740709431659e-01 -2.280960782607510326e-03
1.764583333333333215e+01 1.006438674610364181e+00 1.573916447299039461e-03
1.766666666666666430e+01 1.004258317426449887e+00 -1.611159460077217617e-04
1.768750000000000000e+01 9.923250291850703730e-01 -4.357649641752947773e-04
1.770833333333333215e+01 9.865268501817814339e-01 6.222973368195456245e-05
1.772916666666666430e+01 9.909884217960474029e-01 -1.756815495460745244e-03
1.775000000000000000e+01 9.993881466791249002e-01 1.638173378109884857e-04
1.777083333333333215e+01 1.010216754893420443e+00 -1.323985874353661918e-03
1.779166666666666430e+01 1.013421510895728739e+00 -9.443418065576850238e-04
1.781250000000000000e+01 1.017318593967765139e+00 3.105211826404294362e-04
1.783333333333333215e+01 1.015230637844362516e+00 -7.154850777814076961e-04
1.785416666666666430e+01 1.004720632416863824e+00 -1.042451676320899469e-03
1.787500000000000000e+01 9.715543611650122591e-01 7.151105990431283910e-04
1.789583333333333215e+01 9.644984303415786719e-01 -5.116363602591128979e-04
1.791666666666666430e+01 9.724094036453267975e-01 2.842506546632283019e-04
1.793750000000000000e+01 9.869954828976800210e-01 5.813327710141656494e-04
1.795833333333333215e+01 1.010414847924331561e+00 1.009684434804284216e-03
1.797916666666666430e+01 1.008572589994419566e+00 -4.274552773619551597e-04
1.800000000000000000e+01 1.004061666763976124e+00 4.258903724352541760e-05
1.802083333333333215e+01 9.955083044913795032e-01 -7.454235000751537532e-04
1.804166666666666430e+01 9.821373102657954268e-01 3.581561679253332867e-03
1.806250000000000000e+01 9.611934929366156011e-01 -3.920160335167696773e-04
1.808333333333333215e+01 9.380261044110386193e-01 8.225894847400780276e-04
1.810416666666666430e+01 9.047752828705516448e-01 -1.586360642375180376e-03
1.812500000000000000e+01 8.832812020199304337e-01 -1.029115425480177067e-03
1.814583333333333215e+01 8.553764881305269130e-01 -1.746537515935156840e-03
1.816666666666666430e+01 8.583213472332831273e-01 -1.087823864947132712e-03
1.818750000000000000e+01 8.740543196480343724e-01 9.240100093806779408e-04
1.820833333333333215e+01 9.015782221805074270e-01 -2.779683873974624899e-04
1.822916666666666430e+01 9.286856493744151120e-01 2.356186358849656339e-04
1.825000000000000000e+01 9.490834920662439833e-01 7.300175940987438470e-04
1.827083333333333215e+01 9.589418815594901169e-01 -1.156638603021993214e-03
1.829166666666666430e+01 9.580267975565847083e-01 9.855896139020256085e-04
1.831250000000000000e+01 9.389945473963614564e-01 -1.723197819247068718e-03
1.833333333333333215e+01 9.337664622562736882e-01 -8.088905934063926433e-04
1.835416666666666430e+01 9.322954440271591370e-01 1.346643386571792170e-03
1.837500000000000000e+01 9.693927522704179900e-01 -9.938272078627657068e-04
1.839583333333333215e+01 1.007943521741951898e+00 7.759629145784305076e-04
1.841666666666666430e+01 1.033814220874342604e+00 -1.858883107725954869e-03
1.843750000000000000e+01 1.030316031597532156e+00 2.172588995975259605e-04
1.845833333333333215e+01 1.012693521490833470e+00 -2.698050329455844130e-03
1.847916666666666430e+01 1.012627287854592550e+00 1.707771514507923317e-03
1.850000000000000000e+01 1.015005359980840627e+00 -7.540781530725405770e-04
1.852083333333333215e+01 9.988552839248272530e-01 2.445338244399138106e-03
1.854166666666666430e+01 9.712714903228304442e-01 -4.756809731139948063e-05
1.856250000000000000e+01 9.480024246586400416e-01 -2.307526581875819945e-03
1.858333333333333215e+01 9.609788175920388476e-01 8.666306570924306668e-04
1.860416666666666430e+01 9.911723364189226615e-01 4.982612283531780064e-04
1.862500000000000000e+01 1.014004237645125039e+00 2.240777086271697905e-03
1.864583333333333215e+01 1.020050510538114352e+00 1.265257828744302017e-03
1.866666666666666430e+01 1.009233959080004794e+00 8.071767963837610726e-04
1.868750000000000000e+01 1.008971130542841488e+00 1.494324313552484974e-03
1.870833333333333215e+01 1.016240553809527380e+00 2.582524909066506637e-03
1.872916666666666430e+01 1.019658615299686710e+00 3.955126440632986151e-04
1.875000000000000000e+01 1.002107991146492072e+00 1.194786084570924030e-03
1.877083333333333215e+01 9.861526476611975900e-01 1.461991374654149605e-04
1.879166666666666430e+01 9.795230962233228977e-01 1.011127895613890678e-03
1.881250000000000000e+01 9.892103266974806575e-01 1.453943159543854766e-03
1.883333333333333215e+01 1.002230877049434143e+00 4.636783158424888016e-04
1.885416666666666430e+01 9.915410742202606098e-01 2.130068707619301414e-03
1.887500000000000000e+01 9.798645609583896965e-01 1.930791041522883825e-04
1.889583333333333215e+01 9.795032742296263528e-01 1.336718430204192343e-03
1.891666666666666430e+01 9.942683745134145434e-01 -1.235163375634755592e-05
1.893750000000000000e+01 1.022937138513156041e+00 -6.129538118874879688e-04
1.895833333333333215e+01 1.045037634071203314e+00 -9.661442452045039975e-04
1.897916666666666430e+01 1.037556988859623219e+00 -5.277556709390558915e-05
1.900000000000000000e+01 1.021563397111703519e+00 -8.598577380752646469e-04
1.902083333333333215e+01 9.976172820751936232e-01 1.453516059417607302e-03
1.904166666666666430e+01 9.916268282521703004e-01 -9.585844693103276427e-04
1.906250000000000000e+01 9.837538246641522877e-01 2.366294091778361726e-04
1.908333333333333215e+01 9.876221896422332502e-01 -1.035777968536475508e-03
1.910416666666666430e+01 9.723514559855735984e-01 9.825326706729669689e-04
1.912500000000000000e+01 9.691038354194618787e-01 1.073402305183174515e-03
1.914583333333333215e+01 9.738271799656552652e-01 -5.342752691157399633e-04
1.916666666666666430e+01 1.007358193040678307e+00 1.136532554876947551e-03
1.918750000000000000e+01 1.030175446476943257e+00 -1.382076781006623997e-04
1.920833333333333215e+01 1.035800799818075379e+00 -1.957232067216422688e-03
1.922916666666666430e+01 1.027963374380000294e+00 1.713496813840898326e-04
1.925000000000000000e+01 1.006405352904928829e+00 -3.985799623949479479e-04
1.927083333333333215e+01 1.005347354215136102e+00 1.804365235275802741e-04
1.929166666666666430e+01 1.007396380950534409e+00 9.249078254865317639e-04
1.931250000000000000e+01 1.000946883148256417e+00 -4.521135140428915043e-04
1.933333333333333215e+01 9.880256241217002522e-01 1.370900321469726961e-04
1.935416666666666430e+01 9.754887871242702291e-01 8.100628398755829913e-04
1.937500000000000000e+01 9.786860631791974852e-01 6.800650308569023078e-04
1.939583333333333215e+01 9.880083146359125434e-01 -1.611507117419452883e-04
1.941666666666666430e+01 1.001007091622038603e+00 -5.435830821090840070e-04
1.943750000000000000e+01 1.004604470356348367e+00 -2.045040887392760975e-03
1.945833333333333215e+01 1.005499161905843097e+00 4.410398466099693074e-04
1.947916666666666430e+01 1.014319244805103493e+00 -2.604553321885378064e-03
1.950000000000000000e+01 1.030536940319273898e+00 -1.734452731933538560e-03
1.952083333333333215e+01 1.032830625450648521e+00 -1.560802074067746750e-03
1.954166666666666430e+01 1.018136559740940861e+00 -1.427922299107372206e-03
1.956250000000000000e+01 9.999600441096047065e-01 -1.064504167268134210e-03
1.958333333333333215e+01 9.776251798042785435e-01 2.438173735922426373e-03
1.960416666666666430e+01 9.768503629715675762e-01 1.863043660194541821e-03
1.962500000000000000e+01 9.904875686280788516e-01 3.537375796962097274e-04
1.964583333333333215e+01 1.003274312534170543e+00 1.653515234787768587e-03
1.966666666666666430e+01 1.006229104297484689e+00 -6.966846823916790108e-04
1.968750000000000000e+01 9.982276057690876447e-01 -1.442144670536335896e-03
1.970833333333333215e+01 9.923452260842848816e-01 6.115275125993868211e-04
1.972916666666666430e+01 9.915973849457323519e-01 -1.288747761181313753e-03
1.975000000000000000e+01 1.005150656720170010e+00 -7.967235846429042336e-04
1.977083333333333215e+01 1.017199428636093694e+00 2.597240293311750981e-03
1.979166666666666430e+01 1.017592523224184919e+00 6.602753507612690864e-04
1.981250000000000000e+01 9.983363491134090717e-01 -1.175199580006221255e-03
1.983333333333333215e+01 9.973424546811489044e-01 1.083908310901056816e-03
1.985416666666666430e+01 1.005588786216125241e+00 9.264633684150833353e-05
1.987500000000000000e+01 1.016320110003007926e+00 -5.740016695172773208e-04
1.989583333333333215e+01 1.010451380742653171e+00 -1.811640858034748499e-03
1.991666666666666430e+01 9.886500444274708421e-01 2.616664878687622979e-03
1.993750000000000000e+01 9.680628362889069916e-01 -2.155618144098406155e-03
1.995833333333333215e+01 9.781624562829068781e-01 -3.043082940101680869e-03
1.997916666666666430e+01 1.002547004920811835e+00 9.530440086907974626e-05
2.000000000000000000e+01 1.015539527709370615e+00 1.682143476875844895e-03
2.002083333333333215e+01 1.007630483582034886e+00 2.197432241970706090e-03
2.004166666666666430e+01 1.005421772417498527e+00 6.290576251728596932e-04
2.006250000000000000e+01 1.006132219935415906e+00 1.847583901463737506e-03
2.008333333333333215e+01 1.005527506286539641e+00 9.352557273664748472e-04
2.010416666666666430e+01 9.987171436014308235e-01 6.997693132203028181e-04
2.012500000000000000e+01 9.825739992213661234e-01 -3.752897061091641992e-04
2.014583333333333215e+01 9.862381734142302570e-01 5.261664707666108103e-04
2.016666666666666430e+01 9.987019373839450820e-01 -3.655050863084542711e-04
2.018750000000000000e+01 1.017659516371955286e+00 -6.569213494886753935e-04
2.020833333333333215e+01 1.024679025717246450e+00 4.388572330013189933e-04
2.022916666666666430e+01 1.015334655181270973e+00 1.016306810035089809e-03
2.025000000000000000e+01 9.993336518302415872e-01 -8.389391942131724797e-04
2.027083333333333215e+01 9.828341836599548964e-01 -1.672430673657612039e-03
2.029166666666666430e+01 9.724651683608032116e-01 -1.547178666162806740e-03
2.031250000000000000e+01 9.739101495436864875e-01 1.511727548728623556e-03
2.033333333333333215e+01 9.893377446771677297e-01 8.027792731108337999e-05
2.035416666666666430e+01 1.008573287345939873e+00 1.205121211763349176e-04
2.037500000000000000e+01 1.018005972839249873e+00 -7.187321807393314086e-04
2.039583333333333215e+01 1.019556965817961736e+00 7.877712172083039047e-04
2.041666666666666430e+01 1.004640537382389898e+00 1.991673607369355125e-03
2.043750000000000000e+01 1.007048063515009195e+00 1.173254511794361759e-03
2.045833333333333215e+01 1.003055826786536153e+00 -1.301455916675737026e-03
2.047916666666666430e+01 1.010908545889164012e+00 1.183742561813555365e-04
2.050000000000000000e+01 1.004119600140309876e+00 -1.377720623861093674e-03
2.052083333333333215e+01 9.915540903611177459e-01 1.756722487977661158e-04
2.054166666666666430e+01 9.762885601391000367e-01 7.182722943490901834e-04
2.056250000000000000e+01 9.701490472118423636e-01 5.340777108642969949e-04
2.058333333333333215e+01 9.824682598507830100e-01 7.736987005851478827e-05
2.060416666666666430e+01 9.963298453976303648e-01 -3.492943594338035690e-05
2.062500000000000000e+01 1.019529523284296912e+00 -9.733200668885780759e-04
2.064583333333333215e+01 1.032917091791160535e+00 -7.492958287656139443e-04
2.066666666666666430e+01 1.035608446126214721e+00 -2.668632715101529524e-04
2.068750000000000000e+01 1.009753869200590737e+00 -1.353505880813394083e-03
2.070833333333333215e+01 9.800710701493932087e-01 4.077261835706396114e-04
2.072916666666666430e+01 9.652906671176653131e-01 -1.159827613735715888e-03
2.075000000000000000e+01 9.709998445108751763e-01 -2.653088165381207921e-03
2.077083333333333215e+01 1.002417232161340044e+00 7.195918465001439630e-04
2.079166666666666430e+01 1.030551876155164637e+00 -8.982625441357747816e-04
2.081250000000000000e+01 1.032970587290685138e+00 9.627812512281398098e-05
2.083333333333333215e+01 1.014556255673494167e+00 -1.540055053916805725e-04
2.085416666666666430e+01 9.835420085684167812e-01 -4.052118053685717255e-05
2.087500000000000000e+01 9.634763425051711128e-01 1.880324672543223210e-03
2.089583333333333215e+01 9.724556555149496129e-01 1.467905596050158700e-03
2.091666666666666430e+01 9.996211176806921728e-01 6.608208011094109102e-04
2.093750000000000000e+01 1.028431902568669454e+00 -3.733780187452945439e-04
2.095833333333333215e+01 1.033103036929284180e+00 -1.878304038962807826e-04
2.097916666666666430e+01 1.003745282644793901e+00 1.784484457247187406e-03
2.100000000000000000e+01 9.892741929560371350e-01 5.543790809513311681e-04
2.102083333333333215e+01 9.903896288876760101e-01 -3.621313294416939966e-04
2.104166666666666430e+01 1.007598177381348714e+00 1.071537887747295607e-03
2.106250000000000000e+01 1.016949799517781861e+00 -2.072604959818087449e-03
2.108333333333333215e+01 1.012347032978994532e+00 -7.509985367258545244e-04
2.110416666666666430e+01 9.913789397392941405e-01 -9.321673528381150837e-05
2.112500000000000000e+01 9.807769133846886422e-01 -2.070277429039643798e-03
2.114583333333333215e+01 9.780381003309729371e-01 -6.954651476961103704e-04
2.116666666666666430e+01 9.852043696817857077e-01 2.238774392171575395e-03
2.118750000000000000e+01 9.864221447014743793e-01 8.456989045941728763e-04
2.120833333333333215e+01 1.009947202943378475e+00 1.290503808824974364e-03
2.122916666666666430e+01 1.030527183496414700e+00 7.690129010885525312e-04
2.125000000000000000e+01 1.034256933049271021e+00 4.072732281555814385e-05
2.127083333333333215e+01 1.019521895725426397e+00 6.116766923778162298e-04
2.129166666666666430e+01 9.702774665935576248e-01 5.075274574368357191e-04
2.131250000000000000e+01 9.379458751790388238e-01 -6.361701830991834143e-04
2.133333333333333215e+01 9.204562652848954363e-01 2.347030197417936277e-04
2.135416666666666430e+01 9.195137416772743988e-01 -1.020573510097814345e-03
2.137500000000000000e+01 8.997575167018064812e-01 -3.829349441829700117e-04
2.139583333333333215e+01 8.647699380078375242e-01 -1.236045972208736979e-04
2.141666666666666430e+01 8.418486356047308883e-01 -2.096640713038345691e-03
2.143750000000000000e+01 8.392054868100756737e-01 -1.189966613702120356e-03
2.145833333333333215e+01 8.456968325972287204e-01 5.561631798530187977e-04
2.147916666666666430e+01 8.280477006760963432e-01 -1.904420489176270439e-03
2.150000000000000000e+01 7.982220233160688405e-01 -4.355995269857037742e-05
2.152083333333333215e+01 7.623185078136642812e-01 2.064894867947384381e-03
2.154166666666666430e+01 7.382414646317199125e-01 -6.794132968169606804e-04
2.156250000000000000e+01 7.419564919066971020e-01 -6.438004626990604176e-04
2.158333333333333215e+01 7.540320202672829986e-01 2.510139656054093636e-03
2.160416666666666430e+01 7.789935582746515541e-01 1.894911780319164093e-03
2.162500000000000000e+01 8.170715732006977872e-01 1.329599909882958359e-03
2.164583333333333215e+01 8.404205763749649227e-01 -1.734124199137014252e-03
2.166666666666666430e+01 8.633417715431538353e-01 -8.455653002861088577e-04
2.168750000000000000e+01 8.856927290188635338e-01 9.133991365681683010e-04
2.170833333333333215e+01 9.061418480501521877e-01 2.118624299294485838e-03
2.172916666666666430e+01 9.316985346681460056e-01 -1.039170491921680324e-03
2.175000000000000000e+01 9.587077648914058559e-01 -1.006881955844480874e-03
2.177083333333333215e+01 9.786408071236266659e-01 2.029636575361043992e-03
2.179166666666666430e+01 9.958482420910984567e-01 -1.242473410301617783e-03
2.181250000000000000e+01 1.004940855580459980e+00 -1.003658120190629955e-03
2.183333333333333215e+01 9.937127981014842737e-01 -7.059779317348064895e-04
2.185416666666666430e+01 9.759867525714163161e-01 -5.582479296718158724e-04
2.187500000000000000e+01 9.680385618704405726e-01 1.520037507674690856e-05
2.189583333333333215e+01 9.791623148879642358e-01 5.546575804086199954e-04
2.191666666666666430e+01 1.003881429848494822e+00 2.529487629526557153e-04
2.193750000000000000e+01 1.012811562768240803e+00 -4.979957600603106879e-04
2.195833333333333215e+01 1.013339125344135061e+00 -1.731773292290502385e-03
2.197916666666666430e+01 1.010568458283546800e+00 -1.490673449324933031e-03
2.200000000000000000e+01 1.016645100683934322e+00 1.830081754611513796e-04
2.202083333333333215e+01 1.020731411129237820e+00 1.191443206892090845e-03
2.204166666666666430e+01 1.016055830132453375e+00 -4.170000687514333103e-04
2.206250000000000000e+01 9.909341583672504061e-01 5.954963079659071623e-04
2.208333333333333215e+01 9.726721933008093401e-01 4.160856023473045334e-04
2.210416666666666430e+01 9.779565564064851557e-01 1.315023741823256268e-03
2.212500000000000000e+01 9.922807708314683728e-01 3.049649377110403973e-04
2.214583333333333215e+01 1.001837806139354914e+00 -3.064504971107222101e-04
2.216666666666666430e+01 9.979498356812134263e-01 6.748008333790154589e-05
2.218750000000000000e+01 9.987423599155175191e-01 -1.251273744743589618e-04
2.220833333333333215e+01 1.000080786529103927e+00 1.674808098295281272e-03
2.222916666666666430e+01 1.006979342406101541e+00 -7.741060449879712388e-04
2.225000000000000000e+01 1.013798350874039800e+00 5.720043284778758477e-04
2.227083333333333215e+01 1.013837374513989475e+00 -6.966744169493063439e-04
2.229166666666666430e+01 9.993296052011779729e-01 5.132562492552723669e-04
2.231250000000000000e+01 9.871126853770857412e-01 3.112478711153263567e-03
2.233333333333333215e+01 9.891834294754469070e-01 -7.929405329138402344e-04
2.235416666666666430e+01 9.966606034683905824e-01 9.889398518028254172e-04
2.237500000000000000e+01 1.007920091366868665e+00 2.658934185597530025e-04
2.239583333333333215e+01 1.005977552773441808e+00 -2.603446038887311485e-03
2.241666666666666430e+01 9.993705821708060988e-01 -1.775751725353505017e-04
2.243750000000000000e+01 9.909772317584313317e-01 2.034604697551405713e-03
2.245833333333333215e+01 9.934150064039805050e-01 8.209135054630618605e-04
2.247916666666666430e+01 1.009054402410040741e+00 -1.087082020906054080e-03
2.250000000000000000e+01 1.007174807974341002e+00 1.650702891708814629e-03
2.252083333333333215e+01 9.972010224371127274e-01 -1.522696413921795526e-03
2.254166666666666430e+01 9.863044669088163463e-01 4.084224139751584342e-04
2.256250000000000000e+01 9.884113170946809968e-01 -1.570632207001193504e-03
2.258333333333333215e+01 1.010521646728569367e+00 1.211477480563500833e-04
2.260416666666666430e+01 1.028766667011305813e+00 -2.132969660531417073e-03
2.262500000000000000e+01 1.020602512308871779e+00 -2.364504752449771239e-03
2.264583333333333215e+01 9.844895201538634844e-01 1.604194426087027182e-03
2.266666666666666430e+01 9.704978431192505806e-01 -1.443694889547544706e-03
2.268750000000000000e+01 9.888446052479531456e-01 -9.027236929527077168e-04
2.270833333333333215e+01 1.008506004108496334e+00 1.297704101812376457e-03
2.272916666666666430e+01 1.012869786364957614e+00 -3.561038211240452931e-05
2.275000000000000000e+01 9.971513232204279875e-01 -3.013759845007162302e-03
2.277083333333333215e+01 9.881309455102073036e-01 1.400488985271243145e-03
2.279166666666666430e+01 9.978853510457675879e-01 1.837566033551939551e-03
2.281250000000000000e+01 1.017733223586575919e+00 1.215231159955609081e-03
2.283333333333333215e+01 1.022617133107452947e+00 -5.649351005448145779e-04
2.285416666666666430e+01 1.000992344418988100e+00 -4.918222375017340404e-04
2.287500000000000000e+01 9.841527836841292842e-01 -3.723080201916098455e-04
2.289583333333333215e+01 9.856752685207037512e-01 1.423781505145413828e-03
2.291666666666666430e+01 1.002579570622420979e+00 4.890686870084881305e-04
2.293750000000000000e+01 1.001679453203762726e+00 -2.553293724407920250e-03
2.295833333333333215e+01 9.822623398004211026e-01 -3.361835404209785735e-04
2.297916666666666430e+01 9.750218746820910054e-01 -2.218690949264417339e-04
2.300000000000000000e+01 9.924527378036896996e-01 1.155700019740751308e-03
2.302083333333333215e+01 1.026975131736131752e+00 1.298204015211067933e-03
2.304166666666666430e+01 1.044419972964114374e+00 9.412342497539090630e-04
2.306250000000000000e+01 1.038072308496149843e+00 -6.707481038207283638e-04
2.308333333333333215e+01 1.002438189757753895e+00 -1.311244292489428549e-03
2.310416666666666430e+01 9.676347610699276292e-01 3.720308794081503745e-06
2.312500000000000000e+01 9.600489523698320093e-01 -7.004952904459147022e-06
2.314583333333333215e+01 9.845049086450998743e-01 -5.820763764592974936e-04
2.316666666666666430e+01 1.000351031876160812e+00 2.383314264768112908e-03
2.318750000000000000e+01 1.006038780276159228e+00 -8.901586857440978422e-04
2.320833333333333215e+01 9.947068035004140718e-01 -5.105129943347692196e-04
2.322916666666666430e+01 9.913472306389778943e-01 -8.200856941190994573e-04
2.325000000000000000e+01 1.006936449610214224e+00 2.164850297781122524e-03
2.327083333333333215e+01 1.027846876201296888e+00 -6.037221021585136406e-04
2.329166666666666430e+01 1.034264467060403092e+00 9.376804510559100508e-04
2.331250000000000000e+01 1.019867909406827478e+00 2.202790276458663297e-03
2.333333333333333215e+01 1.001452291254190996e+00 -1.363342167806426116e-03
2.335416666666666430e+01 9.884757317031033219e-01 1.336014180766783221e-03
2.337500000000000000e+01 9.864591686133119541e-01 1.603265105422857278e-03
2.339583333333333215e+01 9.779866329259682134e-01 1.777953357488656167e-03
2.341666666666666430e+01 9.736828589829408243e-01 -9.093957822931907466e-04
2.343750000000000000e+01 9.761942048818792461e-01 -1.795282027890670283e-03
2.345833333333333215e+01 1.002826753803035764e+00 8.222612620240079802e-04
2.347916666666666430e+01 1.024433142166522481e+00 1.219846649983844433e-03
2.350000000000000000e+01 1.042004250091146833e+00 1.476685142407024040e-03
2.352083333333333215e+01 1.017809021247957135e+00 -1.675212371949615781e-03
2.354166666666666430e+01 9.921670324907135852e-01 1.221207308270091723e-03
2.356250000000000000e+01 9.831031352101549103e-01 -3.749522371467935871e-04
2.358333333333333215e+01 9.991894099841340804e-01 -3.424034478261268433e-04
2.360416666666666430e+01 1.017011950515100294e+00 -2.361243203837887173e-04
2.362500000000000000e+01 1.018554314877373024e+00 -1.600759171195159387e-03
2.364583333333333215e+01 1.006292229708453778e+00 4.589131120497987764e-04
2.366666666666666430e+01 9.881884803887771573e-01 1.429730697929754938e-03
2.368750000000000000e+01 9.841633543767929204e-01 -1.452220177619105781e-03
2.370833333333333215e+01 9.853076637995462628e-01 1.318481752014364662e-03
2.372916666666666430e+01 9.879946311129259584e-01 8.330172029663301817e-04
2.375000000000000000e+01 9.936196740763757473e-01 5.336626156103745403e-05
2.377083333333333215e+01 1.001752014461197327e+00 -5.910161905098532077e-04
2.379166666666666430e+01 1.011052330610738181e+00 2.029519500273045619e-04
2.381250000000000000e+01 1.006266360074776323e+00 -1.266551688416538927e-03
2.383333333333333215e+01 1.013133692765524119e+00 6.296059060315528297e-04
2.385416666666666430e+01 1.017920661576779517e+00 -6.664080262525012106e-04
2.387500000000000000e+01 1.024577840068634060e+00 7.276431368249533982e-05
2.389583333333333215e+01 1.015287848703760654e+00 -3.472163094394863352e-03
2.391666666666666430e+01 1.007173778426927235e+00 1.755173871571818036e-03
2.393750000000000000e+01 9.930145068576443634e-01 -3.238859466519286492e-03
2.395833333333333215e+01 9.832670290656267964e-01 5.501409137105059801e-04
2.397916666666666430e+01 9.814688016364386813e-01 1.602164656848543978e-03
2.400000000000000000e+01 9.803986726269618979e-01 9.080544443583346776e-04
2.402083333333333215e+01 9.752326469562521138e-01 -5.204160388288804314e-04
2.404166666666666430e+01 9.944616829580296136e-01 -1.033516248624577038e-03
2.406250000000000000e+01 1.015900217777895076e+00 -1.874690590601775855e-03
2.408333333333333215e+01 1.028807487842712032e+00 2.212612011251142031e-03
2.410416666666666430e+01 1.024016343300926835e+00 2.035902110733347754e-05
2.412500000000000000e+01 1.008741279242378219e+00 1.202283307372762613e-03
2.414583333333333215e+01 1.000096378180100443e+00 1.438850357793955469e-03
2.416666666666666430e+01 1.015419219466699330e+00 -2.234071221435260986e-03
2.418750000000000000e+01 1.018440597983098828e+00 2.488464430015100044e-03
2.420833333333333215e+01 1.012806248570533363e+00 2.146733639905454207e-03
2.422916666666666430e+01 9.841412436837054800e-01 5.442076772196930865e-04
2.425000000000000000e+01 9.696842438427004662e-01 3.577521431653512369e-04
2.427083333333333215e+01 9.743443965965883358e-01 -2.050429157727256483e-03
2.429166666666666430e+01 9.884120289946677351e-01 2.063426484397874391e-03
2.431250000000000000e+01 9.940734307225461697e-01 -8.679597031186728380e-04
2.433333333333333215e+01 9.903294089461430749e-01 1.639542102101268755e-03
2.435416666666666430e+01 1.004822561525356317e+00 1.848272830755988720e-03
2.437500000000000000e+01 1.018724946129855091e+00 -1.369902604037966879e-03
2.439583333333333215e+01 1.033407161769587024e+00 1.002379682333626157e-05
2.441666666666666430e+01 1.035464719691020274e+00 -1.209505043009268931e-03
2.443750000000000000e+01 1.024511739061566118e+00 -1.260474435354701217e-03
2.445833333333333215e+01 1.002068049952541395e+00 -9.494845640944989812e-04
2.447916666666666430e+01 9.810199245451959316e-01 7.858674198799415686e-04
2.450000000000000000e+01 9.643204453195352022e-01 2.967148849666403389e-04
2.452083333333333215e+01 9.589685048221987529e-01 -2.621957776526913256e-04
2.454166666666666430e+01 9.622322657634518883e-01 -2.273097263952521697e-03
2.456250000000000000e+01 9.853646639372458660e-01 6.390802378872600074e-04
2.458333333333333215e+01 1.001546248096651270e+00 -1.118876327013858685e-03
2.460416666666666430e+01 1.015863329120278769e+00 -1.767142989464237732e-03
2.462500000000000000e+01 1.029366692516963777e+00 -6.393926117814022507e-04
2.464583333333333215e+01 1.031642014783354044e+00 -5.793562672188900826e-04
2.466666666666666430e+01 1.010488944668126221e+00 -2.148960893332987551e-03
2.468750000000000000e+01 9.962685393599658434e-01 -1.906908438752006425e-03
2.470833333333333215e+01 9.869723209731533498e-01 1.660508886190672486e-03
2.472916666666666430e+01 9.838219157338908838e-01 1.167784144285991628e-03
2.475000000000000000e+01 9.873825074195932139e-01 3.443860494505370548e-04
2.477083333333333215e+01 9.677157651234502556e-01 1.441549900561775194e-03
2.479166666666666430e+01 9.532190782260790973e-01 7.095654307846721489e-04
2.481250000000000000e+01 9.367127800559255091e-01 6.218638997538709695e-04
2.483333333333333215e+01 9.363511739560751446e-01 4.535456997242298064e-04
2.485416666666666430e+01 9.307223172991765381e-01 -5.265716436381962721e-05
2.487500000000000000e+01 9.166670729386853234e-01 1.374384919715683148e-03
2.489583333333333215e+01 8.895825554726680684e-01 4.276552284480834051e-04
2.491666666666666430e+01 8.814147712858962924e-01 -1.818956914593137381e-03
2.493750000000000000e+01 8.919019531388048261e-01 5.230748270223071908e-04
2.495833333333333215e+01 9.107235348085594984e-01 -1.367833341135335631e-03
2.497916666666666430e+01 9.148530676836835740e-01 5.127009848330342902e-04
2.500000000000000000e+01 9.112472235312141233e-01 1.057566689686123117e-03
2.502083333333333215e+01 8.993462515808515745e-01 -1.274437614811801088e-03
2.504166666666666430e+01 9.023654604720833250e-01 1.211512463206226506e-04
2.506250000000000000e+01 9.306297627136558281e-01 4.951782404771688665e-04
2.508333333333333215e+01 9.674227132301554954e-01 1.878775386006778471e-03
2.510416666666666430e+01 1.004511220630009749e+00 -2.110280776712925282e-03
2.512500000000000000e+01 1.017891125938318320e+00 -8.001937794171097790e-04
2.514583333333333215e+01 1.016471022937888158e+00 1.136322379728190021e-03
2.516666666666666430e+01 1.002122979036359718e+00 -2.489541646283453683e-04
2.518750000000000000e+01 9.818681075968631600e-01 4.578025752809828362e-04
2.520833333333333215e+01 9.863076932609083913e-01 1.479131217997266788e-03
2.522916666666666430e+01 9.995721379019144592e-01 -9.530306973426448387e-05
2.525000000000000000e+01 1.013123325459793334e+00 -4.677312871928183935e-04
2.527083333333333215e+01 1.013837602759108503e+00 -2.250944569746421431e-03
2.529166666666666430e+01 9.978173219095519686e-01 -9.531638396593976022e-04
2.531250000000000000e+01 9.766221698582375765e-01 1.340496082744795656e-03
2.533333333333333215e+01 9.704532034441958332e-01 -5.268899153457577440e-04
2.535416666666666430e+01 9.740692092264874313e-01 -7.635394395712257008e-04
2.537500000000000000e+01 9.838994057011037908e-01 -3.721665853866687728e-03
2.539583333333333215e+01 1.001446576878447070e+00 -8.713380612189823961e-04
2.541666666666666430e+01 1.028556498366705707e+00 -4.715659820586218579e-05
2.543750000000000000e+01 1.043013793105708631e+00 1.777155945947314446e-04
2.545833333333333215e+01 1.024056765384186773e+00 -2.128268863368887234e-03
2.547916666666666430e+01 9.896209419562967957e-01 -3.168125088550324125e-03
2.550000000000000000e+01 9.778021527144394875e-01 5.849465245961278561e-04
2.552083333333333215e+01 9.863561169874810464e-01 -5.528925341229595433e-04
2.554166666666666430e+01 1.012069882000783849e+00 -3.736344662001892599e-04
2.556250000000000000e+01 1.010604372925464567e+00 1.237270280642678967e-03
2.558333333333333215e+01 9.862943335561088487e-01 -6.176770968989879268e-04
2.560416666666666430e+01 9.666598899411270596e-01 -1.075991096589100967e-03
2.562500000000000000e+01 9.767003784432911617e-01 -7.501261751030779187e-04
2.564583333333333215e+01 1.005908543704519653e+00 -7.449555608445849108e-04
2.566666666666666430e+01 1.034337907039783566e+00 -1.440359021151089774e-03
2.568750000000000000e+01 1.031421988835848680e+00 -4.692452531552721061e-04
2.570833333333333215e+01 1.012512779324549195e+00 6.172602507261216228e-04
2.572916666666666430e+01 9.947355866167235661e-01 1.283303076267761599e-03
2.575000000000000000e+01 9.925370181149857363e-01 1.411017409517145379e-04
2.577083333333333215e+01 1.005538538704721763e+00 4.110502569390806242e-04
2.579166666666666430e+01 1.009001835678782655e+00 1.133375445493637040e-03
2.581250000000000000e+01 1.003265363042435965e+00 -6.239127037246815135e-04
2.583333333333333215e+01 9.905710887410886789e-01 -1.049339210806378691e-03
2.585416666666666430e+01 9.873652951489623186e-01 -3.579338279027675040e-04
2.587500000000000000e+01 9.874595765946981851e-01 2.627250749090997051e-04
2.589583333333333215e+01 9.940277362942394612e-01 -1.166466492412150668e-03
2.591666666666666430e+01 9.920059486038259600e-01 4.112042241337725518e-04
2.593750000000000000e+01 9.899937326587564534e-01 1.747570053680616532e-03
2.595833333333333215e+01 1.001139537916859945e+00 9.164187807769973160e-04
2.597916666666666430e+01 1.021985831420440416e+00 1.866443618656612666e-03
