0.000000000000000000e+00 9.851192442885399192e-01 -1.309736043157842030e-04
2.083333333333333218e-02 9.742016810848201924e-01 -2.730471783308129020e-04
4.166666666666666435e-02 9.859074094523934129e-01 2.405695646336529774e-04
6.250000000000000000e-02 1.004177259793702204e+00 1.744449968653955570e-03
8.333333333333332871e-02 1.014222890464510529e+00 -2.509851367711988471e-03
1.041666666666666574e-01 1.019488263421274521e+00 -1.714840748264222529e-03
1.250000000000000000e-01 1.013580632267048420e+00 -1.931091681642452566e-03
1.458333333333333148e-01 9.970466730274722966e-01 -8.587220227347112716e-04
1.666666666666666574e-01 9.899518337880180985e-01 -2.175325204041892845e-03
1.875000000000000000e-01 9.802844620968559353e-01 6.913997847386583713e-04
2.083333333333333148e-01 9.818570385562327418e-01 1.196505735451032645e-04
2.291666666666666574e-01 1.001680594672393010e+00 -3.172215823802453918e-04
2.500000000000000000e-01 1.024953746695010492e+00 -8.519289496595446390e-04
2.708333333333333148e-01 1.030867082455491301e+00 1.960721605373759435e-04
2.916666666666666297e-01 1.017239550541689797e+00 2.228120750883426284e-04
3.125000000000000000e-01 9.883179952289339321e-01 4.128287159101423783e-04
3.333333333333333148e-01 9.741081610828095094e-01 -9.112685801276439656e-04
3.541666666666666297e-01 9.728209167056738327e-01 8.116415161227304815e-04
3.750000000000000000e-01 9.889456800863396513e-01 -1.835691376745742214e-03
3.958333333333333148e-01 1.003467900160032178e+00 1.561795284674066375e-03
4.166666666666666297e-01 1.023513149950516565e+00 -3.845901081080269329e-03
4.375000000000000000e-01 1.022703421017800318e+00 -7.420647363106894646e-04
4.583333333333333148e-01 1.017029898100036078e+00 -1.502865038936542288e-03
4.791666666666666297e-01 1.012907781568354038e+00 9.871800448384782448e-04
5.000000000000000000e-01 9.936556202425249618e-01 -1.856441027514546321e-03
5.208333333333332593e-01 9.778737183677805866e-01 2.277304528632334481e-03
5.416666666666666297e-01 9.775538382882004163e-01 -1.930732683083519760e-03
5.625000000000000000e-01 9.817962795686703270e-01 2.535574907112537069e-03
5.833333333333332593e-01 1.005051433251193949e+00 5.600082901800014154e-04
6.041666666666666297e-01 1.012831663315272523e+00 3.839895391671680375e-05
6.250000000000000000e-01 1.015146310309275490e+00 5.447326689765192827e-04
6.458333333333332593e-01 1.016340002298951717e+00 2.740723306716347230e-03
6.666666666666666297e-01 1.003307559412575323e+00 1.116350064978848151e-03
6.875000000000000000e-01 1.000826003574127654e+00 -2.791726029540753107e-03
7.083333333333332593e-01 9.854696858030731477e-01 1.492780698247589497e-03
7.291666666666666297e-01 9.835945732278270626e-01 2.897208678786617158e-04
7.500000000000000000e-01 9.860942762157609565e-01 -2.021278245079942068e-03
7.708333333333332593e-01 1.005459390827451616e+00 9.506034650503322877e-04
7.916666666666666297e-01 1.018342674069369957e+00 -1.513884489697902517e-03
8.125000000000000000e-01 1.014064641200559835e+00 2.264913753564410217e-04
8.333333333333332593e-01 1.006236441419229966e+00 2.915536701298234909e-04
8.541666666666666297e-01 9.919640283120904067e-01 -8.104973937164862549e-04
8.750000000000000000e-01 9.919696284405642439e-01 8.094565141346441025e-04
8.958333333333332593e-01 9.962680309445043347e-01 -1.277002285310617317e-03
9.166666666666666297e-01 1.000953520840821120e+00 2.389777241210274349e-04
9.375000000000000000e-01 9.999226075061657948e-01 -6.841439746644151611e-04
9.583333333333332593e-01 1.000113705416385557e+00 -2.283320320871848059e-04
9.791666666666666297e-01 1.003772979179796021e+00 2.403613620705735265e-03
1.000000000000000000e+00 1.004705953782188077e+00 1.400555535776922716e-04
1.020833333333333259e+00 1.008637313624165088e+00 -1.359215585274485332e-03
1.041666666666666519e+00 1.012900698835621727e+00 -1.465377109376858611e-04
1.062500000000000000e+00 9.997848668724578225e-01 -9.615792612949889588e-04
1.083333333333333259e+00 9.914245005584892967e-01 3.310968541011348313e-05
1.104166666666666519e+00 9.907389161556445778e-01 2.024066093645625797e-04
1.125000000000000000e+00 9.940450685295798561e-01 1.062268505889167743e-04
1.145833333333333259e+00 9.979489713455578226e-01 1.047632188971944647e-04
1.166666666666666519e+00 9.978846404113308477e-01 -6.805745015349318368e-04
1.187500000000000000e+00 1.006449068103327793e+00 5.615034778083340030e-04
1.208333333333333259e+00 1.010605513530264066e+00 1.321696908311422412e-03
1.229166666666666519e+00 1.017277317706040574e+00 -7.755681248704871314e-04
1.250000000000000000e+00 1.009740008765350305e+00 -7.300036875931899152e-05
1.270833333333333259e+00 9.960579694289927177e-01 7.587254342896690028e-05
1.291666666666666519e+00 9.911142254913036798e-01 1.567186593973140347e-03
1.312500000000000000e+00 9.919179528217987318e-01 1.349171751041592987e-03
1.333333333333333259e+00 9.879957419746205893e-01 -9.125600951365160467e-04
1.354166666666666519e+00 9.891064302309676703e-01 9.044314312608466152e-05
1.375000000000000000e+00 9.913604885129200239e-01 -1.867477852276983345e-03
1.395833333333333259e+00 9.990743096862829686e-01 -1.206863172190586735e-03
1.416666666666666519e+00 1.013847542172865879e+00 1.877916951708965673e-05
1.437500000000000000e+00 1.023351781813132577e+00 7.874223739492520677e-04
1.458333333333333259e+00 1.029780611973606375e+00 1.192994106706287208e-03
1.479166666666666519e+00 1.008733136326165347e+00 -3.884986984712642585e-04
1.500000000000000000e+00 9.848638745471616218e-01 -1.691180193270853125e-03
1.520833333333333259e+00 9.705126205759592173e-01 4.961090660719948836e-04
1.541666666666666519e+00 9.713578189340553726e-01 -2.163007252111333052e-04
1.562500000000000000e+00 9.853754394852736187e-01 5.299501391325886490e-04
1.583333333333333259e+00 1.011683749822440914e+00 2.001552113108121477e-04
1.604166666666666519e+00 1.030904216749184421e+00 8.946603790201702053e-04
1.625000000000000000e+00 1.031850925908920136e+00 8.182866043063172180e-04
1.645833333333333259e+00 1.016502719988068959e+00 1.054498738614835594e-03
1.666666666666666519e+00 1.004109712113469444e+00 -5.739487597607724305e-04
1.687500000000000000e+00 9.892116350896852373e-01 1.244372611161306342e-03
1.708333333333333259e+00 9.819646475080939796e-01 -6.287860163456126823e-04
1.729166666666666519e+00 9.813041697453301904e-01 1.061722434875792193e-04
1.750000000000000000e+00 9.888078101399481179e-01 2.325739339616033491e-03
1.770833333333333259e+00 9.920482152982454949e-01 4.460030895293123411e-04
1.791666666666666519e+00 9.965639971382916906e-01 -1.457664109622555399e-03
1.812500000000000000e+00 1.007824963572924615e+00 1.863034993236070821e-03
1.833333333333333259e+00 1.019491912005195289e+00 1.250115285521002451e-03
1.854166666666666519e+00 1.026319686846797641e+00 1.425591975620749694e-03
1.875000000000000000e+00 1.025507109056267518e+00 2.465094903751811699e-04
1.895833333333333259e+00 1.014220666160161155e+00 4.322805357870708530e-04
1.916666666666666519e+00 9.957223245487779595e-01 -2.912545808410115867e-04
1.937500000000000000e+00 9.818339027344835657e-01 -8.749153718306152154e-04
1.958333333333333259e+00 9.741362508897326578e-01 1.912493811396179114e-03
1.979166666666666519e+00 9.769034001490993768e-01 -4.604508783333787912e-04
2.000000000000000000e+00 9.898547997130537901e-01 -6.008727320990005791e-04
2.020833333333333037e+00 9.983517911182113735e-01 -5.543689110087927788e-04
2.041666666666666519e+00 1.009696245421124683e+00 2.327929073026732947e-03
2.062500000000000000e+00 1.021207906265017451e+00 1.097670002382280163e-03
2.083333333333333037e+00 1.024644139197176118e+00 -4.598903299227857767e-04
2.104166666666666519e+00 1.023810342042283716e+00 -5.702805621860275432e-05
2.125000000000000000e+00 1.014695663398201164e+00 6.380632925708827966e-04
2.145833333333333037e+00 9.989072672091213745e-01 1.098084360377707533e-03
2.166666666666666519e+00 9.911720688824899872e-01 -2.013112767904591104e-03
2.187500000000000000e+00 9.754626772560678338e-01 1.129729671943377999e-03
2.208333333333333037e+00 9.718727667322575314e-01 -2.725328516214308447e-04
2.229166666666666519e+00 9.721325294773275338e-01 -8.575435863427498511e-04
2.250000000000000000e+00 9.939778008206994198e-01 -4.878951314206188164e-04
2.270833333333333037e+00 1.013193417855587253e+00 9.899092346267797816e-04
2.291666666666666519e+00 1.031159782217084597e+00 2.198040439020055182e-03
2.312500000000000000e+00 1.033858360897198070e+00 1.848996160540428276e-04
2.333333333333333037e+00 1.022654637401012367e+00 6.961296731110955911e-04
2.354166666666666519e+00 1.003738566777565344e+00 -1.017530540129622449e-03
2.375000000000000000e+00 9.858811412188625001e-01 6.141807418807713114e-04
2.395833333333333037e+00 9.838313452478765209e-01 1.028308964508023709e-03
2.416666666666666519e+00 9.850754244625864464e-01 -1.860038797759072399e-03
2.437500000000000000e+00 9.909773895791910148e-01 -6.411375155145689238e-04
2.458333333333333037e+00 9.994561857337505018e-01 9.884983551305811730e-04
2.479166666666666519e+00 1.011074043980821457e+00 -2.198625649017447482e-03
2.500000000000000000e+00 1.003915543549303457e+00 -4.673749320333593464e-04
2.520833333333333037e+00 9.957508305320773578e-01 7.508718280209546051e-04
2.541666666666666519e+00 9.952475492971667448e-01 -2.113201036164095471e-03
2.562500000000000000e+00 9.987037605410757912e-01 -4.958167736729480243e-04
2.583333333333333037e+00 1.008876339534411359e+00 6.854774205074656639e-05
2.604166666666666519e+00 1.017811393467248360e+00 1.112992140558371297e-03
2.625000000000000000e+00 1.013235211208138420e+00 -1.598420570538869974e-03
2.645833333333333037e+00 1.001598920519591873e+00 1.386887968456372230e-03
2.666666666666666519e+00 9.934420014218617867e-01 3.820937513090980672e-04
2.687500000000000000e+00 9.894055485261765703e-01 1.496057473489345677e-03
2.708333333333333037e+00 9.905238044573184686e-01 1.454025443142037237e-03
2.729166666666666519e+00 9.961753791695812099e-01 4.259884045673057915e-04
2.750000000000000000e+00 1.001382277684451205e+00 6.071853329257938074e-04
2.770833333333333037e+00 1.009754581655256889e+00 -2.174309188064543243e-03
2.791666666666666519e+00 1.010625919111193260e+00 -1.687674833060521509e-03
2.812500000000000000e+00 1.004058709169479258e+00 -1.256639778008983126e-03
2.833333333333333037e+00 9.944757936907796525e-01 -4.350114046556379497e-04
2.854166666666666519e+00 9.766280211694348123e-01 1.166548752782962592e-03
2.875000000000000000e+00 9.744816272247461830e-01 -2.229268426203480456e-03
2.895833333333333037e+00 9.967951569458000094e-01 -3.999466810830559294e-04
2.916666666666666519e+00 1.015655547457377850e+00 -1.651539070568418342e-03
2.937500000000000000e+00 1.028447125206952473e+00 -1.947128294784309386e-03
2.958333333333333037e+00 1.017999055139318543e+00 1.846133708084420760e-03
2.979166666666666519e+00 1.000242022887436688e+00 1.231656858509517464e-04
3.000000000000000000e+00 9.884895957095177765e-01 2.043940611187166582e-03
3.020833333333333037e+00 9.880247447038484898e-01 1.480153967856816287e-03
3.041666666666666519e+00 9.902068575685205598e-01 -1.151745260654362920e-03
3.062500000000000000e+00 9.889997728292906354e-01 -2.318353587238297913e-03
3.083333333333333037e+00 9.904384055376356244e-01 2.587609459986485363e-03
3.104166666666666519e+00 9.912589848430541917e-01 -5.062790601333873059e-04
3.125000000000000000e+00 1.002149948926279954e+00 -1.430684968307285041e-03
3.145833333333333037e+00 1.002204193317935088e+00 8.639626689225638444e-04
3.166666666666666519e+00 1.005662509439775976e+00 1.706173898527202793e-04
3.187500000000000000e+00 1.006549601092179946e+00 -8.392496082687303342e-04
3.208333333333333037e+00 1.011049634458427215e+00 -4.324004604793521794e-04
3.229166666666666519e+00 1.019400474461741313e+00 2.016568259035388187e-04
3.250000000000000000e+00 1.012615894710741538e+00 9.244090793261544559e-05
3.270833333333333037e+00 1.008364304207810092e+00 9.443890476271908337e-04
3.291666666666666519e+00 9.925706265482761026e-01 -4.418312610494619461e-04
3.312500000000000000e+00 9.796962580599767323e-01 -4.289400460607251087e-04
3.333333333333333037e+00 9.744411088381971231e-01 7.507887604687357892e-04
3.354166666666666519e+00 9.862462777489108268e-01 3.911819812788952110e-04
3.375000000000000000e+00 9.995010783028761558e-01 1.367822348588749104e-03
3.395833333333333037e+00 9.982357654281333037e-01 -3.123845030463197380e-04
3.416666666666666519e+00 1.010004943183829162e+00 -1.229176008045425122e-04
3.437500000000000000e+00 1.020166452982603333e+00 -1.444995058511155906e-03
3.458333333333333037e+00 1.022680039068434743e+00 1.874007079183504822e-03
3.479166666666666519e+00 1.025305751739568505e+00 -1.742220724782711332e-03
3.500000000000000000e+00 1.010758624289574525e+00 2.525718122100109359e-04
3.520833333333333037e+00 9.954063825900616447e-01 -1.114950135040599765e-03
3.541666666666666519e+00 9.808124261011907929e-01 4.217233636511885761e-04
3.562500000000000000e+00 9.750437057537422181e-01 9.304591782116588801e-04
3.583333333333333037e+00 9.740211677218010289e-01 -2.049112790311946597e-03
3.604166666666666519e+00 9.843168944131930331e-01 -2.636798141404468523e-04
3.625000000000000000e+00 9.936292153733427002e-01 -2.195886399113190605e-03
3.645833333333333037e+00 1.011261983097627271e+00 1.755350797921804290e-03
3.666666666666666519e+00 1.024119822009829761e+00 -5.539295027633711795e-04
3.687500000000000000e+00 1.023209794944800244e+00 -1.970663184490519752e-03
3.708333333333333037e+00 1.010451341657522484e+00 -8.774146499937749213e-04
3.729166666666666519e+00 1.005738065591034625e+00 1.639152355808084225e-03
3.750000000000000000e+00 9.965043947428677829e-01 1.859443111463190143e-03
3.770833333333333037e+00 9.954921086024265398e-01 1.588267068489788471e-03
3.791666666666666519e+00 9.928432966968452345e-01 -9.804411496461867999e-04
3.812500000000000000e+00 9.933663430442212228e-01 -1.903488348691825902e-04
3.833333333333333037e+00 9.921470629784613360e-01 2.043437787777822954e-03
3.854166666666666519e+00 9.930525272843012674e-01 -9.144818904356931443e-04
3.875000000000000000e+00 1.000789875412160024e+00 -4.183739951669995208e-04
3.895833333333333037e+00 1.008010851641162331e+00 -1.192314623079454008e-03
3.916666666666666519e+00 1.001555116645364674e+00 -1.455091645746241572e-03
3.937500000000000000e+00 9.980095446989561969e-01 1.507776068319218290e-03
3.958333333333333037e+00 9.902412636833352044e-01 7.883507022713512596e-04
3.979166666666666519e+00 9.856442194428501891e-01 5.620347648441159855e-04
4.000000000000000000e+00 9.902440003689400028e-01 7.245716515793496374e-04
4.020833333333333037e+00 9.855706753499622330e-01 1.276644196849764743e-03
4.041666666666666075e+00 9.813491964381001464e-01 1.887953710558639645e-03
4.062500000000000000e+00 9.874503914870184085e-01 -8.996510496439434051e-06
4.083333333333333037e+00 9.668686526798540015e-01 -4.260538502159123982e-04
4.104166666666666075e+00 9.542675491151031419e-01 -1.279772269267016871e-03
4.125000000000000000e+00 9.311229486426322310e-01 1.352883463046212304e-03
4.145833333333333037e+00 9.082305067436678980e-01 -6.437026849171748532e-04
4.166666666666666075e+00 8.925739391994350624e-01 -1.868254863176903400e-03
4.187500000000000000e+00 8.988499119156984074e-01 -3.359929754817693264e-04
4.208333333333333037e+00 8.981787322285347264e-01 3.042842546388698204e-05
4.229166666666666075e+00 9.043111390543691064e-01 1.040635075764908494e-03
4.250000000000000000e+00 9.098400466268378173e-01 1.254683088744163854e-03
4.270833333333333037e+00 9.112151283652886180e-01 -9.137498371616975448e-04
4.291666666666666075e+00 9.023258675784401328e-01 -1.000269308060725611e-03
4.312500000000000000e+00 8.894091074679589815e-01 -4.101682351852122140e-04
4.333333333333333037e+00 8.686029890700013301e-01 -1.514273866616489515e-03
4.354166666666666075e+00 8.536980506954093828e-01 -1.371167680035978713e-04
4.375000000000000000e+00 8.420181697147974820e-01 5.764964467570998655e-04
4.395833333333333037e+00 8.413421531853941815e-01 5.365694743986190534e-05
4.416666666666666075e+00 8.453123000631458384e-01 -2.016669832827542620e-03
4.437500000000000000e+00 8.481104904247721565e-01 -1.490090512366211645e-03
4.458333333333333037e+00 8.587498914977051978e-01 1.607336815371011602e-03
4.479166666666666075e+00 8.674909095277797411e-01 -1.266683769332745731e-03
4.500000000000000000e+00 8.778395591428391764e-01 9.230962592424450967e-04
4.520833333333333037e+00 8.855550815349764182e-01 7.899612044498145486e-04
4.541666666666666075e+00 8.874709044012939474e-01 -4.025621448585852769e-04
4.562500000000000000e+00 8.917920894922052311e-01 -1.246205876254705093e-03
4.583333333333333037e+00 8.945944068579801955e-01 2.630307395028283111e-04
4.604166666666666075e+00 9.014687401181542548e-01 -1.107652314208759257e-03
4.625000000000000000e+00 8.964030107211247156e-01 -2.197398281634906027e-04
4.645833333333333037e+00 8.958185283300110768e-01 1.325480666908842795e-04
4.666666666666666075e+00 8.988547190709313961e-01 -8.960930938543835078e-04
4.687500000000000000e+00 9.143231030169283180e-01 -2.836164854336244395e-04
4.708333333333333037e+00 9.309992018159098937e-01 -3.855190629543962192e-04
4.729166666666666075e+00 9.375200111717613138e-01 -1.544365085019535049e-03
4.750000000000000000e+00 9.448412571942808036e-01 -2.382253169754811853e-04
4.770833333333333037e+00 9.565370292334515190e-01 -7.965585905377240263e-04
4.791666666666666075e+00 9.747109242682423513e-01 -2.280222654004119675e-03
4.812500000000000000e+00 9.987795845495606173e-01 -4.221704672793592816e-04
4.833333333333333037e+00 1.017854665050658358e+00 -3.536854301399794203e-04
4.854166666666666075e+00 1.012098350435338245e+00 -7.561184496208384585e-04
4.875000000000000000e+00 9.957316541935554710e-01 -2.577104670009708939e-03
4.895833333333333037e+00 9.813321995834416445e-01 9.700927881829237483e-04
4.916666666666666075e+00 9.753170397106799561e-01 8.544606249932373138e-04
4.937500000000000000e+00 9.744083630172714061e-01 8.131241966407625138e-04
4.958333333333333037e+00 9.804732080928119098e-01 4.060449643592395894e-04
4.979166666666666075e+00 9.906826123749828961e-01 -1.571063257221601804e-03
5.000000000000000000e+00 1.001045252571846289e+00 1.536122280762466832e-04
5.020833333333333037e+00 1.009962513772288073e+00 -1.159520016860634889e-03
5.041666666666666075e+00 1.026208334211066608e+00 2.734396782425233593e-03
5.062500000000000000e+00 1.020228203698954506e+00 -6.507680053059159992e-04
5.083333333333333037e+00 1.010510016865039606e+00 8.344801012357237627e-04
5.104166666666666075e+00 9.949717106873103845e-01 -1.940614067969362571e-03
5.125000000000000000e+00 9.975597486837374239e-01 -1.474532294020136766e-03
5.145833333333333037e+00 9.938588966381538548e-01 -6.706016342375530461e-04
5.166666666666666075e+00 9.939284037326951982e-01 8.781512888259704937e-04
5.187500000000000000e+00 9.862212638733974801e-01 6.845545053930377280e-04
5.208333333333333037e+00 9.873697949486666126e-01 3.602005402788877367e-04
5.229166666666666075e+00 9.926111134948977233e-01 -2.317493581639675122e-03
5.250000000000000000e+00 1.001998432707811526e+00 1.414239869944181657e-03
5.270833333333333037e+00 1.008290814336530339e+00 -1.157730457651544526e-03
5.291666666666666075e+00 1.003920316946595781e+00 2.019254540858025308e-03
5.312500000000000000e+00 9.998390775470856751e-01 2.332717603598625719e-03
5.333333333333333037e+00 9.944657400317494789e-01 1.032724455979717364e-03
5.354166666666666075e+00 9.973278505671487881e-01 1.235525726711597053e-03
5.375000000000000000e+00 1.004840377909100635e+00 -1.576621005108550574e-03
5.395833333333333037e+00 1.008311885509124206e+00 3.226280337228619802e-03
5.416666666666666075e+00 1.009920866792581418e+00 2.723163409164550998e-04
5.437500000000000000e+00 1.010114261291492621e+00 1.249729749276226121e-03
5.458333333333333037e+00 1.004278375043941907e+00 -1.072716216423454929e-03
5.479166666666666075e+00 1.003667609525016102e+00 -8.125509747210657874e-05
5.500000000000000000e+00 9.918312461433517191e-01 -1.483570927078806112e-03
5.520833333333333037e+00 9.724023989902265130e-01 -2.998211471460762224e-04
5.541666666666666075e+00 9.652781627912947471e-01 1.933656297068341308e-05
5.562500000000000000e+00 9.778698132175950297e-01 3.197694664832061422e-04
5.583333333333333037e+00 9.979115477310742666e-01 1.744808666189924876e-03
5.604166666666666075e+00 1.023513628308886814e+00 6.010497448985980835e-04
5.625000000000000000e+00 1.035884648980085698e+00 3.046628587483940411e-04
5.645833333333333037e+00 1.040243547170689453e+00 4.817799383381228697e-05
5.666666666666666075e+00 1.025591747945873600e+00 2.513002588070849686e-03
5.687500000000000000e+00 1.000636345121130866e+00 -7.238338898336804878e-04
5.708333333333333037e+00 9.809454126517351824e-01 1.485257416248155979e-03
5.729166666666666075e+00 9.682159970909841595e-01 -2.451584838006623003e-03
5.750000000000000000e+00 9.661907713927526675e-01 -1.097243882198592306e-03
5.770833333333333037e+00 9.793385747415068732e-01 5.131257610228307084e-04
5.791666666666666075e+00 9.877049211224465664e-01 -2.013059999855582646e-04
5.812500000000000000e+00 1.002163137962325257e+00 3.759168737689287925e-03
5.833333333333333037e+00 1.001468179552862603e+00 3.224319916728843240e-03
5.854166666666666075e+00 1.005115773510155908e+00 -1.898922512187617775e-03
5.875000000000000000e+00 1.019028464816490009e+00 -1.338533357031840548e-03
5.895833333333333037e+00 1.031891453285094684e+00 -1.775569643722125037e-04
5.916666666666666075e+00 1.028010259669404070e+00 2.175315632762541730e-03
5.937500000000000000e+00 1.003611124782335828e+00 1.420963245921081156e-03
5.958333333333333037e+00 9.793007163292978268e-01 4.092232721856149300e-04
5.979166666666666075e+00 9.615183088163151703e-01 -1.767948049354061508e-03
6.000000000000000000e+00 9.647596712193410307e-01 -1.055245682411381320e-03
6.020833333333333037e+00 9.855329568327595435e-01 -3.354527208405998131e-03
6.041666666666666075e+00 1.000150271811150349e+00 -1.918492667911422074e-03
6.062500000000000000e+00 1.007995853305754919e+00 5.359050605090627528e-04
6.083333333333333037e+00 1.013783626536866711e+00 9.901504009700641974e-04
6.104166666666666075e+00 1.007378674960598408e+00 -1.625897348585327116e-03
6.125000000000000000e+00 1.007644614286584916e+00 1.395338312633838992e-04
6.145833333333333037e+00 1.011189625037423934e+00 2.037729730953616487e-03
6.166666666666666075e+00 1.013239619635822653e+00 2.093742134936129435e-04
6.187500000000000000e+00 1.006223706329196999e+00 -3.774348569249393243e-04
6.208333333333333037e+00 1.003319464528943827e+00 7.706241692933542102e-04
6.229166666666666075e+00 9.871977742147032275e-01 6.655456988588677198e-04
6.250000000000000000e+00 9.813789375640329382e-01 1.069701011846030825e-04
6.270833333333333037e+00 9.802371219053316320e-01 -6.630015797562183785e-04
6.291666666666666075e+00 9.856933569889196889e-01 -5.241329382027126380e-04
6.312500000000000000e+00 1.001882219167282706e+00 1.192975880965825201e-04
6.333333333333333037e+00 1.009717345260589871e+00 -6.801897982463610357e-04
6.354166666666666075e+00 1.005079571524777782e+00 1.672859805212842431e-03
6.375000000000000000e+00 9.997994301608550405e-01 1.122700368308832131e-03
6.395833333333333037e+00 1.001323018945807775e+00 1.366101336783717441e-03
6.416666666666666075e+00 9.988367865710896520e-01 2.541153098397708806e-03
6.437500000000000000e+00 1.005592205196156330e+00 1.980481166674667639e-03
6.458333333333333037e+00 1.012331843771907103e+00 1.779243958930445697e-03
6.479166666666666075e+00 1.008066839061035891e+00 4.701423844068322111e-04
6.500000000000000000e+00 1.003106030378880131e+00 -2.349729587373326463e-04
6.520833333333333037e+00 9.848044628914249810e-01 2.882136190827770238e-03
6.541666666666666075e+00 9.696966038767678153e-01 -8.363688469876733424e-04
6.562500000000000000e+00 9.695765664685360719e-01 -7.687002545356545801e-04
6.583333333333333037e+00 9.909701777875512541e-01 -1.081218622039641043e-03
6.604166666666666075e+00 1.001753594353785193e+00 2.748447345584313878e-04
6.625000000000000000e+00 1.016561447884921643e+00 5.283317919158115120e-04
6.645833333333333037e+00 1.023552060298667854e+00 1.292634084989920671e-03
6.666666666666666075e+00 1.020190770678635728e+00 -2.759533282449341146e-04
6.687500000000000000e+00 1.012922626827726047e+00 -2.162481848399164241e-03
6.708333333333333037e+00 1.004032518722776546e+00 4.033163043000910107e-04
6.729166666666666075e+00 9.937505399699849695e-01 1.222595661961728636e-03
6.750000000000000000e+00 9.827920475316483939e-01 4.483841450815192353e-05
6.770833333333333037e+00 9.669501216089655404e-01 -1.617353752153817233e-04
6.791666666666666075e+00 9.620991439413046908e-01 7.082633102433696145e-04
6.812500000000000000e+00 9.869161748254804412e-01 1.795899527909801700e-03
6.833333333333333037e+00 1.013316762601728316e+00 -7.759249426475503151e-05
6.854166666666666075e+00 1.030729322372618162e+00 -1.770193629886553056e-03
6.875000000000000000e+00 1.032353865370658763e+00 -7.005823342125324813e-04
6.895833333333333037e+00 1.019662767016958904e+00 -2.024409156396146593e-04
6.916666666666666075e+00 9.984064876089501217e-01 -2.246559213900099425e-03
6.937500000000000000e+00 9.809588179522461537e-01 9.661495754906913652e-04
6.958333333333333037e+00 9.751655829969281264e-01 -9.552528287446418898e-04
6.979166666666666075e+00 9.681658941562817366e-01 6.388237540868569285e-04
7.000000000000000000e+00 9.807231486773574369e-01 2.468869056076105836e-04
7.020833333333333037e+00 9.951032730532251014e-01 -3.855673592956978656e-04
7.041666666666666075e+00 1.020473366267535376e+00 2.038147945354047783e-03
7.062500000000000000e+00 1.032095492186304142e+00 -6.989963648727336035e-04
7.083333333333333037e+00 1.030216692585508742e+00 -8.380649858163193282e-04
7.104166666666666075e+00 1.002656033787691747e+00 3.685114664204922042e-04
7.125000000000000000e+00 9.808082296911284637e-01 1.051409158524232263e-03
7.145833333333333037e+00 9.721175346304622433e-01 -5.269313675728524617e-07
7.166666666666666075e+00 9.728256697216178805e-01 -1.226023832288153023e-03
7.187500000000000000e+00 9.846938832162731581e-01 8.658786997755742306e-04
7.208333333333333037e+00 1.001816090972764917e+00 7.563565070718182570e-04
7.229166666666666075e+00 1.016977666974253847e+00 2.595040148293276377e-03
7.250000000000000000e+00 1.027147068569535415e+00 -2.744910560729660115e-04
7.270833333333333037e+00 1.017237220028936795e+00 2.680196833558450920e-04
7.291666666666666075e+00 1.011160789299870855e+00 -7.076384287406615884e-04
7.312500000000000000e+00 9.946446629796655836e-01 -1.858862827929381708e-03
7.333333333333333037e+00 9.853632594021348723e-01 9.478915589440100220e-05
7.354166666666666075e+00 9.888227029439284888e-01 1.064118536167717394e-03
7.375000000000000000e+00 1.005118622148517549e+00 -1.265709613001901905e-03
7.395833333333333037e+00 1.006877325078138208e+00 -8.428655182066400759e-04
7.416666666666666075e+00 9.922852428905832856e-01 -1.468594694685674586e-03
7.437500000000000000e+00 9.897528937305616337e-01 1.676839230322639930e-03
7.458333333333333037e+00 9.903607272976765463e-01 -7.907051563925553183e-04
7.479166666666666075e+00 9.991735020063117201e-01 7.253120874741323049e-04
7.500000000000000000e+00 1.013197467763721438e+00 -1.080504685309487470e-03
7.520833333333333037e+00 1.018002724904772727e+00 9.448227972467332315e-05
7.541666666666666075e+00 1.011886712826279400e+00 -7.815609185012707466e-04
7.562500000000000000e+00 1.008856073792926855e+00 -2.934345094538284848e-03
7.583333333333333037e+00 1.000904466321240749e+00 9.735848632234403411e-05
7.604166666666666075e+00 9.934395318162116961e-01 6.597395474670429520e-04
7.625000000000000000e+00 9.890343990428245302e-01 -2.604732575832526421e-03
7.645833333333333037e+00 9.890104361284742795e-01 -2.180648019459927305e-04
7.666666666666666075e+00 9.929252230282571423e-01 -5.406370579055227782e-04
7.687500000000000000e+00 9.989352006229328396e-01 -1.347787120116365886e-03
7.708333333333333037e+00 1.012520811107364471e+00 -3.141304892396405831e-04
7.729166666666666075e+00 1.007830327115650126e+00 -2.424575327475693692e-03
7.750000000000000000e+00 1.011087127768725002e+00 3.132666343736936906e-04
7.770833333333333037e+00 1.015870819858500695e+00 1.482540370232913410e-03
7.791666666666666075e+00 1.010626956573414947e+00 -1.577085524198598796e-03
7.812500000000000000e+00 9.995875552523205698e-01 -8.177318272758512922e-05
7.833333333333333037e+00 9.842844580501626250e-01 1.781667409536391361e-03
7.854166666666666075e+00 9.803240958075415401e-01 1.529963214882375309e-04
7.875000000000000000e+00 9.818865535781956533e-01 -6.482228746687990336e-04
7.895833333333333037e+00 1.002082765264413089e+00 -1.138216747508955396e-03
7.916666666666666075e+00 1.022719237068610010e+00 2.223341354806553159e-04
7.937500000000000000e+00 1.026987463969810443e+00 -1.658211725019715255e-04
7.958333333333333037e+00 1.017984852382214145e+00 7.894669910937383893e-04
7.979166666666666075e+00 1.002135618823781327e+00 -1.900360679211905279e-03
8.000000000000000000e+00 9.860763708782721571e-01 1.346307692510959097e-03
8.020833333333332149e+00 9.842197422510553517e-01 -5.044777690131603629e-04
8.041666666666666075e+00 9.831235265383103661e-01 8.032384544919969442e-04
8.062500000000000000e+00 9.781395325804055352e-01 -9.030603021757023377e-04
8.083333333333332149e+00 9.793407712551992494e-01 -1.622471352832753361e-03
8.104166666666666075e+00 9.865792002521269755e-01 -7.087714412578396961e-04
8.125000000000000000e+00 1.002471733600774462e+00 -1.192962188720432179e-03
8.145833333333332149e+00 1.017776600125422926e+00 -4.683407188594537664e-04
8.166666666666666075e+00 1.018538637428646698e+00 8.098598687554860740e-04
8.187500000000000000e+00 1.014599759707696780e+00 1.348468367466996521e-03
8.208333333333332149e+00 9.988908525527067095e-01 2.544909337308209180e-04
8.229166666666666075e+00 9.904815765877316158e-01 -6.756429534528758489e-04
8.250000000000000000e+00 9.742138142756573416e-01 -5.641555201309075233e-04
8.270833333333332149e+00 9.647931486473939611e-01 7.402874519140380466e-04
8.291666666666666075e+00 9.622131178008110908e-01 1.420316127631246310e-03
8.312500000000000000e+00 9.622020932869018717e-01 -4.038393674358239753e-04
8.333333333333332149e+00 9.668546561498125858e-01 -1.568965878665384991e-04
8.354166666666666075e+00 9.824484491568296063e-01 -9.395181622157232479e-04
8.375000000000000000e+00 9.951487705023736030e-01 2.585313678870266641e-04
8.395833333333332149e+00 1.018481686497308969e+00 1.196062752644359286e-03
8.416666666666666075e+00 1.028105830321890402e+00 -3.632163734754744779e-03
8.437500000000000000e+00 1.016459351586740834e+00 3.193408266488201850e-04
8.458333333333332149e+00 9.967340719180500797e-01 -6.883705941878990762e-04
8.479166666666666075e+00 9.541230140567078521e-01 -2.909854745286545499e-03
8.500000000000000000e+00 9.268990325994563850e-01 3.920738213093361859e-04
8.520833333333332149e+00 9.148424328680666573e-01 -1.118877626861533765e-04
8.541666666666666075e+00 9.338825735581712806e-01 4.616809063816701419e-04
8.562500000000000000e+00 9.665122097931635459e-01 -1.707531478292738511e-03
8.583333333333332149e+00 9.943054962762486459e-01 2.671427898145614828e-03
8.604166666666666075e+00 1.008108197970900788e+00 1.383302085757241685e-04
8.625000000000000000e+00 1.002111504207332970e+00 -4.288639641813015075e-04
8.645833333333332149e+00 9.722369209451613425e-01 1.905222764199842982e-03
8.666666666666666075e+00 9.242478045863923297e-01 8.153523700611555293e-04
8.687500000000000000e+00 8.796609856708238473e-01 1.041095228313375278e-03
8.708333333333332149e+00 8.485682510049950000e-01 1.454028128268207475e-03
8.729166666666666075e+00 8.165291524980512472e-01 -2.589499913867899638e-03
8.750000000000000000e+00 8.017502210918638905e-01 2.086663474435495116e-03
8.770833333333332149e+00 7.806293539162280082e-01 -4.341395273143227392e-04
8.791666666666666075e+00 7.711557908063819688e-01 3.568589013642766653e-04
8.812500000000000000e+00 7.683912850655001403e-01 1.153524124391722789e-03
8.833333333333332149e+00 7.789128769874383851e-01 -8.903807007322910635e-04
8.854166666666666075e+00 7.965368590150427863e-01 3.973827065730303884e-04
8.875000000000000000e+00 8.092406662267411788e-01 9.535856790713711411e-04
8.895833333333332149e+00 8.272331540562756214e-01 -5.230603525912068651e-05
8.916666666666666075e+00 8.429349625403110835e-01 6.183008455244812804e-04
8.937500000000000000e+00 8.669471154853967132e-01 -2.007408842997795723e-03
8.958333333333332149e+00 8.911768061582261424e-01 -1.490126931072637212e-03
8.979166666666666075e+00 9.151274869768283304e-01 -1.437732692392571171e-03
9.000000000000000000e+00 9.255969667865644457e-01 4.638729852398049895e-04
9.020833333333332149e+00 9.394735733060335381e-01 4.678613941109292795e-03
9.041666666666666075e+00 9.576068578064446113e-01 3.285354392133826482e-04
9.062500000000000000e+00 9.772481311225396094e-01 -1.848376846076197862e-04
9.083333333333332149e+00 9.985098807595096382e-01 -8.062271270042135874e-05
9.104166666666666075e+00 1.006461957578077548e+00 1.229105991174339087e-03
9.125000000000000000e+00 1.003400284879858662e+00 8.923789630837622487e-04
9.145833333333332149e+00 9.899665082995033893e-01 -1.433463496235301386e-03
9.166666666666666075e+00 9.756537315085805906e-01 1.271278606568547161e-03
9.187500000000000000e+00 9.689620125344594603e-01 -2.991421604740843686e-05
9.208333333333332149e+00 9.739171856723730647e-01 1.023772213634821905e-03
9.229166666666666075e+00 9.815552690795719126e-01 -2.498746887010985969e-03
9.250000000000000000e+00 1.007613753878478402e+00 -1.943399108780042650e-03
9.270833333333332149e+00 1.021556133747254735e+00 7.460536323076873231e-04
9.291666666666666075e+00 1.022039708626056420e+00 -2.250861408033434131e-03
9.312500000000000000e+00 1.000450210713800914e+00 4.872087280103377114e-04
9.333333333333332149e+00 9.762312845655064519e-01 4.226817153043756279e-04
9.354166666666666075e+00 9.511238124807074312e-01 1.821104190208794121e-04
9.375000000000000000e+00 9.573007516729682420e-01 4.443872693725586819e-04
9.395833333333332149e+00 9.686038388401443378e-01 3.318903670544724781e-04
9.416666666666666075e+00 9.878400448996672578e-01 5.592498996169134595e-04
9.437500000000000000e+00 1.004939776968022613e+00 -5.078495145001249000e-04
9.458333333333332149e+00 1.022932694728344583e+00 -2.735702512788116601e-05
9.479166666666666075e+00 1.036233667467359565e+00 3.661718117148754677e-03
9.500000000000000000e+00 1.032839831156435739e+00 1.421116818403741306e-03
9.520833333333332149e+00 9.976393788002818619e-01 7.651788959356625036e-04
9.541666666666666075e+00 9.759944453321246494e-01 4.903557389785475609e-04
9.562500000000000000e+00 9.619670546353829010e-01 -9.094684027169051528e-04
9.583333333333332149e+00 9.651154335891831693e-01 2.835093110637418616e-04
9.604166666666666075e+00 9.801150215918834618e-01 -3.086445709829708736e-04
9.625000000000000000e+00 9.923550128071220167e-01 1.182605881529800746e-03
9.645833333333332149e+00 1.000785816206591905e+00 -1.143898014013468517e-03
9.666666666666666075e+00 1.007863814602449670e+00 -2.953803373163253407e-03
9.687500000000000000e+00 1.011320555078236039e+00 -7.004934491898378354e-04
9.708333333333332149e+00 1.010336143127160913e+00 8.709238915909033301e-04
9.729166666666666075e+00 1.005414742655917015e+00 3.073519865752304299e-03
9.750000000000000000e+00 1.002260833635015169e+00 1.281729999991610249e-03
9.770833333333332149e+00 9.980611808145243291e-01 -1.223211568570325243e-03
9.791666666666666075e+00 1.000848454758704209e+00 -2.738066854984136486e-04
9.812500000000000000e+00 1.000372848725491481e+00 -1.188677222914239981e-03
9.833333333333332149e+00 9.937332704131029981e-01 -2.334394573229731909e-04
9.854166666666666075e+00 9.877220601513924114e-01 -1.121624720269515357e-03
9.875000000000000000e+00 9.814389197619979299e-01 -2.055052836207240958e-03
9.895833333333332149e+00 9.933812192396132001e-01 5.557324352912215498e-04
9.916666666666666075e+00 1.004956522972592303e+00 2.445872059619578782e-04
9.937500000000000000e+00 1.002703578161964870e+00 -2.134480703173508530e-04
9.958333333333332149e+00 1.000684889991721116e+00 4.327936759648101151e-04
9.979166666666666075e+00 9.910420541678858219e-01 2.541644402880615175e-03
1.000000000000000000e+01 1.001309657755773186e+00 1.463308519048430183e-04
1.002083333333333215e+01 1.016637015906081798e+00 -4.730142488641307544e-04
1.004166666666666607e+01 1.026557405165853698e+00 1.082715860680625013e-03
1.006250000000000000e+01 1.025836174270090773e+00 -2.052321191705748678e-03
1.008333333333333215e+01 1.001848835363781998e+00 9.420419738400732674e-04
1.010416666666666607e+01 9.776739962566816100e-01 -9.682013623671758933e-04
1.012500000000000000e+01 9.659385257376317258e-01 -1.020872592271365340e-03
1.014583333333333215e+01 9.720775091636405518e-01 1.374471142234986749e-04
1.016666666666666607e+01 9.881784321027712314e-01 2.090437380638391577e-03
1.018750000000000000e+01 1.007760210163846315e+00 -9.318267333866873904e-04
1.020833333333333215e+01 1.018413007218482935e+00 1.190605834112468293e-03
1.022916666666666607e+01 1.024977622920933307e+00 4.722776754024295728e-04
1.025000000000000000e+01 1.019567801475733448e+00 -1.738639697216848865e-03
1.027083333333333215e+01 1.004715642691020427e+00 1.145297453353962425e-03
1.029166666666666607e+01 9.927299955646151641e-01 -1.032761440564911471e-03
1.031250000000000000e+01 9.943528323612502717e-01 -1.837731718308240579e-03
1.033333333333333215e+01 9.966706164789812528e-01 -9.893124809733384178e-04
1.035416666666666607e+01 9.951150489629145834e-01 -9.088540251440079248e-04
1.037500000000000000e+01 9.917185363511492602e-01 7.400640341223602321e-04
1.039583333333333215e+01 9.951990236360539477e-01 -9.148617732586081805e-04
1.041666666666666607e+01 1.002439856296909459e+00 1.866842345377054714e-03
1.043750000000000000e+01 1.002491398181412752e+00 2.764987881979372240e-04
1.045833333333333215e+01 1.015486884006795876e+00 -8.981860096494758078e-04
1.047916666666666607e+01 1.012748988215085966e+00 -1.043072434803058932e-03
1.050000000000000000e+01 1.002152641666228750e+00 2.848144321684503732e-04
1.052083333333333215e+01 9.936170996116440168e-01 -2.537037142796707417e-03
1.054166666666666607e+01 9.817217727300066032e-01 -2.720927748314121326e-03
1.056250000000000000e+01 9.865477635668403744e-01 -1.106003161317635833e-03
1.058333333333333215e+01 9.976210403691994077e-01 7.870794636922571075e-04
1.060416666666666607e+01 1.007805796589984704e+00 2.239520020764717255e-04
1.062500000000000000e+01 1.017680896437556992e+00 2.716485418799549208e-05
1.064583333333333215e+01 1.021137121723858954e+00 -2.674014942974161594e-04
1.066666666666666607e+01 1.016594765126955568e+00 -2.721974338809731407e-03
1.068750000000000000e+01 9.991316452953206140e-01 -4.064928454582366745e-04
1.070833333333333215e+01 9.895540631828372291e-01 -2.218877018401917752e-03
1.072916666666666607e+01 9.745846998984246667e-01 1.043780874684301346e-03
1.075000000000000000e+01 9.744986200838520185e-01 -1.093473303447438744e-05
1.077083333333333215e+01 9.845682046475366933e-01 -1.123327181249912296e-04
1.079166666666666607e+01 9.978738543025555963e-01 4.985472395069976857e-04
1.081250000000000000e+01 1.010195981533924758e+00 4.034882069925235684e-04
1.083333333333333215e+01 1.015325447563847128e+00 2.905259961515442558e-04
1.085416666666666607e+01 1.026696603833986199e+00 4.348964644020512568e-04
1.087500000000000000e+01 1.019003844155755845e+00 -7.363565369010503878e-04
1.089583333333333215e+01 1.010497354906687129e+00 -1.669283310091881131e-03
1.091666666666666607e+01 1.000786649430909891e+00 4.268080440189665151e-04
1.093750000000000000e+01 9.927335589084119727e-01 1.807868245561420608e-03
1.095833333333333215e+01 9.868880768745021959e-01 1.264365466658689055e-03
1.097916666666666607e+01 9.820235422484306920e-01 -2.677532215983590433e-04
1.100000000000000000e+01 9.868156250224616732e-01 7.652014549787458349e-04
1.102083333333333215e+01 9.923454029959064560e-01 -5.501017592878659768e-04
1.104166666666666607e+01 1.002577701628415863e+00 4.806303807583336193e-04
1.106250000000000000e+01 1.013004849640186666e+00 -7.597760643379775298e-04
1.108333333333333215e+01 1.018131343828386992e+00 1.755723058329974960e-04
1.110416666666666607e+01 1.018187030040660135e+00 2.503264736230372944e-03
1.112500000000000000e+01 1.015624187122347699e+00 9.655641320589197080e-04
1.114583333333333215e+01 1.003260767553176391e+00 1.873202672647519525e-03
1.116666666666666607e+01 1.001542929357475131e+00 -9.668367403533638989e-04
1.118750000000000000e+01 9.917756864711002596e-01 -8.576219884026670386e-04
1.120833333333333215e+01 9.841631938131125690e-01 -4.946437344556538473e-05
1.122916666666666607e+01 9.842342879711876158e-01 6.959326988265540420e-04
1.125000000000000000e+01 9.876345535292430089e-01 -2.606868228343172745e-04
1.127083333333333215e+01 9.970456412869538321e-01 1.266651901748891418e-03
1.129166666666666607e+01 1.008173513404876376e+00 -6.881610730924934971e-04
1.131250000000000000e+01 1.006783352393979536e+00 1.700178845972031031e-03
1.133333333333333215e+01 1.007296606593263144e+00 1.210454195115166992e-03
1.135416666666666607e+01 1.014443071668496676e+00 -1.394750256362015323e-03
1.137500000000000000e+01 1.014390327595469987e+00 7.287085784097545576e-04
1.139583333333333215e+01 1.011280251007432351e+00 -2.800114492246146870e-04
1.141666666666666607e+01 1.000300165463416269e+00 1.273469700814172482e-03
1.143750000000000000e+01 9.850854577863427108e-01 -6.719569548066584627e-04
1.145833333333333215e+01 9.823895022254734988e-01 3.888938626473773235e-04
1.147916666666666607e+01 9.860046862365358100e-01 6.821407089571392222e-04
1.150000000000000000e+01 1.002247294018368207e+00 -3.442369067176061399e-03
1.152083333333333215e+01 1.008372285004256907e+00 -2.350363300373883163e-03
1.154166666666666607e+01 1.006454951746494020e+00 1.598651255044960119e-04
1.156250000000000000e+01 1.006494312930795942e+00 -1.580198738534100355e-04
1.158333333333333215e+01 1.006488319097104345e+00 1.269663695616857820e-03
1.160416666666666607e+01 1.003790129437245549e+00 2.824783719298633333e-04
1.162500000000000000e+01 1.005180422069515966e+00 -1.588642714302803674e-03
1.164583333333333215e+01 1.000201218882864840e+00 4.103333508826387840e-04
1.166666666666666607e+01 9.921757249489233654e-01 -9.381067039729876168e-04
1.168750000000000000e+01 9.861196628947109799e-01 -2.870184456719242737e-04
1.170833333333333215e+01 9.957726961545214639e-01 -6.363318727104555136e-04
1.172916666666666607e+01 1.003466942344017676e+00 4.357061945045453424e-04
1.175000000000000000e+01 1.017901928620042140e+00 -1.777335405235357102e-03
1.177083333333333215e+01 1.010716128247420631e+00 -1.400326682620941024e-03
1.179166666666666607e+01 1.008163517113929375e+00 -2.780378818980838024e-03
1.181250000000000000e+01 1.005008937636368449e+00 2.679898836116122087e-03
1.183333333333333215e+01 1.001298757008670215e+00 -1.248635476451031949e-03
1.185416666666666607e+01 9.925023426045365138e-01 -1.079831580659341419e-03
1.187500000000000000e+01 9.840397352172562950e-01 -1.443655686636750131e-03
1.189583333333333215e+01 9.910014802545610291e-01 -8.055641479372037611e-04
1.191666666666666607e+01 1.004807304553357206e+00 -5.482437795847797763e-04
1.193750000000000000e+01 1.023938886473912957e+00 7.681542978080065044e-04
1.195833333333333215e+01 1.022710606468742345e+00 2.198857306522036565e-04
1.197916666666666607e+01 1.012167853358654002e+00 4.103056916366575285e-04
1.200000000000000000e+01 9.987690583892694374e-01 -7.388593693571493797e-04
1.202083333333333215e+01 9.900410272459875261e-01 -9.161649978474897143e-05
1.204166666666666607e+01 9.864126428367627764e-01 1.521875669713247973e-03
1.206250000000000000e+01 9.885543469857545062e-01 -2.863601584008145217e-05
1.208333333333333215e+01 9.951624884626892875e-01 3.820279942391026210e-04
1.210416666666666607e+01 1.000378075938873179e+00 -2.537332242194703311e-03
1.212500000000000000e+01 1.014383301999871367e+00 6.456151362925338904e-04
1.214583333333333215e+01 1.018282830605914846e+00 3.222374529221037507e-04
1.216666666666666607e+01 1.018250807882822517e+00 1.609424840523155775e-03
1.218750000000000000e+01 1.006552196285876999e+00 -3.440961582224709610e-03
1.220833333333333215e+01 9.931252325120834001e-01 2.746906819122201120e-05
1.222916666666666607e+01 9.922040708767507766e-01 -1.608586802090518960e-04
1.225000000000000000e+01 9.964357620676017602e-01 9.524485303727280212e-05
1.227083333333333215e+01 1.000636801655174324e+00 -7.988305856820863190e-04
1.229166666666666607e+01 1.004488894696089929e+00 2.476896540600898814e-04
1.231250000000000000e+01 1.009424770828572182e+00 8.609976225559068472e-04
1.233333333333333215e+01 1.005610476179230828e+00 3.781367096551651707e-05
1.235416666666666607e+01 1.005983021835039182e+00 -3.859794021222314538e-04
1.237500000000000000e+01 9.971900073501400730e-01 -2.861537766451711169e-04
1.239583333333333215e+01 9.911772719254903219e-01 -5.060063478157499767e-04
1.241666666666666607e+01 9.944400373407521476e-01 2.804147940527732164e-05
1.243750000000000000e+01 1.000585961863668771e+00 -9.200435384149121014e-04
1.245833333333333215e+01 1.014159540316892594e+00 -2.512518630925003257e-03
1.247916666666666607e+01 1.013147281769453789e+00 1.669979835789378066e-03
1.452083333333333215e+01 1.005377452265147520e+00 -2.222886230222927834e-03
1.454166666666666607e+01 9.901453270194834344e-01 -1.762400952535236897e-04
1.456250000000000000e+01 9.809263345761448649e-01 -1.660762045949256208e-03
1.458333333333333215e+01 9.846125761785803343e-01 -3.891286027697919573e-04
1.460416666666666607e+01 1.000620888992990176e+00 -1.238818237095293739e-03
1.462500000000000000e+01 1.006274085260669526e+00 -8.742552967196602057e-05
1.464583333333333215e+01 1.017296535466169383e+00 -1.085999988979833610e-03
1.466666666666666607e+01 1.019273697676011059e+00 -1.656803387817736570e-03
1.468750000000000000e+01 1.012892708112130169e+00 3.494451114469123397e-04
1.470833333333333215e+01 1.011681982542050884e+00 1.629603001539156907e-03
1.472916666666666607e+01 9.989912488585892536e-01 3.935709108480723011e-04
1.475000000000000000e+01 9.931957798416845007e-01 9.604224868611190480e-05
1.477083333333333215e+01 9.868506420007409075e-01 -1.357354320474111727e-03
1.479166666666666607e+01 9.913737115614947859e-01 -1.468880897258686557e-04
1.481250000000000000e+01 9.885346286744551847e-01 5.141467751566763077e-04
1.483333333333333215e+01 9.928104884992009493e-01 -8.589246932884310633e-04
1.485416666666666607e+01 9.925771168005744771e-01 1.078712583579913243e-03
1.487500000000000000e+01 1.002874953266936320e+00 -9.777077248397079989e-05
1.489583333333333215e+01 1.019896657588605482e+00 3.940892313020615163e-04
1.491666666666666607e+01 1.030450114118513838e+00 -6.700848624753156027e-04
1.493750000000000000e+01 1.028676550175740667e+00 -6.618425445703016640e-04
1.495833333333333215e+01 1.015573859004996971e+00 2.249511245553659482e-04
1.497916666666666607e+01 9.951975585855404871e-01 4.299152007317421612e-04
1.500000000000000000e+01 9.748111704486409623e-01 3.816534599135864084e-04
1.502083333333333215e+01 9.762321660776714927e-01 -1.324994377565266940e-03
1.504166666666666607e+01 9.829887214664065898e-01 -9.719141957521314559e-04
1.506250000000000000e+01 9.903187394701937762e-01 -8.182048360355180245e-05
1.508333333333333215e+01 1.003287077950084205e+00 -2.377603240369356632e-03
1.510416666666666607e+01 1.005506987653283613e+00 1.248631648374362926e-03
1.512500000000000000e+01 1.014814585273932757e+00 3.373027723375832013e-04
1.514583333333333215e+01 1.010291594724743280e+00 -8.529077496237755267e-06
1.516666666666666607e+01 1.009624864168773728e+00 -9.518653602900628476e-04
1.518750000000000000e+01 1.011966968148061641e+00 9.653138899470878982e-04
1.520833333333333215e+01 1.007276594083533094e+00 -4.023320057785723190e-04
1.522916666666666607e+01 1.006355830773249416e+00 2.313329199832697951e-03
1.525000000000000000e+01 9.985880278774136309e-01 4.293333319989887432e-04
1.527083333333333215e+01 9.967085139663582893e-01 -1.926462469517796700e-03
1.529166666666666607e+01 9.920898987417211545e-01 8.465695617308207450e-04
1.531250000000000000e+01 9.909733876677476738e-01 -7.227850769250913909e-04
1.533333333333333215e+01 9.878752178330875156e-01 -7.146681543700031175e-04
1.535416666666666607e+01 9.816941193310148028e-01 -3.660125992074648202e-04
1.537500000000000000e+01 9.878784009838088576e-01 -2.276942423563528604e-04
1.539583333333333215e+01 9.982972010680869479e-01 2.498859368910053523e-04
1.541666666666666607e+01 1.017421214686204722e+00 8.871346360178587482e-04
1.543750000000000000e+01 1.029331921261164462e+00 5.012623812163099699e-04
1.545833333333333215e+01 1.028995428468236994e+00 -9.728240320141160304e-04
1.547916666666666607e+01 1.016147574069464987e+00 -1.756955804472346309e-03
1.550000000000000000e+01 1.002704525488683496e+00 -1.077015636833923229e-03
1.552083333333333215e+01 9.961853212664009138e-01 3.812270611970883997e-04
1.554166666666666607e+01 9.881037481725708504e-01 1.015131487082395097e-03
1.556250000000000000e+01 9.810782863868703352e-01 2.179542122845455621e-03
1.558333333333333215e+01 9.783498999592755707e-01 -1.754040445151671497e-03
1.560416666666666607e+01 9.753871776386289216e-01 2.807116522694105923e-05
1.562500000000000000e+01 9.898237571878237828e-01 -3.577178201924261468e-04
1.564583333333333215e+01 1.011933560122897147e+00 -5.746523735340290521e-04
1.566666666666666607e+01 1.024191911275514011e+00 1.002067331689458112e-04
1.568750000000000000e+01 1.033469926547225581e+00 -3.826997480588021478e-04
1.570833333333333215e+01 1.028585316199349897e+00 -4.062084540700531751e-04
1.572916666666666607e+01 1.024860675115795372e+00 -8.817056869444943323e-04
1.575000000000000000e+01 9.971271007410680287e-01 4.213286513759122490e-04
1.577083333333333215e+01 9.801486639501406639e-01 1.245763931449827633e-03
1.579166666666666607e+01 9.668668599573198019e-01 1.968313952803214979e-03
1.581250000000000000e+01 9.744260542212519471e-01 -7.309022804723907174e-04
1.583333333333333215e+01 9.861700865255865756e-01 -1.391325413923863398e-03
1.585416666666666607e+01 1.003769682470018410e+00 -4.018273234035977387e-04
1.587500000000000000e+01 1.013480778745271316e+00 -1.117733700592029580e-03
1.589583333333333215e+01 1.019708712985083254e+00 1.212840516551492737e-03
1.591666666666666607e+01 1.015723727926303610e+00 -1.098091835400146887e-03
1.593750000000000000e+01 1.009475485036702036e+00 1.879065799511755772e-05
1.595833333333333215e+01 1.001442519630885153e+00 -1.753425908174780466e-03
1.597916666666666607e+01 9.920288249406100656e-01 -5.110285284759930697e-04
1.600000000000000000e+01 9.838999963905155077e-01 1.651529874082847277e-04
1.602083333333333215e+01 9.808675096535990345e-01 1.837612576935283154e-03
1.604166666666666430e+01 9.910486345427349519e-01 -9.401654678529003774e-04
1.606250000000000000e+01 1.010100695593871833e+00 3.877065620955213641e-04
1.608333333333333215e+01 1.021316985770805541e+00 -2.672240709731858559e-03
1.610416666666666430e+01 1.026760744294617167e+00 -1.584066986060909217e-03
1.612500000000000000e+01 1.011097399811989872e+00 -1.093462840932749557e-03
1.614583333333333215e+01 9.950523451305122169e-01 -6.991337457156872283e-04
1.616666666666666430e+01 9.797888586526245502e-01 4.628287541851949620e-04
1.618750000000000000e+01 9.680664000350669429e-01 7.133922503873467913e-04
1.620833333333333215e+01 9.693254522371332893e-01 -2.087335803287855996e-03
1.622916666666666430e+01 9.895242645639460433e-01 5.850165908679788368e-04
1.625000000000000000e+01 1.012430958416160820e+00 -1.471576131253418121e-03
1.627083333333333215e+01 1.032386461345076611e+00 2.216168433642328340e-03
1.629166666666666430e+01 1.033943828140586829e+00 3.132473396851533825e-04
1.631250000000000000e+01 1.029982922720165339e+00 1.123830642764776658e-04
1.633333333333333215e+01 1.009978629279645768e+00 -2.999442681256255026e-04
1.635416666666666430e+01 9.916330632075700535e-01 -1.205468606934003068e-04
1.637500000000000000e+01 9.756047895717778751e-01 -7.621937966132022815e-05
1.639583333333333215e+01 9.704424519114959180e-01 -9.431253521643948208e-04
1.641666666666666430e+01 9.704644300977264271e-01 8.534669048693509881e-04
1.643750000000000000e+01 9.816431011391490991e-01 2.575976122103282025e-04
1.645833333333333215e+01 9.960628371384494528e-01 8.568015610799293962e-04
1.647916666666666430e+01 1.022845610946085060e+00 -1.562133999366945643e-04
1.650000000000000000e+01 1.034332547195141006e+00 7.701529632583598711e-04
1.652083333333333215e+01 1.030020011352556830e+00 -1.026215506445521180e-03
1.654166666666666430e+01 1.003642832476895785e+00 4.375086365069984044e-03
1.656250000000000000e+01 9.902128046058528144e-01 -9.675365324031266452e-04
1.658333333333333215e+01 9.860711450908917763e-01 -6.370558366660423067e-04
1.660416666666666430e+01 9.970252439601265948e-01 1.123033057805065483e-03
1.662500000000000000e+01 1.006649998699095105e+00 1.461339531101792403e-03
1.664583333333333215e+01 1.004083400395021197e+00 -1.074538936680561989e-03
1.666666666666666430e+01 9.855868380098874448e-01 -2.158456429483577178e-03
1.668750000000000000e+01 9.854979203721018211e-01 -1.827652364509102295e-03
1.670833333333333215e+01 9.887162259914202833e-01 -1.321940405190798196e-03
1.672916666666666430e+01 9.987475562536252127e-01 -1.061284445792309763e-03
1.675000000000000000e+01 1.015163752562791455e+00 -2.863046480647431745e-04
1.677083333333333215e+01 1.019037817895196874e+00 1.206354474581944683e-03
1.679166666666666430e+01 1.022135390031392754e+00 1.268941314764375147e-03
1.681250000000000000e+01 1.011457005872912207e+00 -8.449204595299427247e-04
1.683333333333333215e+01 9.999544600781736792e-01 5.929606046096268105e-04
1.685416666666666430e+01 9.938492105688665479e-01 1.020679771829869145e-03
1.687500000000000000e+01 9.906750745655898971e-01 1.673284995270684587e-03
1.689583333333333215e+01 9.904037371381408938e-01 -2.811006541330540406e-04
1.691666666666666430e+01 1.000121072913555897e+00 -1.011384698472310526e-03
1.693750000000000000e+01 1.003891758600895967e+00 8.540189729340501735e-04
1.695833333333333215e+01 1.002999817893043266e+00 1.810857337714594272e-03
1.697916666666666430e+01 1.003542693027815957e+00 -7.385533474203948359e-04
1.700000000000000000e+01 1.006834607197738318e+00 2.352475082082187106e-03
1.702083333333333215e+01 9.990064946935601764e-01 2.065251216882244955e-03
1.704166666666666430e+01 1.000667614001499173e+00 -4.117210314706552213e-04
1.706250000000000000e+01 9.909944582383597433e-01 -2.043921210384861201e-03
1.708333333333333215e+01 9.899318156072680619e-01 -8.295018979972444478e-04
1.710416666666666430e+01 9.931932166230613701e-01 -5.237027542197969900e-04
1.712500000000000000e+01 9.992083884541681504e-01 5.807131613516703685e-04
1.714583333333333215e+01 1.016138138118972911e+00 -2.172042845747622873e-03
1.716666666666666430e+01 1.028001091667204658e+00 2.954740819025320191e-03
1.718750000000000000e+01 1.017944393363207967e+00 2.841556230963126085e-03
1.720833333333333215e+01 9.970212748207371023e-01 -9.887186954953192976e-04
1.722916666666666430e+01 9.773397327807076262e-01 -2.411715036972033981e-03
1.725000000000000000e+01 9.660644318643268891e-01 -2.965251830045843710e-04
1.727083333333333215e+01 9.794696245700632575e-01 4.448315217374349635e-04
1.729166666666666430e+01 9.946921158498461812e-01 1.597402726277006354e-03
1.731250000000000000e+01 1.019167987084111937e+00 8.039442265588098114e-04
1.733333333333333215e+01 1.026851659224019553e+00 -3.384290678084359580e-04
1.735416666666666430e+01 1.014831203749683830e+00 -2.546811303185468871e-03
1.737500000000000000e+01 9.987050946406867968e-01 5.513007220483271721e-04
1.739583333333333215e+01 9.917873638263652314e-01 9.664071143147017666e-04
1.741666666666666430e+01 9.946611325715780660e-01 -4.752446620835438520e-04
1.743750000000000000e+01 1.008620519218239808e+00 2.558401396779411054e-04
1.745833333333333215e+01 1.012630619004809773e+00 1.662747791735426361e-04
1.747916666666666430e+01 1.013315795796082996e+00 -3.925025510038990598e-04
1.750000000000000000e+01 9.920457553925073890e-01 -1.533647091739432419e-03
1.752083333333333215e+01 9.730106932123937513e-01 3.390057077522368872e-04
1.754166666666666430e+01 9.734350480058677757e-01 -1.861652436921287009e-03
1.756250000000000000e+01 9.855738577376835785e-01 1.662889110235954123e-03
1.758333333333333215e+01 1.006366261314798782e+00 -1.212621795346818451e-03
1.760416666666666430e+01 1.015982250717303303e+00 5.259194078783638055e-04
1.762500000000000000e+01 1.022708402464016508e+00 -1.003255775930960098e-03
1.764583333333333215e+01 1.030501383043857189e+00 3.835808195458291058e-04
1.766666666666666430e+01 1.014696500231427434e+00 -3.542685532588374289e-04
1.768750000000000000e+01 9.972364456329472215e-01 5.750177259714448928e-04
1.770833333333333215e+01 9.815323635793294921e-01 -1.079591158629221058e-03
1.772916666666666430e+01 9.777058528125462944e-01 -2.129306913330120815e-03
1.775000000000000000e+01 9.900022767300700188e-01 -4.431353876894770301e-04
1.777083333333333215e+01 9.960121244648347805e-01 -5.312236222554720224e-04
1.779166666666666430e+01 1.003517496549001464e+00 -1.972333736673443326e-03
1.781250000000000000e+01 1.007111884766984655e+00 -9.550567939962301177e-04
1.783333333333333215e+01 1.012279270358879657e+00 -2.184503549840069708e-03
1.785416666666666430e+01 1.004517355358265807e+00 5.037535611229479514e-05
1.787500000000000000e+01 1.003233528428911780e+00 -5.604391403360753669e-04
1.789583333333333215e+01 9.977632394379201131e-01 -7.484071398630708376e-05
1.791666666666666430e+01 9.965078938123812513e-01 3.160041531875420594e-03
1.793750000000000000e+01 9.977638118388769684e-01 1.046374228871749658e-04
1.795833333333333215e+01 1.007485318877566760e+00 3.737981322252042571e-04
1.797916666666666430e+01 1.011414697997825352e+00 6.907470350372857002e-04
1.800000000000000000e+01 1.002549693445405676e+00 -2.672136883129009027e-04
1.802083333333333215e+01 9.946982261596857278e-01 -8.321927569190331383e-04
1.804166666666666430e+01 9.938823386317846564e-01 1.004177748927147923e-03
1.806250000000000000e+01 1.003292604662891829e+00 1.192967128545627774e-03
1.808333333333333215e+01 1.005620242072555071e+00 -3.739245025536897665e-03
1.810416666666666430e+01 1.000712053238825616e+00 -2.965841708946414471e-04
1.812500000000000000e+01 9.897579039852643090e-01 -5.187235863897037350e-04
1.814583333333333215e+01 9.790584973543310365e-01 -8.000988750590786467e-04
1.816666666666666430e+01 9.891795289454901052e-01 1.457543265816077212e-03
1.818750000000000000e+01 1.001326051220621016e+00 -7.635454296147954753e-04
1.820833333333333215e+01 1.014749054933836714e+00 9.839934253040307725e-04
1.822916666666666430e+01 1.024217878219062960e+00 -7.746787188799038456e-04
1.825000000000000000e+01 1.027817826218138109e+00 -6.058529157189486251e-04
1.827083333333333215e+01 1.020336630997155547e+00 8.141226551696445794e-04
1.829166666666666430e+01 1.004123990899485674e+00 -1.019316772221374665e-03
1.831250000000000000e+01 9.881089526686661628e-01 -2.991060552169524760e-04
1.833333333333333215e+01 9.650112431804317437e-01 -1.476189495734858475e-03
1.835416666666666430e+01 9.595652934923827315e-01 -1.203814260693214077e-03
1.837500000000000000e+01 9.718941691287024121e-01 8.053544834367439660e-04
1.839583333333333215e+01 1.000711746910944111e+00 6.333160163552300831e-04
1.841666666666666430e+01 1.018690179588704225e+00 -1.527489432694291568e-03
1.843750000000000000e+01 1.028486024371124463e+00 -1.577415965187255187e-03
1.845833333333333215e+01 1.030382339656383373e+00 3.084651072864397128e-03
1.847916666666666430e+01 1.025552095130862984e+00 -9.018403530330527679e-04
1.850000000000000000e+01 1.020130088150048797e+00 -1.187498138689160789e-03
1.852083333333333215e+01 1.001501348302604066e+00 5.411491443374385861e-04
1.854166666666666430e+01 9.759312476890178445e-01 -1.068633879619772242e-03
1.856250000000000000e+01 9.585413379992866467e-01 -5.556989134715027354e-04
1.858333333333333215e+01 9.607067851069708286e-01 1.016686569294218256e-03
1.860416666666666430e+01 9.865594171532381385e-01 1.147946725571455731e-03
1.862500000000000000e+01 1.012747230023566258e+00 -3.459889777511542734e-04
1.864583333333333215e+01 1.026643678071471610e+00 1.576968228242776014e-03
1.866666666666666430e+01 1.027381534496851767e+00 -2.796023094538061101e-04
1.868750000000000000e+01 1.014900498581082333e+00 -3.997998847062556819e-04
1.870833333333333215e+01 1.005550680556955623e+00 -1.077894379267131024e-04
1.872916666666666430e+01 9.999051285275593060e-01 -4.836637608172281817e-04
1.875000000000000000e+01 1.001890994306296134e+00 5.581256457747738519e-04
1.877083333333333215e+01 9.954566104256891146e-01 2.528603305033193076e-04
1.879166666666666430e+01 9.885044853702169565e-01 -1.068642870698442455e-03
1.881250000000000000e+01 9.845413039792390020e-01 1.248349584771470610e-04
1.883333333333333215e+01 9.856137977722765342e-01 -7.771762208747304800e-04
1.885416666666666430e+01 9.923514419574758216e-01 -8.221089365279869937e-04
1.887500000000000000e+01 1.000898185169154742e+00 -2.743442873115514908e-04
1.889583333333333215e+01 1.009452760033488383e+00 1.172411569306091358e-03
1.891666666666666430e+01 1.018143860311723659e+00 2.450796825348421646e-04
1.893750000000000000e+01 1.019196352363969105e+00 1.484415974312626235e-03
1.895833333333333215e+01 1.012097580797238550e+00 1.852166886835028082e-03
1.897916666666666430e+01 9.957027445314102776e-01 -1.428217869936762347e-04
1.900000000000000000e+01 9.806294457920315955e-01 -8.565634542056757474e-04
1.902083333333333215e+01 9.836309533079389267e-01 -1.084195568863644595e-03
1.904166666666666430e+01 9.938351581504026866e-01 2.478423830622548930e-04
1.906250000000000000e+01 1.006830862281193228e+00 9.820269350493981454e-04
1.908333333333333215e+01 1.012854872738240486e+00 1.878212907311528406e-03
1.910416666666666430e+01 1.014536209458651195e+00 -1.733381481543037851e-03
1.912500000000000000e+01 1.008627469188992043e+00 1.054583049040591029e-03
1.914583333333333215e+01 1.005275132797870841e+00 1.239691952320927859e-03
1.916666666666666430e+01 9.861793732568339133e-01 2.947557320270976361e-03
1.918750000000000000e+01 9.794993417917083889e-01 1.370459577771662252e-04
1.920833333333333215e+01 9.771228686801490815e-01 -1.360175547453844173e-04
1.922916666666666430e+01 9.907330358404123904e-01 -1.993960189825041886e-03
1.925000000000000000e+01 1.008138822612908436e+00 -1.067260109357466222e-03
1.927083333333333215e+01 1.023100925879089962e+00 -1.473894577189623035e-03
1.929166666666666430e+01 1.027280809572854503e+00 -1.355947399287698099e-03
1.931250000000000000e+01 1.020187567532612194e+00 -1.217000382633605772e-03
1.933333333333333215e+01 1.004432900628533964e+00 -2.008476478319891432e-03
1.935416666666666430e+01 9.852332565832813138e-01 -2.072619939221047823e-04
1.937500000000000000e+01 9.713075741364959326e-01 3.917256645665883317e-04
1.939583333333333215e+01 9.678874130563943634e-01 8.614362175555530373e-04
1.941666666666666430e+01 9.801255464955421770e-01 -2.087549342865704862e-04
1.943750000000000000e+01 1.003649846980312565e+00 1.231789653773804685e-03
1.945833333333333215e+01 1.018362563381082220e+00 1.244517937742573585e-03
1.947916666666666430e+01 1.029958975323905568e+00 -1.983951877261116905e-03
1.950000000000000000e+01 1.027918911000838209e+00 -4.275358469125283261e-04
1.952083333333333215e+01 1.010369347088724501e+00 -1.647178945360555039e-03
1.954166666666666430e+01 9.937153197695045570e-01 -1.308963340613707388e-03
1.956250000000000000e+01 9.887821100377653938e-01 1.450998378055075473e-04
1.958333333333333215e+01 9.834501008165581482e-01 -2.411365565375908095e-04
1.960416666666666430e+01 9.870606048656338505e-01 1.745458806118373304e-03
1.962500000000000000e+01 9.957939297265854250e-01 2.475706183070509967e-03
1.964583333333333215e+01 1.005164063459403678e+00 4.425982512277173877e-04
1.966666666666666430e+01 1.005864432091234661e+00 -3.211506893278721539e-04
1.968750000000000000e+01 1.017050416462668583e+00 -2.630986606145893658e-04
1.970833333333333215e+01 1.016516375335324129e+00 -9.444967291719466639e-05
1.972916666666666430e+01 9.996080078345777054e-01 6.361790143061873742e-04
1.975000000000000000e+01 9.910615793729551370e-01 -9.961713415629082878e-04
1.977083333333333215e+01 9.907822349915884619e-01 6.514453944774114104e-04
1.979166666666666430e+01 9.915754582124454153e-01 -3.821854931055550871e-04
1.981250000000000000e+01 1.005160864634971229e+00 1.245870742643348777e-03
1.983333333333333215e+01 1.013612790580085132e+00 1.627396043489790466e-03
1.985416666666666430e+01 1.010820217186859216e+00 2.096434548976234147e-03
1.987500000000000000e+01 1.008295217174856262e+00 -2.693962395946032521e-04
1.989583333333333215e+01 9.929114328042125681e-01 -1.761022399545335510e-03
1.991666666666666430e+01 9.850486478919147082e-01 -2.178951380803826558e-03
1.993750000000000000e+01 9.888496631062522191e-01 -4.375997302103012921e-04
1.995833333333333215e+01 9.976268946951993843e-01 -1.842774254669780421e-03
1.997916666666666430e+01 1.009423941298835947e+00 -2.128829962211178841e-03
2.000000000000000000e+01 1.017154444069763519e+00 -5.106342066403343370e-04
2.002083333333333215e+01 1.010539295986090158e+00 -1.300950422111501505e-03
2.004166666666666430e+01 1.001740837103415771e+00 7.926317241708020133e-04
2.006250000000000000e+01 9.889584410903169420e-01 2.354470539302492855e-03
2.008333333333333215e+01 9.901652188758861550e-01 -3.497743197484949498e-04
2.010416666666666430e+01 9.919401558407596742e-01 3.254860819635313333e-04
2.012500000000000000e+01 1.001995666970896481e+00 -2.036487590494092878e-03
2.014583333333333215e+01 1.003314125561826087e+00 1.623908417077773926e-04
2.016666666666666430e+01 1.005364331045961235e+00 -9.396776949055287180e-04
2.018750000000000000e+01 1.007349026779680079e+00 -1.436731058616385953e-03
2.020833333333333215e+01 1.004232563914670751e+00 -2.389068147686853466e-03
2.022916666666666430e+01 9.940155380589258405e-01 1.937901897801174236e-03
2.025000000000000000e+01 9.869980518403824732e-01 -2.078038595405158270e-03
2.027083333333333215e+01 9.861255567017005452e-01 -1.571538169316434282e-03
2.029166666666666430e+01 9.982617666696245173e-01 -4.809192387354558913e-05
2.031250000000000000e+01 1.003236162653115882e+00 3.015682117374232727e-04
2.033333333333333215e+01 1.002160359356444763e+00 3.072428733915193145e-04
2.035416666666666430e+01 1.001143764962294069e+00 7.805235004710602453e-05
2.037500000000000000e+01 1.007686804258079549e+00 -1.172334473782742342e-03
2.039583333333333215e+01 1.013101621538444297e+00 9.037022879140604740e-04
2.041666666666666430e+01 1.017739414155792277e+00 1.860804342350325959e-04
2.043750000000000000e+01 1.013380031579727003e+00 -1.868889637621723963e-03
2.045833333333333215e+01 1.000733751322133269e+00 1.948981154907735748e-03
2.047916666666666430e+01 9.787030195684585099e-01 -4.803247740384260916e-04
2.050000000000000000e+01 9.722801618474543606e-01 1.133007435030005837e-03
2.052083333333333215e+01 9.697615439485496314e-01 -1.870214264317173001e-03
2.054166666666666430e+01 9.776127111868514463e-01 -1.538275887181111967e-03
2.056250000000000000e+01 9.779075242242741828e-01 -7.671184232068504333e-04
2.058333333333333215e+01 9.824386042149676479e-01 -9.142760465571117892e-04
2.060416666666666430e+01 9.899712891698796424e-01 1.216803892634069767e-03
2.062500000000000000e+01 9.953424140987485735e-01 -2.077903153440046995e-03
2.064583333333333215e+01 9.783495184370508690e-01 1.576907396803590804e-04
2.066666666666666430e+01 9.452592449604687586e-01 -1.315087669887954076e-03
2.068750000000000000e+01 9.137283660045338873e-01 5.990084587098700505e-04
2.070833333333333215e+01 8.851080838091808234e-01 2.131804066978916609e-04
2.072916666666666430e+01 8.814537938366265868e-01 -7.348663280362520596e-04
2.075000000000000000e+01 9.005159558939621611e-01 2.733022652302955456e-03
2.077083333333333215e+01 9.029163529021121404e-01 -1.017373952008178634e-04
2.079166666666666430e+01 9.059142930363588420e-01 1.325986573572746074e-03
2.081250000000000000e+01 9.025271074011054218e-01 -1.703896717071002936e-03
2.083333333333333215e+01 8.965222715898505390e-01 -1.986785798429965995e-04
2.085416666666666430e+01 8.875289302932735103e-01 6.788323087996689224e-05
2.087500000000000000e+01 8.742184306525641047e-01 1.309339487884169609e-04
2.089583333333333215e+01 8.630712631026851156e-01 -4.723156227971899660e-04
2.091666666666666430e+01 8.565627434350860936e-01 -1.077334569202602690e-03
2.093750000000000000e+01 8.533456149180161932e-01 -3.907805156875680287e-03
2.095833333333333215e+01 8.562351359159805497e-01 -7.502153392532875031e-04
2.097916666666666430e+01 8.543734036256197539e-01 -1.186624130498834884e-03
2.100000000000000000e+01 8.501111732365921325e-01 -3.587196662756870396e-04
2.102083333333333215e+01 8.526426283331676181e-01 1.035572625434479175e-03
2.104166666666666430e+01 8.693602716420317789e-01 2.734508683032910257e-03
2.106250000000000000e+01 8.811055231111707409e-01 6.284836142479198820e-04
2.108333333333333215e+01 8.892161405676657360e-01 1.235709538171511027e-03
2.110416666666666430e+01 8.867389161679165577e-01 7.528680007183438574e-04
2.112500000000000000e+01 8.898895488911326979e-01 8.758535693447629632e-04
2.114583333333333215e+01 8.966851026943742919e-01 7.059242781010421127e-04
2.116666666666666430e+01 9.030033796614914676e-01 -3.583598874387684016e-04
2.118750000000000000e+01 9.079790590267874384e-01 -4.353763172123710761e-04
2.120833333333333215e+01 9.089053668904281125e-01 3.859223571664692747e-04
2.122916666666666430e+01 9.082578852781303391e-01 2.222924832069453523e-03
2.125000000000000000e+01 9.143592615926094958e-01 9.535237398899010404e-04
2.127083333333333215e+01 9.325839679878016319e-01 1.989614790160986347e-03
2.129166666666666430e+01 9.549991031364520877e-01 -1.641215840678480510e-03
2.131250000000000000e+01 9.733906918771152439e-01 3.116841964186352148e-04
2.133333333333333215e+01 9.894008647397363188e-01 4.801507249913265101e-04
2.135416666666666430e+01 9.965178021650143991e-01 6.339396317527472595e-04
2.137500000000000000e+01 9.927668119851454920e-01 -1.734178933177056093e-03
2.139583333333333215e+01 9.813493490477660508e-01 -2.321127836348627592e-03
2.141666666666666430e+01 9.692824252795972928e-01 -2.671224210598343706e-03
2.143750000000000000e+01 9.672106284921199171e-01 -5.137910600443081630e-04
2.145833333333333215e+01 9.797915390238951527e-01 2.917489560660720647e-03
2.147916666666666430e+01 1.007719110771593485e+00 2.591726800746282900e-04
2.150000000000000000e+01 1.021805335261708914e+00 -1.526357179473924325e-03
2.152083333333333215e+01 1.017987284246856694e+00 4.123744081923663750e-04
2.154166666666666430e+01 1.007268181075856139e+00 -3.880299115406964615e-04
2.156250000000000000e+01 9.961312808384724660e-01 2.035074635775042256e-04
2.158333333333333215e+01 9.922804842349123300e-01 -5.742625347336361395e-04
2.160416666666666430e+01 9.961216958114096354e-01 -1.627359125664996301e-03
2.162500000000000000e+01 9.977494337446779493e-01 -6.723071176306931896e-04
2.164583333333333215e+01 9.990161125041988610e-01 8.860778108526777335e-04
2.166666666666666430e+01 1.000422970686997148e+00 3.749233637397083718e-04
2.168750000000000000e+01 1.003851081773885046e+00 1.523429309917129259e-03
2.170833333333333215e+01 1.007364864899163104e+00 -1.340973028546795431e-03
2.172916666666666430e+01 1.008989938845486822e+00 1.311076861476961593e-03
2.175000000000000000e+01 1.005318839551311516e+00 7.907392218791716853e-05
2.177083333333333215e+01 9.946234651635675883e-01 2.467438668294811926e-04
2.179166666666666430e+01 9.904210215660617100e-01 1.566484278417107660e-03
2.181250000000000000e+01 9.897975425806859739e-01 -1.530846121824074957e-04
2.183333333333333215e+01 9.854785642206385088e-01 3.315830078580397260e-04
2.185416666666666430e+01 9.949436084825161730e-01 8.149840948931177118e-04
2.187500000000000000e+01 1.012683689360231787e+00 8.275585968382609360e-04
2.189583333333333215e+01 1.019759539260334247e+00 1.037304008370998733e-03
2.191666666666666430e+01 1.016976701550342144e+00 1.636747704603726088e-03
2.193750000000000000e+01 1.010277572621141040e+00 6.874677672298134092e-04
2.195833333333333215e+01 9.930109966367387520e-01 -5.223164100469690268e-04
2.197916666666666430e+01 9.837562083038794425e-01 3.090439791390167321e-03
2.200000000000000000e+01 9.801322280968347567e-01 -6.091713520543224645e-06
2.202083333333333215e+01 9.900946839929254395e-01 5.071162254600842514e-04
2.204166666666666430e+01 1.000378477094906460e+00 -8.965398645096016176e-04
2.206250000000000000e+01 1.010682111885003787e+00 -2.689494744572296352e-03
2.208333333333333215e+01 1.015522815075472263e+00 -9.324793587436779399e-04
2.210416666666666430e+01 1.011533306956951872e+00 1.219687010774978762e-04
2.212500000000000000e+01 9.993721731152546139e-01 7.053934546841201213e-04
2.214583333333333215e+01 9.922916514824513534e-01 7.752332930707041888e-05
2.216666666666666430e+01 9.882854888963091833e-01 1.036453453839376784e-03
2.218750000000000000e+01 1.002641946989085930e+00 1.282561946296440283e-03
2.220833333333333215e+01 1.013193679176886297e+00 1.279285345428324413e-03
2.222916666666666430e+01 1.011280016177455332e+00 5.066395684659406331e-05
2.225000000000000000e+01 9.997389867245272121e-01 1.500930558025505561e-04
2.227083333333333215e+01 9.882245894802159647e-01 -2.213052678987632144e-04
2.229166666666666430e+01 9.794807520951348545e-01 -1.044815587402694347e-03
2.231250000000000000e+01 9.871366756078748805e-01 1.831086698100579079e-03
2.233333333333333215e+01 9.945437461907454813e-01 -1.503633968803661305e-03
2.235416666666666430e+01 9.969377852462298906e-01 -4.089618644606987603e-05
2.237500000000000000e+01 1.003041764735307151e+00 3.325636322126294909e-04
2.239583333333333215e+01 1.010331792616706803e+00 -2.624279563887996387e-03
2.241666666666666430e+01 1.015584981809656728e+00 9.789435701954049118e-04
2.243750000000000000e+01 1.016510764596508798e+00 -3.875429013344332480e-04
2.245833333333333215e+01 1.007839935917549612e+00 3.306551880077668640e-04
2.247916666666666430e+01 9.985351225875795933e-01 -3.630861011316431934e-04
2.250000000000000000e+01 9.925350082205407487e-01 -1.866926943736462981e-03
2.252083333333333215e+01 9.930036113375277917e-01 2.967759098016894883e-04
2.254166666666666430e+01 9.944514977051365223e-01 1.832233639081330830e-04
2.256250000000000000e+01 9.852741756806580042e-01 1.298252193804980701e-03
2.258333333333333215e+01 9.803068375740560114e-01 6.454425813867905757e-04
2.260416666666666430e+01 9.849546488408214007e-01 -2.051587201076319339e-03
2.262500000000000000e+01 9.960166698207569835e-01 1.428946130803378060e-03
2.264583333333333215e+01 1.022242879378283620e+00 1.047738806207516209e-03
2.266666666666666430e+01 1.034925566615004122e+00 1.010494218749473849e-03
2.268750000000000000e+01 1.035859351662802741e+00 6.600275248403826220e-04
2.270833333333333215e+01 1.020551137831639865e+00 -8.280686970563781680e-04
2.272916666666666430e+01 9.936334092354666137e-01 7.195256891515631201e-04
2.275000000000000000e+01 9.767720006618837436e-01 -4.016582249274602248e-04
2.277083333333333215e+01 9.664844301759928369e-01 3.655385067487900395e-03
2.279166666666666430e+01 9.633712350209268083e-01 -2.423646382123140642e-04
2.281250000000000000e+01 9.755447248817329386e-01 -1.332866728582197654e-03
2.283333333333333215e+01 9.964398253895246915e-01 -3.715378163951462732e-04
2.285416666666666430e+01 1.019007913853337666e+00 1.853873564624913470e-03
2.287500000000000000e+01 1.021395266664801627e+00 -6.587660213317297593e-04
2.289583333333333215e+01 1.021571834558804737e+00 -3.000574345809704432e-03
2.291666666666666430e+01 1.010401309148926341e+00 1.890233772188440204e-03
2.293750000000000000e+01 1.006799632389144161e+00 4.634023691270970722e-04
2.295833333333333215e+01 1.005801379154867670e+00 -5.658477753037425033e-04
2.297916666666666430e+01 9.946107928038460111e-01 9.475624467097141330e-04
2.300000000000000000e+01 9.857817115116297435e-01 -1.099357995923273780e-03
2.302083333333333215e+01 9.840121096887829433e-01 -1.412190294669002106e-03
2.304166666666666430e+01 9.839932962933276572e-01 1.244720170135766094e-03
2.306250000000000000e+01 9.931134422279854768e-01 -5.904476718161972030e-04
2.308333333333333215e+01 9.988626838015022269e-01 7.181052031088815167e-04
2.310416666666666430e+01 9.962143629369382136e-01 6.952396404497535086e-05
2.312500000000000000e+01 9.885012275385343106e-01 1.096215923208598755e-03
2.314583333333333215e+01 9.944734460543960264e-01 1.899279147189283684e-04
2.316666666666666430e+01 1.009036414192558073e+00 -2.507145945368150636e-03
2.318750000000000000e+01 1.022145204417340913e+00 9.055655746364510471e-04
2.320833333333333215e+01 1.015198102305274741e+00 -5.390955351922654655e-04
2.322916666666666430e+01 1.014867755290556284e+00 1.157346375242020468e-03
2.325000000000000000e+01 1.002531365458054768e+00 1.948567009942957652e-04
2.327083333333333215e+01 9.886687272704489660e-01 1.833534995191772902e-03
2.329166666666666430e+01 9.805326337249750113e-01 -3.394198422327178509e-04
2.331250000000000000e+01 9.786959120000815471e-01 -2.517887434415441023e-03
2.333333333333333215e+01 9.743257560037715814e-01 -3.473790274191580719e-04
2.335416666666666430e+01 9.832011673904184068e-01 6.962349161134423784e-04
2.337500000000000000e+01 1.001609234186840780e+00 -3.747270700544772935e-04
2.339583333333333215e+01 1.015143415578993791e+00 -5.319962300005940574e-04
2.341666666666666430e+01 1.023201342435664074e+00 1.895182560168032432e-03
2.343750000000000000e+01 1.019290593125778743e+00 -1.375259437452101493e-04
2.345833333333333215e+01 1.011016843973572055e+00 1.369003944668592630e-03
2.347916666666666430e+01 1.005887068730261680e+00 2.376347356708918758e-04
2.350000000000000000e+01 1.000629628284031680e+00 -1.755992451734127808e-03
2.352083333333333215e+01 9.909977015404443090e-01 -1.124474817068427113e-03
2.354166666666666430e+01 9.837200138451804854e-01 -3.408398738048722706e-04
2.356250000000000000e+01 9.895790735159708529e-01 4.357673692583932212e-04
2.358333333333333215e+01 9.932693780692882779e-01 -9.627887164496180686e-04
2.360416666666666430e+01 1.004376601175881234e+00 -1.716860930523797513e-03
2.362500000000000000e+01 1.006305651853716121e+00 -1.218210724643292806e-03
2.364583333333333215e+01 1.006535743573205188e+00 -6.025244062606960977e-04
2.366666666666666430e+01 9.938204001231628615e-01 -1.055928128958294812e-03
2.368750000000000000e+01 9.914394835229145553e-01 -6.796525461338859351e-04
2.370833333333333215e+01 9.960345921617310694e-01 2.377601224180932952e-03
2.372916666666666430e+01 1.009409820174896000e+00 3.989617430665460965e-04
2.375000000000000000e+01 1.017128716752812689e+00 -9.730769425788147152e-04
2.377083333333333215e+01 1.008958576332990242e+00 3.562275298892704181e-05
2.379166666666666430e+01 9.979899009311471447e-01 2.020803714746033028e-03
2.381250000000000000e+01 9.869410955083174342e-01 8.573614857150320574e-04
2.383333333333333215e+01 9.778301883733626632e-01 -7.927425810149938822e-05
2.385416666666666430e+01 9.818956575661917929e-01 -1.647414656192783310e-03
2.387500000000000000e+01 9.945704126784860044e-01 -2.077417527165636470e-03
2.389583333333333215e+01 1.005198516833741618e+00 -3.802716854898751005e-04
2.391666666666666430e+01 1.015427120596752886e+00 -8.697196243785225162e-05
2.393750000000000000e+01 1.007618035080702912e+00 -1.984955086711130516e-03
2.395833333333333215e+01 1.003838295186182838e+00 -1.626949564093323848e-03
2.397916666666666430e+01 9.988788575819380622e-01 -7.363595584197008187e-06
2.400000000000000000e+01 9.942023962107540136e-01 -2.727752755712494707e-03
2.402083333333333215e+01 1.000826896907371699e+00 -2.111106327535757811e-03
2.404166666666666430e+01 1.001352355178063203e+00 -2.111259540764668600e-05
2.406250000000000000e+01 9.991966561591066887e-01 7.450895370769766365e-04
2.408333333333333215e+01 1.001822510989695436e+00 4.424649205149489852e-04
2.410416666666666430e+01 1.005929998299183614e+00 1.291985035072824254e-03
2.412500000000000000e+01 1.012207184883393341e+00 2.016278171735488497e-03
2.414583333333333215e+01 1.011250265308245133e+00 1.166391180868460963e-03
2.416666666666666430e+01 9.969850817118961483e-01 -2.873114610033939342e-04
2.418750000000000000e+01 9.876726812374850839e-01 2.709150563203740168e-03
2.420833333333333215e+01 9.846064677971546608e-01 2.152168169978030659e-03
2.422916666666666430e+01 9.904602342146666683e-01 1.222978393134758687e-03
2.425000000000000000e+01 9.933876252068323254e-01 -9.662178764198083719e-04
2.427083333333333215e+01 1.016838687275340769e+00 5.523170892762085818e-04
2.429166666666666430e+01 1.023674716709205068e+00 -2.566855092331927091e-03
2.431250000000000000e+01 1.029710533615402213e+00 -3.642202873994199695e-04
2.433333333333333215e+01 1.015857108038333623e+00 -3.059899212021488513e-03
2.435416666666666430e+01 9.984449478163602842e-01 -4.726634493644229617e-04
2.437500000000000000e+01 9.859226390108291049e-01 1.336679099009920610e-03
2.439583333333333215e+01 9.850073727951691449e-01 7.836767472010449840e-05
2.441666666666666430e+01 9.907472997354284105e-01 2.076580285941436073e-03
2.443750000000000000e+01 9.968117934805156288e-01 5.638953050016460851e-05
2.445833333333333215e+01 1.008641686986677888e+00 1.855304324070815975e-04
2.447916666666666430e+01 9.966588273699457101e-01 -3.186663653435154787e-04
2.450000000000000000e+01 9.897260751592749095e-01 7.258942511598008964e-04
2.452083333333333215e+01 9.889885335513125542e-01 1.920436350487551703e-05
2.454166666666666430e+01 9.972437332173184066e-01 1.565189117766973941e-03
2.456250000000000000e+01 1.010911805083982484e+00 2.080380289969202025e-03
2.458333333333333215e+01 1.016367035548334963e+00 5.312971178891712091e-04
2.460416666666666430e+01 1.011568686457118504e+00 -1.340562569380066536e-03
2.462500000000000000e+01 1.000590388326617841e+00 7.661875942173752710e-04
2.464583333333333215e+01 9.865364114769856752e-01 1.762632518200644158e-03
2.466666666666666430e+01 9.732635290109363790e-01 8.825724797892752372e-04
2.468750000000000000e+01 9.719374815487549224e-01 4.348442087068416710e-04
2.470833333333333215e+01 9.785620593618041818e-01 1.246705027459183010e-03
2.472916666666666430e+01 9.900026613045290746e-01 1.719204750852128304e-03
2.475000000000000000e+01 1.001294946836822186e+00 -3.194928767907300772e-03
2.477083333333333215e+01 1.009355704930988917e+00 1.971495085386512289e-03
2.479166666666666430e+01 1.006606426430123546e+00 1.040052624069518362e-03
2.481250000000000000e+01 9.978713786068804659e-01 6.745517472759418771e-04
2.483333333333333215e+01 9.892185759735692141e-01 -6.225451105794297920e-04
2.485416666666666430e+01 9.784310040822421506e-01 3.557034563143386023e-04
2.487500000000000000e+01 9.754741641941139241e-01 8.329541207288442472e-04
2.489583333333333215e+01 9.787997924039781861e-01 -1.783662491655647062e-03
2.491666666666666430e+01 9.823197974309825220e-01 1.009526919760130644e-03
2.493750000000000000e+01 9.906294417989252032e-01 1.627852674609644350e-04
2.495833333333333215e+01 9.883047376958986607e-01 1.909451553712660302e-03
2.497916666666666430e+01 9.905504094200279219e-01 9.208632180465210065e-04
2.500000000000000000e+01 9.671587309406490807e-01 -1.451912943855418220e-04
2.502083333333333215e+01 9.590239239397249094e-01 1.431359624817607045e-04
2.504166666666666430e+01 9.519067145768762561e-01 8.777383167729320814e-04
2.506250000000000000e+01 9.639390218221451923e-01 2.595514433800940961e-04
2.508333333333333215e+01 9.826447373430412524e-01 7.599585974854370252e-04
2.510416666666666430e+01 9.977692236725805852e-01 -8.161330203310428666e-04
2.512500000000000000e+01 9.925898413100172624e-01 -1.486659677809813035e-03
2.514583333333333215e+01 9.839652799076334944e-01 -6.403487173047591038e-04
2.516666666666666430e+01 9.669956137895112658e-01 -1.711902782667157384e-03
2.518750000000000000e+01 9.468160329210447701e-01 -8.964967587511200832e-04
2.520833333333333215e+01 9.177383919514764399e-01 5.186871494499700752e-04
2.522916666666666430e+01 8.783942887554391232e-01 -1.965819661195021203e-03
2.525000000000000000e+01 8.389869673043429676e-01 -1.462817695557550729e-03
2.527083333333333215e+01 8.219061203950017713e-01 9.945156107597572914e-04
2.529166666666666430e+01 8.170509736644128163e-01 -5.873429527796854722e-04
2.531250000000000000e+01 8.170315620714140303e-01 6.233510668438127815e-05
2.533333333333333215e+01 8.172172558484293026e-01 -1.470705428026616423e-03
2.535416666666666430e+01 8.086435775892050204e-01 -1.230839861371962971e-03
2.537500000000000000e+01 7.888847709481829895e-01 -3.041900688946080357e-04
2.539583333333333215e+01 7.775430078222470565e-01 2.115189755932691401e-03
2.541666666666666430e+01 7.715109515204913171e-01 6.299818222759225343e-04
2.543750000000000000e+01 7.805424702345833410e-01 -2.018260867482826910e-03
2.545833333333333215e+01 8.127836093276371576e-01 6.351719825486632203e-04
2.547916666666666430e+01 8.552114441129816669e-01 1.228138533001359774e-03
2.550000000000000000e+01 9.045144724061532360e-01 9.395444387416079877e-04
2.552083333333333215e+01 9.399430061173992268e-01 -1.455188467430537039e-03
2.554166666666666430e+01 9.512368804893253094e-01 -7.557318861785780781e-06
2.556250000000000000e+01 9.483914685360298469e-01 2.729702391498918870e-03
2.558333333333333215e+01 9.543549339643596641e-01 -1.092185763708195716e-03
2.560416666666666430e+01 9.624024924910337120e-01 4.924584225330007553e-04
2.562500000000000000e+01 9.855387186166580937e-01 -8.634593884689211081e-04
2.564583333333333215e+01 9.984634972784539597e-01 -1.513821429293342674e-03
2.566666666666666430e+01 1.006208417617179496e+00 -4.643987050147398740e-04
2.568750000000000000e+01 9.997853191810158746e-01 1.363463387741412633e-03
2.570833333333333215e+01 9.887157565783040170e-01 1.524950190707123447e-03
2.572916666666666430e+01 9.764065969638319187e-01 -1.026067078655565432e-03
2.575000000000000000e+01 9.745713018833347396e-01 -5.158811681736578773e-04
2.577083333333333215e+01 9.796956059379030579e-01 -1.035347645130271299e-03
2.579166666666666430e+01 9.811172505876400995e-01 -2.521010383215869372e-03
2.581250000000000000e+01 9.915260120540860811e-01 8.338850064325749887e-04
2.583333333333333215e+01 9.951609309887917698e-01 2.024029033511804548e-03
2.585416666666666430e+01 1.007010522543099196e+00 1.952633139104914279e-03
2.587500000000000000e+01 1.007697932005965136e+00 -5.051964229715487018e-04
2.589583333333333215e+01 1.003394919695667298e+00 1.737942334226151011e-03
2.591666666666666430e+01 9.933293277180867964e-01 1.443400733960897115e-03
2.593750000000000000e+01 9.850447536608809562e-01 -3.420940687630043861e-04
2.595833333333333215e+01 9.765522290679132800e-01 7.410763640957639185e-05
2.597916666666666430e+01 9.744448051931571264e-01 -3.795847247388835742e-04
