0.000000000000000000e+00 1.032536743742249019e+00 1.671710993779747375e-03
2.083333333333333218e-02 1.039175426388979862e+00 -6.971008693524610896e-04
4.166666666666666435e-02 1.034254407767617012e+00 3.666897734740244791e-04
6.250000000000000000e-02 1.026768598652384235e+00 -5.694160352713092000e-04
8.333333333333332871e-02 1.019372443927357930e+00 5.468656216856875247e-04
1.041666666666666574e-01 1.012673712528013414e+00 1.955089161530634920e-03
1.250000000000000000e-01 1.017202372187980597e+00 1.665049083664230318e-03
1.458333333333333148e-01 1.022822568933925202e+00 2.435762082863404730e-04
1.666666666666666574e-01 1.030710775152779091e+00 2.494478575655959809e-04
1.875000000000000000e-01 1.027433816450215698e+00 -1.589239818877967491e-03
2.083333333333333148e-01 1.028519235418740019e+00 1.827906801312018060e-03
2.291666666666666574e-01 1.027403880239369460e+00 4.546343498570986795e-04
2.500000000000000000e-01 1.032361247220661360e+00 1.970997238782475937e-03
2.708333333333333148e-01 1.029531944831295620e+00 6.015659739199551853e-04
2.916666666666666297e-01 1.028687077971945918e+00 3.555857553610671570e-04
3.125000000000000000e-01 1.021084736402408710e+00 1.160370493974463796e-04
3.333333333333333148e-01 1.015019781899627160e+00 -1.758055335349141372e-03
3.541666666666666297e-01 1.017866729115115110e+00 1.263029859695515879e-03
3.750000000000000000e-01 1.015646820602319478e+00 1.216390191756741915e-03
3.958333333333333148e-01 1.017690898302002989e+00 -5.954148107099242705e-04
4.166666666666666297e-01 1.018869048140256028e+00 8.204504947741006167e-04
4.375000000000000000e-01 1.027353349979336361e+00 3.893164590256536529e-04
4.583333333333333148e-01 1.029805271095552532e+00 -5.017164293178164643e-04
4.791666666666666297e-01 1.027216459018430506e+00 -8.041507025790386792e-04
5.000000000000000000e-01 1.029145769741410810e+00 -1.513403230259331754e-03
5.208333333333332593e-01 1.024415140078811293e+00 -1.041350710344446156e-03
5.416666666666666297e-01 1.009574546778462922e+00 1.575526348091155996e-03
5.625000000000000000e-01 1.003121611520094936e+00 1.234449402146380959e-03
5.833333333333332593e-01 1.003493089794972537e+00 2.950008755336916769e-04
6.041666666666666297e-01 1.000337280517950900e+00 1.546479496116352770e-03
6.250000000000000000e-01 1.014744417637837071e+00 4.017494874368042089e-04
6.458333333333332593e-01 1.025690926472078157e+00 -3.449029536971331598e-04
6.666666666666666297e-01 1.020747147190714799e+00 8.260949723370499421e-04
6.875000000000000000e-01 1.017173128319916131e+00 -7.758629256197491621e-05
7.083333333333332593e-01 1.013940316261713548e+00 -1.556564855213702075e-04
7.291666666666666297e-01 1.012432478667989244e+00 7.927365501935393225e-04
7.500000000000000000e-01 1.012162672614074221e+00 -1.212341520994672994e-03
7.708333333333332593e-01 1.006331385346566298e+00 1.812180450811677959e-03
7.916666666666666297e-01 1.003604993138524026e+00 6.964107298037200151e-04
8.125000000000000000e-01 9.929595279170965183e-01 -5.603777241472551046e-04
8.333333333333332593e-01 9.697208333026959837e-01 1.060129011681758358e-03
8.541666666666666297e-01 9.484060099015354517e-01 -1.321722452992014126e-03
8.750000000000000000e-01 9.196934804443297473e-01 -1.680444236622470437e-03
8.958333333333332593e-01 8.941932910310723681e-01 -2.693040494383223005e-04
9.166666666666666297e-01 8.736982734620453162e-01 5.304464065162191886e-04
9.375000000000000000e-01 8.435394222402814446e-01 -6.643169229695737891e-04
9.583333333333332593e-01 8.192591563517106490e-01 -1.315213078391074854e-03
9.791666666666666297e-01 8.049893165516450733e-01 2.725332480417392515e-03
1.000000000000000000e+00 7.939875806826224292e-01 5.994649080227677264e-04
1.020833333333333259e+00 7.934930843717362681e-01 -1.111733989649454565e-03
1.041666666666666519e+00 8.006672330820178152e-01 -2.285848209279861174e-04
1.062500000000000000e+00 8.211533006831108761e-01 1.319294644470311254e-03
1.083333333333333259e+00 8.591753023103488873e-01 9.420157974736807457e-05
1.104166666666666519e+00 9.074592069626172819e-01 -1.353702269263208332e-03
1.125000000000000000e+00 9.603845338038784485e-01 3.195198392721654464e-03
1.145833333333333259e+00 9.981626831361550822e-01 2.175795168490794133e-03
1.166666666666666519e+00 1.010335439075138453e+00 -1.645677814508978397e-03
1.187500000000000000e+00 1.010886464500688087e+00 1.203918858185935295e-03
1.208333333333333259e+00 9.974023378132111928e-01 1.041452662422141231e-03
1.229166666666666519e+00 9.862439275423359186e-01 -8.175573030649460832e-04
1.250000000000000000e+00 9.849786615961867442e-01 -1.714240660462891964e-04
1.270833333333333259e+00 9.905002345874494019e-01 -6.456573113230035113e-04
1.291666666666666519e+00 9.964691871932139788e-01 8.064151813826044620e-04
1.312500000000000000e+00 1.010694894305092850e+00 2.454977474562566007e-03
1.333333333333333259e+00 1.024066515620937867e+00 4.360668099811271822e-04
1.354166666666666519e+00 1.031150992602762884e+00 -2.071859063952385981e-04
1.375000000000000000e+00 1.026855265068674861e+00 2.173363580119855136e-03
1.395833333333333259e+00 1.017777327130476639e+00 1.626253462004544081e-04
1.416666666666666519e+00 1.009087359635862935e+00 -8.331199805703370627e-04
1.437500000000000000e+00 1.005609582652925882e+00 -5.840104113667350964e-04
1.458333333333333259e+00 9.997147603426018714e-01 -3.648079638317151016e-04
1.479166666666666519e+00 1.008952882950385765e+00 1.017432805240124768e-03
1.500000000000000000e+00 1.020203609569152459e+00 1.376450127628826110e-03
1.520833333333333259e+00 1.029089995154681914e+00 1.537149718369282053e-03
1.541666666666666519e+00 1.026756704379427898e+00 1.391961685541741149e-03
1.562500000000000000e+00 1.028924866596633736e+00 -1.838891536398699379e-03
1.583333333333333259e+00 1.025922846830672919e+00 9.362025255173381071e-04
1.604166666666666519e+00 1.030417109543846133e+00 -1.284860041533430856e-03
1.625000000000000000e+00 1.027932585021874123e+00 5.296778916728306147e-04
1.645833333333333259e+00 1.023266387646077025e+00 3.983491950605706593e-04
1.666666666666666519e+00 1.019137305159755424e+00 -6.392809915894117007e-04
1.687500000000000000e+00 1.008736682985893029e+00 -3.948959943447127754e-04
1.708333333333333259e+00 1.010683920542617242e+00 -3.523909338937799684e-04
1.729166666666666519e+00 1.022122873949735444e+00 6.119022529456992140e-04
1.750000000000000000e+00 1.032800391615585234e+00 4.871786679596960216e-04
1.770833333333333259e+00 1.039636143454681250e+00 2.422289823639830163e-03
1.791666666666666519e+00 1.036447911324366977e+00 5.729197205272205376e-04
1.812500000000000000e+00 1.041259573786131210e+00 9.065587319262588756e-04
1.833333333333333259e+00 1.034499850470433469e+00 7.260205238308796785e-04
1.854166666666666519e+00 1.025359853577707536e+00 5.968391349366242480e-05
1.875000000000000000e+00 1.013746486108229039e+00 1.383935768537074241e-03
1.895833333333333259e+00 1.014925926900706710e+00 -7.234665775928376822e-04
1.916666666666666519e+00 1.015950637013047109e+00 5.408068556566177293e-04
1.937500000000000000e+00 1.017553464785418527e+00 -6.307027033400882310e-04
1.958333333333333259e+00 1.028625059749143311e+00 -1.032092415755691807e-04
1.979166666666666519e+00 1.032239309431679741e+00 -1.990406314993392167e-03
2.000000000000000000e+00 1.037996863482459675e+00 -1.581877146696793798e-03
2.020833333333333037e+00 1.033816061476678483e+00 1.170244803592104506e-03
2.041666666666666519e+00 1.028194721179880533e+00 4.909422417096297045e-04
2.062500000000000000e+00 1.027561023908651450e+00 1.002140968115494343e-03
2.083333333333333037e+00 1.026371568068744189e+00 -1.389245683069433208e-04
2.104166666666666519e+00 1.026490211917548079e+00 -9.337464512908293058e-04
2.125000000000000000e+00 1.021630406127903345e+00 8.989266961504840253e-04
2.145833333333333037e+00 1.013321607631422872e+00 1.484230763834469861e-03
2.166666666666666519e+00 1.005484787163227978e+00 -1.070923834771593747e-03
2.187500000000000000e+00 1.006365714090293073e+00 -2.626918810959709763e-03
2.208333333333333037e+00 1.013159207534901629e+00 -5.327044033940010921e-04
2.229166666666666519e+00 1.032849948945244289e+00 1.096921281720849140e-05
2.250000000000000000e+00 1.039742744962473653e+00 -1.922921186051327301e-03
2.270833333333333037e+00 1.046134245048670586e+00 -1.535691492331159400e-03
2.291666666666666519e+00 1.037094981608929878e+00 7.497155745421609993e-04
2.312500000000000000e+00 1.017055564683007063e+00 1.636763915049787091e-03
2.333333333333333037e+00 1.010487028334782655e+00 2.088872978847536310e-03
2.354166666666666519e+00 1.009537921693336671e+00 -3.447629653068408936e-04
2.375000000000000000e+00 1.010425934033295059e+00 6.672534339744368203e-04
2.395833333333333037e+00 1.014712995470796741e+00 -7.733823094030507089e-05
2.416666666666666519e+00 1.021938327025882609e+00 -1.160985338887494901e-03
2.437500000000000000e+00 1.029243467047438854e+00 -5.910708945421094037e-04
2.458333333333333037e+00 1.030085954969000461e+00 9.379615790318324240e-04
2.479166666666666519e+00 1.028631737075388131e+00 -1.237829973422752529e-03
2.500000000000000000e+00 1.021636440398546286e+00 -7.610768689638515742e-04
2.520833333333333037e+00 1.020018748236817263e+00 -2.282283964636174265e-05
2.541666666666666519e+00 1.020312411431649080e+00 -8.325375399010946989e-04
2.562500000000000000e+00 1.023450888443741436e+00 -1.369202378365691562e-03
2.583333333333333037e+00 1.028294513868136084e+00 -3.963124714932258195e-04
2.604166666666666519e+00 1.028329506080591926e+00 1.608263947078102107e-03
2.625000000000000000e+00 1.021103183283927240e+00 4.103917417889008340e-04
2.645833333333333037e+00 1.005271966556947616e+00 -1.091496355860793266e-03
2.666666666666666519e+00 1.003161139018382997e+00 4.219444400955001877e-04
2.687500000000000000e+00 1.002821588949372345e+00 -5.513828970052851546e-04
2.708333333333333037e+00 1.021740104197577104e+00 6.386655088698245993e-04
2.729166666666666519e+00 1.036181843107472744e+00 3.734413929787228233e-05
2.750000000000000000e+00 1.045577921867257620e+00 -1.522340904922084596e-03
2.770833333333333037e+00 1.037965931578472389e+00 -7.495786146849726115e-04
2.791666666666666519e+00 1.021621133716255292e+00 2.907813953798569942e-04
2.812500000000000000e+00 1.004254174474358052e+00 3.185148722251143392e-04
2.833333333333333037e+00 9.987196036150082223e-01 -4.339619530351002336e-04
2.854166666666666519e+00 1.002404175553465837e+00 5.050290607658164703e-04
2.875000000000000000e+00 1.015607619804579143e+00 -1.194730208236668544e-03
2.895833333333333037e+00 1.021659128263217475e+00 -6.896119954485008859e-04
2.916666666666666519e+00 1.032362698641872134e+00 -4.216120387000679183e-04
2.937500000000000000e+00 1.037339284730314004e+00 -2.793187959889119071e-03
2.958333333333333037e+00 1.032208378032966278e+00 5.841397777863288447e-04
2.979166666666666519e+00 1.027670072431859483e+00 -9.407332212181927647e-04
3.000000000000000000e+00 1.015024443621677541e+00 -1.032847539782177465e-04
3.020833333333333037e+00 1.011367818075739944e+00 -1.307966488274109112e-03
3.041666666666666519e+00 1.009693284409056924e+00 9.073837525826595985e-04
3.062500000000000000e+00 1.006026229722607468e+00 -3.276743799905595467e-04
3.083333333333333037e+00 1.013029784259293020e+00 -6.928463808278838764e-04
3.104166666666666519e+00 1.018440623623816377e+00 1.395171327439255569e-03
3.125000000000000000e+00 1.021191200703148283e+00 -7.120720464423505166e-04
3.145833333333333037e+00 1.023766438355318442e+00 -2.073891471558711366e-03
3.166666666666666519e+00 1.031935090218554896e+00 1.663002328003084559e-03
3.187500000000000000e+00 1.036251100244287349e+00 -6.003239733144216184e-04
3.208333333333333037e+00 1.038564352143627190e+00 -1.277805333727119203e-03
3.229166666666666519e+00 1.038054984253937940e+00 -4.285842300953038417e-04
3.250000000000000000e+00 1.015120108103714447e+00 1.589617367460218486e-03
3.270833333333333037e+00 9.981444680041593465e-01 5.436370889281576160e-04
3.291666666666666519e+00 9.922414068374992846e-01 -1.067512921269698177e-03
3.312500000000000000e+00 9.979373942266053232e-01 1.169799176994691837e-04
3.333333333333333037e+00 1.014835538388933367e+00 3.081511127705857927e-03
3.354166666666666519e+00 1.028420916234218607e+00 1.112248689302013831e-03
3.375000000000000000e+00 1.038557971260276158e+00 1.548122817807294190e-03
3.395833333333333037e+00 1.040206218386656278e+00 -5.038043255533416120e-04
3.416666666666666519e+00 1.038995879198050254e+00 -1.678341258970057444e-04
3.437500000000000000e+00 1.031284903252104312e+00 2.623093646090324423e-03
3.458333333333333037e+00 1.017516627544460261e+00 -3.874833247106501222e-04
3.479166666666666519e+00 1.009437920015437307e+00 6.255999658203646686e-04
3.500000000000000000e+00 1.003333184448671478e+00 1.122988951409461958e-03
3.520833333333333037e+00 9.969213560139844610e-01 1.019832628673259531e-03
3.541666666666666519e+00 9.990388375534188237e-01 -1.381522193753349293e-04
3.562500000000000000e+00 1.008351900655059641e+00 1.244085423287380867e-03
3.583333333333333037e+00 1.010579954662362168e+00 -4.696897873751399908e-04
3.604166666666666519e+00 1.020675630598818051e+00 -1.308117679779355986e-03
3.625000000000000000e+00 1.025867083671105684e+00 6.162122053178159054e-04
3.645833333333333037e+00 1.021511904065755871e+00 1.401286007266372684e-04
3.666666666666666519e+00 1.027871488469367822e+00 -5.940250467852706230e-04
3.687500000000000000e+00 1.025437557694943047e+00 5.143876904138033409e-06
3.708333333333333037e+00 1.021741065644774293e+00 -1.523452854893229784e-03
3.729166666666666519e+00 1.019211893384724288e+00 5.363228363640268554e-04
3.750000000000000000e+00 1.009713987273575642e+00 1.447005636534714600e-03
3.770833333333333037e+00 1.004575395962420625e+00 -2.250705351054265065e-03
3.791666666666666519e+00 1.006140276975750147e+00 -1.136699808059317722e-03
3.812500000000000000e+00 1.014141405827529763e+00 -7.030842376096250968e-04
3.833333333333333037e+00 1.024386138580234418e+00 -1.469644368256797003e-03
3.854166666666666519e+00 1.029995732438958367e+00 3.334382085487777223e-04
3.875000000000000000e+00 1.031185594378846160e+00 1.845856573174153425e-03
3.895833333333333037e+00 1.024438644909207330e+00 1.852197585145080698e-04
3.916666666666666519e+00 1.023261965706904197e+00 1.742184135844594825e-03
3.937500000000000000e+00 1.022463678482607996e+00 2.087779569993338338e-04
3.958333333333333037e+00 1.026898876968871832e+00 5.844772249449394332e-04
3.979166666666666519e+00 1.025853676037595585e+00 -5.097007652743254383e-04
4.000000000000000000e+00 1.026379560588921214e+00 4.760714043337514875e-04
4.020833333333333037e+00 1.019609188283396639e+00 -1.117235267084754763e-03
4.041666666666666075e+00 1.011691283623594728e+00 1.721384929913715974e-03
4.062500000000000000e+00 1.014412446077030072e+00 -1.278701106892634861e-03
4.083333333333333037e+00 1.013478976786163388e+00 -1.121748771238449075e-03
4.104166666666666075e+00 1.017124440373418537e+00 3.507748053729175934e-04
4.125000000000000000e+00 1.016410217484600365e+00 -9.709289402913476308e-04
4.145833333333333037e+00 1.023620253730121332e+00 7.544258591704515546e-04
4.166666666666666075e+00 1.031799638030709065e+00 7.174225282010581991e-04
4.187500000000000000e+00 1.036341635429774310e+00 2.315597364517606822e-04
4.208333333333333037e+00 1.039424571805803277e+00 -2.149939467933555202e-03
4.229166666666666075e+00 1.033861633513709188e+00 -1.247313278040566539e-04
4.250000000000000000e+00 1.018764701040489440e+00 2.129938241454426985e-04
4.270833333333333037e+00 1.018357987812641863e+00 -1.281033603560774904e-05
4.291666666666666075e+00 1.006168074591399009e+00 -1.556722812031053260e-04
4.312500000000000000e+00 1.004367659734435758e+00 -8.689794889608705745e-04
4.333333333333333037e+00 1.011009343917223857e+00 -5.499196723899499838e-04
4.354166666666666075e+00 1.021700049846434144e+00 5.277185099806278685e-04
4.375000000000000000e+00 1.025084117182360366e+00 4.929253952453741504e-04
4.395833333333333037e+00 1.025330715360122324e+00 -7.155786852872013598e-04
4.416666666666666075e+00 1.027580722928959300e+00 7.047603964149498244e-04
4.437500000000000000e+00 1.033425581685041950e+00 1.347345710413445094e-03
4.458333333333333037e+00 1.030692532357736724e+00 1.469967122652803253e-03
4.479166666666666075e+00 1.027679163021194553e+00 -1.041466310874414217e-04
4.500000000000000000e+00 1.019531898450465324e+00 2.857894049343326446e-03
4.520833333333333037e+00 1.017355044533676534e+00 -1.862072655955663691e-03
4.541666666666666075e+00 1.008365074080154633e+00 7.584884777078916692e-04
4.562500000000000000e+00 1.015617731141945423e+00 2.189965909986717966e-04
4.583333333333333037e+00 1.014159933487377874e+00 -6.279329018399917818e-05
4.604166666666666075e+00 1.016202422425966478e+00 -7.518600766833564704e-05
4.625000000000000000e+00 1.024803883351609324e+00 -7.311431646199368934e-04
4.645833333333333037e+00 1.023882992343294829e+00 2.324291263278994285e-04
4.666666666666666075e+00 1.035295703971683912e+00 -2.620054315269408044e-04
4.687500000000000000e+00 1.037299588626542590e+00 -4.482896644475433084e-04
4.708333333333333037e+00 1.036064180942981139e+00 -3.219812934222504651e-04
4.729166666666666075e+00 1.017712295055946514e+00 -5.050219784404833944e-04
4.750000000000000000e+00 1.010438150504533006e+00 8.867170034509958649e-04
4.770833333333333037e+00 1.006313750546236507e+00 1.618998304473715085e-03
4.791666666666666075e+00 1.010872680805325219e+00 -1.004820943956503856e-04
4.812500000000000000e+00 1.023267608195056466e+00 4.589591149781332372e-04
4.833333333333333037e+00 1.033339126740301595e+00 2.038099453218163767e-03
4.854166666666666075e+00 1.033691849845397970e+00 -1.140251282956592080e-03
4.875000000000000000e+00 1.032106637735464849e+00 8.085357541134420307e-04
4.895833333333333037e+00 1.021031005973577210e+00 -5.017740538553026744e-04
4.916666666666666075e+00 1.021333021158422394e+00 5.594686862987393325e-04
4.937500000000000000e+00 1.017279904819947678e+00 9.115257485579204540e-04
4.958333333333333037e+00 1.010145786096932730e+00 1.869442187388329051e-03
4.979166666666666075e+00 1.018165685391323905e+00 -7.395913772225739787e-04
5.000000000000000000e+00 1.019316003010595217e+00 1.091797968719062468e-03
5.020833333333333037e+00 1.023363486197150563e+00 -2.310044860625256095e-04
5.041666666666666075e+00 1.032945833929411084e+00 1.493888182393783310e-03
5.062500000000000000e+00 1.039779750480549048e+00 -1.365892038204334072e-03
5.083333333333333037e+00 1.034724530013477084e+00 1.456831326995779207e-03
5.104166666666666075e+00 1.023151604994622987e+00 2.195742587586130452e-03
5.125000000000000000e+00 1.017429898670368482e+00 2.579390977139726752e-03
5.145833333333333037e+00 1.009426720081685325e+00 1.557381944223210947e-03
5.166666666666666075e+00 1.009198902115702179e+00 1.240253951727699334e-04
5.187500000000000000e+00 1.012411788870968943e+00 -7.110824685832011372e-04
5.208333333333333037e+00 1.023345311082226594e+00 1.196469967084400326e-03
5.229166666666666075e+00 1.030305842075340594e+00 7.180800992228689172e-04
5.250000000000000000e+00 1.030907453942600194e+00 -1.916739131093588228e-03
5.270833333333333037e+00 1.036653819699653090e+00 -1.443341182191741623e-03
5.291666666666666075e+00 1.036912200837944997e+00 7.644875574351192235e-04
5.312500000000000000e+00 1.032252796380914273e+00 -2.813572130590634508e-05
5.333333333333333037e+00 1.018273778139772823e+00 -1.837749287959050985e-03
5.354166666666666075e+00 1.015169295611435984e+00 -1.261109886352446792e-03
5.375000000000000000e+00 1.006950234941129674e+00 -7.371524562615624186e-04
5.395833333333333037e+00 1.014635207205085932e+00 9.464809986518472841e-04
5.416666666666666075e+00 1.024373086739887473e+00 1.008300958707517838e-03
5.437500000000000000e+00 1.041667628589423966e+00 8.541258352376122128e-04
5.458333333333333037e+00 1.040340330464865959e+00 9.644671032045205254e-05
5.479166666666666075e+00 1.028362210619016892e+00 1.587976734478146763e-04
5.500000000000000000e+00 1.025346690771991032e+00 -1.241604125600737540e-04
5.520833333333333037e+00 1.015993669257440724e+00 2.298821598556678118e-03
5.541666666666666075e+00 1.013428766933979652e+00 -1.570634041913803597e-03
5.562500000000000000e+00 1.020989333295488022e+00 1.045779056592277241e-03
5.583333333333333037e+00 1.024819404555221913e+00 1.288103380899876171e-03
5.604166666666666075e+00 1.032588298549913075e+00 5.299286989225465054e-04
5.625000000000000000e+00 1.033285839342298784e+00 -2.679189946300096232e-03
5.645833333333333037e+00 1.027038133393470387e+00 4.396366061755895992e-05
5.666666666666666075e+00 1.029109958695849647e+00 1.389858420172713965e-05
5.687500000000000000e+00 1.025369992403858177e+00 -9.641505203651961264e-04
5.708333333333333037e+00 1.011437436966161396e+00 -6.945146938985034607e-04
5.729166666666666075e+00 1.018243901739009916e+00 -3.901379891124253014e-04
5.750000000000000000e+00 1.018773350261789279e+00 6.950865319898691819e-04
5.770833333333333037e+00 1.025826194744527076e+00 -7.968844071832778542e-04
5.791666666666666075e+00 1.034926288896982349e+00 5.356045241283796578e-04
5.812500000000000000e+00 1.035435590660566341e+00 -1.324710187983564255e-03
5.833333333333333037e+00 1.032488496635683983e+00 2.484547845532170465e-03
5.854166666666666075e+00 1.031582856259123826e+00 -1.887177980389291966e-03
5.875000000000000000e+00 1.026571449034282990e+00 -1.503753453295767384e-04
5.895833333333333037e+00 1.026227738109547705e+00 -1.403572626156364888e-03
5.916666666666666075e+00 1.017783027167842747e+00 -1.376685852501807750e-03
5.937500000000000000e+00 1.019417179385816441e+00 4.166490965299742824e-04
5.958333333333333037e+00 1.022762343694286313e+00 1.550793675073775272e-03
5.979166666666666075e+00 1.015645187923948978e+00 -9.789834198529812678e-04
6.000000000000000000e+00 1.021648045857886267e+00 4.391317908699420122e-04
6.020833333333333037e+00 1.029735155422653481e+00 -6.835452583215567745e-04
6.041666666666666075e+00 1.037637281906857334e+00 9.465081561895003371e-04
6.062500000000000000e+00 1.043852959201052588e+00 -3.264958323410625633e-03
6.083333333333333037e+00 1.038346772090674275e+00 6.317398198807000920e-04
6.104166666666666075e+00 1.025696230557985311e+00 -5.112279932491866231e-04
6.125000000000000000e+00 1.018096600404230001e+00 -3.379038158529488588e-04
6.145833333333333037e+00 1.018302496835890247e+00 -5.348681560533969596e-04
6.166666666666666075e+00 1.017763308991177063e+00 -2.115968994254363057e-03
6.187500000000000000e+00 1.021708892896157739e+00 9.991039342251400567e-04
6.208333333333333037e+00 1.028551039785153609e+00 4.282254911228421698e-04
6.229166666666666075e+00 1.028325925279631736e+00 -1.142811436091897490e-03
6.250000000000000000e+00 1.025348099638832222e+00 -6.013310713546411420e-04
6.270833333333333037e+00 1.032209650615748098e+00 -5.374695325302988836e-04
6.291666666666666075e+00 1.033775166250889166e+00 -2.504861561956565636e-03
6.312500000000000000e+00 1.034164201622620904e+00 -6.861430251403368406e-05
6.333333333333333037e+00 1.029991937477713781e+00 6.599456665953884775e-04
6.354166666666666075e+00 1.028812595154557030e+00 -3.111005053121464143e-05
6.375000000000000000e+00 1.020890500672644086e+00 -1.877414043295492292e-04
6.395833333333333037e+00 1.018796371493521313e+00 -2.110126599113460594e-03
6.416666666666666075e+00 1.016116504854057689e+00 -9.460999271699571797e-04
6.437500000000000000e+00 1.021630045916885887e+00 -2.085868359920018539e-03
6.458333333333333037e+00 1.022858568853848960e+00 -9.045418929553671180e-04
6.479166666666666075e+00 1.029537625017196811e+00 1.716589857093175702e-04
6.500000000000000000e+00 1.038853981829097828e+00 3.558498245712742904e-03
6.520833333333333037e+00 1.046840955835059539e+00 -3.203243168009930228e-04
6.541666666666666075e+00 1.038226399205016470e+00 -9.540322188757369821e-05
6.562500000000000000e+00 1.018829547482221320e+00 -6.687662670945597942e-04
6.583333333333333037e+00 1.008575926961940983e+00 -5.122593963707392254e-04
6.604166666666666075e+00 1.002558090267593682e+00 1.216717471361239943e-03
6.625000000000000000e+00 1.007258588496703355e+00 -7.882246136484028377e-04
6.645833333333333037e+00 1.021798879517137770e+00 -5.652063918728047771e-05
6.666666666666666075e+00 1.043444072138929757e+00 7.259382011024996442e-04
6.687500000000000000e+00 1.046372908982727168e+00 -1.211604330239044033e-03
6.708333333333333037e+00 1.040107258258217149e+00 2.804161401048705857e-03
6.729166666666666075e+00 1.025399233668476962e+00 -6.300534565711463347e-04
6.750000000000000000e+00 1.014844651046481028e+00 1.941081386953371897e-04
6.770833333333333037e+00 1.009107535462528293e+00 1.681138756671331268e-03
6.791666666666666075e+00 1.010069960369398112e+00 -5.609154977565225693e-04
6.812500000000000000e+00 1.013981796747023711e+00 -3.670177447804611262e-03
6.833333333333333037e+00 1.016531995440879355e+00 2.270796058386293306e-04
6.854166666666666075e+00 1.020200509545298173e+00 9.330771384483804026e-04
6.875000000000000000e+00 1.023434677227970546e+00 4.997955510670027475e-05
6.895833333333333037e+00 1.021303727970544584e+00 1.207588297495301938e-03
6.916666666666666075e+00 1.022418080366463755e+00 1.842005217006275274e-04
6.937500000000000000e+00 1.015770572316336606e+00 2.265593878285370420e-03
6.958333333333333037e+00 1.016574845000383531e+00 2.219977988553271074e-03
6.979166666666666075e+00 1.009553941169506475e+00 3.025764911117845247e-04
7.000000000000000000e+00 1.013956707314884742e+00 1.643926249037344330e-03
7.020833333333333037e+00 1.015868248370681126e+00 -4.291439581377461121e-04
7.041666666666666075e+00 1.011797233538054064e+00 8.131457125541965633e-04
7.062500000000000000e+00 1.003492442898012094e+00 1.303661290003402598e-03
7.083333333333333037e+00 1.005083811906271496e+00 -1.235073999370329056e-03
7.104166666666666075e+00 1.003998464680432745e+00 4.606114412017445030e-04
7.125000000000000000e+00 1.011464316658063911e+00 -2.441290080542305937e-03
7.145833333333333037e+00 1.016790366395645462e+00 -1.386606953301353735e-03
7.166666666666666075e+00 1.009624604888803345e+00 -1.673566471979128552e-03
7.187500000000000000e+00 9.940383233065551716e-01 1.039813258496181166e-03
7.208333333333333037e+00 9.609985225763939543e-01 -1.145320635604059204e-03
7.229166666666666075e+00 9.266107853196763333e-01 1.980800951368088050e-03
7.250000000000000000e+00 8.903314124412295971e-01 -1.151305758259852513e-03
7.270833333333333037e+00 8.666597215519322717e-01 -7.420651462730345690e-04
7.291666666666666075e+00 8.366820632692342219e-01 -1.592961848288125017e-03
7.312500000000000000e+00 8.107013840836375662e-01 1.126061525498663469e-04
7.333333333333333037e+00 7.921951545893722857e-01 -6.125489757337312024e-04
7.354166666666666075e+00 7.882199204128743641e-01 -1.751831418359396739e-04
7.375000000000000000e+00 7.947420594828853435e-01 5.630483211417258629e-04
7.395833333333333037e+00 8.206947663322308184e-01 -4.794408857354634528e-05
7.416666666666666075e+00 8.472640642845922221e-01 -9.130815274844213169e-04
7.437500000000000000e+00 8.784173966918029652e-01 -1.511653078812067938e-03
7.458333333333333037e+00 9.045813848538106772e-01 1.418873728639743884e-04
7.479166666666666075e+00 9.302531016032680178e-01 2.228711192401569476e-03
7.500000000000000000e+00 9.545218315596724068e-01 1.565703525375826931e-03
7.520833333333333037e+00 9.788572186328021729e-01 2.086939078299321077e-04
7.541666666666666075e+00 9.959086406871788810e-01 -7.153748329988990915e-04
7.562500000000000000e+00 9.998410857823671893e-01 1.183312871317232290e-03
7.583333333333333037e+00 9.970412599480523719e-01 3.429198399600028252e-04
7.604166666666666075e+00 1.009319630448336502e+00 -6.902610732275142862e-04
7.625000000000000000e+00 1.017910030018597700e+00 -5.323565955569945591e-04
7.645833333333333037e+00 1.016796162205693355e+00 -7.502482469475202842e-04
7.666666666666666075e+00 1.015744447648968096e+00 -1.277324431944288317e-03
7.687500000000000000e+00 1.006121951490067890e+00 -1.804676400121217692e-04
7.708333333333333037e+00 1.002112188395338110e+00 -6.443496303914898835e-04
7.729166666666666075e+00 1.002292852346573060e+00 1.908483743348434770e-04
7.750000000000000000e+00 1.007101797586118730e+00 -4.863762389136205020e-04
7.770833333333333037e+00 1.015148535606239522e+00 -1.844467332917373165e-03
7.791666666666666075e+00 1.017678574047376605e+00 2.936687968147677261e-04
7.812500000000000000e+00 1.018967186621850374e+00 2.302258904326825832e-03
7.833333333333333037e+00 1.008612208353725670e+00 -1.543304639420595365e-03
7.854166666666666075e+00 1.018537789832067997e+00 4.708980867827232365e-04
7.875000000000000000e+00 1.024498800373605301e+00 -9.634464781831719509e-04
7.895833333333333037e+00 1.024326457834411119e+00 3.579577268196859814e-04
7.916666666666666075e+00 1.030187401739515618e+00 3.359821424381231360e-03
7.937500000000000000e+00 1.030836626546802082e+00 1.477217542790767264e-03
7.958333333333333037e+00 1.023209586315487973e+00 -6.657422690449940573e-04
7.979166666666666075e+00 1.018200081639073717e+00 -8.818508060187844801e-04
8.000000000000000000e+00 1.015566426183543758e+00 -6.121568200640310981e-04
8.020833333333332149e+00 1.014876135571383786e+00 7.263734553225172043e-04
8.041666666666666075e+00 1.009463384892689053e+00 -4.212833137641766937e-04
8.062500000000000000e+00 1.017992173356091046e+00 -1.310079257746580607e-03
8.083333333333332149e+00 1.028837682834284450e+00 3.935681831810832680e-04
8.104166666666666075e+00 1.037134590719636540e+00 -2.701879566619914529e-03
8.125000000000000000e+00 1.050495200206384094e+00 -8.594193590197014929e-04
8.145833333333332149e+00 1.053288073206561481e+00 1.772284860287382836e-03
8.166666666666666075e+00 1.037697919493336451e+00 -5.200314238939246362e-04
8.187500000000000000e+00 1.019437331041527006e+00 -1.885474853409146567e-04
8.208333333333332149e+00 1.009109352147900429e+00 -1.277376067746114697e-03
8.229166666666666075e+00 1.000379603426457820e+00 -1.180994773640022368e-03
8.250000000000000000e+00 1.008674482683608931e+00 -1.638822120913801606e-03
8.270833333333332149e+00 1.024987009855119924e+00 -1.270597532568764091e-03
8.291666666666666075e+00 1.037108700099779846e+00 -1.817004089735136524e-03
8.312500000000000000e+00 1.036046396078780685e+00 -3.666286167179943004e-03
8.333333333333332149e+00 1.039714254032534591e+00 -1.970299207029856537e-04
8.354166666666666075e+00 1.040230494833125352e+00 -1.313905049908574429e-03
8.375000000000000000e+00 1.039222672201692399e+00 1.209632450109540984e-03
8.395833333333332149e+00 1.031980446340725166e+00 7.581641945221032595e-04
8.416666666666666075e+00 1.022104814185560206e+00 7.944157879198163359e-04
8.437500000000000000e+00 1.018325091501333102e+00 1.469748303929027233e-03
8.458333333333332149e+00 1.006273637137575561e+00 1.622520429826308785e-03
8.479166666666666075e+00 1.011968243913083043e+00 -5.035570212816131534e-04
8.500000000000000000e+00 1.016664255152183616e+00 1.675991360120590839e-03
8.520833333333332149e+00 1.022436957229408305e+00 2.478995230115081834e-03
8.541666666666666075e+00 1.026343797381811473e+00 8.142730461664970725e-04
8.562500000000000000e+00 1.027943716186580758e+00 -1.548029154295817687e-03
8.583333333333332149e+00 1.040112184918178917e+00 -2.916672686068016887e-04
8.604166666666666075e+00 1.039573651501963569e+00 1.311278734625626475e-04
8.625000000000000000e+00 1.036047411280632602e+00 -8.099303207097473256e-04
8.645833333333332149e+00 1.028646752940645115e+00 -1.137756214118249357e-03
8.666666666666666075e+00 1.006348265038464307e+00 1.853553580159228789e-03
8.687500000000000000e+00 1.007638396461081776e+00 -2.225950626989617646e-04
8.708333333333332149e+00 1.006426344600558798e+00 -3.179929149358015606e-04
8.729166666666666075e+00 1.018860446577759094e+00 8.809874713910292518e-04
8.750000000000000000e+00 1.030887962599018604e+00 -1.029311787968252264e-03
8.770833333333332149e+00 1.040290152131258195e+00 2.545585839614132942e-03
8.791666666666666075e+00 1.035917881681423180e+00 2.596155712439321352e-04
8.812500000000000000e+00 1.023476440824365508e+00 4.826122661148603385e-04
8.833333333333332149e+00 1.008753716891550800e+00 -1.719196844160080905e-03
8.854166666666666075e+00 1.011032185765804003e+00 -6.890499375381454886e-04
8.875000000000000000e+00 1.016162358046459158e+00 1.106140260099042812e-03
8.895833333333332149e+00 1.027016823286458269e+00 1.764954932972876854e-04
8.916666666666666075e+00 1.032642608939850604e+00 -1.300378877856541836e-04
8.937500000000000000e+00 1.033815741950647293e+00 -3.248483749069363646e-04
8.958333333333332149e+00 1.029756790163755653e+00 5.652721571695107144e-04
8.979166666666666075e+00 1.018361337603110650e+00 -2.258252673431709791e-03
9.000000000000000000e+00 1.009256592781458961e+00 2.049688737666304807e-03
9.020833333333332149e+00 1.007348227587942402e+00 1.308037390932961525e-03
9.041666666666666075e+00 1.004444863998876336e+00 1.315123575683058372e-03
9.062500000000000000e+00 1.012386367746885840e+00 -2.178541300659671623e-03
9.083333333333332149e+00 1.018149717800779008e+00 4.484405896372454245e-04
9.104166666666666075e+00 1.029844674643564106e+00 2.056760401261145330e-03
9.125000000000000000e+00 1.037813989789989622e+00 -2.846506390000778475e-04
9.145833333333332149e+00 1.033459383887024519e+00 -1.038436792750594773e-03
9.166666666666666075e+00 1.023945145163955850e+00 -2.098120470265439196e-03
9.187500000000000000e+00 1.020610671853553475e+00 -7.579046657451951911e-04
9.208333333333332149e+00 1.016639907450423985e+00 7.517526625184620288e-04
9.229166666666666075e+00 1.012857142609644878e+00 -2.230667161895401578e-03
9.250000000000000000e+00 1.012804410719736259e+00 -1.603986929698219405e-03
9.270833333333332149e+00 1.012053501123403754e+00 9.794677210615899184e-04
9.291666666666666075e+00 1.009230392366361473e+00 -1.442070957765195002e-03
9.312500000000000000e+00 1.012722309566634449e+00 2.373914513704094642e-05
9.333333333333332149e+00 1.022389713880186735e+00 -4.704920449714072752e-05
9.354166666666666075e+00 1.029199085250900758e+00 1.073120050704416900e-03
9.375000000000000000e+00 1.043016301812015101e+00 -1.063838708889690765e-03
9.395833333333332149e+00 1.036845767390823791e+00 -1.387106859887646043e-05
9.416666666666666075e+00 1.020597943166963839e+00 -1.140734648459013718e-03
9.437500000000000000e+00 1.000612592663405298e+00 1.680317215249195169e-03
9.458333333333332149e+00 9.968010767521553461e-01 -3.841926765592061708e-04
9.479166666666666075e+00 1.002803831487372621e+00 2.202154302101472314e-03
9.500000000000000000e+00 1.016012376769598546e+00 -9.158466275983124030e-04
9.520833333333332149e+00 1.030946769014850384e+00 -1.240238414621388607e-04
9.541666666666666075e+00 1.034231463067024626e+00 1.804382237753127506e-03
9.562500000000000000e+00 1.040709986813170396e+00 5.019671565573208998e-04
9.583333333333332149e+00 1.031906603370877917e+00 8.299655755569099657e-04
9.604166666666666075e+00 1.019079905743339065e+00 -3.715999860331543956e-04
9.625000000000000000e+00 1.008530991331695548e+00 -1.186336029613102762e-04
9.645833333333332149e+00 1.000019477774614085e+00 -6.308083080634199974e-04
9.666666666666666075e+00 1.006794447733746933e+00 1.659227858845886488e-04
9.687500000000000000e+00 1.013205363904645662e+00 1.211730061809385573e-03
9.708333333333332149e+00 1.033574260917138998e+00 1.523334993215956631e-03
9.729166666666666075e+00 1.041289849071223683e+00 8.507134545568815131e-04
9.750000000000000000e+00 1.044048329553952659e+00 -2.187791174952800205e-03
9.770833333333332149e+00 1.028027429032551732e+00 1.331121004283620547e-03
9.791666666666666075e+00 1.013932246402549087e+00 1.056595309548676639e-03
9.812500000000000000e+00 1.004698358805868663e+00 -1.563958627681787139e-04
9.833333333333332149e+00 1.007101713224003214e+00 -2.755664801887123985e-04
9.854166666666666075e+00 1.008824229212267332e+00 -2.802809315262063707e-03
9.875000000000000000e+00 1.017055347517356712e+00 -1.164006950075097352e-03
9.895833333333332149e+00 1.016673384138506053e+00 1.021531051510554938e-03
9.916666666666666075e+00 1.012362269703797724e+00 2.033983605381579560e-03
9.937500000000000000e+00 1.011724827463881926e+00 6.263208079437916837e-05
9.958333333333332149e+00 1.013013289279746543e+00 -1.102922787175352349e-03
9.979166666666666075e+00 1.024625935453045367e+00 -2.677749770316182904e-04
1.000000000000000000e+01 1.025148207528074007e+00 3.980938844526951898e-04
1.002083333333333215e+01 1.018981582673321284e+00 -1.413607364109187563e-03
1.004166666666666607e+01 1.020024097656149431e+00 -3.892319204839579503e-05
1.006250000000000000e+01 1.010942783518649080e+00 5.783992142765350493e-04
1.008333333333333215e+01 1.013306828690174077e+00 1.286167377076450746e-03
1.010416666666666607e+01 1.015312973558819776e+00 -6.234581389774282185e-04
1.012500000000000000e+01 1.014453649352899722e+00 -1.376355417335817710e-03
1.014583333333333215e+01 1.014737474985195176e+00 -6.315339261696303950e-05
1.016666666666666607e+01 1.018976395724366046e+00 -5.986470635972107254e-04
1.018750000000000000e+01 1.023351598466169410e+00 -3.484811769232928967e-04
1.020833333333333215e+01 1.027184226113242005e+00 -7.182628557849128799e-04
1.022916666666666607e+01 1.030434739374770592e+00 5.622248853769028719e-05
1.025000000000000000e+01 1.024981560625949584e+00 -7.961195137146291840e-04
1.027083333333333215e+01 1.024245852048977667e+00 6.558726008078629311e-04
1.029166666666666607e+01 1.018090202950911571e+00 -2.422773247276664395e-04
1.031250000000000000e+01 1.019735854140971787e+00 -8.586321855480760507e-04
1.033333333333333215e+01 1.018023526245448229e+00 2.073030932113914277e-03
1.035416666666666607e+01 1.019196869587932763e+00 6.538499535084391643e-04
1.037500000000000000e+01 1.016836802969209641e+00 7.484013611350300488e-05
1.039583333333333215e+01 1.014646959027993178e+00 -6.890075866918711359e-04
1.041666666666666607e+01 1.013482372332659143e+00 -2.506714674868933037e-03
1.043750000000000000e+01 1.016544521352387598e+00 6.414510240087093222e-04
1.045833333333333215e+01 1.023696722999848818e+00 8.299828778960495262e-04
1.047916666666666607e+01 1.024182837476029784e+00 -8.943527537637101449e-04
1.050000000000000000e+01 1.031030524946115801e+00 3.596637642523192280e-04
1.052083333333333215e+01 1.023939084208481232e+00 -8.453949618525461417e-04
1.054166666666666607e+01 1.021494261864852815e+00 1.520486159817178409e-04
1.056250000000000000e+01 1.025641362914287313e+00 3.039030191266171811e-04
1.058333333333333215e+01 1.026595951353449721e+00 -8.988662193209623341e-04
1.060416666666666607e+01 1.026327167933519080e+00 -6.531781130077959647e-04
1.062500000000000000e+01 1.022588582581843042e+00 7.333212384373887513e-04
1.064583333333333215e+01 1.010404434568606069e+00 -8.595125268421702517e-04
1.066666666666666607e+01 1.009695742368023286e+00 -1.983617070334041995e-03
1.068750000000000000e+01 1.004005210963725414e+00 -2.312744990458002331e-03
1.070833333333333215e+01 1.012498394855015915e+00 -2.293997389084804128e-04
1.072916666666666607e+01 1.026217050100114880e+00 2.125528498662135248e-03
1.075000000000000000e+01 1.033766885729682228e+00 1.905366189835616653e-04
1.077083333333333215e+01 1.035370253820051767e+00 7.504564143450335838e-04
1.079166666666666607e+01 1.031273866361718472e+00 1.160135434696724435e-03
1.081250000000000000e+01 1.031922599952852515e+00 1.283748799007115925e-04
1.083333333333333215e+01 1.027027074194196476e+00 1.817212131701603740e-03
1.085416666666666607e+01 1.019628891246910918e+00 -2.235912596763772568e-03
1.087500000000000000e+01 1.011549782162015854e+00 -6.573998545721829818e-05
1.089583333333333215e+01 1.006700089655415686e+00 1.782167681491342390e-03
1.091666666666666607e+01 1.007602122908529241e+00 4.296888691758674658e-04
1.093750000000000000e+01 1.012831112791166888e+00 1.531410009461622651e-03
1.095833333333333215e+01 1.020390988711045832e+00 1.680491788175414577e-03
1.097916666666666607e+01 1.031033616555070864e+00 2.050782337481115553e-04
1.100000000000000000e+01 1.034832840440619961e+00 -1.833313929291025685e-03
1.102083333333333215e+01 1.035167050713967640e+00 -1.094997848488817515e-03
1.104166666666666607e+01 1.028638300115222615e+00 5.229390005948054976e-04
1.106250000000000000e+01 1.026415844265428756e+00 2.849382224348709445e-03
1.108333333333333215e+01 1.023102233152596519e+00 4.095894116956555107e-04
1.110416666666666607e+01 1.017428486185242731e+00 -2.652406255600401035e-03
1.112500000000000000e+01 1.015628244129398006e+00 -1.036933078073132460e-04
1.114583333333333215e+01 1.009723333038113458e+00 -1.301665171194682623e-05
1.116666666666666607e+01 1.014628010838521499e+00 1.486482728239822411e-04
1.118750000000000000e+01 1.020309764039343703e+00 7.189647050682819668e-04
1.120833333333333215e+01 1.025141150479915719e+00 -4.282076689729538352e-03
1.122916666666666607e+01 1.029545701509420486e+00 3.301626449757577748e-03
1.125000000000000000e+01 1.027794867023610781e+00 1.361032922890394832e-03
1.127083333333333215e+01 1.027485453910852442e+00 9.877647978511854259e-04
1.129166666666666607e+01 1.026916072939058067e+00 6.004699464003550704e-04
1.131250000000000000e+01 1.030871571788133156e+00 -1.200386197332387311e-03
1.133333333333333215e+01 1.027103861110340688e+00 -1.807567910846972494e-04
1.135416666666666607e+01 1.027270494080598340e+00 2.623128993348137431e-03
1.137500000000000000e+01 1.019426464216029782e+00 9.801532176729249243e-04
1.139583333333333215e+01 1.013128464038953513e+00 9.864330177116506070e-04
1.141666666666666607e+01 1.009533603804748214e+00 8.839214033331047309e-05
1.143750000000000000e+01 1.016436469625816352e+00 -1.870473708804356835e-04
1.145833333333333215e+01 1.027576520136193938e+00 3.597243599820028250e-04
1.147916666666666607e+01 1.033404677011205974e+00 1.627950122903671585e-03
1.150000000000000000e+01 1.029570146753533866e+00 1.657105581590572006e-03
1.152083333333333215e+01 1.032257488911829668e+00 1.399331797825158555e-03
1.154166666666666607e+01 1.023145721869219482e+00 -1.277883419376687297e-03
1.156250000000000000e+01 1.019187115284601708e+00 -2.077112178146170549e-04
1.158333333333333215e+01 1.019791505064082227e+00 2.138972382456372708e-05
1.160416666666666607e+01 1.016960553087967511e+00 -1.066226997728588746e-03
1.162500000000000000e+01 1.015504929533604495e+00 9.774554747199913022e-04
1.164583333333333215e+01 1.024233619751854452e+00 -9.885450255947424332e-04
1.166666666666666607e+01 1.028045591723856012e+00 3.142533815948323969e-03
1.168750000000000000e+01 1.033707787498296060e+00 5.628604797935582785e-04
1.170833333333333215e+01 1.033008051810811345e+00 1.469682803233283042e-04
1.172916666666666607e+01 1.021786558345024964e+00 -1.045392169649375083e-03
1.175000000000000000e+01 1.014712030598163617e+00 -2.259090016207482082e-04
1.177083333333333215e+01 1.013407960732452207e+00 1.951552952639705680e-03
1.179166666666666607e+01 1.016594448830666853e+00 -2.013767218095860456e-03
1.181250000000000000e+01 1.020637801535905442e+00 -5.697659211691974163e-04
1.183333333333333215e+01 1.029838010732382125e+00 1.496275217257211389e-03
1.185416666666666607e+01 1.035249514345061739e+00 -3.467861197939963065e-03
1.187500000000000000e+01 1.035019166819734160e+00 -2.304689215844283145e-05
1.189583333333333215e+01 1.037981133473041995e+00 -1.266782088107558510e-03
1.191666666666666607e+01 1.032473290097374541e+00 1.184240707912887413e-03
1.193750000000000000e+01 1.023697597727159847e+00 -1.370016618923222728e-03
1.195833333333333215e+01 1.020719015974223653e+00 -1.946386772517474505e-03
1.197916666666666607e+01 1.020027140618869899e+00 -3.825989818893858231e-04
1.200000000000000000e+01 1.016206099598436330e+00 2.094546250502227983e-03
1.202083333333333215e+01 1.019533296739452588e+00 -5.745878965054898460e-04
1.204166666666666607e+01 1.025950813911118198e+00 1.587055512188520630e-04
1.206250000000000000e+01 1.029929478964149325e+00 2.678186938807264935e-04
1.208333333333333215e+01 1.032040062751581999e+00 -1.065519045375485285e-03
1.210416666666666607e+01 1.027976393372559416e+00 -3.641738127308175119e-04
1.212500000000000000e+01 1.023019499598453841e+00 -1.908595552576096768e-04
1.214583333333333215e+01 1.021421973727979271e+00 6.682671913774772916e-04
1.216666666666666607e+01 1.020779718043548279e+00 1.512043177881778996e-06
1.218750000000000000e+01 1.033207027464925876e+00 -2.890254344325713428e-04
1.220833333333333215e+01 1.029207754808494357e+00 -2.145696781832031295e-03
1.222916666666666607e+01 1.032027549848246739e+00 2.501540212531472469e-03
1.225000000000000000e+01 1.029191532967112188e+00 -1.746196466796874635e-04
1.227083333333333215e+01 1.023481085007099667e+00 -2.496608937038028754e-04
1.229166666666666607e+01 1.011462377450099259e+00 1.000673625282262917e-03
1.231250000000000000e+01 1.014654497117096765e+00 2.082497251689845608e-03
1.233333333333333215e+01 1.020337969481342810e+00 2.506643610306849459e-04
1.235416666666666607e+01 1.021229352483843611e+00 5.091763602391753685e-04
1.237500000000000000e+01 1.036750616611250120e+00 -1.250329242239964309e-03
1.239583333333333215e+01 1.042497204809514688e+00 2.186496842668316052e-04
1.241666666666666607e+01 1.043810267859288432e+00 5.437364298243838349e-04
1.243750000000000000e+01 1.042537166890247002e+00 -7.517925880309301971e-04
1.245833333333333215e+01 1.028201303498894603e+00 8.147846492339506008e-04
1.247916666666666607e+01 1.011348270001525718e+00 -1.456962468272218975e-03
1.452083333333333215e+01 1.028595027418344410e+00 2.104441683264400217e-03
1.454166666666666607e+01 1.020873753487736124e+00 -1.712617235401591711e-03
1.456250000000000000e+01 1.022374408848347738e+00 1.266824530403036974e-03
1.458333333333333215e+01 1.010904203155854164e+00 -1.080002831203468513e-03
1.460416666666666607e+01 1.020139968283969800e+00 7.689305057932910650e-04
1.462500000000000000e+01 1.022075056027812900e+00 1.806290439455607647e-03
1.464583333333333215e+01 1.030077314584310511e+00 -2.064077051850542622e-03
1.466666666666666607e+01 1.034287277758869639e+00 -1.020363867459372876e-04
1.468750000000000000e+01 1.037138704487142071e+00 5.400812588820816466e-05
1.470833333333333215e+01 1.030973060787609752e+00 -1.604138306624946749e-03
1.472916666666666607e+01 1.031363982320948391e+00 -7.111602865185576465e-04
1.475000000000000000e+01 1.030625606302454811e+00 1.544616617126279940e-03
1.477083333333333215e+01 1.030813210947378655e+00 -1.488847581468449519e-03
1.479166666666666607e+01 1.023896291996390318e+00 -5.216502834888838650e-04
1.481250000000000000e+01 1.015896540193255593e+00 -1.868418103342280425e-03
1.483333333333333215e+01 1.009144026212886791e+00 -1.465460897623112584e-03
1.485416666666666607e+01 1.004116316628385963e+00 4.828173352638548952e-04
1.487500000000000000e+01 1.016223490515061334e+00 1.405808632062387816e-03
1.489583333333333215e+01 1.029615483438261148e+00 -1.730226348981599117e-03
1.491666666666666607e+01 1.039510320816038558e+00 7.561614488445915798e-04
1.493750000000000000e+01 1.047124219005654666e+00 6.398455279337739512e-04
1.495833333333333215e+01 1.037721127106720598e+00 -2.497097850664360338e-03
1.497916666666666607e+01 1.030716404336298631e+00 4.452173400570655446e-04
1.500000000000000000e+01 1.019373658368692981e+00 -1.624590622241947830e-03
1.502083333333333215e+01 1.018451019040393923e+00 -1.702963046966229129e-03
1.504166666666666607e+01 1.019350440761803256e+00 -1.646788883336648126e-03
1.506250000000000000e+01 1.013939753062354177e+00 -1.321101594229087900e-03
1.508333333333333215e+01 1.015399311659961334e+00 -2.685157362784058518e-04
1.510416666666666607e+01 1.016536389753518010e+00 5.768623353420405204e-04
1.512500000000000000e+01 1.020295726982041185e+00 1.246668177388848874e-03
1.514583333333333215e+01 1.028795149271893195e+00 -1.888372981953107075e-03
1.516666666666666607e+01 1.019339756757908333e+00 2.106805151032504434e-03
1.518750000000000000e+01 1.020903422289562990e+00 -1.234274787368569264e-03
1.520833333333333215e+01 1.024345444333972122e+00 -2.452602995535146414e-03
1.522916666666666607e+01 1.028141937876331902e+00 6.435791511283613705e-04
1.525000000000000000e+01 1.034119776462453455e+00 5.922858994208466234e-04
1.527083333333333215e+01 1.033720837371700174e+00 1.323381842438182141e-03
1.529166666666666607e+01 1.028617884171926011e+00 1.074147201050934053e-03
1.531250000000000000e+01 1.009736090660140473e+00 1.385265740801526783e-03
1.533333333333333215e+01 1.002276562218355815e+00 -1.124229071662864255e-03
1.535416666666666607e+01 1.002358831043034915e+00 -5.148529961331484031e-04
1.537500000000000000e+01 1.006721191531546378e+00 -7.966226834231754502e-04
1.539583333333333215e+01 1.021978436700628379e+00 3.651132417046951302e-04
1.541666666666666607e+01 1.031505635790423092e+00 -7.618515765755672596e-04
1.543750000000000000e+01 1.036255081004426426e+00 1.697065108022587174e-03
1.545833333333333215e+01 1.026119037255637245e+00 5.972120604362301990e-04
1.547916666666666607e+01 1.025804360887310862e+00 8.051963275464803834e-04
1.550000000000000000e+01 1.019653654785710239e+00 -5.873525593529263598e-04
1.552083333333333215e+01 1.027018602113162871e+00 -6.356191325996206560e-04
1.554166666666666607e+01 1.023097353881286420e+00 -4.858300239494722089e-04
1.556250000000000000e+01 1.025484087383206289e+00 -1.294486003866454269e-05
1.558333333333333215e+01 1.026243964106069217e+00 -2.923963972606561604e-03
1.560416666666666607e+01 1.016247047027030170e+00 -1.361013422883506317e-03
1.562500000000000000e+01 1.012957928029845966e+00 7.820629674817290971e-04
1.564583333333333215e+01 1.004646480931682628e+00 1.845481992152403960e-04
1.566666666666666607e+01 1.011043370896225424e+00 7.050808929250448496e-04
1.568750000000000000e+01 1.019407545595395703e+00 -2.466724620303088950e-04
1.570833333333333215e+01 1.029594885301648333e+00 -8.678536977362384967e-04
1.572916666666666607e+01 1.042859948708787288e+00 7.048251259054733996e-05
1.575000000000000000e+01 1.044032504785139759e+00 -7.385550277952285811e-04
1.577083333333333215e+01 1.038006834689504609e+00 7.219676822662637839e-04
1.579166666666666607e+01 1.018298266740238933e+00 -7.907666307968894788e-05
1.581250000000000000e+01 9.983611273789089191e-01 2.588565279852747666e-04
1.583333333333333215e+01 9.936793415625374548e-01 6.121588287685933742e-04
1.585416666666666607e+01 9.935020013751695300e-01 -9.510621856825838064e-04
1.587500000000000000e+01 1.010753428989399128e+00 -9.920374614283229350e-04
1.589583333333333215e+01 1.030993762313651585e+00 -7.410869611347464022e-04
1.591666666666666607e+01 1.039606989175791751e+00 -2.937579358861799276e-04
1.593750000000000000e+01 1.037421527712946823e+00 1.626412761834331554e-03
1.595833333333333215e+01 1.034579836940151987e+00 -5.117097183124807340e-04
1.597916666666666607e+01 1.027498246350269984e+00 -5.560670204830321954e-04
1.600000000000000000e+01 1.022331628230907619e+00 1.108505069643910077e-03
1.602083333333333215e+01 1.019078270365690653e+00 1.650542269376531783e-03
1.604166666666666430e+01 1.011563581907334530e+00 5.019193943257570277e-04
1.606250000000000000e+01 1.002379826164196963e+00 1.300746223332873439e-03
1.608333333333333215e+01 1.003446849957305709e+00 3.646493035932283407e-06
1.610416666666666430e+01 1.020027034090531526e+00 1.666213928100188492e-04
1.612500000000000000e+01 1.024997971878361502e+00 3.788748845766064943e-05
1.614583333333333215e+01 1.041346743372659756e+00 1.061678414851482521e-03
1.616666666666666430e+01 1.033624683869329264e+00 1.061577119257376344e-04
1.618750000000000000e+01 1.030310926589394382e+00 3.616171804283698941e-05
1.620833333333333215e+01 1.014970210234175774e+00 -1.184704936799116544e-03
1.622916666666666430e+01 9.997403203967192287e-01 -1.189128583356957591e-03
1.625000000000000000e+01 9.902760732784698927e-01 -6.352892227683001262e-05
1.627083333333333215e+01 9.949619988150926186e-01 -3.683244471000996249e-04
1.629166666666666430e+01 1.003746385217353598e+00 1.227020233340989216e-03
1.631250000000000000e+01 1.018327058072637126e+00 -4.572115789039226394e-04
1.633333333333333215e+01 1.040153164332300983e+00 6.888958427449169523e-04
1.635416666666666430e+01 1.043354250602163358e+00 -1.877369875385224258e-04
1.637500000000000000e+01 1.039464866700952728e+00 -1.359336686731610648e-03
1.639583333333333215e+01 1.028103312555293636e+00 -1.530341726533198136e-03
1.641666666666666430e+01 1.010383142290885328e+00 -4.829401184305237506e-04
1.643750000000000000e+01 9.854199635030923554e-01 1.164650720800960461e-04
1.645833333333333215e+01 9.857385004385416094e-01 -1.567482870093097431e-03
1.647916666666666430e+01 9.992775457013425289e-01 1.258185781069273267e-03
1.650000000000000000e+01 1.022079569374863439e+00 7.821907205597988843e-04
1.652083333333333215e+01 1.040860203696900133e+00 1.047888483320028822e-03
1.654166666666666430e+01 1.044691727775951096e+00 1.447999291092452495e-04
1.656250000000000000e+01 1.043846754429623935e+00 8.457222418565987993e-04
1.658333333333333215e+01 1.034491660031271243e+00 6.048472178210091048e-04
1.660416666666666430e+01 1.028180240425754954e+00 -2.248488243669465123e-03
1.662500000000000000e+01 1.017690252622390545e+00 -8.495005113295293854e-04
1.664583333333333215e+01 1.010458054255876315e+00 2.192743052063355833e-03
1.666666666666666430e+01 1.002151584306211651e+00 -9.361887376528515775e-04
1.668750000000000000e+01 1.001671642580906907e+00 6.055310906128758995e-04
1.670833333333333215e+01 1.002869730439650775e+00 8.375180622115764801e-04
1.672916666666666430e+01 1.016616713887604995e+00 2.889179213386590373e-04
1.675000000000000000e+01 1.028810935957862549e+00 6.471132380710040415e-04
1.677083333333333215e+01 1.037632275276997751e+00 2.981266363360921424e-03
1.679166666666666430e+01 1.035626123673055510e+00 -2.186864715416964554e-03
1.681250000000000000e+01 1.033566723038134905e+00 -1.573108090819860458e-03
1.683333333333333215e+01 1.032079276805710100e+00 2.153838067620662475e-03
1.685416666666666430e+01 1.025034743436884055e+00 1.368653748331572764e-03
1.687500000000000000e+01 1.016271132456075588e+00 -6.551135681301170893e-04
1.689583333333333215e+01 1.012013107248155075e+00 2.190454545448554044e-03
1.691666666666666430e+01 1.007661039527842028e+00 -1.013613292865732330e-03
1.693750000000000000e+01 1.010049345131733833e+00 -1.012400444874493252e-03
1.695833333333333215e+01 1.014295333616477945e+00 -1.109188418103428933e-05
1.697916666666666430e+01 1.019851744197920462e+00 -5.968070838481676467e-04
1.700000000000000000e+01 1.027454029639695676e+00 -1.337646839382330223e-05
1.702083333333333215e+01 1.024642115472003789e+00 -9.386361450436989107e-04
1.704166666666666430e+01 1.029757551474822064e+00 -1.173994928010887572e-03
1.706250000000000000e+01 1.031588784699305261e+00 -5.241739951898373960e-04
1.708333333333333215e+01 1.034164180409210543e+00 1.036190478061207575e-03
1.710416666666666430e+01 1.029805649762247421e+00 -1.193763979150237698e-03
1.712500000000000000e+01 1.028531301607450432e+00 -1.284265861127753669e-03
1.714583333333333215e+01 1.020524593387940993e+00 7.554526099432577833e-04
1.716666666666666430e+01 1.007272514812510344e+00 -4.401772459918943726e-04
1.718750000000000000e+01 1.001673681287814643e+00 2.496781604380043842e-03
1.720833333333333215e+01 1.005354082892754519e+00 2.405119868991901708e-03
1.722916666666666430e+01 1.018867478060224263e+00 -9.620903968156986532e-04
1.725000000000000000e+01 1.029802949872321571e+00 -2.621518353009941790e-03
1.727083333333333215e+01 1.034934642973656782e+00 -1.538879592225458936e-03
1.729166666666666430e+01 1.041995838601945668e+00 3.165357912945824886e-04
1.731250000000000000e+01 1.043910710102050166e+00 -9.617986289025922579e-04
1.733333333333333215e+01 1.034588655198101836e+00 1.238847511300224984e-03
1.735416666666666430e+01 1.026416856793328947e+00 -1.588583303141520315e-03
1.737500000000000000e+01 1.019931525194570865e+00 -7.604703516302459320e-04
1.739583333333333215e+01 1.003444181686144798e+00 7.082982604420262629e-05
1.741666666666666430e+01 9.976005589098172477e-01 1.768935642965259718e-03
1.743750000000000000e+01 1.002244200098340698e+00 -1.322070186633064531e-03
1.745833333333333215e+01 1.016301966118102529e+00 5.179210700743749765e-04
1.747916666666666430e+01 1.035689827891632220e+00 -4.350386797946261669e-05
1.750000000000000000e+01 1.047247914207064756e+00 2.061935283881731636e-04
1.752083333333333215e+01 1.049782183603261920e+00 -5.970254030832564942e-04
1.754166666666666430e+01 1.049761731747747895e+00 -5.147312938093203403e-04
1.756250000000000000e+01 1.035943876807717379e+00 -2.227454257344817963e-05
1.758333333333333215e+01 1.021076122742180958e+00 1.278994226886176174e-04
1.760416666666666430e+01 1.004689756728828209e+00 -1.529431081247023582e-03
1.762500000000000000e+01 9.916259129391621352e-01 -1.297315806654252294e-04
1.764583333333333215e+01 9.911764223954796504e-01 1.256256627250671028e-04
1.766666666666666430e+01 9.995916436548727413e-01 1.106299569533655304e-03
1.768750000000000000e+01 1.017976491774796433e+00 -5.907805988067857915e-04
1.770833333333333215e+01 1.044959512339510788e+00 1.991141577052327888e-03
1.772916666666666430e+01 1.065683649753955908e+00 -2.312289229659420745e-03
1.775000000000000000e+01 1.060555866050889140e+00 -2.084998038615175093e-03
1.777083333333333215e+01 1.040778201652311719e+00 -1.091898408189351027e-03
1.779166666666666430e+01 1.020687511691857008e+00 -1.765459168085896152e-04
1.781250000000000000e+01 1.006313827574481623e+00 1.498422561473264488e-03
1.783333333333333215e+01 9.912698343298426140e-01 5.278865419420604357e-04
1.785416666666666430e+01 1.000507876370581473e+00 5.526257789241279450e-04
1.787500000000000000e+01 1.006152757161027589e+00 9.265765705492528355e-05
1.789583333333333215e+01 1.013303118217227183e+00 -1.295088687354483238e-03
1.791666666666666430e+01 1.033395137155035615e+00 2.266028138647227606e-03
1.793750000000000000e+01 1.050283977727094253e+00 1.084136544551283273e-03
1.795833333333333215e+01 1.053854205466621341e+00 -8.612710519930356782e-04
1.797916666666666430e+01 1.049180945989776292e+00 -1.556890578197610297e-04
1.800000000000000000e+01 1.043511708236429136e+00 -4.246149264110853609e-05
1.802083333333333215e+01 1.030129362969916196e+00 1.071952828513839063e-03
1.804166666666666430e+01 1.007182913212617326e+00 1.012716133695788475e-03
1.806250000000000000e+01 1.001158614907114552e+00 1.027022579186464678e-03
1.808333333333333215e+01 9.989054080637594923e-01 -3.538966843395531525e-04
1.810416666666666430e+01 1.004280924134368647e+00 9.111957339884380145e-04
1.812500000000000000e+01 1.008405085154399528e+00 3.157112594863468926e-04
1.814583333333333215e+01 1.018439046611497201e+00 -6.754109289915272455e-04
1.816666666666666430e+01 1.036391754303941370e+00 2.867261116796668220e-04
1.818750000000000000e+01 1.050187554799674627e+00 -2.856023082820489576e-04
1.820833333333333215e+01 1.058666939286472264e+00 -1.796804625550379336e-04
1.822916666666666430e+01 1.056223661551934034e+00 5.899824141989870293e-04
1.825000000000000000e+01 1.045717879547382934e+00 -9.258487255301870930e-04
1.827083333333333215e+01 1.020777512406208398e+00 2.815189673502901946e-03
1.829166666666666430e+01 1.007009549536114879e+00 8.676936670125977172e-04
1.831250000000000000e+01 9.888957034279537428e-01 4.647673325742891705e-04
1.833333333333333215e+01 9.931786505735062942e-01 1.319258302912692561e-03
1.835416666666666430e+01 1.002876206531839287e+00 -7.435769575105703408e-05
1.837500000000000000e+01 1.017509425969387094e+00 1.689747606668430893e-03
1.839583333333333215e+01 1.034436355144447983e+00 -3.070488084463149272e-03
1.841666666666666430e+01 1.054539516053659698e+00 2.831588973945223416e-04
1.843750000000000000e+01 1.063125492752769352e+00 -7.464627827132057011e-04
1.845833333333333215e+01 1.060910896296150430e+00 -1.994815542110429506e-03
1.847916666666666430e+01 1.050492331615369812e+00 1.477537472297953472e-03
1.850000000000000000e+01 1.028365258868965348e+00 1.386307290210797702e-03
1.852083333333333215e+01 9.987346515103777689e-01 -4.386255083025411127e-04
1.854166666666666430e+01 9.903814062745470714e-01 1.734562763005121364e-03
1.856250000000000000e+01 9.818252392796957828e-01 2.594097627871769837e-03
1.858333333333333215e+01 9.992601395672221498e-01 -5.829718290194188133e-04
1.860416666666666430e+01 1.017404144117713072e+00 6.989975549272865523e-04
1.862500000000000000e+01 1.032231524861935590e+00 4.843854679531058353e-04
1.864583333333333215e+01 1.050403114195134213e+00 -1.269862706476364896e-03
1.866666666666666430e+01 1.056197404313326871e+00 -1.206221509699142644e-03
1.868750000000000000e+01 1.059374989805847544e+00 7.882419274744509362e-04
1.870833333333333215e+01 1.046855889304830090e+00 -2.380204954139365954e-03
1.872916666666666430e+01 1.030615322033464398e+00 -7.452977319048624712e-04
1.875000000000000000e+01 1.009455443023354437e+00 2.256614580764287241e-04
1.877083333333333215e+01 9.955181580200209712e-01 3.652747274773374435e-04
1.879166666666666430e+01 9.877750499700430620e-01 -9.013967167218077175e-04
1.881250000000000000e+01 1.005723656746368766e+00 -1.594576980295867702e-04
1.883333333333333215e+01 1.016018985542954223e+00 1.002802451976824794e-03
1.885416666666666430e+01 1.037013381436167059e+00 4.924119952239669300e-04
1.887500000000000000e+01 1.049189024172167084e+00 1.279744449598943772e-03
1.889583333333333215e+01 1.046965211022629738e+00 1.003472423884330025e-03
1.891666666666666430e+01 1.040615926316510231e+00 6.849094003390156660e-04
1.893750000000000000e+01 1.036491455960580677e+00 -1.217900763416162376e-03
1.895833333333333215e+01 1.021212940696947236e+00 -3.449743710367246812e-04
1.897916666666666430e+01 1.014432895057676864e+00 -3.183316607508248079e-04
1.900000000000000000e+01 1.012006044713837705e+00 8.674819411341737644e-04
1.902083333333333215e+01 1.011204122438311925e+00 -7.409298127053277113e-04
1.904166666666666430e+01 1.011172775636780985e+00 -1.577714612362901515e-03
1.906250000000000000e+01 1.021203923815267034e+00 -4.789278839986645022e-04
1.908333333333333215e+01 1.028742364088695682e+00 -2.034314320034442264e-03
1.910416666666666430e+01 1.033340840738770305e+00 -4.214089890972712239e-04
1.912500000000000000e+01 1.034676641982896106e+00 2.308363420251394356e-03
1.914583333333333215e+01 1.036173771846298219e+00 -2.123833170897777151e-03
1.916666666666666430e+01 1.037864922563372927e+00 1.911681386686637932e-03
1.918750000000000000e+01 1.044233215461191300e+00 -1.752854291196537240e-03
1.920833333333333215e+01 1.033985143993297218e+00 -9.642559112716561328e-04
1.922916666666666430e+01 1.017403520251696225e+00 -1.225441501114970827e-04
1.925000000000000000e+01 1.002062809187409087e+00 -2.675669540819468621e-04
1.927083333333333215e+01 9.972421403424708286e-01 -2.065915487659282621e-04
1.929166666666666430e+01 1.004527215783701521e+00 6.381785204096082978e-04
1.931250000000000000e+01 1.020040488080226293e+00 1.393818093625896976e-03
1.933333333333333215e+01 1.036815404645155647e+00 2.054894581112414083e-03
1.935416666666666430e+01 1.052082332470463566e+00 -6.668100805981559643e-04
1.937500000000000000e+01 1.046871308183114024e+00 -1.489763083571199508e-03
1.939583333333333215e+01 1.032557784523933542e+00 -2.449259045285631219e-03
1.941666666666666430e+01 1.025983407154735572e+00 -3.531407475780757753e-04
1.943750000000000000e+01 1.017290508470148236e+00 -1.249801486722591738e-03
1.945833333333333215e+01 1.008903155853407174e+00 -3.925447043658378331e-04
1.947916666666666430e+01 1.007497873946994194e+00 -2.802263533334019025e-03
1.950000000000000000e+01 1.009294034051915645e+00 1.229981952807950593e-03
1.952083333333333215e+01 1.012376853797668730e+00 1.311979468286751617e-03
1.954166666666666430e+01 1.016873628875025526e+00 4.153852854442634896e-04
1.956250000000000000e+01 1.020897879334519143e+00 7.727970891529550726e-04
1.958333333333333215e+01 1.024698132729203293e+00 -1.854210327514185927e-03
1.960416666666666430e+01 1.027493051383700617e+00 3.912379032096475985e-04
1.962500000000000000e+01 1.029070883256793856e+00 2.208026026432248783e-04
1.964583333333333215e+01 1.028414724219150589e+00 -1.107949085649088082e-03
1.966666666666666430e+01 1.024652020991331458e+00 1.492114731879194082e-03
1.968750000000000000e+01 1.011013530932498794e+00 -1.150869760611708927e-03
1.970833333333333215e+01 1.001105763779677194e+00 -4.949942023510814316e-04
1.972916666666666430e+01 9.847127228082835915e-01 1.111548176672681005e-03
1.975000000000000000e+01 9.817581836799533779e-01 -3.587988281353110477e-04
1.977083333333333215e+01 9.967326156204704413e-01 9.901629078354976920e-04
1.979166666666666430e+01 1.012969908298705590e+00 -1.586371176922706351e-04
1.981250000000000000e+01 1.037810910371403494e+00 -1.362686410033736670e-03
1.983333333333333215e+01 1.040530882581377270e+00 -6.820940584538194270e-04
1.985416666666666430e+01 1.033168147822133509e+00 -1.363795197254273357e-03
1.987500000000000000e+01 1.011561583706935163e+00 -7.360132967569921235e-04
1.989583333333333215e+01 9.771510899914681580e-01 -2.234291976583026263e-04
1.991666666666666430e+01 9.385196756506202220e-01 5.733171009759284106e-04
1.993750000000000000e+01 9.127920740834648550e-01 1.106527915523418523e-03
1.995833333333333215e+01 9.004975138598346751e-01 -1.658336839553816713e-03
1.997916666666666430e+01 8.814464125563282737e-01 -2.704235986846185318e-04
2.000000000000000000e+01 8.671820951391204790e-01 -1.553757102326589487e-04
2.002083333333333215e+01 8.417939597372481320e-01 1.183162476276630086e-03
2.004166666666666430e+01 8.313410202616504652e-01 8.063944004290831118e-04
2.006250000000000000e+01 8.122696921875510734e-01 1.258288322979882624e-04
2.008333333333333215e+01 7.959138330767410174e-01 -1.110994722971003074e-03
2.010416666666666430e+01 7.948017061674306216e-01 -6.300102597797384318e-05
2.012500000000000000e+01 8.065122150696042436e-01 -1.374265187721648070e-03
2.014583333333333215e+01 8.281291481209607230e-01 -1.749759492668027504e-03
2.016666666666666430e+01 8.618588586330454548e-01 7.414819276063336481e-04
2.018750000000000000e+01 9.077507093466715693e-01 -7.209268623247299486e-04
2.020833333333333215e+01 9.621194117539783042e-01 -1.095278181678155469e-03
2.022916666666666430e+01 9.985510834338012787e-01 1.074279165966962645e-03
2.025000000000000000e+01 1.023829891155442429e+00 3.980175484726473256e-05
2.027083333333333215e+01 1.031629498276691592e+00 3.523790686204837045e-03
2.029166666666666430e+01 1.020241441150241846e+00 2.251965281538899268e-03
2.031250000000000000e+01 9.981647674591671571e-01 1.257421421998536695e-03
2.033333333333333215e+01 9.779900136310450964e-01 -7.978316786887162688e-05
2.035416666666666430e+01 9.637389142844245971e-01 -6.448677523097307105e-04
2.037500000000000000e+01 9.614950726862911967e-01 2.920754824578104814e-03
2.039583333333333215e+01 9.898281972381219873e-01 -1.616746803567948795e-04
2.041666666666666430e+01 1.018333125997594291e+00 -2.494600169814971576e-03
2.043750000000000000e+01 1.050014564856551313e+00 -1.954323667559417125e-05
2.045833333333333215e+01 1.062526199834773255e+00 2.287476678716645045e-04
2.047916666666666430e+01 1.052461016782804126e+00 6.216998616595447932e-04
2.050000000000000000e+01 1.030146193309818381e+00 -2.340250084061498963e-03
2.052083333333333215e+01 9.975010287425485345e-01 2.739420042290918386e-03
2.054166666666666430e+01 9.822279325986109644e-01 3.784623112934331788e-04
2.056250000000000000e+01 9.820875946821405744e-01 8.795498687933687131e-04
2.058333333333333215e+01 9.941904509664372114e-01 1.122498408490379745e-03
2.060416666666666430e+01 1.011787440590444787e+00 6.119113556944231645e-04
2.062500000000000000e+01 1.023132689773267767e+00 1.447959559550129286e-03
2.064583333333333215e+01 1.035140771484445832e+00 4.789432756470998298e-04
2.066666666666666430e+01 1.042132278679801072e+00 2.215465130202920723e-03
2.068750000000000000e+01 1.040229566944849804e+00 -4.488828130839893544e-04
2.070833333333333215e+01 1.040173074326417257e+00 -9.610656099911050326e-04
2.072916666666666430e+01 1.023942602352563958e+00 -7.987616932749211319e-04
2.075000000000000000e+01 1.025730481356823320e+00 1.098642719467419603e-03
2.077083333333333215e+01 1.025820023511893719e+00 1.174871246495545404e-03
2.079166666666666430e+01 1.020368740689954645e+00 -8.143220415890083065e-04
2.081250000000000000e+01 1.019197643344047721e+00 -9.239610987817939956e-04
2.083333333333333215e+01 1.016213835366827967e+00 -1.090080087863621650e-04
2.085416666666666430e+01 1.012829198206388392e+00 3.433299844186860723e-04
2.087500000000000000e+01 1.016125753895908757e+00 -2.446546404982042440e-04
2.089583333333333215e+01 1.023423056010686505e+00 2.052545800537884484e-03
2.091666666666666430e+01 1.038579976130724614e+00 -5.657446207668920691e-04
2.093750000000000000e+01 1.046380162883541409e+00 4.883159832166663304e-05
2.095833333333333215e+01 1.040671089925296666e+00 -6.499675794811400403e-04
2.097916666666666430e+01 1.037102376181328722e+00 1.817573966367928829e-04
2.100000000000000000e+01 1.025094441972391524e+00 5.180540972314385010e-04
2.102083333333333215e+01 1.018758472333147536e+00 -5.734924948911060725e-05
2.104166666666666430e+01 1.018425202326641132e+00 1.000120002421893157e-04
2.106250000000000000e+01 1.016226453095457671e+00 -1.345500836775003579e-03
2.108333333333333215e+01 1.020167437112371012e+00 1.043954197503341522e-03
2.110416666666666430e+01 1.019457477730597139e+00 -2.894670533438672587e-04
2.112500000000000000e+01 1.022784205324988038e+00 -1.757050200875430240e-04
2.114583333333333215e+01 1.028397609532519352e+00 -3.662094793585160871e-04
2.116666666666666430e+01 1.030573360875189470e+00 1.182522633867634466e-03
2.118750000000000000e+01 1.036508703330098591e+00 1.419336334107455452e-03
2.120833333333333215e+01 1.036352809375367334e+00 7.121300367847702715e-04
2.122916666666666430e+01 1.036081022223522385e+00 -7.365741344037893528e-04
2.125000000000000000e+01 1.024047696709389443e+00 9.327423983570083720e-04
2.127083333333333215e+01 1.024693681809325518e+00 -6.589445203192952029e-04
2.129166666666666430e+01 1.012883561754186701e+00 -1.842630485992113464e-04
2.131250000000000000e+01 1.012523631834977955e+00 -1.235555493300840007e-03
2.133333333333333215e+01 1.009624994570311296e+00 -6.339638566846323873e-04
2.135416666666666430e+01 1.014210032035479436e+00 1.583410214316177808e-03
2.137500000000000000e+01 1.020902356813454537e+00 -3.576351555229744659e-07
2.139583333333333215e+01 1.029484087358997879e+00 -5.732996303219470768e-04
2.141666666666666430e+01 1.039097935540121753e+00 1.615279875664148677e-03
2.143750000000000000e+01 1.035969471944019560e+00 -9.306632551854116507e-05
2.145833333333333215e+01 1.027879341459181139e+00 6.234699416055048066e-04
2.147916666666666430e+01 1.024353896258152430e+00 -1.715072038886424457e-03
2.150000000000000000e+01 1.020130103508432917e+00 -1.918283618425004142e-03
2.152083333333333215e+01 1.013223093421696808e+00 -2.131665793623144668e-03
2.154166666666666430e+01 1.012071505788886938e+00 1.312239914864124491e-04
2.156250000000000000e+01 1.019082384552502329e+00 -2.277369506435524167e-03
2.158333333333333215e+01 1.017121030048467878e+00 6.743863418591801960e-04
2.160416666666666430e+01 1.024291461080810706e+00 1.614446474799828210e-03
2.162500000000000000e+01 1.026279069071443395e+00 1.716486758120688437e-04
2.164583333333333215e+01 1.031388993050805336e+00 -2.699952374889137132e-04
2.166666666666666430e+01 1.026925999661084665e+00 7.563469863738778382e-04
2.168750000000000000e+01 1.023995360889591977e+00 -8.912395503866080843e-04
2.170833333333333215e+01 1.013036995005869301e+00 1.857844995749944727e-03
2.172916666666666430e+01 1.013952428569286912e+00 3.543533288409544263e-04
2.175000000000000000e+01 1.015344699847077203e+00 9.459967231372981436e-04
2.177083333333333215e+01 1.024437826259649853e+00 -2.806132573088181105e-04
2.179166666666666430e+01 1.025839920634489255e+00 1.853976091146421808e-03
2.181250000000000000e+01 1.023782585536293421e+00 1.397755212111783307e-03
2.183333333333333215e+01 1.013880071231746616e+00 -1.571845024453599401e-04
2.185416666666666430e+01 1.020934545909820024e+00 1.208722932332520180e-03
2.187500000000000000e+01 1.017880345595895575e+00 4.402269015144416532e-04
2.189583333333333215e+01 1.024051580419771401e+00 -2.093130748069119466e-04
2.191666666666666430e+01 1.033910642189985962e+00 -1.156599894325052507e-03
2.193750000000000000e+01 1.029689481168043930e+00 1.059832119773149209e-05
2.195833333333333215e+01 1.020514260763624170e+00 -1.791011556784658865e-03
2.197916666666666430e+01 1.016456277477760795e+00 1.775041416321057912e-03
2.200000000000000000e+01 1.010433842877673793e+00 -8.259813008800280781e-04
2.202083333333333215e+01 1.015164460742834507e+00 2.565496340766459330e-03
2.204166666666666430e+01 1.023235430304210158e+00 -2.036908461743235262e-03
2.206250000000000000e+01 1.021652375056765205e+00 -2.362135586449552131e-03
2.208333333333333215e+01 1.021149828421627603e+00 -2.221389602307548717e-03
2.210416666666666430e+01 1.016851654251488268e+00 1.458369942076042118e-03
2.212500000000000000e+01 1.019661549010423496e+00 -1.528408662633555862e-03
2.214583333333333215e+01 1.022450288573296451e+00 1.297097163281770143e-03
2.216666666666666430e+01 1.024717371921285869e+00 -1.666360216355959383e-04
2.218750000000000000e+01 1.029488226877629309e+00 -8.170831562397568330e-04
2.220833333333333215e+01 1.020960875967507286e+00 9.242546805847146746e-05
2.222916666666666430e+01 1.017219512817887805e+00 8.019614050191971235e-04
2.225000000000000000e+01 1.016974600698655307e+00 1.366546168341786424e-03
2.227083333333333215e+01 1.012292844564613326e+00 1.796669562633660452e-03
2.229166666666666430e+01 1.015136909226685535e+00 -7.835021053184305657e-04
2.231250000000000000e+01 1.010855027567165276e+00 1.454899611028769848e-03
2.233333333333333215e+01 1.019619089073337204e+00 4.774421522161492043e-04
2.235416666666666430e+01 1.029386701301211016e+00 7.637621925946769382e-04
2.237500000000000000e+01 1.033039869423333812e+00 1.824649058495349859e-03
2.239583333333333215e+01 1.037365310491454640e+00 2.371128051394027288e-04
2.241666666666666430e+01 1.028161358456094909e+00 9.534205964824589820e-04
2.243750000000000000e+01 1.017996539729250527e+00 1.840060519126548305e-03
2.245833333333333215e+01 1.008568611782257651e+00 -1.938636652596679479e-03
2.247916666666666430e+01 1.003446376515513494e+00 -8.237561426327268425e-04
2.250000000000000000e+01 1.008975146243110022e+00 -1.586091533419806783e-03
2.252083333333333215e+01 1.020376139025044981e+00 -2.603563512879356317e-03
2.254166666666666430e+01 1.029249798736903809e+00 -1.468202573737316819e-04
2.256250000000000000e+01 1.026338833759353308e+00 1.579145850484914813e-03
2.258333333333333215e+01 1.013732427613720288e+00 6.294202051950524655e-04
2.260416666666666430e+01 1.012204289359113663e+00 -4.840681981955563084e-04
2.262500000000000000e+01 1.010304602814771968e+00 1.668920510799133195e-03
2.264583333333333215e+01 1.010707296344062867e+00 1.561527824615624102e-03
2.266666666666666430e+01 1.017412444599048449e+00 2.365045053657043733e-03
2.268750000000000000e+01 1.021933110296536107e+00 2.443655058246013353e-03
2.270833333333333215e+01 1.020200936797762692e+00 3.473379100757691650e-04
2.272916666666666430e+01 1.021002768764460056e+00 -3.487236618774361614e-04
2.275000000000000000e+01 1.018121109521638923e+00 -5.083886782913172767e-05
2.277083333333333215e+01 1.011278653466626487e+00 1.252606283795648949e-03
2.279166666666666430e+01 1.002290763695499187e+00 -2.728515046353347743e-03
2.281250000000000000e+01 9.983766659435171498e-01 -4.170517357640496641e-04
2.283333333333333215e+01 1.003054565336111370e+00 1.115201413040874199e-03
2.285416666666666430e+01 1.012629345482745080e+00 -5.363389110331178962e-04
2.287500000000000000e+01 1.026345095863528067e+00 -6.359326214752359339e-04
2.289583333333333215e+01 1.034888918666310165e+00 -1.138061191167654703e-04
2.291666666666666430e+01 1.044251979070709879e+00 -6.716804554876157438e-04
2.293750000000000000e+01 1.039809670804656916e+00 -1.664264387864771919e-03
2.295833333333333215e+01 1.031109713730274713e+00 -3.011742944320346073e-04
2.297916666666666430e+01 1.016640556729017320e+00 3.683790846427024111e-04
2.300000000000000000e+01 1.010657867764509277e+00 1.722513538908822034e-03
2.302083333333333215e+01 1.000668422268894409e+00 2.188003645787941348e-03
2.304166666666666430e+01 9.979243190911006867e-01 2.752077001347289159e-04
2.306250000000000000e+01 9.958068976227844038e-01 -5.697044981604137233e-04
2.308333333333333215e+01 1.010813163502075396e+00 -2.432297880881881258e-03
2.310416666666666430e+01 1.028236504862021450e+00 1.746314883185161619e-03
2.312500000000000000e+01 1.045024050440829910e+00 5.577192910536389175e-05
2.314583333333333215e+01 1.055833724178462774e+00 6.663722961330162571e-04
2.316666666666666430e+01 1.048674035199640642e+00 9.435969574780766382e-04
2.318750000000000000e+01 1.034461415718853194e+00 5.072911494644009173e-04
2.320833333333333215e+01 1.015831142903989237e+00 -4.251573466748712597e-05
2.322916666666666430e+01 1.002650630206029847e+00 8.683365016832956162e-05
2.325000000000000000e+01 9.996939167493638090e-01 1.127998754912458348e-03
2.327083333333333215e+01 1.003974241505557030e+00 -1.886628196983955843e-03
2.329166666666666430e+01 1.005483919336292331e+00 3.675563110010004542e-04
2.331250000000000000e+01 1.015703031960057956e+00 4.862075066453338699e-04
2.333333333333333215e+01 1.016034521828006243e+00 2.769861812766339238e-03
2.335416666666666430e+01 1.027258609490719232e+00 -5.526153501686761806e-04
2.337500000000000000e+01 1.043069270870467857e+00 -7.823711281330009756e-04
2.339583333333333215e+01 1.043761022627647916e+00 6.310230980792911411e-05
2.341666666666666430e+01 1.039984372982341032e+00 9.082774539709020803e-04
2.343750000000000000e+01 1.038974963605034718e+00 -1.453278684618987708e-03
2.345833333333333215e+01 1.020225798804079709e+00 1.138767187148739162e-03
2.347916666666666430e+01 1.012847676475989500e+00 7.596918130334974614e-04
2.350000000000000000e+01 1.003811637621106367e+00 -2.071103268809491513e-03
2.352083333333333215e+01 1.004300320891038822e+00 -2.113227873576386216e-03
2.354166666666666430e+01 1.002253109121497898e+00 1.562340692081036530e-03
2.356250000000000000e+01 1.005591835954336988e+00 9.756185117933568356e-05
2.358333333333333215e+01 1.018316431286072188e+00 2.164314754609260576e-03
2.360416666666666430e+01 1.032512870529440852e+00 -2.832282954223790572e-04
2.362500000000000000e+01 1.043693723373876114e+00 -2.301072779924396693e-03
2.364583333333333215e+01 1.042418366976786803e+00 -4.731214446672370177e-04
2.366666666666666430e+01 1.035243674140924997e+00 -9.580834491892091390e-04
2.368750000000000000e+01 1.024549383207860043e+00 8.077526257896843007e-04
2.370833333333333215e+01 1.016530063073741497e+00 -3.141508725976306735e-04
2.372916666666666430e+01 1.022349415305976450e+00 -2.258215653778400823e-03
2.375000000000000000e+01 1.017246723091598692e+00 -2.080606874559594050e-03
2.377083333333333215e+01 1.017884716666321188e+00 -2.532962689905675813e-04
2.379166666666666430e+01 1.009365269737632520e+00 2.030691372308175875e-03
2.381250000000000000e+01 1.005187157889136262e+00 1.580496148417931510e-04
2.383333333333333215e+01 1.007894596887294547e+00 1.354322960350197403e-03
2.385416666666666430e+01 1.017519859568175367e+00 -2.673587253055237627e-03
2.387500000000000000e+01 1.037670384466846452e+00 3.216407543955778436e-04
2.389583333333333215e+01 1.047153421716195298e+00 2.091279399261415629e-04
2.391666666666666430e+01 1.051683282483937054e+00 8.438430600640472058e-04
2.393750000000000000e+01 1.044073327742012003e+00 -1.701138482299661948e-04
2.395833333333333215e+01 1.028072458361001695e+00 -3.159566087338501385e-03
2.397916666666666430e+01 1.012208672542870724e+00 -6.924718570485635790e-04
2.400000000000000000e+01 1.002448784118354475e+00 -3.182920026380990706e-04
2.402083333333333215e+01 9.955546883793370272e-01 9.772777425105132806e-04
2.404166666666666430e+01 1.001879215102167153e+00 1.978031667886353897e-05
2.406250000000000000e+01 1.007069552593342632e+00 6.082246463155029439e-04
2.408333333333333215e+01 1.026390998724955539e+00 -7.383323274302864073e-04
2.410416666666666430e+01 1.046029195275882229e+00 6.986462542520098865e-04
2.412500000000000000e+01 1.048066904394115983e+00 2.701130849707628957e-04
2.414583333333333215e+01 1.049533914651582522e+00 3.452498270149005188e-04
2.416666666666666430e+01 1.037990929604364121e+00 -3.499175362876466599e-04
2.418750000000000000e+01 1.020058889873051822e+00 1.852817422910689742e-04
2.420833333333333215e+01 1.004791620701473098e+00 5.132879228411743209e-04
2.422916666666666430e+01 1.002810214189520543e+00 3.389278567382736297e-04
2.425000000000000000e+01 1.005653965516213555e+00 -3.981762409619065031e-03
2.427083333333333215e+01 1.009668792259993175e+00 -3.065250827348981800e-04
2.429166666666666430e+01 1.013202845877160696e+00 1.052838375868040202e-03
2.431250000000000000e+01 1.036592754861616950e+00 8.784050396377329458e-04
2.433333333333333215e+01 1.045994768727732449e+00 -8.935837265132748732e-04
2.435416666666666430e+01 1.060089929469103298e+00 6.199455133613647039e-04
2.437500000000000000e+01 1.051764662289299768e+00 -6.466248730186888562e-04
2.439583333333333215e+01 1.035079586063107682e+00 5.993971901346307985e-04
2.441666666666666430e+01 1.012714074622057758e+00 -9.416985658695291132e-04
2.443750000000000000e+01 9.884134066911758332e-01 2.777365117219850969e-04
2.445833333333333215e+01 9.918338059849242105e-01 -1.259089570101334758e-03
2.447916666666666430e+01 1.002531033282546558e+00 -4.145033723603761607e-05
2.450000000000000000e+01 1.026912241509179369e+00 1.954588485129900657e-04
2.452083333333333215e+01 1.044893764201833442e+00 2.771722653690563819e-04
2.454166666666666430e+01 1.053804843013752324e+00 4.554916049102829224e-04
2.456250000000000000e+01 1.047629797040162680e+00 2.090040267262375465e-03
2.458333333333333215e+01 1.038039237753491495e+00 -4.770386436022256002e-04
2.460416666666666430e+01 1.024823020832687392e+00 7.281750891620519415e-04
2.462500000000000000e+01 1.006397329032655996e+00 -3.975117567446070509e-04
2.464583333333333215e+01 1.004669414539112404e+00 9.420497445145643986e-04
2.466666666666666430e+01 1.004794739808496651e+00 6.084919324013834908e-04
2.468750000000000000e+01 1.010246968784275001e+00 -9.907955274841926535e-04
2.470833333333333215e+01 1.028612431251780368e+00 8.283340833107641181e-04
2.472916666666666430e+01 1.041378724320259685e+00 4.056950498102143547e-04
2.475000000000000000e+01 1.042723497513276643e+00 -2.541714835181135444e-04
2.477083333333333215e+01 1.037661231087916747e+00 -2.561575372536251810e-04
2.479166666666666430e+01 1.029076346863467384e+00 1.586008727528248879e-03
2.481250000000000000e+01 1.018811318671529964e+00 1.229965303057068175e-04
2.483333333333333215e+01 1.020465852172808496e+00 -1.172949351547496497e-04
2.485416666666666430e+01 1.022315311268244153e+00 8.957761557212602513e-04
2.487500000000000000e+01 1.022853864774571520e+00 4.601354389554648838e-04
2.489583333333333215e+01 1.025197199119919134e+00 7.617005953685331487e-04
2.491666666666666430e+01 1.019239245374236935e+00 9.957659388418011945e-04
2.493750000000000000e+01 1.018406786833865318e+00 -1.747937435311913007e-03
2.495833333333333215e+01 1.023893620414848771e+00 2.857517211047808092e-04
2.497916666666666430e+01 1.022622931319163264e+00 1.447382402697618619e-03
2.500000000000000000e+01 1.034110973818025858e+00 6.234936498007015567e-04
2.502083333333333215e+01 1.034919171392858939e+00 1.193368464697581620e-03
2.504166666666666430e+01 1.032371371714933206e+00 9.573051933509362649e-04
2.506250000000000000e+01 1.030197689756713553e+00 2.088372395779370012e-03
2.508333333333333215e+01 1.026516155199820757e+00 1.332465572092662268e-04
2.510416666666666430e+01 1.023595468940018849e+00 4.122683662399054586e-05
2.512500000000000000e+01 1.014752001650363278e+00 -3.713755341162096844e-03
2.514583333333333215e+01 1.014757570395192099e+00 1.193533340105095439e-03
2.516666666666666430e+01 1.017464705651728307e+00 1.849635104926049267e-03
2.518750000000000000e+01 1.022735226790396190e+00 -1.216909678468230260e-04
2.520833333333333215e+01 1.032605854075858698e+00 -2.373038179525192891e-04
2.522916666666666430e+01 1.036880094121454876e+00 1.323386353306187221e-03
2.525000000000000000e+01 1.043341069384958075e+00 -1.525313840107418240e-03
2.527083333333333215e+01 1.032416742485209538e+00 -6.573091637057502544e-04
2.529166666666666430e+01 1.025453214364620003e+00 -1.657328099575548991e-03
2.531250000000000000e+01 1.020363124924264842e+00 2.312321971967499102e-03
2.533333333333333215e+01 1.016276018943409909e+00 7.337595198550471995e-04
2.535416666666666430e+01 1.018346553503502339e+00 -1.222757024266074707e-03
2.537500000000000000e+01 1.018729283232864047e+00 1.028713818571771023e-03
2.539583333333333215e+01 1.023307506866670824e+00 1.831653374371482635e-04
2.541666666666666430e+01 1.027561810745156068e+00 5.220855731066805340e-04
2.543750000000000000e+01 1.031115508107695700e+00 2.723642942374321450e-03
2.545833333333333215e+01 1.032902662105431801e+00 -6.913129025920515796e-04
2.547916666666666430e+01 1.043467509577688190e+00 2.731067734535927091e-03
2.550000000000000000e+01 1.041469113019574122e+00 -1.629976031544024331e-03
2.552083333333333215e+01 1.030160164644190912e+00 -3.530528818679644159e-04
2.554166666666666430e+01 1.013458470836105407e+00 1.118312159116377106e-04
2.556250000000000000e+01 1.003663057534571079e+00 -8.641541408121751868e-04
2.558333333333333215e+01 1.004150859443866839e+00 -6.689086578879713816e-04
2.560416666666666430e+01 1.006085808633554235e+00 1.433891136599452524e-03
2.562500000000000000e+01 1.019612800373748795e+00 -4.658786333638044105e-04
2.564583333333333215e+01 1.033202105400803372e+00 6.052462022982708391e-04
2.566666666666666430e+01 1.044438401567279184e+00 -6.668513864533574765e-05
2.568750000000000000e+01 1.050211200578033743e+00 5.727463906595606441e-04
2.570833333333333215e+01 1.049263614940342482e+00 2.046930835115728605e-04
2.572916666666666430e+01 1.038277243148934437e+00 -9.198393796876587957e-04
2.575000000000000000e+01 1.018207202010751766e+00 4.271161690550693765e-04
2.577083333333333215e+01 9.992310889765059212e-01 9.994621956262597726e-04
2.579166666666666430e+01 9.992119277361560803e-01 4.129941021823380271e-04
2.581250000000000000e+01 1.004785975911103080e+00 2.013041135756222372e-03
2.583333333333333215e+01 1.008615144149932696e+00 1.590543360803543327e-03
2.585416666666666430e+01 1.030592096653502043e+00 -1.941390837132029581e-03
2.587500000000000000e+01 1.035124947367563886e+00 -1.657833270543300486e-03
2.589583333333333215e+01 1.033157474168300505e+00 -3.381997013455763281e-03
2.591666666666666430e+01 1.035891103256258106e+00 -1.569427690915186583e-03
2.593750000000000000e+01 1.028011635678147906e+00 1.540131806846596076e-04
2.595833333333333215e+01 1.027812721535292795e+00 -1.672888523328081587e-03
2.597916666666666430e+01 1.023316542735103196e+00 -2.150956920189207693e-03
