0.000000000000000000e+00 9.752776942726189002e-01 1.176625106060520546e-03
2.083333333333333218e-02 9.698229877586694858e-01 -1.324098185539930974e-03
4.166666666666666435e-02 9.822675979829120774e-01 1.851372786934634643e-03
6.250000000000000000e-02 9.929139101979043147e-01 -9.319523832407945654e-05
8.333333333333332871e-02 1.006934558180409667e+00 -7.149928645187626905e-04
1.041666666666666574e-01 1.022975312311496632e+00 1.872305209471598376e-03
1.250000000000000000e-01 1.025965945433645166e+00 -3.968890865406867136e-04
1.458333333333333148e-01 1.017351406933198366e+00 -3.714821027211443263e-04
1.666666666666666574e-01 1.005426899050238188e+00 1.090294881919451862e-03
1.875000000000000000e-01 9.973614473084372323e-01 -7.711438031352433817e-04
2.083333333333333148e-01 9.940447077472708282e-01 -1.215867009392509752e-04
2.291666666666666574e-01 9.962098501394180960e-01 3.285344366110948787e-03
2.500000000000000000e-01 9.971688713529015535e-01 1.600597542877330373e-03
2.708333333333333148e-01 1.000096339168177195e+00 1.410259948038446436e-03
2.916666666666666297e-01 9.895434377624199307e-01 -1.733757894286831270e-03
3.125000000000000000e-01 9.900840762394530481e-01 1.209753077969832945e-04
3.333333333333333148e-01 9.907718739984733292e-01 -2.707810503920957644e-04
3.541666666666666297e-01 9.917743539130731145e-01 9.459532440598337046e-05
3.750000000000000000e-01 9.970860187262364782e-01 1.421770924014350592e-04
3.958333333333333148e-01 1.006772012588042831e+00 7.128403218459867770e-04
4.166666666666666297e-01 1.013044740968748414e+00 8.410376669153832611e-04
4.375000000000000000e-01 1.012826796198823098e+00 2.884596442293083248e-04
4.583333333333333148e-01 1.020242681144407415e+00 -2.475332843855030350e-03
4.791666666666666297e-01 1.011088475664734476e+00 -5.389933522150702414e-04
5.000000000000000000e-01 9.952787051911401450e-01 2.562546075466751085e-03
5.208333333333332593e-01 9.793143750055838259e-01 -4.509195670522761035e-04
5.416666666666666297e-01 9.705616240572370046e-01 1.197315870983416261e-03
5.625000000000000000e-01 9.669270962895828436e-01 -1.350505759394369327e-03
5.833333333333332593e-01 9.882494429906840683e-01 1.186095380007659827e-04
6.041666666666666297e-01 1.009424406079110659e+00 -9.418106776243750792e-04
6.250000000000000000e-01 1.019005406547259351e+00 -2.417329855986816167e-04
6.458333333333332593e-01 1.024533332022883991e+00 1.621006750457898438e-03
6.666666666666666297e-01 1.011140329158748408e+00 -2.515548332152065664e-03
6.875000000000000000e-01 9.985866151422301273e-01 9.701105346955450496e-05
7.083333333333332593e-01 9.943011367480727447e-01 -1.511506431453380535e-03
7.291666666666666297e-01 9.943920513500880132e-01 -7.794490932196820659e-04
7.500000000000000000e-01 1.000671962300897500e+00 -1.059729436206103929e-03
7.708333333333332593e-01 9.982676719442152846e-01 -6.582663893053214215e-05
7.916666666666666297e-01 9.949568989999805213e-01 -5.131196472337783230e-04
8.125000000000000000e-01 9.859082779991051870e-01 -2.648112453742507534e-04
8.333333333333332593e-01 9.881231913402025446e-01 -1.780521758719205176e-05
8.541666666666666297e-01 9.933542722675725578e-01 9.230250804447226671e-04
8.750000000000000000e-01 1.004729439306448535e+00 -1.424416537811479559e-03
8.958333333333332593e-01 1.007922368091023646e+00 1.427971181851069027e-03
9.166666666666666297e-01 1.005611587940311580e+00 -1.349587330058650298e-03
9.375000000000000000e-01 1.003010003973450415e+00 1.148590446036370334e-04
9.583333333333332593e-01 9.956021051214785089e-01 6.487068362497470540e-04
9.791666666666666297e-01 9.978216921315840038e-01 1.806517126342396936e-03
1.000000000000000000e+00 1.005988509992602253e+00 -6.919583377569511013e-04
1.020833333333333259e+00 1.004680525344094688e+00 -7.087470422536931616e-05
1.041666666666666519e+00 1.005123671429560384e+00 -8.057747577121044454e-05
1.062500000000000000e+00 9.932729300915696946e-01 -2.312650610129645019e-03
1.083333333333333259e+00 9.988612450025230460e-01 4.422420770403853274e-04
1.104166666666666519e+00 9.936507396492515465e-01 6.200129535077353055e-04
1.125000000000000000e+00 9.904048499631364910e-01 1.527385760923471178e-03
1.145833333333333259e+00 9.886273607287777709e-01 1.189454086675059870e-03
1.166666666666666519e+00 9.810808551705381131e-01 -6.880822645016421222e-05
1.187500000000000000e+00 9.930582315356074607e-01 1.105098349782729876e-04
1.208333333333333259e+00 1.006913808335142768e+00 -1.250491244569992355e-03
1.229166666666666519e+00 1.015766652342116716e+00 3.561411743833681827e-04
1.250000000000000000e+00 1.028354305384213463e+00 -6.011218647574820186e-04
1.270833333333333259e+00 1.026251198202986048e+00 7.139019000392464410e-04
1.291666666666666519e+00 1.014578781249409811e+00 -1.230487887219210152e-03
1.312500000000000000e+00 9.896429010215759270e-01 -4.684404818478130408e-04
1.333333333333333259e+00 9.783485696399071285e-01 -2.412582837680150426e-03
1.354166666666666519e+00 9.695761644928206913e-01 -3.569915869214437083e-05
1.375000000000000000e+00 9.718533484003131218e-01 1.658758062888848403e-03
1.395833333333333259e+00 9.862048240353999962e-01 1.984284566752109779e-05
1.416666666666666519e+00 9.920092726271843020e-01 -1.103706121514901961e-03
1.437500000000000000e+00 1.004405823304521661e+00 -1.223230099085958469e-03
1.458333333333333259e+00 1.015903298717287573e+00 2.148011017983905181e-03
1.479166666666666519e+00 1.024411915382283267e+00 -8.784677167554509614e-04
1.500000000000000000e+00 1.029379991528826421e+00 -1.024212103279688009e-03
1.520833333333333259e+00 1.016341744267919678e+00 -1.058790814689493376e-03
1.541666666666666519e+00 1.005468326087268993e+00 -1.906435991661824866e-03
1.562500000000000000e+00 9.934025732382052443e-01 -1.701720912191608968e-04
1.583333333333333259e+00 9.826081948079345985e-01 -1.184123050849377043e-03
1.604166666666666519e+00 9.734477940382434413e-01 4.606974727580452058e-04
1.625000000000000000e+00 9.780571116414636945e-01 -9.198383865495240227e-04
1.645833333333333259e+00 9.789515740828671486e-01 -3.261232894888956859e-04
1.666666666666666519e+00 9.952097191303307389e-01 1.101296759863009843e-03
1.687500000000000000e+00 1.012392230347372024e+00 1.149853865472871264e-03
1.708333333333333259e+00 1.027336171161576717e+00 2.284739257682196043e-04
1.729166666666666519e+00 1.040726382116470283e+00 -1.481367754498694568e-03
1.750000000000000000e+00 1.034203418567933186e+00 -1.103626166173984208e-03
1.770833333333333259e+00 1.012330231220675447e+00 -1.204132025415332935e-03
1.791666666666666519e+00 9.858328843556497523e-01 2.259948837078706169e-03
1.812500000000000000e+00 9.680749569699726997e-01 2.542406763635703809e-03
1.833333333333333259e+00 9.681210427435100740e-01 -4.146007345176473831e-04
1.854166666666666519e+00 9.882698273751738816e-01 2.326822566398563451e-04
1.875000000000000000e+00 1.004105014971469645e+00 4.633734091435593068e-04
1.895833333333333259e+00 1.012923026436034712e+00 2.111765978549594476e-03
1.916666666666666519e+00 1.007027732323929392e+00 5.932774138140894590e-04
1.937500000000000000e+00 1.003945624481042964e+00 -1.340520618447284045e-04
1.958333333333333259e+00 1.006280165815820693e+00 -2.054447782372062579e-03
1.979166666666666519e+00 1.008624312350503205e+00 1.805048736924858769e-04
2.000000000000000000e+00 1.011956218094293147e+00 -1.699094044015928224e-03
2.020833333333333037e+00 1.010951181489215367e+00 -2.115846979843434474e-03
2.041666666666666519e+00 9.977405180659439932e-01 -4.525632270333418438e-04
2.062500000000000000e+00 9.893908898495865634e-01 2.120426983262032033e-03
2.083333333333333037e+00 9.830757610493594534e-01 2.108594631379366851e-03
2.104166666666666519e+00 9.874598791189588276e-01 1.641417820690866552e-04
2.125000000000000000e+00 9.948814037854989412e-01 1.065611967146775805e-03
2.145833333333333037e+00 1.001361470727234471e+00 8.527883817555747918e-04
2.166666666666666519e+00 1.008501914180910175e+00 -3.464993435382774951e-03
2.187500000000000000e+00 1.010583226699894643e+00 -1.567023630906706289e-03
2.208333333333333037e+00 1.013686138525169200e+00 -5.540014893921671284e-04
2.229166666666666519e+00 1.007880555126279498e+00 7.302129016988680730e-05
2.250000000000000000e+00 1.005631626247632582e+00 1.225959772025223904e-03
2.270833333333333037e+00 9.908698869020654554e-01 -7.336468078258827005e-04
2.291666666666666519e+00 9.817571702974328129e-01 8.186881286044654345e-04
2.312500000000000000e+00 9.796657288037255995e-01 -4.274386703258578461e-04
2.333333333333333037e+00 9.923207734137203806e-01 -1.365330426899222455e-03
2.354166666666666519e+00 1.010142530859875265e+00 4.702272031868011339e-04
2.375000000000000000e+00 1.021189996014293833e+00 7.506191836915542676e-04
2.395833333333333037e+00 1.018006542082952937e+00 5.066304066780563491e-04
2.416666666666666519e+00 1.005463132110142821e+00 -6.708705772135848235e-04
2.437500000000000000e+00 9.975694355679004532e-01 9.768205964168065556e-04
2.458333333333333037e+00 9.865541137951887585e-01 -3.792332823059036762e-04
2.479166666666666519e+00 9.941703099152158218e-01 1.477415206078496216e-03
2.500000000000000000e+00 9.922034963584002165e-01 3.729320800463020654e-05
2.520833333333333037e+00 9.946359982501788988e-01 1.312878480186269832e-03
2.541666666666666519e+00 9.966244789764046041e-01 1.805257626136522241e-04
2.562500000000000000e+00 9.942819038712716884e-01 -1.207727989304760311e-03
2.583333333333333037e+00 1.002510421994108558e+00 -1.340604613372828888e-03
2.604166666666666519e+00 1.006494776903424926e+00 -1.200186265276215929e-03
2.625000000000000000e+00 1.009458175508478828e+00 -1.084518976638346177e-03
2.645833333333333037e+00 1.017206186910048382e+00 -2.431145529682409703e-04
2.666666666666666519e+00 1.010516227665982925e+00 6.815995356144482109e-05
2.687500000000000000e+00 1.000947799788978632e+00 3.337267095380667004e-03
2.708333333333333037e+00 9.936664008690109240e-01 -1.382664198402751071e-03
2.729166666666666519e+00 9.886008990726043999e-01 -8.732803760915367527e-04
2.750000000000000000e+00 9.954911585990613432e-01 -6.254147937511475184e-04
2.770833333333333037e+00 9.967650001241152857e-01 -6.826499454367675190e-04
2.791666666666666519e+00 9.965206872547771599e-01 8.484180103999226568e-04
2.812500000000000000e+00 1.006504429653755084e+00 -1.267012037449289199e-03
2.833333333333333037e+00 1.011117985600505031e+00 2.638613266005983998e-04
2.854166666666666519e+00 1.010941911401888937e+00 5.567300876222800550e-04
2.875000000000000000e+00 1.008860985468546634e+00 -1.035717856228441031e-03
2.895833333333333037e+00 9.961314778050232022e-01 2.978508504905259357e-04
2.916666666666666519e+00 9.920944357910163047e-01 -9.421289097898108466e-04
2.937500000000000000e+00 9.936752563311479491e-01 -1.245336387112677625e-04
2.958333333333333037e+00 1.002652763747829523e+00 4.000768127540525049e-04
2.979166666666666519e+00 1.016416186444090597e+00 2.120073565929910236e-03
3.000000000000000000e+00 1.021762332474057455e+00 -1.857612395778221795e-04
3.020833333333333037e+00 1.004463794715870550e+00 -6.873016976812433695e-04
3.041666666666666519e+00 9.749102690811043415e-01 7.347882470643517239e-04
3.062500000000000000e+00 9.604455583410799191e-01 -9.827696635389062026e-04
3.083333333333333037e+00 9.695774474134978282e-01 -7.459517027360475358e-04
3.104166666666666519e+00 9.943136990123594421e-01 8.740324806530830456e-04
3.125000000000000000e+00 1.029598033907396015e+00 1.820485720118687496e-03
3.145833333333333037e+00 1.049363323180290797e+00 -5.911912708877344698e-04
3.166666666666666519e+00 1.041349756265034232e+00 9.663862987741408039e-04
3.187500000000000000e+00 1.020379927777207874e+00 -8.998533855539537184e-04
3.208333333333333037e+00 9.899367043027259561e-01 -1.815193220627411841e-03
3.229166666666666519e+00 9.732299452430185349e-01 1.245535484519586433e-03
3.250000000000000000e+00 9.673261115748088557e-01 -2.457523099951615646e-03
3.270833333333333037e+00 9.730851908399664740e-01 1.313274175761054924e-03
3.291666666666666519e+00 9.899017756548073033e-01 3.352012632178086923e-04
3.312500000000000000e+00 9.965996578702417397e-01 -1.320250786787890399e-04
3.333333333333333037e+00 1.018963779436671491e+00 1.949987699087071683e-03
3.354166666666666519e+00 1.025250695845564053e+00 -1.623419785389502426e-03
3.375000000000000000e+00 1.031819227544941819e+00 -8.225398239334493064e-04
3.395833333333333037e+00 1.027813226867283936e+00 1.738292654240719114e-03
3.416666666666666519e+00 1.012479302925529900e+00 -7.133650156672314939e-04
3.437500000000000000e+00 9.996817321302970960e-01 -1.514780312373342546e-04
3.458333333333333037e+00 9.832120178415542089e-01 7.111873226441760851e-04
3.479166666666666519e+00 9.737524084849821238e-01 1.420265692470109014e-03
3.500000000000000000e+00 9.728527588248971902e-01 4.174378431871426064e-04
3.520833333333333037e+00 9.845511518293601494e-01 -1.440333778551955782e-03
3.541666666666666519e+00 9.921149613535764633e-01 -6.440599765677400800e-04
3.562500000000000000e+00 1.012266125866517763e+00 -2.768397868220628336e-03
3.583333333333333037e+00 1.029057779081650414e+00 -6.449508739156282686e-04
3.604166666666666519e+00 1.030482153427363823e+00 -1.029948658579372175e-03
3.625000000000000000e+00 1.017139803834852918e+00 -3.029431241962517694e-04
3.645833333333333037e+00 1.002016810393302482e+00 -2.142870004910354519e-03
3.666666666666666519e+00 9.811726810971357349e-01 -3.075715493870895457e-05
3.687500000000000000e+00 9.787209431885379729e-01 6.933577551328927620e-04
3.708333333333333037e+00 9.853057076871543085e-01 2.429192457728677600e-03
3.729166666666666519e+00 1.007522203603719912e+00 -8.736638114481270079e-04
3.750000000000000000e+00 1.011428498346886862e+00 2.136030108087403744e-03
3.770833333333333037e+00 1.013959682753782454e+00 4.204868367012877615e-04
3.791666666666666519e+00 9.970356518526580780e-01 1.522021556338366572e-03
3.812500000000000000e+00 9.864786750050178465e-01 -2.551659919516824837e-04
3.833333333333333037e+00 9.778744988926522108e-01 -8.221895233217814966e-04
3.854166666666666519e+00 9.947057870320759054e-01 -2.028808743849088662e-03
3.875000000000000000e+00 1.012929423012418839e+00 -1.004735892649440349e-03
3.895833333333333037e+00 1.017230022802601663e+00 -7.046105111847168886e-04
3.916666666666666519e+00 1.020284314746793042e+00 -2.866416960293469737e-04
3.937500000000000000e+00 9.987997122339943301e-01 -3.832204705475021796e-03
3.958333333333333037e+00 9.930323368104519988e-01 -1.138957586098992376e-03
3.979166666666666519e+00 9.868045781513896664e-01 -7.972178826923541264e-04
4.000000000000000000e+00 9.924035534033978090e-01 -5.663483536281342819e-05
4.020833333333333037e+00 9.979553746320423135e-01 6.545793024520065503e-04
4.041666666666666075e+00 9.969568561125085049e-01 -6.349949417079935390e-04
4.062500000000000000e+00 9.964390850467507166e-01 -1.194272535334903705e-03
4.083333333333333037e+00 9.972086309127917714e-01 3.588232054826397772e-04
4.104166666666666075e+00 1.002615345236111510e+00 5.592370807336511816e-04
4.125000000000000000e+00 1.009959149323520267e+00 1.179846642127210148e-03
4.145833333333333037e+00 1.016883542462932999e+00 6.209185330612980176e-05
4.166666666666666075e+00 1.010555447865067791e+00 -2.453441416716635915e-04
4.187500000000000000e+00 1.005150154734177237e+00 3.732104509418701752e-04
4.208333333333333037e+00 1.001076185224823112e+00 -1.019548433433868553e-03
4.229166666666666075e+00 9.963835528320051926e-01 6.952664140455426913e-04
4.250000000000000000e+00 9.948290655051329479e-01 -1.052750874274190670e-03
4.270833333333333037e+00 9.890361308128151618e-01 -8.292141155029607042e-04
4.291666666666666075e+00 9.873804845121278984e-01 3.687183859939062360e-03
4.312500000000000000e+00 9.870038347026209857e-01 9.788811226320590433e-04
4.333333333333333037e+00 9.971876332574080015e-01 3.120972901273996909e-03
4.354166666666666075e+00 1.011037387612491845e+00 -2.879010713182999191e-03
4.375000000000000000e+00 1.027606110568519027e+00 2.366526026179271405e-04
4.395833333333333037e+00 1.026475836319125090e+00 1.156367469715332110e-03
4.416666666666666075e+00 1.014847776779890465e+00 2.080866318429832641e-03
4.437500000000000000e+00 9.944706681996918762e-01 -1.559595507357933218e-03
4.458333333333333037e+00 9.837955280035872718e-01 -3.562161448294708641e-04
4.479166666666666075e+00 9.806808633504341399e-01 -1.380614335727062747e-03
4.500000000000000000e+00 9.885975766459837999e-01 -5.439500969441743352e-04
4.520833333333333037e+00 9.981766890633668732e-01 9.704426289676585174e-04
4.541666666666666075e+00 9.980161637984121814e-01 -1.675243437298923072e-03
4.562500000000000000e+00 1.002709623375766412e+00 -1.177253806631413640e-03
4.583333333333333037e+00 1.007006870910572172e+00 -2.873109302277433545e-03
4.604166666666666075e+00 1.012379263496699711e+00 5.914081978774258976e-04
4.625000000000000000e+00 1.013392261274175477e+00 1.119197453751511108e-04
4.645833333333333037e+00 1.013509683064830913e+00 1.776027546896066095e-03
4.666666666666666075e+00 1.002853123684397607e+00 -1.086531611581580689e-03
4.687500000000000000e+00 9.953125413312680081e-01 1.937924962734189089e-05
4.708333333333333037e+00 9.841680080529624508e-01 1.376760387986193396e-03
4.729166666666666075e+00 9.849520865025379601e-01 -1.349031672935833460e-03
4.750000000000000000e+00 9.932327096205564310e-01 -1.511049892471201311e-03
4.770833333333333037e+00 9.986815669112264482e-01 -1.282456631678363873e-03
4.791666666666666075e+00 9.996634322568105357e-01 -9.964432518425980594e-04
4.812500000000000000e+00 1.012440808241138690e+00 -2.481566773837353291e-03
4.833333333333333037e+00 1.007433657128749660e+00 1.217099853273648051e-03
4.854166666666666075e+00 1.013462173455410342e+00 1.002485047897890957e-03
4.875000000000000000e+00 9.997688060711016345e-01 7.600246175605933612e-04
4.895833333333333037e+00 9.932031367511133801e-01 4.015098936764195225e-04
4.916666666666666075e+00 9.813509018487688307e-01 -7.574828617808288499e-04
4.937500000000000000e+00 9.819627985986468799e-01 -5.444419929922701164e-04
4.958333333333333037e+00 9.883325206253785744e-01 -4.134178907002029543e-04
4.979166666666666075e+00 1.008012131424161462e+00 -1.205709475105707067e-03
5.000000000000000000e+00 1.020547382002911174e+00 6.614687957754513022e-04
5.020833333333333037e+00 1.028978014120006890e+00 1.031805662947019118e-03
5.041666666666666075e+00 1.004598577554324912e+00 -6.266248337333175152e-04
5.062500000000000000e+00 9.920704451763538989e-01 -4.391601523345214789e-04
5.083333333333333037e+00 9.777791604024730354e-01 6.516282935599672583e-04
5.104166666666666075e+00 9.786640610245437299e-01 1.098237136152862810e-03
5.125000000000000000e+00 9.919711497518008958e-01 -2.889145285185589743e-04
5.145833333333333037e+00 1.002490267125036860e+00 -6.940653757510106044e-04
5.166666666666666075e+00 1.006839453697606857e+00 3.219699122887489050e-04
5.187500000000000000e+00 1.017518269715791623e+00 -1.845685361583205121e-03
5.208333333333333037e+00 1.017365473535270626e+00 -7.744431118715344817e-04
5.229166666666666075e+00 1.019665964049762064e+00 -2.666027871113926719e-03
5.250000000000000000e+00 1.010372095988763430e+00 -2.328618306490907758e-04
5.270833333333333037e+00 9.989952324136328610e-01 -1.398206241526840123e-03
5.291666666666666075e+00 9.875693684168600495e-01 1.644801138336872979e-03
5.312500000000000000e+00 9.681017852153431802e-01 -1.279977040665771599e-03
5.333333333333333037e+00 9.709235190835067142e-01 -9.921337584609614857e-05
5.354166666666666075e+00 9.831774835321636097e-01 -4.553604103815427767e-03
5.375000000000000000e+00 1.005219312927667863e+00 -2.331225506644243189e-03
5.395833333333333037e+00 1.022934527637714197e+00 -1.529758327947755526e-03
5.416666666666666075e+00 1.029623024378050422e+00 6.931435756406269764e-04
5.437500000000000000e+00 1.023972906440392405e+00 -1.905388341718417336e-04
5.458333333333333037e+00 1.013403209922542958e+00 1.460757428586247682e-03
5.479166666666666075e+00 1.009194331901772212e+00 -2.217205334614640879e-04
5.500000000000000000e+00 9.945457682672644850e-01 -1.297419285422420684e-03
5.520833333333333037e+00 9.774441843805824481e-01 6.229815288175612371e-04
5.541666666666666075e+00 9.713165133689635189e-01 -8.107901786583917995e-05
5.562500000000000000e+00 9.703244838808493533e-01 3.072592279497570454e-04
5.583333333333333037e+00 9.801980168747426170e-01 -7.262213869107095104e-04
5.604166666666666075e+00 9.956178510241735502e-01 -1.870399539681455144e-03
5.625000000000000000e+00 1.019174179434253702e+00 5.525962318689858505e-04
5.645833333333333037e+00 1.042219549837476444e+00 -6.503084355326171819e-04
5.666666666666666075e+00 1.033901993173897083e+00 -4.282464319419362040e-05
5.687500000000000000e+00 1.020402525774378955e+00 9.145458359043037895e-04
5.708333333333333037e+00 1.004575150299304553e+00 1.043060165029893781e-04
5.729166666666666075e+00 9.817977687150992727e-01 9.810929281316767975e-04
5.750000000000000000e+00 9.692885875699013276e-01 6.441418899165792140e-04
5.770833333333333037e+00 9.725583986044351592e-01 -6.643902641051646586e-04
5.791666666666666075e+00 9.825592718417143212e-01 1.595149026594172215e-05
5.812500000000000000e+00 9.913771349190775295e-01 7.376902998436218753e-04
5.833333333333333037e+00 1.003869626682864169e+00 5.007377681635991496e-04
5.854166666666666075e+00 1.018589049346997566e+00 1.765274855465003793e-03
5.875000000000000000e+00 1.018600330131242515e+00 -2.056445213406566351e-03
5.895833333333333037e+00 1.017354527215869942e+00 -9.234914876330959288e-04
5.916666666666666075e+00 1.005719574304045683e+00 1.054877212110665692e-03
5.937500000000000000e+00 9.976426450386641775e-01 3.102204547635991141e-03
5.958333333333333037e+00 9.886425083950880488e-01 -1.092689826312978965e-03
5.979166666666666075e+00 9.914847927285892482e-01 8.248511993153975546e-04
6.000000000000000000e+00 9.997407052999121024e-01 -4.039452371295628889e-05
6.020833333333333037e+00 9.957002502216620865e-01 -1.118447213088746579e-03
6.041666666666666075e+00 1.001721560485209661e+00 1.584041766144246360e-03
6.062500000000000000e+00 1.001268264126120133e+00 3.989017437098367784e-04
6.083333333333333037e+00 9.995794973553799867e-01 1.105722726370037424e-03
6.104166666666666075e+00 1.002167190367606153e+00 -3.812752295609617929e-03
6.125000000000000000e+00 1.006945428943331056e+00 6.068482518613260669e-04
6.145833333333333037e+00 1.003018225107160433e+00 -5.355916334285809382e-04
6.166666666666666075e+00 9.894467933810274785e-01 1.980942903914436216e-03
6.187500000000000000e+00 9.838109538212169713e-01 -1.452645567513446089e-04
6.208333333333333037e+00 9.873073564456176232e-01 -2.302014462332059152e-03
6.229166666666666075e+00 1.005593228707408304e+00 4.626048876772488497e-04
6.250000000000000000e+00 1.028975082784943762e+00 -3.648574495178643230e-03
6.270833333333333037e+00 1.034067208460952569e+00 1.205035427733409806e-03
6.291666666666666075e+00 1.015475447003478804e+00 -3.802003886722974432e-04
6.312500000000000000e+00 9.890850236590207345e-01 2.338398382045335250e-03
6.333333333333333037e+00 9.673540633087320817e-01 1.250972472264119889e-03
6.354166666666666075e+00 9.658978367801849263e-01 -8.875273783368004075e-04
6.375000000000000000e+00 9.750758325232536938e-01 1.258606825641225314e-03
6.395833333333333037e+00 9.874966815954948629e-01 7.835128406332058293e-04
6.416666666666666075e+00 1.009818690485452475e+00 1.683125401903013633e-03
6.437500000000000000e+00 1.020250729647495858e+00 8.442060084243845769e-04
6.458333333333333037e+00 1.020251264602285435e+00 1.056412662795081007e-04
6.479166666666666075e+00 1.016387272592653046e+00 1.513260780588243344e-03
6.500000000000000000e+00 1.023568893902493615e+00 3.449521868534932765e-04
6.520833333333333037e+00 1.004649462651353353e+00 -8.513491341440157842e-06
6.541666666666666075e+00 9.955451673324896555e-01 9.475266907665248731e-06
6.562500000000000000e+00 9.812282940296840339e-01 1.517673044998242094e-03
6.583333333333333037e+00 9.691379768079124712e-01 -2.449379606753985389e-03
6.604166666666666075e+00 9.779124560743664984e-01 -1.023515870835979297e-03
6.625000000000000000e+00 9.925524552111538723e-01 1.823209827326270323e-03
6.645833333333333037e+00 1.001139997191732300e+00 -2.947744846147451773e-04
6.666666666666666075e+00 1.010273222436562257e+00 1.846218723816513401e-03
6.687500000000000000e+00 1.006884716989689510e+00 9.984239057495337705e-04
6.708333333333333037e+00 1.003401785432608273e+00 2.037527646426365042e-03
6.729166666666666075e+00 1.010572897685883875e+00 -2.684829836273606041e-03
6.750000000000000000e+00 1.017426235839198556e+00 -1.433864389582989972e-03
6.770833333333333037e+00 1.022231717993781430e+00 -9.039441474359999904e-04
6.791666666666666075e+00 1.009862615731063729e+00 -8.376964334056405566e-04
6.812500000000000000e+00 9.912935015353866453e-01 -2.071089535045526463e-03
6.833333333333333037e+00 9.744946979932691544e-01 2.990238891471315701e-03
6.854166666666666075e+00 9.581878738777968030e-01 3.278963181500545252e-04
6.875000000000000000e+00 9.667250023713932494e-01 2.397990910146632394e-04
6.895833333333333037e+00 9.842480517902889581e-01 -6.169857171575359551e-04
6.916666666666666075e+00 1.006527590306136810e+00 -7.576617278828659281e-04
6.937500000000000000e+00 1.023724744343968318e+00 9.109206440218234595e-04
6.958333333333333037e+00 1.045122752976421765e+00 5.305474303648686617e-04
6.979166666666666075e+00 1.042281980178658696e+00 -3.337765408977216700e-04
7.000000000000000000e+00 1.024431197249617842e+00 -4.514911292742399039e-04
7.020833333333333037e+00 9.961636593527188888e-01 -2.297216566851620367e-04
7.041666666666666075e+00 9.674112674025593384e-01 -2.615022570986295540e-05
7.062500000000000000e+00 9.484575715141506658e-01 -9.930932415730935742e-04
7.083333333333333037e+00 9.660760591024158961e-01 9.435678579581070931e-04
7.104166666666666075e+00 9.928683976468131167e-01 1.468405049123811239e-03
7.125000000000000000e+00 1.024212568455272310e+00 -1.371586467879164824e-03
7.145833333333333037e+00 1.032089172574738312e+00 -2.030434574481403218e-04
7.166666666666666075e+00 1.021753116277318574e+00 -7.797940953652110572e-04
7.187500000000000000e+00 9.981116101662328433e-01 2.166635626071110841e-03
7.208333333333333037e+00 9.848952463019706727e-01 -2.795540112297882586e-04
7.229166666666666075e+00 9.871206255619547898e-01 -2.278713986197378888e-03
7.250000000000000000e+00 1.000812093446074025e+00 -2.968792331352417989e-04
7.270833333333333037e+00 1.011504881561264169e+00 -1.054670845200233976e-03
7.291666666666666075e+00 1.008707471992554616e+00 2.569755955952863699e-03
7.312500000000000000e+00 9.989001973322879646e-01 6.384805816754511045e-05
7.333333333333333037e+00 9.918935378696830396e-01 -9.080500650781331848e-04
7.354166666666666075e+00 9.904906305303096126e-01 4.029760631605672563e-04
7.375000000000000000e+00 1.003442172142065436e+00 -9.328923689593314559e-04
7.395833333333333037e+00 1.011193794661221723e+00 -1.178204232727923925e-03
7.416666666666666075e+00 1.012232704802459304e+00 -1.120907774582557661e-04
7.437500000000000000e+00 1.005504458486871311e+00 -9.352333446196912928e-06
7.458333333333333037e+00 9.878881174312994506e-01 -1.684421823791192995e-03
7.479166666666666075e+00 9.891600684116668152e-01 -4.309002230921868252e-04
7.500000000000000000e+00 9.855541948479271674e-01 9.445803256251616943e-04
7.520833333333333037e+00 9.958615593849868830e-01 -4.810822747906773268e-04
7.541666666666666075e+00 1.009055886227490983e+00 -5.553909006071429053e-04
7.562500000000000000e+00 1.012447055588117317e+00 -7.494275170770685465e-04
7.583333333333333037e+00 1.007347934846761994e+00 -1.071153432663153387e-03
7.604166666666666075e+00 1.012242224213750985e+00 -1.424739059218269998e-03
7.625000000000000000e+00 1.004328484323497861e+00 4.545526504020030827e-04
7.645833333333333037e+00 9.983221001055877508e-01 -9.671843659658778565e-05
7.666666666666666075e+00 9.908468294878157723e-01 -2.625498265538118384e-03
7.687500000000000000e+00 9.839490226764067149e-01 1.036061636446182661e-03
7.708333333333333037e+00 9.840868520833357946e-01 6.653008913347011055e-04
7.729166666666666075e+00 9.939406695417489779e-01 -1.077499844048105272e-03
7.750000000000000000e+00 1.000518664381331746e+00 1.665662517150363594e-03
7.770833333333333037e+00 1.004468628050622758e+00 2.905532022947668563e-04
7.791666666666666075e+00 1.007492691863161927e+00 2.547765503535544002e-03
7.812500000000000000e+00 9.996736802516066334e-01 3.176094338273482867e-04
7.833333333333333037e+00 1.007985248178979942e+00 -7.596646773076345211e-04
7.854166666666666075e+00 1.011270324602423276e+00 9.582428709604301790e-04
7.875000000000000000e+00 1.018475812631430388e+00 3.540298709779881995e-04
7.895833333333333037e+00 1.018286980897165739e+00 3.343179845645477739e-04
7.916666666666666075e+00 9.968051257191032910e-01 5.039813642818696685e-04
7.937500000000000000e+00 9.755877567040577292e-01 -6.826763702415770962e-04
7.958333333333333037e+00 9.636768520974392516e-01 1.652532129256355578e-03
7.979166666666666075e+00 9.661844148211852223e-01 -1.605941428705669324e-03
8.000000000000000000e+00 9.942092999998570768e-01 7.215186860688047260e-04
8.020833333333332149e+00 1.024526112498459707e+00 1.703891642552920289e-03
8.041666666666666075e+00 1.035020904135204978e+00 -9.200546974941175953e-04
8.062500000000000000e+00 1.037456627777219254e+00 1.948355592851939988e-03
8.083333333333332149e+00 1.017266162121176931e+00 -2.751215600415091774e-04
8.104166666666666075e+00 9.949113918045486837e-01 -7.785523724561212383e-04
8.125000000000000000e+00 9.763919733224967201e-01 8.740130574319408038e-04
8.145833333333332149e+00 9.752891093507349840e-01 5.439816214707553048e-04
8.166666666666666075e+00 9.765706360790999963e-01 1.228989796912394574e-03
8.187500000000000000e+00 9.941824194084760702e-01 -1.847013217012715520e-03
8.208333333333332149e+00 1.008598658319524777e+00 -2.174948865712578346e-03
8.229166666666666075e+00 1.018357612263343537e+00 -9.463191570087249680e-04
8.250000000000000000e+00 1.013678723052150232e+00 -2.818300679250047630e-04
8.270833333333332149e+00 1.005541927813999425e+00 2.947550417684603654e-03
8.291666666666666075e+00 9.886397555674005799e-01 2.304304336068192880e-03
8.312500000000000000e+00 9.852279782337665104e-01 4.227395066869942745e-04
8.333333333333332149e+00 9.912490638856081837e-01 3.719016391439459958e-04
8.354166666666666075e+00 1.009368727764658580e+00 2.190672943135854741e-04
8.375000000000000000e+00 1.022031041029909604e+00 -3.390198007740011731e-04
8.395833333333332149e+00 1.018437128825192772e+00 1.698170677583911220e-03
8.416666666666666075e+00 1.006805408706460625e+00 6.624052804349512191e-04
8.437500000000000000e+00 9.799191589835383187e-01 2.819156456429083510e-03
8.458333333333332149e+00 9.739804109513821029e-01 2.613490615647836093e-03
8.479166666666666075e+00 9.870933608304327533e-01 1.474466785989999662e-03
8.500000000000000000e+00 1.011038215641987259e+00 -1.279900798590928243e-03
8.520833333333332149e+00 1.029823992000268751e+00 -9.699822801738726928e-04
8.541666666666666075e+00 1.028198210298052473e+00 -3.268935083896038819e-04
8.562500000000000000e+00 1.008350722734312699e+00 -4.821306901327172974e-04
8.583333333333332149e+00 9.823998360424484044e-01 -2.375359973436164747e-05
8.604166666666666075e+00 9.697518191068685844e-01 -1.048059678438690917e-03
8.625000000000000000e+00 9.767833851275663504e-01 -8.085040023535231208e-04
8.645833333333332149e+00 1.001681027526669210e+00 3.305792709307634543e-04
8.666666666666666075e+00 1.019480542104539644e+00 -5.305582093353177278e-04
8.687500000000000000e+00 1.029852067699511764e+00 -7.138709417786786909e-05
8.708333333333332149e+00 1.024255979147445483e+00 -2.649269256123119127e-04
8.729166666666666075e+00 1.010632990077401150e+00 2.073176796600590972e-03
8.750000000000000000e+00 9.980719675119594791e-01 -6.669950063113913846e-04
8.770833333333332149e+00 9.793116807969727278e-01 -9.355975404597554343e-04
8.791666666666666075e+00 9.756204141837283572e-01 2.580531516425817965e-04
8.812500000000000000e+00 9.732377519883588235e-01 2.480272140244802262e-03
8.833333333333332149e+00 9.802792151597798931e-01 -4.879955100303432825e-04
8.854166666666666075e+00 9.982179421612119574e-01 -2.092176773102502434e-04
8.875000000000000000e+00 1.014601994070032820e+00 -1.571124000061205079e-03
8.895833333333332149e+00 1.029668789491276826e+00 -3.801695073863948468e-05
8.916666666666666075e+00 1.026896708436149774e+00 -9.040399958814873921e-05
8.937500000000000000e+00 1.018346855100713766e+00 -1.321734994818061018e-03
8.958333333333332149e+00 1.007317487326311767e+00 -2.120887909896035752e-04
8.979166666666666075e+00 9.906631543910640048e-01 -1.444363770161065721e-03
9.000000000000000000e+00 9.826888922440679686e-01 2.506161718786348064e-04
9.020833333333332149e+00 9.736488485072334331e-01 1.681696331616507143e-03
9.041666666666666075e+00 9.715254179843577642e-01 1.060772343124465012e-03
9.062500000000000000e+00 9.768635202987985267e-01 4.146192864512056602e-04
9.083333333333332149e+00 9.917505574298897120e-01 -1.694381442104392170e-03
9.104166666666666075e+00 1.005192180771119048e+00 2.004010517567611678e-03
9.125000000000000000e+00 1.032840660825161239e+00 -6.653196372753684799e-04
9.145833333333332149e+00 1.039492628424893983e+00 2.292581324684084872e-03
9.166666666666666075e+00 1.033491815204659492e+00 -6.334364058702325216e-04
9.187500000000000000e+00 1.012969641599110737e+00 -6.134420271707027124e-04
9.208333333333332149e+00 9.836723739401174171e-01 -1.439995804435490346e-04
9.229166666666666075e+00 9.684534660297224873e-01 7.750829605377284204e-04
9.250000000000000000e+00 9.666458955068698566e-01 -8.485780870103083609e-04
9.270833333333332149e+00 9.721098493712826416e-01 2.244897845533053496e-04
9.291666666666666075e+00 9.885335264803608579e-01 -3.512571544973059007e-04
9.312500000000000000e+00 1.001470880666347929e+00 -3.509640150790777394e-04
9.333333333333332149e+00 1.020429616745584411e+00 4.323903964210481024e-03
9.354166666666666075e+00 1.029957809224779419e+00 2.261446371075818366e-03
9.375000000000000000e+00 1.027206835950779773e+00 -1.066140146346192469e-03
9.395833333333332149e+00 1.018972427972709704e+00 -2.152388746362892855e-04
9.416666666666666075e+00 1.002014027307572608e+00 1.543541794383624093e-04
9.437500000000000000e+00 9.784752292521854411e-01 2.006614982631606606e-03
9.458333333333332149e+00 9.717810511760751613e-01 3.497827943795155971e-04
9.479166666666666075e+00 9.787125362374322624e-01 1.352377050754495426e-04
9.500000000000000000e+00 9.975877686281947598e-01 4.894975600634874279e-04
9.520833333333332149e+00 1.010744926208924976e+00 4.255757391500796828e-03
9.541666666666666075e+00 1.007973137434976962e+00 -4.458875449732812462e-04
9.562500000000000000e+00 1.006736978680549344e+00 -1.238838541412278426e-03
9.583333333333332149e+00 9.971680560532317772e-01 -5.426284993053909472e-04
9.604166666666666075e+00 9.947014396273645698e-01 6.001340162898788399e-04
9.625000000000000000e+00 1.006675204484925201e+00 1.575447107549516603e-03
9.645833333333332149e+00 1.011501951694380175e+00 -8.079405668701596110e-05
9.666666666666666075e+00 1.007769091931940864e+00 -8.532689984413651654e-05
9.687500000000000000e+00 9.909572053840076666e-01 1.183115697035808187e-03
9.708333333333332149e+00 9.880161402943461457e-01 1.203549797143801644e-03
9.729166666666666075e+00 9.874515093227212992e-01 -8.529062429143045116e-04
9.750000000000000000e+00 9.969766407109188489e-01 -7.724620721858832929e-05
9.770833333333332149e+00 1.010442472443102924e+00 3.034419552456575284e-04
9.791666666666666075e+00 1.014402725056570809e+00 8.151581175279063157e-05
9.812500000000000000e+00 1.006598762121037272e+00 2.344025179642910371e-03
9.833333333333332149e+00 9.919684448352144024e-01 1.244835986726517026e-03
9.854166666666666075e+00 9.845567053965906812e-01 2.236364413927408208e-03
9.875000000000000000e+00 9.922431376849362161e-01 1.232246261641522893e-03
9.895833333333332149e+00 9.989407101154187396e-01 1.496875780637407522e-03
9.916666666666666075e+00 1.011367469241121642e+00 -1.916519314968795394e-03
9.937500000000000000e+00 1.015952917555108304e+00 -2.954924919805749139e-06
9.958333333333332149e+00 1.009417010987214702e+00 4.237872583321573286e-04
9.979166666666666075e+00 9.975564143608834922e-01 -1.132650180953771735e-03
1.000000000000000000e+01 9.947309457018063128e-01 5.163988638118596590e-04
1.002083333333333215e+01 9.841955725336147820e-01 -3.120688112042249219e-04
1.004166666666666607e+01 9.912354268899548071e-01 -1.688752096943764176e-03
1.006250000000000000e+01 9.955729845375266285e-01 -2.102688038058618883e-03
1.008333333333333215e+01 1.006031268561333070e+00 -4.562568105541539511e-04
1.010416666666666607e+01 1.007127124689506603e+00 2.706804300567224909e-03
1.012500000000000000e+01 1.009861202865146801e+00 2.200829837485063123e-05
1.014583333333333215e+01 1.007401490102913799e+00 7.350487225318731721e-04
1.016666666666666607e+01 9.949676635143386294e-01 -8.586062473648193140e-04
1.018750000000000000e+01 9.849630154122250847e-01 3.012508251554956123e-04
1.020833333333333215e+01 9.849222461395636952e-01 2.653228130220016290e-03
1.022916666666666607e+01 9.991452569645322690e-01 1.173311021639564993e-04
1.025000000000000000e+01 1.008723982129931418e+00 -9.778171666559208001e-04
1.027083333333333215e+01 1.019738159836386382e+00 -1.698714824772094574e-04
1.029166666666666607e+01 1.012876214324607060e+00 -3.494663885144977996e-04
1.031250000000000000e+01 1.004635786874381820e+00 -2.813723221678677980e-04
1.033333333333333215e+01 9.903643335602149156e-01 3.013654956408707924e-04
1.035416666666666607e+01 9.867739447819119381e-01 2.048036380608627284e-04
1.037500000000000000e+01 9.943933292479221198e-01 -1.722729243809017997e-03
1.039583333333333215e+01 9.989426958546784308e-01 -6.683324578855942381e-04
1.041666666666666607e+01 9.999263238019139299e-01 1.841329850540504619e-03
1.043750000000000000e+01 9.973846685415528324e-01 2.801540749989510208e-04
1.045833333333333215e+01 9.946369575024146537e-01 -1.440760861423082085e-03
1.047916666666666607e+01 1.000640385831057966e+00 8.367583485411695049e-04
1.050000000000000000e+01 1.009269160927056985e+00 -9.080501950377782268e-04
1.052083333333333215e+01 1.017084552502043993e+00 -2.231890810322641715e-03
1.054166666666666607e+01 1.012151773158520562e+00 1.796009085648103730e-03
1.056250000000000000e+01 1.005189562293273386e+00 -1.180895494726924523e-03
1.058333333333333215e+01 9.916790691567812788e-01 9.050697564329584707e-04
1.060416666666666607e+01 9.848522184014412151e-01 1.558660130260973572e-03
1.062500000000000000e+01 9.870157977070035393e-01 -2.454782670891351559e-03
1.064583333333333215e+01 9.989009637814265652e-01 1.093783566208077467e-03
1.066666666666666607e+01 1.000084302178026574e+00 -6.166558017214182272e-04
1.068750000000000000e+01 1.001999763183029080e+00 -5.987021644985075363e-05
1.070833333333333215e+01 9.957116336492971564e-01 3.950513536611804152e-04
1.072916666666666607e+01 9.993926112447767407e-01 -3.609670630767438759e-04
1.075000000000000000e+01 1.016098159565721915e+00 -1.573221389249686818e-03
1.077083333333333215e+01 1.016378653758478023e+00 -9.729653597978105833e-04
1.079166666666666607e+01 1.016417571214975890e+00 -8.292435426722114368e-04
1.081250000000000000e+01 1.000933894753101017e+00 -3.605893504621591572e-04
1.083333333333333215e+01 9.853147146557598157e-01 -6.513785171345484639e-05
1.085416666666666607e+01 9.711047679504536401e-01 2.048411743909955753e-03
1.087500000000000000e+01 9.774966071307695792e-01 -1.387671897021896476e-04
1.089583333333333215e+01 9.918205139473733611e-01 2.102572538643932823e-04
1.091666666666666607e+01 1.007226858924856527e+00 3.908748742073682642e-04
1.093750000000000000e+01 1.016166906824184757e+00 1.268441100417329326e-03
1.095833333333333215e+01 1.023658709141848755e+00 8.050726037285858882e-04
1.097916666666666607e+01 1.018996682060821390e+00 1.573041710671657222e-03
1.100000000000000000e+01 1.006871722775453559e+00 1.295489327650444032e-04
1.102083333333333215e+01 9.967299979720978254e-01 5.368723041193173813e-04
1.104166666666666607e+01 9.844514087619624654e-01 -3.590012757699242172e-04
1.106250000000000000e+01 9.781080250459389669e-01 8.780583820968036616e-04
1.108333333333333215e+01 9.849903739937746483e-01 -3.734215398673558723e-04
1.110416666666666607e+01 9.946894262853287483e-01 -1.740893450276022715e-03
1.112500000000000000e+01 1.009600394518406219e+00 2.316983151662861846e-03
1.114583333333333215e+01 1.017883040952308971e+00 1.118783995963805716e-03
1.116666666666666607e+01 1.016146644390453435e+00 -8.436058119395419518e-04
1.118750000000000000e+01 1.003625986878642795e+00 4.901289912336967338e-04
1.120833333333333215e+01 9.947603896695470516e-01 -1.158266748070708703e-03
1.122916666666666607e+01 9.856894547971476461e-01 1.331806319610499357e-03
1.125000000000000000e+01 9.988972110706895169e-01 -1.082284241062015165e-03
1.127083333333333215e+01 1.005761297365607376e+00 -3.941496478463609723e-04
1.129166666666666607e+01 1.013489295639871557e+00 7.084983506397614806e-04
1.131250000000000000e+01 1.004890161570553442e+00 2.443118693085533501e-04
1.133333333333333215e+01 1.000838384802791969e+00 8.053575811677613026e-04
1.135416666666666607e+01 9.921533003729078315e-01 3.629466653512839467e-04
1.137500000000000000e+01 9.946789444618175935e-01 1.942457365343937042e-03
1.139583333333333215e+01 1.002952221568826019e+00 1.967985092788278149e-03
1.141666666666666607e+01 1.006537734464177491e+00 -1.378259063635100179e-03
1.143750000000000000e+01 1.004847864249247102e+00 -1.150208980678942542e-04
1.145833333333333215e+01 9.964090812631645200e-01 -8.349435364888158203e-04
1.147916666666666607e+01 9.922700793157875898e-01 3.471804766152663440e-04
1.150000000000000000e+01 9.977121678076432687e-01 -1.905016423972496044e-03
1.152083333333333215e+01 1.003680519736144250e+00 9.601682092433165344e-04
1.154166666666666607e+01 1.010221273042155810e+00 -1.527877311109671358e-04
1.156250000000000000e+01 1.011218807979576306e+00 1.033818331586589499e-03
1.158333333333333215e+01 1.005719256259757888e+00 -1.678911545369305000e-03
1.160416666666666607e+01 1.010324280344114145e+00 -2.991970299608658242e-03
1.162500000000000000e+01 1.005793272094132051e+00 -9.643280533311497996e-04
1.164583333333333215e+01 9.935033462119682302e-01 2.234777618979103073e-03
1.166666666666666607e+01 9.877993822018025227e-01 5.008548807345124872e-05
1.168750000000000000e+01 9.794522488235735125e-01 5.740095263042483374e-04
1.170833333333333215e+01 9.746866206834811086e-01 -1.002485792147898662e-04
1.172916666666666607e+01 9.930549128305938833e-01 -1.395937602041520675e-03
1.175000000000000000e+01 1.010707552641427753e+00 -2.003405633261839004e-03
1.177083333333333215e+01 1.032968928393038777e+00 -2.315353445916618370e-05
1.179166666666666607e+01 1.034519011140747624e+00 3.379123775948667777e-04
1.181250000000000000e+01 1.026529555083809164e+00 8.458488713959080776e-04
1.183333333333333215e+01 9.997181787032733968e-01 -8.961632760159110329e-04
1.185416666666666607e+01 9.836784738166924891e-01 3.994900711829109234e-04
1.187500000000000000e+01 9.697017495713963209e-01 5.816168558322680872e-04
1.189583333333333215e+01 9.682877714785006473e-01 5.320352807409293484e-04
1.191666666666666607e+01 9.778305900314363530e-01 -1.366271726550235025e-04
1.193750000000000000e+01 9.886751574642513862e-01 1.613744875897186017e-03
1.195833333333333215e+01 1.000546843337947633e+00 3.588283163619464060e-04
1.197916666666666607e+01 1.014798371407019228e+00 2.585427381737304912e-03
1.200000000000000000e+01 1.035952451111234129e+00 3.080133515869917728e-04
1.202083333333333215e+01 1.053766178785298102e+00 2.794100135067742463e-03
1.204166666666666607e+01 1.040251484464403742e+00 1.655627586097540302e-03
1.206250000000000000e+01 1.009380245866323911e+00 3.559031891794386319e-04
1.208333333333333215e+01 9.765504483512661427e-01 -1.053061788630749130e-03
1.210416666666666607e+01 9.413525422643261864e-01 2.594383149326641783e-03
1.212500000000000000e+01 9.459396141868240404e-01 4.331628924457423175e-04
1.214583333333333215e+01 9.656176108369404210e-01 -1.544396864686923805e-03
1.216666666666666607e+01 1.002170947301214143e+00 2.259250132934017500e-03
1.218750000000000000e+01 1.036636045111260618e+00 -7.633063562070725727e-04
1.220833333333333215e+01 1.048506528075370703e+00 -1.079895542997900103e-03
1.222916666666666607e+01 1.039797408670714907e+00 6.947587703711980041e-04
1.225000000000000000e+01 1.015832903102133367e+00 6.166702264993827697e-04
1.227083333333333215e+01 9.996464294661353556e-01 6.332408030651402947e-04
1.229166666666666607e+01 9.859988601286592269e-01 3.428070784729036845e-05
1.231250000000000000e+01 9.758802626236197097e-01 -2.111838192490510995e-04
1.233333333333333215e+01 9.794878452608458685e-01 4.094419601937619832e-04
1.235416666666666607e+01 9.874339845381073788e-01 8.333255822685368746e-04
1.237500000000000000e+01 1.001168158591117407e+00 -7.552518981251262137e-04
1.239583333333333215e+01 1.008121490802007969e+00 -1.791357949248442803e-03
1.241666666666666607e+01 1.012875780532126679e+00 7.513638074152169161e-05
1.243750000000000000e+01 1.003698415502965124e+00 1.310907902615776654e-03
1.245833333333333215e+01 1.001380399250254571e+00 1.666297816984385269e-03
1.247916666666666607e+01 1.006748315543167571e+00 -1.189369804589968235e-03
1.452083333333333215e+01 1.004299095596795643e+00 6.514506643493423897e-04
1.454166666666666607e+01 1.013506195202567906e+00 5.183912668440057584e-04
1.456250000000000000e+01 1.016968123987609829e+00 -9.153814225274699854e-04
1.458333333333333215e+01 1.001491088505391369e+00 9.644790788247787012e-04
1.460416666666666607e+01 9.892611072667758521e-01 1.132225501049722704e-03
1.462500000000000000e+01 9.771948026913508389e-01 6.691475772013358086e-04
1.464583333333333215e+01 9.857905264574343684e-01 4.795108260639787713e-04
1.466666666666666607e+01 9.997011480203280565e-01 -3.418545595149088479e-04
1.468750000000000000e+01 1.013987110289193083e+00 5.049007732574416191e-05
1.470833333333333215e+01 1.020312890645162840e+00 3.185711210367258043e-04
1.472916666666666607e+01 1.012136108906419585e+00 -4.519362525214914604e-04
1.475000000000000000e+01 1.000819063536618092e+00 1.999421962524870929e-03
1.477083333333333215e+01 9.897859474763737175e-01 -2.022123058454016386e-04
1.479166666666666607e+01 9.821534798978602820e-01 1.227248488974554000e-03
1.481250000000000000e+01 9.848313195702453893e-01 1.221604910336488966e-03
1.483333333333333215e+01 9.848255761176946121e-01 -4.374310785071105416e-04
1.485416666666666607e+01 9.992831747647179519e-01 2.474769413135186687e-04
1.487500000000000000e+01 1.014169886974634949e+00 -2.234776355629480241e-03
1.489583333333333215e+01 1.023020828242719338e+00 -4.719381002882452446e-04
1.491666666666666607e+01 1.023962944232368111e+00 -2.010407235864819942e-03
1.493750000000000000e+01 1.004577046572345589e+00 -1.545970611504680035e-03
1.495833333333333215e+01 9.884904812609240921e-01 -1.940785967665301613e-03
1.497916666666666607e+01 9.748145724501516840e-01 -5.790537386554723458e-04
1.500000000000000000e+01 9.783837489310975855e-01 -1.527405169471582943e-03
1.502083333333333215e+01 9.938322492943442166e-01 9.732001250776714388e-04
1.504166666666666607e+01 1.015646404385515567e+00 -1.672193618412432577e-03
1.506250000000000000e+01 1.022217027155446711e+00 -6.076572552959238322e-05
1.508333333333333215e+01 1.018165501677731344e+00 1.026600579152883328e-03
1.510416666666666607e+01 1.012869123949572403e+00 3.409148904263324892e-05
1.512500000000000000e+01 9.994295144288485311e-01 6.874868809452811978e-04
1.514583333333333215e+01 9.928699983428141973e-01 -1.529993214177805807e-03
1.516666666666666607e+01 9.882358072598623755e-01 1.483896293588534082e-03
1.518750000000000000e+01 9.841887182473608719e-01 1.709242087301659965e-04
1.520833333333333215e+01 9.779776012738718993e-01 -3.890403415757765632e-04
1.522916666666666607e+01 9.848079003539319531e-01 1.986192251974113680e-04
1.525000000000000000e+01 1.001598848470685033e+00 1.123215062540347574e-03
1.527083333333333215e+01 1.024312010698589015e+00 -4.050165472312876411e-04
1.529166666666666607e+01 1.036470789737774290e+00 4.655565306078730684e-04
1.531250000000000000e+01 1.037660633142094779e+00 1.139080176945260958e-03
1.533333333333333215e+01 1.005769237389368964e+00 1.796575494556728811e-03
1.535416666666666607e+01 9.820873752541675605e-01 4.571021760828105794e-04
1.537500000000000000e+01 9.574396592327177880e-01 8.552170118577292026e-05
1.539583333333333215e+01 9.549131334623086609e-01 -7.877407841273663261e-04
1.541666666666666607e+01 9.758763382401102193e-01 -1.257998905386583169e-03
1.543750000000000000e+01 1.002783518665075535e+00 -2.398380312327037366e-03
1.545833333333333215e+01 1.022213796569048094e+00 1.123182970765682596e-03
1.547916666666666607e+01 1.029988741701569399e+00 -2.513171473587034847e-03
1.550000000000000000e+01 1.030741411676948216e+00 1.367344940945234210e-03
1.552083333333333215e+01 1.019667260930427810e+00 -7.138013277873622676e-04
1.554166666666666607e+01 1.008670646838220053e+00 -2.725155338593489556e-04
1.556250000000000000e+01 9.914240784799890349e-01 1.505045273384620057e-03
1.558333333333333215e+01 9.785184432490452444e-01 -1.931269698094601438e-03
1.560416666666666607e+01 9.730276968239173208e-01 8.699638227706694852e-04
1.562500000000000000e+01 9.752216436777150221e-01 1.682209245611099866e-03
1.564583333333333215e+01 9.871353709417547417e-01 2.342350220512253302e-04
1.566666666666666607e+01 1.002003420405984890e+00 -1.570914063865510397e-03
1.568750000000000000e+01 1.012222264912687963e+00 -2.026340578081565428e-03
1.570833333333333215e+01 1.014267116784374867e+00 -3.538134840113521789e-04
1.572916666666666607e+01 1.019130485451370971e+00 1.925924103872420296e-03
1.575000000000000000e+01 1.021077864131618274e+00 5.248320827321752017e-04
1.577083333333333215e+01 1.009269738193103949e+00 -2.089602447394165363e-04
1.579166666666666607e+01 1.001027203101052754e+00 -1.143304424838796537e-04
1.581250000000000000e+01 9.828740545660855643e-01 -1.697037778399558550e-04
1.583333333333333215e+01 9.699479153132238851e-01 5.277533184221086136e-04
1.585416666666666607e+01 9.762476278381688743e-01 7.662320514265705132e-04
1.587500000000000000e+01 9.824999524182957966e-01 -3.451022277574530649e-05
1.589583333333333215e+01 1.001051897037964711e+00 -1.990141696835802561e-03
1.591666666666666607e+01 1.020116503199338664e+00 1.987197093807637014e-03
1.593750000000000000e+01 1.030987790334670695e+00 2.969434074833689121e-04
1.595833333333333215e+01 1.026295968859026964e+00 -1.622059351625831231e-04
1.597916666666666607e+01 1.019994391611913187e+00 4.874393745514616705e-04
1.600000000000000000e+01 1.001072390724119243e+00 6.300698252115758584e-05
1.602083333333333215e+01 9.897309220748754521e-01 1.238450764045064510e-04
1.604166666666666430e+01 9.833693819281076332e-01 -8.959079744000893826e-05
1.606250000000000000e+01 9.763119723394828586e-01 -5.134095429950845954e-04
1.608333333333333215e+01 9.760272952419700720e-01 3.700779132577691733e-04
1.610416666666666430e+01 9.910965886894128607e-01 -4.307790188804971367e-03
1.612500000000000000e+01 1.004108806767737061e+00 7.180995490715657041e-04
1.614583333333333215e+01 1.031985949720047646e+00 1.043196810900409244e-03
1.616666666666666430e+01 1.044289186274932391e+00 2.824766178533969115e-03
1.618750000000000000e+01 1.036292615522409921e+00 -6.200423274314183610e-04
1.620833333333333215e+01 9.999894757206955198e-01 -1.077420179816171225e-03
1.622916666666666430e+01 9.686004583923261135e-01 6.536728655708736553e-04
1.625000000000000000e+01 9.599011680233707766e-01 -2.801089099931330343e-04
1.627083333333333215e+01 9.694480490853185639e-01 -4.800010635857118106e-04
1.629166666666666430e+01 9.965047347754039109e-01 1.164329333682726387e-03
1.631250000000000000e+01 1.023296447781170126e+00 1.740733654104587068e-03
1.633333333333333215e+01 1.031324885656728529e+00 1.487142985109935140e-03
1.635416666666666430e+01 1.017003132174404634e+00 1.279921375728431928e-03
1.637500000000000000e+01 1.003566885104110851e+00 -7.231531078229298175e-06
1.639583333333333215e+01 9.925916013320525977e-01 -2.341212164240797245e-04
1.641666666666666430e+01 9.893127912405650370e-01 -9.298661157837250597e-04
1.643750000000000000e+01 9.926648052207888151e-01 1.386130130515832257e-03
1.645833333333333215e+01 1.001947071999053751e+00 -9.157535311118280728e-05
1.647916666666666430e+01 1.004091005795685110e+00 -1.730222264208363097e-03
1.650000000000000000e+01 1.004242064272795387e+00 -2.032023789961323774e-03
1.652083333333333215e+01 1.006124787949913113e+00 1.470149138007167131e-03
1.654166666666666430e+01 1.003802204670819043e+00 2.341120357597569965e-04
1.656250000000000000e+01 9.967715138988595402e-01 1.103071519578663687e-03
1.658333333333333215e+01 9.928441557772264003e-01 -7.420423299679114416e-04
1.660416666666666430e+01 9.917339930143231896e-01 -3.888938120891727822e-04
1.662500000000000000e+01 1.004574415460436798e+00 2.103843989330839246e-04
1.664583333333333215e+01 1.014978254622332488e+00 -6.569083149324772520e-05
1.666666666666666430e+01 1.023509212957806946e+00 1.535833793139337313e-03
1.668750000000000000e+01 1.014514992539954141e+00 -3.743687679291090599e-04
1.670833333333333215e+01 9.964754470067651582e-01 1.269240934554772800e-03
1.672916666666666430e+01 9.820636089263243829e-01 5.546561986802151396e-05
1.675000000000000000e+01 9.734291124095324488e-01 -3.048821742036915373e-04
1.677083333333333215e+01 9.856013032114200323e-01 1.063396241216287702e-03
1.679166666666666430e+01 1.004206973989843377e+00 -7.052163709049549074e-04
1.681250000000000000e+01 1.018016078402747437e+00 -2.877547300383828644e-04
1.683333333333333215e+01 1.018142705594452302e+00 9.605793512859175432e-05
1.685416666666666430e+01 1.016488070974545188e+00 -1.947359837459428479e-03
1.687500000000000000e+01 1.005869830506797236e+00 1.100337103544214495e-03
1.689583333333333215e+01 1.000636579834160544e+00 -1.450533693563079525e-03
1.691666666666666430e+01 9.984584090304290394e-01 1.937671160897058448e-03
1.693750000000000000e+01 9.943907793185109423e-01 -2.625465570772083680e-04
1.695833333333333215e+01 9.916763619492656723e-01 5.364879477009351855e-04
1.697916666666666430e+01 9.946943543071407046e-01 2.010681371327270963e-04
1.700000000000000000e+01 9.980353879950156770e-01 -5.189953534321511269e-04
1.702083333333333215e+01 1.007367852740785219e+00 1.296833339180000983e-03
1.704166666666666430e+01 1.013801360580308009e+00 -1.342416569312078955e-03
1.706250000000000000e+01 1.011386144735297865e+00 -2.216882491425948426e-04
1.708333333333333215e+01 1.010130495621674784e+00 1.124181838734448786e-03
1.710416666666666430e+01 9.949814287826690418e-01 -1.718419027696250351e-03
1.712500000000000000e+01 9.921356907151626103e-01 -1.248995963630963575e-03
1.714583333333333215e+01 9.977320053375754449e-01 7.433538681279593672e-04
1.716666666666666430e+01 1.000508228179746384e+00 4.133310210131348260e-04
1.718750000000000000e+01 1.000197197153171125e+00 1.335902550720595135e-03
1.720833333333333215e+01 9.992273385199705871e-01 1.386812189576539867e-03
1.722916666666666430e+01 9.910897966975861229e-01 -1.075417960098096681e-03
1.725000000000000000e+01 9.979061823096374573e-01 2.093793621026045736e-03
1.727083333333333215e+01 1.010696714027479848e+00 -8.531893947767894577e-04
1.729166666666666430e+01 1.027915531473020616e+00 -1.178709782244330298e-03
1.731250000000000000e+01 1.020297178158547036e+00 6.522378827806367407e-04
1.733333333333333215e+01 1.004924561263719429e+00 -2.839181774509508802e-04
1.735416666666666430e+01 9.832960546743307884e-01 -2.280163201452859259e-04
1.737500000000000000e+01 9.700430989492372369e-01 9.846495732665420768e-04
1.739583333333333215e+01 9.813168542900694291e-01 -1.558353764710171765e-04
1.741666666666666430e+01 9.977137572128272902e-01 -2.928748262925495293e-03
1.743750000000000000e+01 1.015804495842489663e+00 -1.532268625988530367e-03
1.745833333333333215e+01 1.023487218334787840e+00 -1.091950440983329015e-03
1.747916666666666430e+01 1.011370837709441695e+00 7.617341666391841360e-04
1.750000000000000000e+01 1.000402028397794574e+00 -4.976350678983240770e-04
1.752083333333333215e+01 9.979294863906614799e-01 8.659675665283929217e-04
1.754166666666666430e+01 9.965692678346572686e-01 -1.234492731252827399e-03
1.756250000000000000e+01 1.001758909456322844e+00 -6.173259888443277936e-05
1.758333333333333215e+01 9.969911282565261379e-01 5.294207287449388070e-04
1.760416666666666430e+01 9.943750420429456893e-01 -4.795646629812200311e-04
1.762500000000000000e+01 9.868050162611646803e-01 -6.357949541374520626e-04
1.764583333333333215e+01 9.895340079818492063e-01 2.045288887900188681e-04
1.766666666666666430e+01 9.991919374591490266e-01 -1.349572215698813683e-04
1.768750000000000000e+01 1.003526757464796137e+00 -9.943745084730619584e-04
1.770833333333333215e+01 1.013639726764459681e+00 -2.603551691729158934e-04
1.772916666666666430e+01 1.014833671161472939e+00 -2.179312620732565264e-04
1.775000000000000000e+01 1.009861418447682624e+00 1.360375583176260360e-03
1.777083333333333215e+01 1.009390200966949758e+00 -9.880265974473671081e-04
1.779166666666666430e+01 9.988446063113777251e-01 -2.143458235069833819e-03
1.781250000000000000e+01 9.895488408973667216e-01 4.401269532810901273e-04
1.783333333333333215e+01 9.832525982303348400e-01 -3.500832355995681881e-03
1.785416666666666430e+01 9.743298271134361865e-01 -7.095102886977279434e-04
1.787500000000000000e+01 9.845802066615350068e-01 -1.868821557469503613e-04
1.789583333333333215e+01 9.997737898366412246e-01 -4.191415321174427099e-04
1.791666666666666430e+01 1.022416725976635465e+00 2.021666832072338202e-03
1.793750000000000000e+01 1.027888407545723970e+00 5.526661958284698108e-04
1.795833333333333215e+01 1.014171734630542332e+00 7.102284401068853200e-04
1.797916666666666430e+01 1.005791687959321612e+00 1.085589488752205893e-03
1.800000000000000000e+01 9.942291659759128208e-01 4.246151427207230837e-04
1.802083333333333215e+01 9.873808599914124517e-01 -1.971566423866661071e-03
1.804166666666666430e+01 9.911315938853281216e-01 8.446489870283775767e-04
1.806250000000000000e+01 9.937467402234851921e-01 2.097286403902340140e-04
1.808333333333333215e+01 9.919299120880878951e-01 -1.767088232712843183e-04
1.810416666666666430e+01 9.900438019342273632e-01 1.673494082033614473e-03
1.812500000000000000e+01 9.895762511159404973e-01 3.450312682009557447e-05
1.814583333333333215e+01 9.983309995060388742e-01 6.392002123850598757e-04
1.816666666666666430e+01 1.020786132789651246e+00 2.004768895154240751e-03
1.818750000000000000e+01 1.026674453595261216e+00 7.223631325830972335e-04
1.820833333333333215e+01 1.022172998635248797e+00 1.178498391232137227e-03
1.822916666666666430e+01 1.011269313504030043e+00 1.165603035678012492e-03
1.825000000000000000e+01 9.917595543270334435e-01 -6.086612815867626205e-04
1.827083333333333215e+01 9.712902664736540181e-01 3.598512012391630907e-05
1.829166666666666430e+01 9.665048116836182368e-01 1.663250566536871033e-04
1.831250000000000000e+01 9.661266693557150065e-01 -1.158673940990760176e-03
1.833333333333333215e+01 9.881213351711183313e-01 3.347424925214132082e-04
1.835416666666666430e+01 1.005473637846831636e+00 5.126734941908648278e-04
1.837500000000000000e+01 1.029845320294780819e+00 -9.061536217456818854e-04
1.839583333333333215e+01 1.037992604474673897e+00 -2.328898185783411044e-03
1.841666666666666430e+01 1.034292110895234540e+00 -3.216967894058662871e-03
1.843750000000000000e+01 1.015591048747373826e+00 1.114214990773176157e-04
1.845833333333333215e+01 9.760400691359972791e-01 8.562191980653432294e-05
1.847916666666666430e+01 9.560498631866295449e-01 -8.493280214357507409e-04
1.850000000000000000e+01 9.568396035172301861e-01 -9.160783476135118074e-05
1.852083333333333215e+01 9.788466436363464362e-01 -6.129093233284617923e-04
1.854166666666666430e+01 1.009167848998970385e+00 1.203599605925365730e-03
1.856250000000000000e+01 1.031433637498382572e+00 -8.633110218959957199e-04
1.858333333333333215e+01 1.034244355498084911e+00 -2.413892606712681778e-03
1.860416666666666430e+01 1.009766336966086531e+00 2.948970381363885326e-03
1.862500000000000000e+01 9.900086058756120133e-01 -6.248893414699682953e-04
1.864583333333333215e+01 9.812032665258522135e-01 -7.228779830394174710e-04
1.866666666666666430e+01 9.832133931675406391e-01 5.790388213731061757e-04
1.868750000000000000e+01 1.000666285177039372e+00 -3.070364908663554895e-04
1.870833333333333215e+01 1.002799748728897322e+00 8.916506804680947567e-04
1.872916666666666430e+01 1.005798156743730409e+00 -2.469592617828239578e-03
1.875000000000000000e+01 1.001169910621774406e+00 1.505156055905633970e-03
1.877083333333333215e+01 9.970961570331849932e-01 9.898931524745444282e-04
1.879166666666666430e+01 9.969050670518654345e-01 8.854304689965649029e-05
1.881250000000000000e+01 1.003380162856627456e+00 5.627064288955685315e-04
1.883333333333333215e+01 9.999947461532361359e-01 -1.989825351802337449e-03
1.885416666666666430e+01 1.001762641599666104e+00 -3.847792078311313839e-05
1.887500000000000000e+01 9.931843108354864169e-01 -1.145572451452687816e-03
1.889583333333333215e+01 9.892328141177121337e-01 1.403528153044428500e-03
1.891666666666666430e+01 9.957111270127192437e-01 -1.851759687022922176e-05
1.893750000000000000e+01 1.003633839198808442e+00 -1.419088536995048678e-03
1.895833333333333215e+01 1.005151998656031331e+00 -6.646533831787080227e-04
1.897916666666666430e+01 1.008931349322944593e+00 -4.443084465165560723e-04
1.900000000000000000e+01 1.007374111651415660e+00 9.984954867084177774e-04
1.902083333333333215e+01 1.006620179227766476e+00 1.040192100111034376e-03
1.904166666666666430e+01 1.003310247440681646e+00 3.746522819721366158e-04
1.906250000000000000e+01 9.982446632220441929e-01 4.202752812151246023e-05
1.908333333333333215e+01 9.851036145904495944e-01 -3.890862938839195003e-04
1.910416666666666430e+01 9.763261733438954870e-01 -2.084988271370587752e-03
1.912500000000000000e+01 9.805016001129773784e-01 -6.001850883677411173e-04
1.914583333333333215e+01 9.872598123288314209e-01 -4.413624189611024037e-04
1.916666666666666430e+01 1.005565871833186575e+00 -3.262987034892941471e-04
1.918750000000000000e+01 1.018653493222381190e+00 -7.045312112945648466e-04
1.920833333333333215e+01 1.018136901966666175e+00 7.273841356165522496e-04
1.922916666666666430e+01 1.016193297287821151e+00 8.822900241046999908e-04
1.925000000000000000e+01 1.007568353184491450e+00 9.357239651988069596e-05
1.927083333333333215e+01 1.003372938322791841e+00 -2.079910683725807227e-03
1.929166666666666430e+01 9.997392586123107217e-01 -1.290467553761369878e-03
1.931250000000000000e+01 9.840442314362505272e-01 3.718777066878027897e-04
1.933333333333333215e+01 9.685904013955821679e-01 -1.035254469406719866e-03
1.935416666666666430e+01 9.647059086226325020e-01 -3.757252957279693870e-04
1.937500000000000000e+01 9.714086120552412051e-01 -1.462512627001688213e-04
1.939583333333333215e+01 1.000136999792965442e+00 -2.346255275698568357e-03
1.941666666666666430e+01 1.038903267966795330e+00 -5.008283423627330356e-04
1.943750000000000000e+01 1.055333636303165568e+00 3.695254522916297370e-06
1.945833333333333215e+01 1.043375165905669366e+00 -9.742239371320223461e-04
1.947916666666666430e+01 1.010939237966621329e+00 9.276843005294062826e-04
1.950000000000000000e+01 9.812988563312470269e-01 1.022121394303871205e-04
1.952083333333333215e+01 9.620622503901419265e-01 1.146784670393024815e-03
1.954166666666666430e+01 9.630308670255819381e-01 2.622642989718308075e-04
1.956250000000000000e+01 9.772734515482847106e-01 -1.357929229654802027e-03
1.958333333333333215e+01 9.971536506674355538e-01 1.178525771025047556e-03
1.960416666666666430e+01 1.011863700206434569e+00 6.288727666720279929e-04
1.962500000000000000e+01 1.022519206260451119e+00 1.433427498126075357e-04
1.964583333333333215e+01 1.019471201299250396e+00 -1.611730748503459090e-05
1.966666666666666430e+01 1.018025678274597778e+00 3.623492157898012666e-04
1.968750000000000000e+01 1.018664200470512871e+00 1.255283466537766368e-03
1.970833333333333215e+01 1.005426358773676032e+00 2.308645652639918465e-03
1.972916666666666430e+01 9.932043634755797212e-01 9.020874887788075600e-04
1.975000000000000000e+01 9.830673006089148958e-01 -4.730755379571681711e-04
1.977083333333333215e+01 9.824139863434540043e-01 -1.135254899940784908e-03
1.979166666666666430e+01 9.904852201636062947e-01 -1.584560796967709973e-03
1.981250000000000000e+01 9.971819268944814851e-01 3.212121171115547478e-04
1.983333333333333215e+01 1.004315407654817305e+00 -4.535948095381343707e-04
1.985416666666666430e+01 1.009483667106440219e+00 6.508239670260299167e-04
1.987500000000000000e+01 1.008584709999336582e+00 2.151836887088517513e-04
1.989583333333333215e+01 1.008052260739136452e+00 -1.146888164153926767e-03
1.991666666666666430e+01 1.006090334650606932e+00 -1.378931392679384142e-03
1.993750000000000000e+01 1.005335003897077861e+00 -8.433000920736788745e-05
1.995833333333333215e+01 9.983847560060755688e-01 -1.360333325506788002e-03
1.997916666666666430e+01 9.899807642835617427e-01 1.381829479961812698e-03
2.000000000000000000e+01 9.840041385656224104e-01 1.164901028289581702e-03
2.002083333333333215e+01 9.862801898551337709e-01 -6.524595869778478194e-04
2.004166666666666430e+01 9.957730662672875654e-01 4.071804902259111764e-04
2.006250000000000000e+01 1.013785960503668093e+00 -8.287116776494235417e-04
2.008333333333333215e+01 1.016473867536074494e+00 1.630336748585093460e-03
2.010416666666666430e+01 1.018175312253190690e+00 -2.621212458945069382e-04
2.012500000000000000e+01 1.007804441256771266e+00 -1.113546916311981567e-03
2.014583333333333215e+01 1.001941140011490594e+00 -1.167883824618341898e-05
2.016666666666666430e+01 9.917650851568351467e-01 -8.987922420325729486e-04
2.018750000000000000e+01 9.807834381333249141e-01 3.189832246511902880e-04
2.020833333333333215e+01 9.851783912438019097e-01 4.456758890659478334e-05
2.022916666666666430e+01 9.795741276171953116e-01 -7.490880254034751893e-04
2.025000000000000000e+01 9.952730292796394540e-01 7.996443859364432206e-05
2.027083333333333215e+01 1.013342919912411988e+00 9.988071140167311627e-04
2.029166666666666430e+01 1.031889207045719292e+00 5.979002976318829573e-04
2.031250000000000000e+01 1.038457196594013698e+00 -3.074919948311706356e-04
2.033333333333333215e+01 1.024485725596163022e+00 1.319460061888675772e-03
2.035416666666666430e+01 9.978055075945183594e-01 4.735435404926942641e-04
2.037500000000000000e+01 9.787198684693401152e-01 -3.752185802625146037e-04
2.039583333333333215e+01 9.647744913867053462e-01 2.300193951104951922e-04
2.041666666666666430e+01 9.720636785488681042e-01 1.827557716957111137e-03
2.043750000000000000e+01 9.862486297162025295e-01 1.455605505036941527e-03
2.045833333333333215e+01 1.002856454738476621e+00 3.887717899114179979e-03
2.047916666666666430e+01 1.013583809532405455e+00 7.045411219023010136e-04
2.050000000000000000e+01 1.026584957010488575e+00 3.080362323097337088e-04
2.052083333333333215e+01 1.029492067328810823e+00 -1.180234365343269150e-03
2.054166666666666430e+01 1.034014717494633251e+00 1.236450383240387391e-03
2.056250000000000000e+01 1.017863110291677531e+00 -1.129184160483307723e-03
2.058333333333333215e+01 9.979721232870408798e-01 -7.183046985934897098e-04
2.060416666666666430e+01 9.728034134850557235e-01 -2.727624104843467240e-04
2.062500000000000000e+01 9.604705761075255088e-01 9.247732281611911569e-04
2.064583333333333215e+01 9.635606390972011326e-01 -8.198352002239454829e-06
2.066666666666666430e+01 9.890490777028392300e-01 -4.944407536409969016e-04
2.068750000000000000e+01 1.008320197037710031e+00 -4.775257046782985888e-04
2.070833333333333215e+01 1.026814709631529654e+00 2.599563988183073611e-03
2.072916666666666430e+01 1.016430787923891854e+00 6.036050555966642134e-04
2.075000000000000000e+01 1.011674824409527496e+00 6.946578432622281659e-04
2.077083333333333215e+01 1.004114021769992871e+00 1.143305207317634256e-04
2.079166666666666430e+01 1.005013937193889317e+00 6.605135686310230694e-04
2.081250000000000000e+01 1.014306893607469062e+00 7.096388663230397383e-04
2.083333333333333215e+01 1.010646205808746423e+00 1.491915533037259422e-03
2.085416666666666430e+01 9.938277442059129108e-01 -1.894242163784037956e-03
2.087500000000000000e+01 9.838404359678831756e-01 2.748753483875499828e-04
2.089583333333333215e+01 9.680163517744505564e-01 -2.813295216580564626e-04
2.091666666666666430e+01 9.770095270759061590e-01 -7.713466360113354053e-04
2.093750000000000000e+01 9.895876345775586058e-01 -2.814706200198561765e-04
2.095833333333333215e+01 1.003322652111068303e+00 1.474060969100219687e-03
2.097916666666666430e+01 1.022125299607863802e+00 -2.754111587420893237e-03
2.100000000000000000e+01 1.025038682326927741e+00 1.229875617416803296e-03
2.102083333333333215e+01 1.024392746798570286e+00 1.189873666241499399e-03
2.104166666666666430e+01 1.025009203453707274e+00 6.017532754455718518e-04
2.106250000000000000e+01 1.003597842823697794e+00 2.726708884178028099e-03
2.108333333333333215e+01 9.928215043339871926e-01 -3.029117839339493315e-04
2.110416666666666430e+01 9.716997222282826030e-01 5.083099469192337537e-04
2.112500000000000000e+01 9.664240256549490038e-01 4.650259740514237614e-04
2.114583333333333215e+01 9.773976777226283108e-01 -6.531484519222408285e-04
2.116666666666666430e+01 9.939147952704838751e-01 7.195398810026812321e-04
2.118750000000000000e+01 1.009198629914310086e+00 5.941386874363154685e-04
2.120833333333333215e+01 1.019824657213459052e+00 5.620894436751791611e-04
2.122916666666666430e+01 1.017089457210040182e+00 4.025216934483738409e-04
2.125000000000000000e+01 1.010694602294343714e+00 5.072963904142248912e-04
2.127083333333333215e+01 1.013286425285349512e+00 3.273832454725564994e-04
2.129166666666666430e+01 1.008226399976431820e+00 1.136674588536768209e-03
2.131250000000000000e+01 1.006976023083497429e+00 9.415027146083231307e-04
2.133333333333333215e+01 9.979396214834639345e-01 3.908731472459693471e-04
2.135416666666666430e+01 9.898445055219036171e-01 -5.392277358712546436e-04
2.137500000000000000e+01 9.791181007743495757e-01 1.960089679334995304e-03
2.139583333333333215e+01 9.843776238523630484e-01 -8.518783304719966965e-04
2.141666666666666430e+01 9.997727850331639132e-01 4.491951072981219370e-04
2.143750000000000000e+01 1.016181479629004958e+00 -3.271362729444340423e-04
2.145833333333333215e+01 1.020177038416140824e+00 -3.690201967659615572e-04
2.147916666666666430e+01 1.013585760824391224e+00 1.014060914504234280e-03
2.150000000000000000e+01 1.009723569709238600e+00 3.489102471589125500e-04
2.152083333333333215e+01 9.958307985870572532e-01 1.134943708164822511e-04
2.154166666666666430e+01 9.882385139503104821e-01 -4.499103639484610838e-04
2.156250000000000000e+01 9.907098371257766489e-01 1.668743838559947213e-04
2.158333333333333215e+01 9.865497355269421398e-01 8.279107482885789474e-04
2.160416666666666430e+01 9.977232443379469018e-01 -1.645794372644667197e-03
2.162500000000000000e+01 1.003723300543342800e+00 1.086843346791423149e-03
2.164583333333333215e+01 1.006697207164220398e+00 8.456174438122186971e-05
2.166666666666666430e+01 1.017841499048101728e+00 -1.658547807114119478e-03
2.168750000000000000e+01 1.022784270588594335e+00 2.098128153131855172e-03
2.170833333333333215e+01 1.007870716227919017e+00 7.435680745382117641e-04
2.172916666666666430e+01 9.882158160389016288e-01 -1.525129280954176225e-03
2.175000000000000000e+01 9.711172197049376953e-01 7.962289694591530992e-04
2.177083333333333215e+01 9.690403123299355936e-01 7.783177068942054386e-04
2.179166666666666430e+01 9.868077360186965352e-01 -1.352666596680205660e-03
2.181250000000000000e+01 1.014525241981430126e+00 1.942092105362567276e-03
2.183333333333333215e+01 1.026340288296521797e+00 1.540497904570793100e-04
2.185416666666666430e+01 1.029017232106125057e+00 -9.350516469101886148e-04
2.187500000000000000e+01 1.017927338912421265e+00 -2.156226877217803407e-03
2.189583333333333215e+01 1.003136008348745944e+00 2.824222247385955184e-04
2.191666666666666430e+01 9.976089293394267976e-01 -6.567218319601013723e-04
2.193750000000000000e+01 9.955283696517635006e-01 4.113358695766405979e-04
2.195833333333333215e+01 9.837300053550950274e-01 -1.371624221552145226e-03
2.197916666666666430e+01 9.724375552852464466e-01 -1.245541465041584959e-04
2.200000000000000000e+01 9.743112647548602956e-01 -2.305571296831277568e-04
2.202083333333333215e+01 9.857275411535669773e-01 -1.319845785559144689e-03
2.204166666666666430e+01 1.008197551805280368e+00 -4.848896012581213198e-04
2.206250000000000000e+01 1.031340973072176981e+00 1.303906358435806285e-03
2.208333333333333215e+01 1.046035696741207666e+00 2.269070982457107189e-03
2.210416666666666430e+01 1.034373442306088631e+00 2.448554561562859069e-03
2.212500000000000000e+01 1.011915868677231156e+00 -3.165654119970171524e-05
2.214583333333333215e+01 9.888470597296604714e-01 1.953965916699280068e-03
2.216666666666666430e+01 9.671314202188737719e-01 -9.921635111569200756e-04
2.218750000000000000e+01 9.698699401705688228e-01 1.520569765650890822e-03
2.220833333333333215e+01 9.708169794093677307e-01 1.011619989171092752e-03
2.222916666666666430e+01 9.852174429607457595e-01 -9.663229368199707011e-04
2.225000000000000000e+01 9.995573590949582421e-01 -2.419570482930634946e-03
2.227083333333333215e+01 1.015755448835528041e+00 5.786084551561703360e-04
2.229166666666666430e+01 1.030371090452041116e+00 -3.093544133046789452e-03
2.231250000000000000e+01 1.040778106723225793e+00 2.808043703259981692e-04
2.233333333333333215e+01 1.031419164049783399e+00 -1.175809909065496806e-03
2.235416666666666430e+01 1.007649171823362000e+00 1.729309734251376985e-03
2.237500000000000000e+01 9.851102392667134833e-01 1.630271081784746053e-03
2.239583333333333215e+01 9.626366328141912065e-01 5.442893362527053596e-04
2.241666666666666430e+01 9.627080226356561354e-01 1.980610196881595932e-03
2.243750000000000000e+01 9.695758107840790618e-01 1.469272692175723188e-03
2.245833333333333215e+01 9.898170593580335463e-01 -1.846210907221029188e-04
2.247916666666666430e+01 1.010109918332798618e+00 1.149325832815763487e-03
2.250000000000000000e+01 1.029558643219774972e+00 3.340026299169017530e-04
2.252083333333333215e+01 1.037697078733472056e+00 -1.374182653245042962e-03
2.254166666666666430e+01 1.036248065017567610e+00 -6.531506626311718491e-04
2.256250000000000000e+01 1.017781321876383593e+00 -1.227189053289790823e-03
2.258333333333333215e+01 9.854309608313485125e-01 -3.105872863069566851e-05
2.260416666666666430e+01 9.597884540383565533e-01 -1.247449139202214076e-03
2.262500000000000000e+01 9.575004516775207364e-01 -1.561485606738413461e-03
2.264583333333333215e+01 9.718661670391535168e-01 -4.703256834866807257e-04
2.266666666666666430e+01 1.006565372058586316e+00 -6.042309014159180170e-04
2.268750000000000000e+01 1.026591900386788048e+00 -3.327159243688669068e-04
2.270833333333333215e+01 1.037758827184385391e+00 -1.764318410811904422e-03
2.272916666666666430e+01 1.020513705507347213e+00 -5.901170910087946047e-04
2.275000000000000000e+01 9.973726952239760912e-01 2.588943828189071376e-03
2.277083333333333215e+01 9.754169995559970330e-01 6.873636317006071592e-04
2.279166666666666430e+01 9.838325758095538554e-01 -3.509414389951495987e-04
2.281250000000000000e+01 9.996618321573769173e-01 -5.081117697177275992e-04
2.283333333333333215e+01 1.012101022771155323e+00 -6.770007423517002696e-04
2.285416666666666430e+01 1.013879956646129399e+00 -3.488710046899409279e-04
2.287500000000000000e+01 9.982939249234067391e-01 2.567506542827405962e-05
2.289583333333333215e+01 9.917129708797837173e-01 -7.949860712252157426e-04
2.291666666666666430e+01 9.914772906153647147e-01 4.990014932519139246e-04
2.293750000000000000e+01 9.955738474439728147e-01 8.951405565580472328e-05
2.295833333333333215e+01 1.005134105456259030e+00 -6.580367678628366553e-04
2.297916666666666430e+01 1.000702828029146341e+00 -1.218511776806675180e-05
2.300000000000000000e+01 1.001554837867154601e+00 4.452822756778947069e-04
2.302083333333333215e+01 9.937459336785691155e-01 7.379671365417208185e-04
2.304166666666666430e+01 9.991464102828094829e-01 -4.100413567494771137e-04
2.306250000000000000e+01 9.984206393019278147e-01 1.286929380299730161e-05
2.308333333333333215e+01 1.004306571611796040e+00 2.075229595628749063e-03
2.310416666666666430e+01 1.002192009541337692e+00 1.172871307623853067e-03
2.312500000000000000e+01 9.955951111042864454e-01 -1.762789654031555542e-03
2.314583333333333215e+01 9.960718580289553703e-01 -1.468799132937283593e-03
2.316666666666666430e+01 9.938518047013843448e-01 -8.916503547487203245e-04
2.318750000000000000e+01 9.985489562938072439e-01 -1.234731412895549003e-04
2.320833333333333215e+01 1.002032963863197956e+00 4.311471889888189492e-04
2.322916666666666430e+01 9.981781186277147722e-01 4.180550816540355187e-03
2.325000000000000000e+01 9.943839664878432183e-01 9.741739823468007452e-04
2.327083333333333215e+01 1.000133206986454582e+00 -1.358269062746638724e-04
2.329166666666666430e+01 9.996643131202218591e-01 -4.213277058004620719e-03
2.331250000000000000e+01 9.988937174653639284e-01 -8.719434662878207702e-04
2.333333333333333215e+01 1.003072009415979959e+00 -4.249412604328759065e-03
2.335416666666666430e+01 1.006482970722100356e+00 -8.218561740557105318e-04
2.337500000000000000e+01 1.003767052760299316e+00 6.794107392230319372e-04
2.339583333333333215e+01 1.005038949210955934e+00 4.844585887030044787e-04
2.341666666666666430e+01 1.009747821229832088e+00 1.303543959959099297e-03
2.343750000000000000e+01 1.009763753025731736e+00 1.172875321230257110e-03
2.345833333333333215e+01 9.923316829031231245e-01 -1.389267960623473798e-03
2.347916666666666430e+01 9.729148446908033598e-01 3.814650414548667687e-04
2.350000000000000000e+01 9.666032544054652398e-01 5.970999720474777983e-04
2.352083333333333215e+01 9.703536119031874740e-01 -2.670270289564069532e-03
2.354166666666666430e+01 9.999194804969421257e-01 -1.318134532710500272e-04
2.356250000000000000e+01 1.033557483684922840e+00 -2.892851471296393074e-03
2.358333333333333215e+01 1.051971379451194233e+00 1.086009429652973982e-03
2.360416666666666430e+01 1.047756077282958387e+00 -2.662793124823382204e-03
2.362500000000000000e+01 1.018969925623037565e+00 -4.824294513382693319e-06
2.364583333333333215e+01 9.790910809800357217e-01 1.186423201932283294e-04
2.366666666666666430e+01 9.584948095790783995e-01 -2.514802921570063760e-04
2.368750000000000000e+01 9.543602494104755918e-01 2.816890653485074818e-04
2.370833333333333215e+01 9.629026693343896159e-01 1.391871250698597335e-03
2.372916666666666430e+01 9.867507380939490869e-01 1.714968509905295216e-04
2.375000000000000000e+01 1.017293890599072270e+00 2.494753647824083168e-03
2.377083333333333215e+01 1.032549363131429310e+00 3.679343332893041866e-04
2.379166666666666430e+01 1.039138779262202661e+00 3.784784400591572630e-04
2.381250000000000000e+01 1.037325818665210120e+00 -7.648920511637247134e-04
2.383333333333333215e+01 1.019144341467427717e+00 1.109350949790584772e-03
2.385416666666666430e+01 9.904234179873665500e-01 -2.161003431261865511e-03
2.387500000000000000e+01 9.695085640614331535e-01 -1.426610135231698700e-03
2.389583333333333215e+01 9.626671091350480491e-01 -2.568122305732912884e-04
2.391666666666666430e+01 9.802335051364990948e-01 1.909279558560146106e-03
2.393750000000000000e+01 9.937835373363577141e-01 8.184625720496777534e-04
2.395833333333333215e+01 1.006071849389978512e+00 1.687557462238481552e-03
2.397916666666666430e+01 1.008440374626198954e+00 -1.049430006213536697e-03
2.400000000000000000e+01 1.007525406575820570e+00 -1.745691427394496049e-03
2.402083333333333215e+01 1.007035602117397621e+00 -6.967545267195146335e-04
2.404166666666666430e+01 1.008503341528527386e+00 -1.281980171715629835e-03
2.406250000000000000e+01 1.022222115820297761e+00 -1.225230099704307206e-03
2.408333333333333215e+01 1.016827210979831753e+00 -1.107071414718889708e-03
2.410416666666666430e+01 1.003123198550897044e+00 -9.164052371867788087e-04
2.412500000000000000e+01 9.905309506168403777e-01 -1.008269968069203581e-03
2.414583333333333215e+01 9.761877993809114917e-01 -1.981042076749176808e-04
2.416666666666666430e+01 9.778751113191381794e-01 -5.673573414708550601e-04
2.418750000000000000e+01 9.928875394374661045e-01 1.175758264581967067e-03
2.420833333333333215e+01 1.014225038438058890e+00 7.439014985288126781e-05
2.422916666666666430e+01 1.016308076052998999e+00 4.965138581624617409e-04
2.425000000000000000e+01 1.019507349903583160e+00 4.459336035724387475e-04
2.427083333333333215e+01 1.003856316141853000e+00 4.081030249925877984e-04
2.429166666666666430e+01 9.939442204223429833e-01 -4.169639598564183185e-04
2.431250000000000000e+01 9.852469982626844702e-01 1.550478979898035643e-03
2.433333333333333215e+01 9.864518987875131595e-01 -1.320389056683049305e-04
2.435416666666666430e+01 9.970267878660316052e-01 -1.604685552305808735e-03
2.437500000000000000e+01 1.005740245325343674e+00 -7.092475654116542176e-04
2.439583333333333215e+01 1.014812404964353432e+00 3.166789088427804182e-04
2.441666666666666430e+01 1.019297271297350926e+00 -4.190176945141946253e-04
2.443750000000000000e+01 1.018310941623831178e+00 -2.359824358019758320e-03
2.445833333333333215e+01 1.011037742286716279e+00 -9.477496473730046044e-04
2.447916666666666430e+01 9.866074442121023358e-01 2.180347984271217604e-04
2.450000000000000000e+01 9.749727822102115526e-01 5.260822451990250877e-05
2.452083333333333215e+01 9.682993337128897871e-01 1.122347164253460544e-03
2.454166666666666430e+01 9.837963714924405911e-01 -1.616929438096568756e-04
2.456250000000000000e+01 1.008467894316426916e+00 -7.933904646267550846e-04
2.458333333333333215e+01 1.024868092839131384e+00 1.380997854401273383e-03
2.460416666666666430e+01 1.028626479504132440e+00 7.640421360617243203e-05
2.462500000000000000e+01 1.022298202750639540e+00 4.122383298566570636e-04
2.464583333333333215e+01 1.009851153386025713e+00 -2.056070865880943184e-04
2.466666666666666430e+01 9.926139757668566155e-01 -1.670065967394096561e-03
2.468750000000000000e+01 9.781208664178738799e-01 4.597340354164368729e-04
2.470833333333333215e+01 9.807239073022242515e-01 -8.516958572394321865e-04
2.472916666666666430e+01 9.801809866036377272e-01 -9.628883378785257907e-04
2.475000000000000000e+01 9.838560121084285459e-01 2.230612092083113143e-03
2.477083333333333215e+01 9.971493480577622304e-01 7.345627339436275717e-04
2.479166666666666430e+01 1.010835299435014489e+00 5.754054729719015231e-04
2.481250000000000000e+01 1.026657297063984453e+00 1.764723682864971922e-04
2.483333333333333215e+01 1.029518774054592134e+00 1.352928766844361001e-03
2.485416666666666430e+01 1.014016405118919772e+00 -1.900912515356889803e-03
2.487500000000000000e+01 9.956837253576056312e-01 3.584580585632245035e-04
2.489583333333333215e+01 9.844199771724714276e-01 3.848437990601863467e-04
2.491666666666666430e+01 9.835178231415636629e-01 6.038669725319973118e-06
2.493750000000000000e+01 9.892522755299764103e-01 2.564866494447366144e-03
2.495833333333333215e+01 1.009647262099502507e+00 2.464876697169116884e-04
2.497916666666666430e+01 1.008497931057634522e+00 -9.950665192202858694e-04
2.500000000000000000e+01 1.007556577230612538e+00 -8.211563156722559908e-04
2.502083333333333215e+01 1.000097934580409298e+00 -6.149463432397750395e-04
2.504166666666666430e+01 9.983261623575309107e-01 1.144947693635964096e-03
2.506250000000000000e+01 9.999212417836713662e-01 -2.797089456866145175e-03
2.508333333333333215e+01 1.001809214592508379e+00 -2.417976148251406443e-03
2.510416666666666430e+01 9.991355307543705599e-01 1.048619518126214225e-03
2.512500000000000000e+01 1.002438152415425776e+00 4.560633031850862360e-04
2.514583333333333215e+01 1.005025187680645526e+00 3.619853446474306688e-05
2.516666666666666430e+01 1.009699369280208092e+00 -5.796900987397934695e-04
2.518750000000000000e+01 1.014096573174036342e+00 -2.982351659263377669e-04
2.520833333333333215e+01 1.010373015472026514e+00 1.549301411512465161e-04
2.522916666666666430e+01 9.967747479633981555e-01 -1.142216137955386415e-03
2.525000000000000000e+01 9.866899247593819977e-01 -4.371872423726991816e-04
2.527083333333333215e+01 9.758427787874928150e-01 -2.153505188869030661e-04
2.529166666666666430e+01 9.855316857579471401e-01 -4.187591392951643177e-04
2.531250000000000000e+01 1.002950712877538342e+00 7.092297091569575718e-04
2.533333333333333215e+01 1.021643240097381833e+00 1.535608661520989184e-03
2.535416666666666430e+01 1.025110729582187741e+00 2.656299790364126780e-04
2.537500000000000000e+01 1.016152254639813624e+00 1.282272685493361609e-03
2.539583333333333215e+01 9.993083366540753687e-01 -6.431135873186638434e-05
2.541666666666666430e+01 9.881753830469708344e-01 1.010391328882135958e-03
2.543750000000000000e+01 9.898741303626271693e-01 -3.162401379672511326e-03
2.545833333333333215e+01 9.931016927999856136e-01 1.810094014964284579e-04
2.547916666666666430e+01 1.003669386304200994e+00 -5.407082837316460212e-04
2.550000000000000000e+01 9.981672631304233656e-01 1.117686171221208549e-03
2.552083333333333215e+01 9.999113812146749325e-01 1.188777833859825826e-03
2.554166666666666430e+01 9.974767630684121533e-01 -1.081426426484894407e-03
2.556250000000000000e+01 1.006153433264549646e+00 1.142965582600514183e-03
2.558333333333333215e+01 1.008856172298291387e+00 4.162187963161039774e-04
2.560416666666666430e+01 1.012922136187698996e+00 3.975183719626694577e-04
2.562500000000000000e+01 1.012035685622558301e+00 1.349876412691558948e-03
2.564583333333333215e+01 1.002870625196458976e+00 7.623730875905811643e-04
2.566666666666666430e+01 9.973440575590223345e-01 8.768985299539851881e-04
2.568750000000000000e+01 9.925635478587589988e-01 1.073610562243190823e-04
2.570833333333333215e+01 9.865071679606305377e-01 -2.128733986617049618e-03
2.572916666666666430e+01 9.853604166915916895e-01 6.817259830580411082e-04
2.575000000000000000e+01 9.894944253956993174e-01 2.083014112389168504e-03
2.577083333333333215e+01 9.965675701335034997e-01 -1.188486601549955130e-03
2.579166666666666430e+01 1.013252370324408957e+00 1.703544257339342305e-03
2.581250000000000000e+01 1.022200115638693063e+00 3.300212065510921516e-04
2.583333333333333215e+01 1.021791163211503095e+00 -1.747282946791089931e-03
2.585416666666666430e+01 1.010408470248321144e+00 -2.311718396452358125e-04
2.587500000000000000e+01 9.943689463666640638e-01 3.009636122153752495e-04
2.589583333333333215e+01 9.870848915912023847e-01 -1.100130179048052588e-03
2.591666666666666430e+01 9.898944918597055720e-01 -1.200854730795798556e-03
2.593750000000000000e+01 9.941537581009718405e-01 3.557115103067473084e-04
2.595833333333333215e+01 9.965304169839706017e-01 -4.842874994251700226e-04
2.597916666666666430e+01 9.950389025807828691e-01 -6.987327687594574368e-04
