0.000000000000000000e+00 9.576710295551074115e-01 9.563066160823750859e-04
2.083333333333333218e-02 9.762194644464018412e-01 -1.226182330865726016e-03
4.166666666666666435e-02 9.935897682572780720e-01 1.420033327394634205e-03
6.250000000000000000e-02 1.004835044551516843e+00 -8.408870882857783337e-04
8.333333333333332871e-02 1.018919171539778290e+00 -1.824075020894979412e-03
1.041666666666666574e-01 1.019008347082722921e+00 7.953714469628794803e-04
1.250000000000000000e-01 1.019580504589642889e+00 -1.091099968799422951e-03
1.458333333333333148e-01 1.018589515598603557e+00 -3.637442015499393281e-04
1.666666666666666574e-01 1.009276220777747701e+00 -2.652329436397571436e-03
1.875000000000000000e-01 1.010533205814601931e+00 -1.171749476131097147e-03
2.083333333333333148e-01 1.002631885410928181e+00 7.488370430024667403e-04
2.291666666666666574e-01 9.989399338264036698e-01 -1.210112392667611050e-03
2.500000000000000000e-01 1.003875378789422346e+00 3.922183408756783288e-04
2.708333333333333148e-01 9.975669982313809525e-01 -9.100849220271853106e-04
2.916666666666666297e-01 9.956494430522668804e-01 7.094886672463216522e-04
3.125000000000000000e-01 9.964017421025291865e-01 7.068071222361860684e-04
3.333333333333333148e-01 9.975524011783426515e-01 -3.780055424301465104e-03
3.541666666666666297e-01 1.005140198208628544e+00 -1.708116250064735170e-03
3.750000000000000000e-01 1.009714321886842736e+00 -3.793962944451094595e-04
3.958333333333333148e-01 1.012413208460328784e+00 4.166948494997271325e-04
4.166666666666666297e-01 1.011803428081474499e+00 7.397216422669536384e-04
4.375000000000000000e-01 1.011372403713952206e+00 6.601700760790061217e-04
4.583333333333333148e-01 1.004526801222554999e+00 -1.405520997786341127e-03
4.791666666666666297e-01 1.003807009502549530e+00 -3.759732681743846493e-04
5.000000000000000000e-01 1.006494446106411589e+00 -1.531953113683044926e-03
5.208333333333332593e-01 1.007601604812984553e+00 -3.308737124890135089e-04
5.416666666666666297e-01 1.009246851440751103e+00 8.666032512550714056e-04
5.625000000000000000e-01 1.013218795299906771e+00 -2.196473724810147070e-04
5.833333333333332593e-01 1.003191440562067438e+00 -2.352662618710125119e-04
6.041666666666666297e-01 1.001109288162400190e+00 5.050968465551599739e-04
6.250000000000000000e-01 1.001665738624003099e+00 7.682604974106525906e-04
6.458333333333332593e-01 9.961632966532760758e-01 -7.020368783943653403e-04
6.666666666666666297e-01 9.993098719018975729e-01 1.832579694605968859e-03
6.875000000000000000e-01 9.958076900620023153e-01 3.785323420572327450e-04
7.083333333333332593e-01 9.906082355460388289e-01 -6.946687437776911944e-04
7.291666666666666297e-01 9.889981019272584550e-01 7.833487385818015212e-05
7.500000000000000000e-01 9.845047976450590488e-01 2.423148251138161884e-03
7.708333333333332593e-01 9.905230662879608294e-01 -1.122508927039060243e-03
7.916666666666666297e-01 9.926617299284906659e-01 1.446265717193060980e-03
8.125000000000000000e-01 9.949197106179112904e-01 -1.498361319033260884e-03
8.333333333333332593e-01 9.943437252040130403e-01 -3.503294033729463454e-04
8.541666666666666297e-01 9.983358553684530401e-01 2.111578398250255496e-03
8.750000000000000000e-01 9.931642744914526144e-01 -5.732929119913029916e-04
8.958333333333332593e-01 1.000574038589830961e+00 8.403585723417223352e-04
9.166666666666666297e-01 1.006843818509309152e+00 8.456935834503625767e-04
9.375000000000000000e-01 1.015358544975667243e+00 1.585502824000123477e-03
9.583333333333332593e-01 1.022373642330569599e+00 1.458504985658904112e-03
9.791666666666666297e-01 1.023517696133309007e+00 -2.797311166169459944e-04
1.000000000000000000e+00 1.023546929435482422e+00 1.225955167800662181e-03
1.020833333333333259e+00 1.020106966911188850e+00 -1.875030952547800805e-03
1.041666666666666519e+00 1.025801788991968833e+00 -4.054675361069240576e-04
1.062500000000000000e+00 1.018066341609407788e+00 3.985777231275946446e-04
1.083333333333333259e+00 1.022181835624615065e+00 -3.599946543097548514e-04
1.104166666666666519e+00 1.029018903658749373e+00 2.436956105915246513e-04
1.125000000000000000e+00 1.022196912029485816e+00 -1.065004372073830334e-03
1.145833333333333259e+00 1.014934491992301124e+00 1.452340715356967120e-03
1.166666666666666519e+00 1.016513362498256301e+00 3.773660128657251598e-04
1.187500000000000000e+00 1.007238844192885896e+00 -2.078522305406336091e-04
1.208333333333333259e+00 1.011514531914057491e+00 -6.959815741964390156e-04
1.229166666666666519e+00 1.002884887776589684e+00 7.527923898197961920e-04
1.250000000000000000e+00 1.001954016981168705e+00 -1.334847179792626867e-03
1.270833333333333259e+00 9.956538030507345871e-01 -7.189812832662128336e-04
1.291666666666666519e+00 9.957342170329231967e-01 -8.881034095167491833e-05
1.312500000000000000e+00 9.983480969022369145e-01 -1.104218424603046073e-05
1.333333333333333259e+00 1.001763363776902782e+00 -6.788712003310244463e-05
1.354166666666666519e+00 1.007698864932622840e+00 -1.004346666551837524e-03
1.375000000000000000e+00 1.009177976212103367e+00 5.714609817625073166e-04
1.395833333333333259e+00 1.009979192509984136e+00 2.157533199408054358e-04
1.416666666666666519e+00 1.002164919436019375e+00 -7.043315495915364408e-04
1.437500000000000000e+00 9.968931262082446620e-01 1.324372099257527854e-03
1.458333333333333259e+00 9.937001527735179751e-01 -2.140493147925206195e-03
1.479166666666666519e+00 9.963524917367609923e-01 -1.366919616067673949e-03
1.500000000000000000e+00 9.975247154911791592e-01 -9.793476685584603155e-04
1.520833333333333259e+00 1.002717978252663622e+00 -8.979160277079743563e-05
1.541666666666666519e+00 1.002022512283193389e+00 1.367437731224600611e-03
1.562500000000000000e+00 1.002543865625422193e+00 1.855648182072137421e-03
1.583333333333333259e+00 1.003740925402347495e+00 2.349014590268113430e-03
1.604166666666666519e+00 1.006855836522638104e+00 -1.114533645031189773e-04
1.625000000000000000e+00 1.003801687728836267e+00 4.494133164287013446e-04
1.645833333333333259e+00 1.005649080444201759e+00 4.804304490616157527e-04
1.666666666666666519e+00 1.003063196824208969e+00 5.628607492349565079e-04
1.687500000000000000e+00 9.875480250168785501e-01 -1.436201901380102300e-03
1.708333333333333259e+00 9.931991716513418611e-01 3.143424054303636046e-04
1.729166666666666519e+00 9.942172605694729048e-01 2.247847300252265028e-04
1.750000000000000000e+00 9.922237043792621058e-01 6.034759214108767608e-04
1.770833333333333259e+00 9.948281572955497420e-01 2.119872429426922374e-04
1.791666666666666519e+00 1.001269676494413341e+00 -6.731391795999263012e-04
1.812500000000000000e+00 1.008239616420802509e+00 -1.810126845121696104e-04
1.833333333333333259e+00 1.001717133698802442e+00 -8.210338376451800906e-04
1.854166666666666519e+00 1.002477138407834811e+00 1.002399449094302283e-03
1.875000000000000000e+00 1.004391721195027287e+00 1.754877896686266644e-03
1.895833333333333259e+00 1.005903504729126929e+00 -2.921936577962632158e-03
1.916666666666666519e+00 1.006282013079709436e+00 1.829176278060993350e-03
1.937500000000000000e+00 9.856534132794776415e-01 -1.308128878911453147e-03
1.958333333333333259e+00 9.543676394034665833e-01 1.464454050171441236e-03
1.979166666666666519e+00 9.168131880162567748e-01 -1.192425203014160166e-03
2.000000000000000000e+00 8.785400030442720443e-01 -2.324800725999291197e-03
2.020833333333333037e+00 8.333190538514154699e-01 6.312100803257547242e-04
2.041666666666666519e+00 7.988626121733344299e-01 2.579735247411689110e-04
2.062500000000000000e+00 7.732209904386483368e-01 -1.723152280547141655e-03
2.083333333333333037e+00 7.573961109280628046e-01 1.078911950454804810e-03
2.104166666666666519e+00 7.521750628668600891e-01 -1.498994570273140797e-03
2.125000000000000000e+00 7.620678032213065167e-01 2.198141125974558882e-04
2.145833333333333037e+00 7.921483747030150235e-01 1.300245332364140553e-03
2.166666666666666519e+00 8.302745716107053919e-01 1.367575857209772780e-03
2.187500000000000000e+00 8.649835740447591181e-01 -1.571249318423119075e-03
2.208333333333333037e+00 9.032059055836521022e-01 -8.156425756712491629e-04
2.229166666666666519e+00 9.320886328271071886e-01 1.539291687161839506e-03
2.250000000000000000e+00 9.646337283672465901e-01 1.338961992314073417e-03
2.270833333333333037e+00 9.801021309465283160e-01 1.302748992039276521e-03
2.291666666666666519e+00 9.897977644103612693e-01 -3.888924490872874883e-04
2.312500000000000000e+00 9.949237747750743210e-01 -5.114120739595889300e-04
2.333333333333333037e+00 9.949378968500480758e-01 -4.656952652721666657e-04
2.354166666666666519e+00 1.005244883871563744e+00 -8.987543271281789098e-04
2.375000000000000000e+00 1.006080775869932165e+00 2.494559163913823019e-05
2.395833333333333037e+00 1.000530871310964631e+00 -3.606989198109185855e-03
2.416666666666666519e+00 1.000583798348579911e+00 -9.445439576469752277e-04
2.437500000000000000e+00 1.005158477070790868e+00 1.398839127937039680e-03
2.458333333333333037e+00 1.005904289183333189e+00 -1.062736262757854860e-03
2.479166666666666519e+00 1.008181791488589774e+00 1.230209225205748051e-03
2.500000000000000000e+00 1.003633509517524391e+00 1.458822531648127458e-04
2.520833333333333037e+00 9.996968830314062471e-01 5.518311712450373789e-04
2.541666666666666519e+00 1.000204809464617872e+00 7.789335031666950679e-05
2.562500000000000000e+00 9.918458422264037067e-01 -2.479959835788009118e-04
2.583333333333333037e+00 9.951744429976643325e-01 1.011243924625162454e-03
2.604166666666666519e+00 9.976538015470911569e-01 5.419439371628112468e-04
2.625000000000000000e+00 9.998242342039274089e-01 3.475103022495955215e-05
2.645833333333333037e+00 1.006403314749217515e+00 3.726890084608878561e-04
2.666666666666666519e+00 1.004028160820100934e+00 5.906612023580351967e-04
2.687500000000000000e+00 1.010955649986061688e+00 1.807868923501473662e-03
2.708333333333333037e+00 1.009810905509231249e+00 -4.681042112257495676e-04
2.729166666666666519e+00 1.011606215765611161e+00 3.507992017958055432e-04
2.750000000000000000e+00 1.012768593336241807e+00 -1.331190428986760285e-03
2.770833333333333037e+00 1.005812816130104315e+00 6.496876949553131607e-04
2.791666666666666519e+00 1.004538111666511968e+00 -1.242397902210467045e-03
2.812500000000000000e+00 9.984583839299652208e-01 -5.179355464904603816e-04
2.833333333333333037e+00 9.921140417287456215e-01 -7.428725031928772027e-05
2.854166666666666519e+00 9.972854294956693399e-01 -4.789771064228369110e-04
2.875000000000000000e+00 1.002052788427048036e+00 5.921392017827193212e-04
2.895833333333333037e+00 1.007437469952464193e+00 -4.573284381495209064e-04
2.916666666666666519e+00 1.016151715348440732e+00 -2.549648483466463974e-04
2.937500000000000000e+00 1.012042478772483323e+00 1.285462430189283954e-03
2.958333333333333037e+00 1.007669993139903797e+00 -5.258449450079682021e-05
2.979166666666666519e+00 1.006502289009634010e+00 -1.295259591544957760e-03
3.000000000000000000e+00 1.005841656909383985e+00 1.354754924355864101e-03
3.020833333333333037e+00 1.011442419958498595e+00 -7.150121360365457477e-04
3.041666666666666519e+00 1.004635011330784922e+00 -5.821677717842082362e-04
3.062500000000000000e+00 9.990398336711392435e-01 -3.636242372777033450e-04
3.083333333333333037e+00 1.001542094797379656e+00 2.296860712503126772e-03
3.104166666666666519e+00 1.000732012505601842e+00 -2.455959192172496629e-05
3.125000000000000000e+00 1.003763784570455009e+00 -3.515309521567784611e-04
3.145833333333333037e+00 1.010080011316258242e+00 6.481817202928850767e-04
3.166666666666666519e+00 1.006379848499439733e+00 -6.415924960505194194e-04
3.187500000000000000e+00 1.006601433285149616e+00 -2.976162934271415301e-04
3.208333333333333037e+00 1.005448282868276699e+00 -2.642253155234693812e-03
3.229166666666666519e+00 9.991274574971525935e-01 -1.696359678046515892e-04
3.250000000000000000e+00 9.962144929511856928e-01 3.774400739018707253e-04
3.270833333333333037e+00 1.007463377888314859e+00 -1.666060983928584031e-03
3.291666666666666519e+00 1.014639126556998283e+00 2.072620360917229215e-04
3.312500000000000000e+00 1.017828406479832859e+00 -8.519018642807452395e-04
3.333333333333333037e+00 1.022084016289130259e+00 -1.112443041278309182e-03
3.354166666666666519e+00 1.013204617200486490e+00 -1.336733312951171810e-03
3.375000000000000000e+00 1.008546388855163789e+00 -1.678364496145443366e-04
3.395833333333333037e+00 1.009314561301687174e+00 2.696321376469336287e-04
3.416666666666666519e+00 1.008654440019553400e+00 4.309199967147791236e-05
3.437500000000000000e+00 1.008482542307889362e+00 2.078988443743627005e-04
3.458333333333333037e+00 1.015002185215949648e+00 2.806191853702241800e-04
3.479166666666666519e+00 1.010487313301972945e+00 1.998420756315550870e-03
3.500000000000000000e+00 1.014852070229673275e+00 1.402993005755525345e-03
3.520833333333333037e+00 1.019207866823740094e+00 -1.063674311936139023e-04
3.541666666666666519e+00 1.017838954007723729e+00 9.473157041018221000e-04
3.562500000000000000e+00 1.009988046656228766e+00 -1.243146605832835816e-03
3.583333333333333037e+00 1.005638937802839195e+00 6.878150559355847640e-04
3.604166666666666519e+00 9.988132258486304149e-01 2.897962375530468287e-04
3.625000000000000000e+00 9.964226294567580799e-01 -1.040512905963394963e-03
3.645833333333333037e+00 9.925397831458018238e-01 1.728311109361059658e-03
3.666666666666666519e+00 9.895809482869358797e-01 -1.986159601825585388e-03
3.687500000000000000e+00 9.951128566047106050e-01 1.129608432537947777e-03
3.708333333333333037e+00 9.979176155858944242e-01 -6.484757590504758220e-04
3.729166666666666519e+00 1.003624808554500980e+00 2.833807929934539782e-03
3.750000000000000000e+00 1.003256778608421218e+00 -1.384557084364727896e-03
3.770833333333333037e+00 1.004081755432045808e+00 9.151610327203023266e-05
3.791666666666666519e+00 1.000597620027995127e+00 1.188622232202203935e-03
3.812500000000000000e+00 9.873901700529187364e-01 9.769405270257565128e-04
3.833333333333333037e+00 9.890092399368265452e-01 -8.486934740086258351e-04
3.854166666666666519e+00 9.911860162541055175e-01 -7.644421537170782883e-04
3.875000000000000000e+00 9.962317099120177044e-01 1.106840305049258634e-03
3.895833333333333037e+00 1.004073803318743519e+00 -1.331775205476517848e-03
3.916666666666666519e+00 1.005393333975564740e+00 -8.670416039259294834e-04
3.937500000000000000e+00 1.004469591885121860e+00 1.796202409716506380e-03
3.958333333333333037e+00 1.008375916663491356e+00 1.061291395731818639e-03
3.979166666666666519e+00 1.010915232591024671e+00 8.888423485541527020e-04
4.000000000000000000e+00 1.008590752789456424e+00 -1.004006448833901031e-03
4.020833333333333037e+00 1.007559710857897750e+00 -3.917648819558718987e-04
4.041666666666666075e+00 9.983043796468591413e-01 -1.629688262567325751e-03
4.062500000000000000e+00 9.955910822663539550e-01 -2.523942137605684598e-03
4.083333333333333037e+00 9.943677509002836201e-01 -1.189367883126945906e-03
4.104166666666666075e+00 1.002169372161484828e+00 -1.389009443439961911e-03
4.125000000000000000e+00 1.010549486721115331e+00 9.337825725771252243e-04
4.145833333333333037e+00 1.011363655868583900e+00 5.814905479972369345e-04
4.166666666666666075e+00 1.015206657743587426e+00 1.098807691367970291e-04
4.187500000000000000e+00 1.012353522894648528e+00 -7.530511408585025121e-04
4.208333333333333037e+00 1.010356976568362430e+00 4.476303144594366481e-04
4.229166666666666075e+00 9.982826874404018280e-01 1.402059160680503612e-03
4.250000000000000000e+00 9.887980814440692212e-01 -1.543608537039490268e-03
4.270833333333333037e+00 9.729254094049449852e-01 3.545270012925646227e-04
4.291666666666666075e+00 9.616095473397450188e-01 -3.230331783649889794e-04
4.312500000000000000e+00 9.412765211895512962e-01 -1.186368554907439371e-03
4.333333333333333037e+00 9.155791565030622081e-01 -9.023827127725201182e-04
4.354166666666666075e+00 8.994098391264910841e-01 8.181311413528183027e-05
4.375000000000000000e+00 8.937812775795559439e-01 -2.055925854827179641e-03
4.395833333333333037e+00 8.860941404228332985e-01 1.958524219495478874e-04
4.416666666666666075e+00 8.856605319001985555e-01 1.833150550662366370e-03
4.437500000000000000e+00 8.840045868963735121e-01 -1.437016805411735296e-03
4.458333333333333037e+00 8.969137015314974093e-01 -2.643680106686252095e-03
4.479166666666666075e+00 9.109742325751623016e-01 -2.639957680039584323e-05
4.500000000000000000e+00 9.263370098788663576e-01 -1.727844114176839722e-03
4.520833333333333037e+00 9.420591128228330557e-01 6.007546747092654561e-04
4.541666666666666075e+00 9.677218904657824972e-01 1.554781056672449157e-03
4.562500000000000000e+00 9.838132189238854020e-01 6.048674418416091249e-04
4.583333333333333037e+00 9.909474527422644785e-01 1.395338865357753861e-03
4.604166666666666075e+00 9.950819665573367168e-01 2.358778503365496055e-04
4.625000000000000000e+00 9.893054894609857319e-01 -2.669403086551006259e-03
4.645833333333333037e+00 9.842662150623531225e-01 1.915926098310864853e-04
4.666666666666666075e+00 9.839432624716563103e-01 -1.626010505960755496e-03
4.687500000000000000e+00 9.915039226980586484e-01 -4.038150432098785146e-04
4.708333333333333037e+00 9.948131371355800612e-01 -2.720804471700343126e-03
4.729166666666666075e+00 9.989467757390304570e-01 -5.053418955253137067e-04
4.750000000000000000e+00 1.001529318126362478e+00 6.354007495118869572e-04
4.770833333333333037e+00 1.000258901543364720e+00 7.877297495524300313e-04
4.791666666666666075e+00 1.002199428695706107e+00 1.073337047029459266e-03
4.812500000000000000e+00 9.966114709205193822e-01 -1.420467305023482294e-03
4.833333333333333037e+00 1.000641173552440977e+00 2.140278942687573634e-03
4.854166666666666075e+00 1.001761843566003618e+00 6.743148078699081997e-04
4.875000000000000000e+00 9.985895981149021106e-01 5.660087200240838728e-04
4.895833333333333037e+00 9.934318051018549145e-01 -8.987768626545915339e-04
4.916666666666666075e+00 9.887343077204961972e-01 -4.117443570815232249e-04
4.937500000000000000e+00 9.990997973289953427e-01 -3.491148662799234241e-04
4.958333333333333037e+00 1.005187945364464541e+00 -8.757706236946108218e-04
4.979166666666666075e+00 1.011659399712451224e+00 -1.887266074957015928e-03
5.000000000000000000e+00 1.012620012556304072e+00 -2.337389140857717897e-03
5.020833333333333037e+00 1.014166331204731319e+00 5.562033314730570246e-04
5.041666666666666075e+00 1.019365160414554161e+00 1.682185951025619904e-03
5.062500000000000000e+00 1.014917553451056609e+00 -2.287018158540483730e-04
5.083333333333333037e+00 1.017037941322678218e+00 -2.775108899859333837e-03
5.104166666666666075e+00 1.023522850376810345e+00 -1.356658249901561419e-03
5.125000000000000000e+00 1.019922249854936513e+00 -3.219391421382524301e-05
5.145833333333333037e+00 1.019126226098851395e+00 1.443312281580383339e-03
5.166666666666666075e+00 1.015165345292943000e+00 1.260376411656999405e-03
5.187500000000000000e+00 1.013442397686411756e+00 3.929429559950789095e-04
5.208333333333333037e+00 1.019676961444938357e+00 2.480075593328205999e-03
5.229166666666666075e+00 1.021896687196092168e+00 1.079056067994462386e-03
5.250000000000000000e+00 1.021973891911893473e+00 -7.454776325048331276e-05
5.270833333333333037e+00 1.024437076756163911e+00 -1.610683671655586523e-03
5.291666666666666075e+00 1.016539742444753980e+00 2.171420183033259850e-03
5.312500000000000000e+00 1.015263258506320376e+00 -1.739737757299730184e-03
5.333333333333333037e+00 1.001788352305564844e+00 -5.189666014288836287e-04
5.354166666666666075e+00 9.923744854547753569e-01 6.036880022836103778e-04
5.375000000000000000e+00 9.918058681421738632e-01 -1.138976156228684814e-03
5.395833333333333037e+00 9.870423488831873149e-01 -9.180710957919158621e-04
5.416666666666666075e+00 9.874885644592369394e-01 1.363270613088688301e-03
5.437500000000000000e+00 9.862013046275834860e-01 -8.870573795151638847e-04
5.458333333333333037e+00 9.845954810794116385e-01 1.336196609136864862e-03
5.479166666666666075e+00 9.867314836852568716e-01 -2.538352795902706384e-04
5.500000000000000000e+00 9.897601659304082755e-01 -3.689479650160015192e-04
5.520833333333333037e+00 9.989824448004187563e-01 -1.928477620155423381e-03
5.541666666666666075e+00 9.959683923241585690e-01 -3.053253767935130655e-04
5.562500000000000000e+00 9.982869689487957610e-01 2.179940839917353119e-03
5.583333333333333037e+00 9.991295881244588450e-01 -1.389966231889775685e-03
5.604166666666666075e+00 9.988643025870195258e-01 -2.899368522976669281e-04
5.625000000000000000e+00 9.988258618649431542e-01 -4.787613174734967839e-04
5.645833333333333037e+00 1.006227935789771877e+00 -5.161676238626953291e-04
5.666666666666666075e+00 1.018611893093471776e+00 2.329937804347842045e-03
5.687500000000000000e+00 1.017121152583857047e+00 1.691944314120647158e-03
5.708333333333333037e+00 1.021742812756827323e+00 -7.460305791892479516e-04
5.729166666666666075e+00 1.014874473248885689e+00 3.716369540496520282e-05
5.750000000000000000e+00 1.008443158876826562e+00 2.107344982164175654e-03
5.770833333333333037e+00 1.001608822547494393e+00 -1.592122347814206324e-03
5.791666666666666075e+00 1.012542148498554839e+00 2.382224304982101699e-04
5.812500000000000000e+00 1.008921124301084049e+00 -1.141056156271035059e-03
5.833333333333333037e+00 1.010975312988001473e+00 2.030081506438277585e-03
5.854166666666666075e+00 1.012242248303673930e+00 -1.959693256695527012e-03
5.875000000000000000e+00 1.011616542190530099e+00 -1.287781622254053618e-03
5.895833333333333037e+00 1.011703596625501245e+00 -7.617878271344140102e-04
5.916666666666666075e+00 1.009479811626982304e+00 1.523184515473198324e-03
5.937500000000000000e+00 1.005171342027301851e+00 5.794125318836291149e-04
5.958333333333333037e+00 1.001109599831262909e+00 6.657148846117357270e-04
5.979166666666666075e+00 9.991111775932735029e-01 9.459167189922590554e-04
6.000000000000000000e+00 9.977641876987953795e-01 2.216197419775939748e-03
6.020833333333333037e+00 1.003537827506429281e+00 9.718765382639647484e-04
6.041666666666666075e+00 1.005996833006971070e+00 8.405504006514649337e-05
6.062500000000000000e+00 1.013600500227866741e+00 5.284954695855117795e-04
6.083333333333333037e+00 1.022080894186881750e+00 -3.063224889924046155e-03
6.104166666666666075e+00 1.023813506911091409e+00 -1.585529355224341334e-04
6.125000000000000000e+00 1.022283547552280236e+00 2.920030439379939116e-04
6.145833333333333037e+00 1.012676815173763512e+00 1.909442842215441395e-03
6.166666666666666075e+00 9.987187643449495500e-01 -3.763339534500233772e-04
6.187500000000000000e+00 1.001137077156344368e+00 1.438487797534150441e-04
6.208333333333333037e+00 9.986212459921439688e-01 -1.026415090626184865e-03
6.229166666666666075e+00 9.982638698240899888e-01 -2.998084342166610402e-04
6.250000000000000000e+00 9.980491502902566481e-01 1.985520248855382648e-03
6.270833333333333037e+00 1.003218027644086519e+00 -1.903531402879195039e-03
6.291666666666666075e+00 1.006055592086801065e+00 -4.203757405509445273e-04
6.312500000000000000e+00 1.008150817484300799e+00 -3.647439172234341956e-04
6.333333333333333037e+00 1.002899707263764428e+00 -7.881685522586606837e-04
6.354166666666666075e+00 9.976994631426665538e-01 -8.289446038460316322e-04
6.375000000000000000e+00 9.946213340386106383e-01 -1.778191746865381969e-03
6.395833333333333037e+00 9.852599676971661724e-01 -1.058169379898534586e-03
6.416666666666666075e+00 9.767666673342012551e-01 7.261347821405683190e-05
6.437500000000000000e+00 9.714641097854779250e-01 -3.552847268082084888e-04
6.458333333333333037e+00 9.508942304937932910e-01 2.159960583622228068e-03
6.479166666666666075e+00 9.331105804955025507e-01 8.506078457839739678e-04
6.500000000000000000e+00 9.052837686705468290e-01 -1.034484146238127738e-03
6.520833333333333037e+00 8.760213782753757394e-01 4.514390932258807764e-04
6.541666666666666075e+00 8.389316712329730752e-01 -1.160512973992857116e-03
6.562500000000000000e+00 7.988774352046440486e-01 -1.434237544898628054e-03
6.583333333333333037e+00 7.675399957971652531e-01 -1.092164821933846574e-03
6.604166666666666075e+00 7.442597882762734818e-01 2.577855105906805017e-03
6.625000000000000000e+00 7.440206523514106829e-01 1.641420843214510682e-04
6.645833333333333037e+00 7.597143808294798406e-01 5.665446744522147689e-04
6.666666666666666075e+00 7.900272056152142230e-01 -3.156574240446469474e-04
6.687500000000000000e+00 8.230089233747814870e-01 -1.761096661342875184e-03
6.708333333333333037e+00 8.632412636300417219e-01 -1.578213429453898193e-03
6.729166666666666075e+00 9.061813141080606870e-01 -1.144630971897737416e-03
6.750000000000000000e+00 9.428317840259385907e-01 2.352665214063179766e-04
6.770833333333333037e+00 9.735415689146793561e-01 -1.989362034810624163e-03
6.791666666666666075e+00 9.974892740845850980e-01 1.323948276699201667e-03
6.812500000000000000e+00 1.010311804498469135e+00 -2.086614659884820488e-03
6.833333333333333037e+00 1.010542868857617460e+00 2.509905191264061221e-03
6.854166666666666075e+00 1.008287757737475809e+00 5.939312041350459058e-04
6.875000000000000000e+00 1.010346296126192200e+00 1.703461906377917029e-03
6.895833333333333037e+00 1.018658659975276937e+00 -4.205501731112178013e-04
6.916666666666666075e+00 1.021216832033450705e+00 -3.038372874751780599e-05
6.937500000000000000e+00 1.013928370087417541e+00 4.599607628956782512e-04
6.958333333333333037e+00 1.009473937895157603e+00 6.354311210066037122e-04
6.979166666666666075e+00 1.005730102415547611e+00 2.130732617915545753e-03
7.000000000000000000e+00 9.986092658618573870e-01 1.716608934020017688e-03
7.020833333333333037e+00 9.960630836207237104e-01 3.643277654931549418e-03
7.041666666666666075e+00 9.903001981744548043e-01 1.015895849129695759e-03
7.062500000000000000e+00 9.941700749352437860e-01 -1.745385254308292591e-04
7.083333333333333037e+00 9.955382727360169159e-01 -1.701730475504931476e-03
7.104166666666666075e+00 9.996798372123777421e-01 3.887831458322913868e-05
7.125000000000000000e+00 1.000093271675601247e+00 1.584604210909590881e-03
7.145833333333333037e+00 9.974578695556555186e-01 -5.871423159979514896e-05
7.166666666666666075e+00 1.002581794418724082e+00 -1.199203858181456051e-03
7.187500000000000000e+00 9.953663815472956200e-01 9.081605825638156340e-04
7.208333333333333037e+00 9.978022504419562511e-01 -1.146227292184035093e-03
7.229166666666666075e+00 9.961108230284176912e-01 -7.540741512595128130e-04
7.250000000000000000e+00 9.922267699783258177e-01 3.328728461360504470e-04
7.270833333333333037e+00 9.948609038554152573e-01 -1.254922417719375098e-04
7.291666666666666075e+00 9.998396710328215642e-01 8.320304504517119426e-04
7.312500000000000000e+00 1.004192040742062808e+00 1.276744928226215305e-03
7.333333333333333037e+00 1.012916758929328642e+00 2.037166820968996754e-03
7.354166666666666075e+00 1.018526426169037435e+00 -1.102480117714500774e-03
7.375000000000000000e+00 1.017321893521927922e+00 7.755130899704134164e-04
7.395833333333333037e+00 1.012263799231719608e+00 1.859343585788104285e-04
7.416666666666666075e+00 1.005007864707628817e+00 -1.802776504513904036e-03
7.437500000000000000e+00 1.006724837754999102e+00 2.538250472861386907e-03
7.458333333333333037e+00 1.008341471618702689e+00 8.346399821042657262e-05
7.479166666666666075e+00 1.005699198471101008e+00 -2.577809989389592631e-04
7.500000000000000000e+00 1.001382897806418537e+00 6.687480006156705341e-04
7.520833333333333037e+00 9.988330101549858231e-01 8.719939149950810568e-04
7.541666666666666075e+00 1.000188588759019392e+00 1.609167894654970439e-03
7.562500000000000000e+00 9.972638793016582737e-01 -1.522973245176063644e-03
7.583333333333333037e+00 1.008768595576344129e+00 -2.050238568751324049e-03
7.604166666666666075e+00 1.005265440418570577e+00 -6.201628304643746255e-04
7.625000000000000000e+00 1.013500137538092538e+00 8.449352658452398109e-04
7.645833333333333037e+00 1.011954690247103716e+00 6.992831688001075515e-04
7.666666666666666075e+00 1.005446197185012824e+00 1.674637302201354956e-03
7.687500000000000000e+00 1.002865597777163664e+00 1.136752007609323993e-04
7.708333333333333037e+00 1.002168391747851661e+00 1.722338268048024222e-03
7.729166666666666075e+00 1.003118952313805989e+00 -1.206630676726182455e-03
7.750000000000000000e+00 1.008311490684958400e+00 -1.099880547863805449e-03
7.770833333333333037e+00 1.017805528553618721e+00 1.548071133445247730e-03
7.791666666666666075e+00 1.020675102272330603e+00 -1.507962212890473757e-03
7.812500000000000000e+00 1.016977751694599474e+00 -1.830374468928195166e-03
7.833333333333333037e+00 1.022372342395274858e+00 -1.238753276530661857e-03
7.854166666666666075e+00 1.020570851392875955e+00 -8.681347571054903950e-04
7.875000000000000000e+00 1.021971133722291425e+00 -1.125918503048302724e-03
7.895833333333333037e+00 1.012600635911762081e+00 1.726008147405334425e-04
7.916666666666666075e+00 1.016714983007138029e+00 1.938619950609515082e-03
7.937500000000000000e+00 1.011582946996481880e+00 6.415586065280355589e-04
7.958333333333333037e+00 1.001913580044336838e+00 1.295159076824081755e-03
7.979166666666666075e+00 9.975822438977418605e-01 -1.594106417056681156e-04
8.000000000000000000e+00 9.972391053187248389e-01 -3.713677067167102689e-04
8.020833333333332149e+00 1.000830500077400931e+00 8.918551573394774301e-05
8.041666666666666075e+00 1.002064000560021428e+00 2.398617481807473282e-03
8.062500000000000000e+00 1.006546452031275241e+00 -1.248297859043516868e-03
8.083333333333332149e+00 9.987271218944729911e-01 -2.145589491864865507e-03
8.104166666666666075e+00 9.955566955249761651e-01 2.607551360703951569e-03
8.125000000000000000e+00 9.956550339944032491e-01 1.508730576302343097e-03
8.145833333333332149e+00 9.971275273293739305e-01 1.383844660052009103e-03
8.166666666666666075e+00 1.001720928779910258e+00 8.620338771610458429e-04
8.187500000000000000e+00 9.959122682026848583e-01 -3.109075110820192856e-04
8.208333333333332149e+00 1.006812502173385582e+00 3.878895565909176008e-04
8.229166666666666075e+00 1.007045926247368106e+00 -6.963514548209632279e-04
8.250000000000000000e+00 1.005804238956247154e+00 -4.775532828729676032e-05
8.270833333333332149e+00 1.008109804350234340e+00 -5.401310664385274322e-04
8.291666666666666075e+00 1.006731082605885730e+00 -2.315381215711604865e-03
8.312500000000000000e+00 1.005098582112831984e+00 7.439689951133138159e-04
8.333333333333332149e+00 1.008583416397120125e+00 -1.296156270496515400e-04
8.354166666666666075e+00 1.006574267199592088e+00 2.496136183365599975e-03
8.375000000000000000e+00 1.001492811754485235e+00 1.318058906395108915e-03
8.395833333333332149e+00 1.001294732171232438e+00 -3.668300872172820717e-04
8.416666666666666075e+00 1.012739220009938768e+00 -1.458439734944869733e-04
8.437500000000000000e+00 1.015865942878017458e+00 2.589884208134101296e-03
8.458333333333332149e+00 1.015525305431854264e+00 -7.884533474969845782e-04
8.479166666666666075e+00 1.010278775680063523e+00 -2.523148788048261751e-04
8.500000000000000000e+00 1.012466615707594331e+00 -1.340685479536298354e-03
8.520833333333332149e+00 9.982002146887468674e-01 -6.218334226390884612e-04
8.541666666666666075e+00 9.934429045662115376e-01 -8.189362067787682149e-05
8.562500000000000000e+00 9.884618443336060656e-01 -6.991860373784609733e-04
8.583333333333332149e+00 9.948996631468546292e-01 -7.043819990622047274e-04
8.604166666666666075e+00 1.001167038374642715e+00 -1.151901494550824651e-03
8.625000000000000000e+00 1.007664832811900002e+00 1.430899007823202389e-03
8.645833333333332149e+00 1.012750991835090986e+00 -3.616023483775901068e-04
8.666666666666666075e+00 1.011096508435350261e+00 -8.433943133548578181e-04
8.687500000000000000e+00 1.010923007971208820e+00 -1.651346538135177412e-03
8.708333333333332149e+00 1.005892843124803315e+00 8.442742524542598635e-04
8.729166666666666075e+00 1.003264655610314637e+00 -3.373122059103245292e-04
8.750000000000000000e+00 9.813850742481546874e-01 2.161879831780610006e-04
8.770833333333332149e+00 9.663911211547636659e-01 -1.408811811520377150e-04
8.791666666666666075e+00 9.522788793418995867e-01 -5.213595833999361013e-04
8.812500000000000000e+00 9.343381624480603387e-01 -8.812680468775916992e-04
8.833333333333332149e+00 9.228352547793169380e-01 4.485846489616748985e-04
8.854166666666666075e+00 9.084064637935166386e-01 6.542431119588942943e-04
8.875000000000000000e+00 9.008307923463594324e-01 2.589637148448169657e-03
8.895833333333332149e+00 8.902158283702613639e-01 9.285311349343395443e-04
8.916666666666666075e+00 8.840632774427251706e-01 -1.111940121567071523e-04
8.937500000000000000e+00 8.797443010228301885e-01 7.822698069176615282e-04
8.958333333333332149e+00 8.792757138544637918e-01 -8.045523033368442945e-04
8.979166666666666075e+00 8.939247427600001128e-01 7.809483996187637032e-04
9.000000000000000000e+00 9.107063508399676488e-01 -1.736675527895378910e-03
9.020833333333332149e+00 9.313891449981220871e-01 1.166157557159810254e-04
9.041666666666666075e+00 9.549826049553825635e-01 -9.086850631780652148e-04
9.062500000000000000e+00 9.750063538098521221e-01 -2.008747600292331878e-05
9.083333333333332149e+00 9.941392247202002208e-01 3.985690534612179679e-04
9.104166666666666075e+00 1.004850589224338009e+00 -1.146502517731759572e-03
9.125000000000000000e+00 1.011048946352754108e+00 1.347096527327628062e-04
9.145833333333332149e+00 1.015808402267267097e+00 -1.357117058650496050e-03
9.166666666666666075e+00 1.009443177557669769e+00 -3.626683310078497423e-05
9.187500000000000000e+00 1.001822725867636432e+00 1.269619806467315063e-03
9.208333333333332149e+00 1.003679359098406776e+00 -2.727159064293443707e-05
9.229166666666666075e+00 1.001219510413253744e+00 2.617236879453021798e-04
9.250000000000000000e+00 1.004642426354508844e+00 -1.736790593708496854e-03
9.270833333333332149e+00 1.011098143535495542e+00 7.227734696219508242e-04
9.291666666666666075e+00 1.003056444681482917e+00 -2.354019976097630404e-03
9.312500000000000000e+00 1.002859179727333849e+00 7.049650432768850023e-04
9.333333333333332149e+00 9.957144211015503954e-01 -1.918845281441309029e-03
9.354166666666666075e+00 9.874143591031754319e-01 2.484381680223876274e-03
9.375000000000000000e+00 9.900629426507214781e-01 -5.800943914876227755e-04
9.395833333333332149e+00 9.886190246569576123e-01 -1.164915422930995004e-03
9.416666666666666075e+00 9.961518205036633544e-01 3.510270088702289993e-04
9.437500000000000000e+00 1.004102635568256074e+00 1.331147170736459665e-03
9.458333333333332149e+00 1.007136094101768187e+00 -1.534908233928939996e-03
9.479166666666666075e+00 1.008680101637458915e+00 1.306440785240472980e-03
9.500000000000000000e+00 1.010606170792691216e+00 1.237118130534144633e-03
9.520833333333332149e+00 1.014240547235723877e+00 6.180262005592860111e-04
9.541666666666666075e+00 1.014420094293638552e+00 1.799230739445211846e-03
9.562500000000000000e+00 1.009467954008983925e+00 1.028722313586075436e-03
9.583333333333332149e+00 1.003524517194520405e+00 5.140105475940960102e-04
9.604166666666666075e+00 1.000123856261228905e+00 1.948314315761203027e-03
9.625000000000000000e+00 9.969562201141235480e-01 -3.643824908360220310e-03
9.645833333333332149e+00 1.001586188875442485e+00 -2.216874421534111407e-04
9.666666666666666075e+00 1.000414721995288136e+00 6.447978096415857762e-04
9.687500000000000000e+00 1.004211100572899529e+00 -1.217258010446177702e-03
9.708333333333332149e+00 1.005661925050295835e+00 -8.852926817216331447e-05
9.729166666666666075e+00 1.006764040810022243e+00 -7.339572854669778896e-04
9.750000000000000000e+00 1.003386339168648389e+00 -1.134938227443742275e-03
9.770833333333332149e+00 9.992615310415055019e-01 -7.905677280859044686e-05
9.791666666666666075e+00 9.919098501822994907e-01 -1.427149582908723033e-04
9.812500000000000000e+00 9.945627830511355461e-01 -6.891809457144114706e-04
9.833333333333332149e+00 9.973969239764279848e-01 -4.344623201058897544e-04
9.854166666666666075e+00 1.007828686290205722e+00 9.385075729532090655e-04
9.875000000000000000e+00 1.005362264723562937e+00 1.191024576141279162e-03
9.895833333333332149e+00 1.008298710471103865e+00 8.960883124505259183e-04
9.916666666666666075e+00 1.014958146153869256e+00 -2.681602239406661757e-04
9.937500000000000000e+00 1.014731907480457274e+00 1.005095614224996506e-03
9.958333333333332149e+00 1.018361954443278261e+00 3.117380110073053536e-04
9.979166666666666075e+00 1.019735199299472761e+00 -1.301069982880163157e-05
1.000000000000000000e+01 1.024397536157985344e+00 -1.070454142421874404e-03
1.002083333333333215e+01 1.022873300137247421e+00 2.842902213428339037e-04
1.004166666666666607e+01 1.020049371423683571e+00 -1.777246646681508485e-04
1.006250000000000000e+01 1.014454112122032958e+00 1.405657593032053846e-03
1.008333333333333215e+01 1.011020620654378810e+00 2.110161204666791048e-03
1.010416666666666607e+01 1.012429252464994045e+00 5.440853680449255153e-04
1.012500000000000000e+01 1.012472737501517450e+00 1.924041105574147547e-03
1.014583333333333215e+01 1.016282192333942902e+00 1.118903857374055870e-04
1.016666666666666607e+01 1.006986414448763467e+00 -1.016182887256234868e-03
1.018750000000000000e+01 1.006652906251603641e+00 -1.358708237150883921e-03
1.020833333333333215e+01 1.000178542978369389e+00 7.037890557242094741e-05
1.022916666666666607e+01 1.001035580501524969e+00 1.109484654093956723e-03
1.025000000000000000e+01 1.004538566188298843e+00 -1.532318193514218174e-04
1.027083333333333215e+01 1.002310732972493845e+00 5.251687239265335301e-04
1.029166666666666607e+01 9.958624342414472697e-01 -6.758123431473420572e-04
1.031250000000000000e+01 9.954388645998695218e-01 2.080385857976994705e-03
1.033333333333333215e+01 9.933669976354473352e-01 5.149099752535351822e-04
1.035416666666666607e+01 9.935359747917785755e-01 -4.279450634051189879e-04
1.037500000000000000e+01 1.002018355934976679e+00 -1.122202239022791564e-04
1.039583333333333215e+01 1.011672839265869372e+00 -1.609077948985078660e-03
1.041666666666666607e+01 1.010858178317045608e+00 1.110269143289808287e-03
1.043750000000000000e+01 1.008723357742111748e+00 1.329589604610182231e-04
1.045833333333333215e+01 1.005071609199705618e+00 9.666688717074247306e-04
1.047916666666666607e+01 1.000423855147775765e+00 1.847972994569872232e-03
1.050000000000000000e+01 9.978230900373058487e-01 -2.108542231624990163e-03
1.052083333333333215e+01 9.973998154482041079e-01 -1.209042173901793589e-03
1.054166666666666607e+01 1.001787603237215496e+00 -1.305813503227472132e-03
1.056250000000000000e+01 1.002695821437705082e+00 -2.254170705051036002e-04
1.058333333333333215e+01 9.965562706181579911e-01 3.921434086919975648e-05
1.060416666666666607e+01 9.893989389997598360e-01 2.597792893210142378e-03
1.062500000000000000e+01 9.928676337913870942e-01 1.164398371526290501e-03
1.064583333333333215e+01 9.927444430787314422e-01 -4.613774533544309385e-04
1.066666666666666607e+01 9.965883541081010932e-01 9.986042197953366034e-04
1.068750000000000000e+01 1.000687184900779458e+00 1.208842514631198019e-03
1.070833333333333215e+01 1.004678706695977253e+00 -3.823190909839393678e-03
1.072916666666666607e+01 1.004506797897379622e+00 -2.068941540673202638e-04
1.075000000000000000e+01 1.004171075110683375e+00 -4.026838585450922040e-04
1.077083333333333215e+01 1.009032376074833426e+00 -5.191324415070338975e-04
1.079166666666666607e+01 1.011184638552014237e+00 -8.612652871447273764e-05
1.081250000000000000e+01 1.015561165774823138e+00 7.304671648123770141e-04
1.083333333333333215e+01 1.010189952833106197e+00 -1.996325443587707493e-04
1.085416666666666607e+01 1.015048479781557322e+00 -2.034692646766088006e-03
1.087500000000000000e+01 1.011449900669966206e+00 4.641257099409416115e-04
1.089583333333333215e+01 1.006612315878705699e+00 1.575716937752867446e-04
1.091666666666666607e+01 1.007018925284615563e+00 7.787868376137595553e-04
1.093750000000000000e+01 1.011288610791868381e+00 1.067064878097301415e-03
1.095833333333333215e+01 1.009351506542645271e+00 1.658002394733025346e-03
1.097916666666666607e+01 9.946581873449473754e-01 -1.187926602231713022e-03
1.100000000000000000e+01 9.689413861621206658e-01 5.007812069575223561e-04
1.102083333333333215e+01 9.272587544463147813e-01 1.124324348794403629e-03
1.104166666666666607e+01 8.849470045828761178e-01 -2.669922436182039626e-03
1.106250000000000000e+01 8.357003589801274002e-01 1.503317715125841248e-03
1.108333333333333215e+01 7.982320394356348103e-01 -3.800569544945457201e-04
1.110416666666666607e+01 7.606731839245112203e-01 -7.768845387169705935e-04
1.112500000000000000e+01 7.372636058958575989e-01 -1.256799663177935377e-04
1.114583333333333215e+01 7.275106681397999209e-01 -1.406228268021588682e-03
1.116666666666666607e+01 7.394558295690673022e-01 2.541606273245676159e-03
1.118750000000000000e+01 7.652001961593428714e-01 1.745203753631456144e-03
1.120833333333333215e+01 8.103890325692815200e-01 5.713596592567790665e-04
1.122916666666666607e+01 8.513309912827763393e-01 1.997133181245657428e-04
1.125000000000000000e+01 8.966958624933476507e-01 -1.795812706385709404e-03
1.127083333333333215e+01 9.361867109659602892e-01 -5.616230887432409726e-04
1.129166666666666607e+01 9.645457380728876817e-01 -1.392747493080822869e-03
1.131250000000000000e+01 9.770811346961509880e-01 -1.487196096569873066e-03
1.133333333333333215e+01 9.925866541024087608e-01 1.136985614608721851e-03
1.135416666666666607e+01 9.902425572639288465e-01 4.230272035070501064e-04
1.137500000000000000e+01 9.958551022692010424e-01 9.080443138335764176e-04
1.139583333333333215e+01 9.978478888579944694e-01 2.546796707567052301e-04
1.141666666666666607e+01 1.001798729790377873e+00 1.026907773377698171e-05
1.143750000000000000e+01 9.964203768480092149e-01 -3.855488865520009085e-04
1.145833333333333215e+01 1.000287744235813125e+00 2.188700975053381372e-03
1.147916666666666607e+01 1.007929305004529263e+00 9.929780944922896903e-04
1.150000000000000000e+01 1.007407852249053715e+00 -1.697227620856183025e-03
1.152083333333333215e+01 1.002056535890218480e+00 7.523666456977867690e-04
1.154166666666666607e+01 1.004566289924391231e+00 2.088531575343271964e-03
1.156250000000000000e+01 9.995484895431322458e-01 -1.553931159431231820e-03
1.158333333333333215e+01 9.949290830001786823e-01 1.313509180287299443e-03
1.160416666666666607e+01 9.999996574256579951e-01 1.625598992327138012e-03
1.162500000000000000e+01 1.004614664050523798e+00 2.043340433845445940e-03
1.164583333333333215e+01 1.004840265983013570e+00 -1.188163426978378545e-03
1.166666666666666607e+01 9.998538979136668559e-01 -2.325129274633401088e-03
1.168750000000000000e+01 9.990256506245653867e-01 3.881404437135037994e-04
1.170833333333333215e+01 1.001112561650882693e+00 -8.079166517864701952e-05
1.172916666666666607e+01 9.981554434742386794e-01 2.806269209740237022e-03
1.175000000000000000e+01 1.003748263356979642e+00 -2.821589495740314899e-03
1.177083333333333215e+01 1.010674668307255164e+00 7.081827214356290270e-04
1.179166666666666607e+01 1.011081886237346961e+00 1.429231636248956506e-03
1.181250000000000000e+01 1.028586906558136338e+00 2.010479357935461564e-03
1.183333333333333215e+01 1.024219756400124526e+00 5.953738909797632282e-04
1.185416666666666607e+01 1.022090607046030497e+00 3.369797829897235465e-03
1.187500000000000000e+01 1.014322817894846018e+00 -1.678962019916804957e-03
1.189583333333333215e+01 1.011469364719919106e+00 -3.048325779747352356e-04
1.191666666666666607e+01 1.005061733809726743e+00 7.518829531359543265e-04
1.193750000000000000e+01 1.002585027980485100e+00 -2.379116131079912896e-04
1.195833333333333215e+01 9.953508020638699438e-01 1.181159984660325266e-03
1.197916666666666607e+01 9.935502035647917340e-01 -1.099745405668537860e-04
1.200000000000000000e+01 1.002504256463225163e+00 -1.293019999618201001e-03
1.202083333333333215e+01 1.009093567377544742e+00 -1.426437415503295633e-03
1.204166666666666607e+01 1.011296230375432703e+00 -1.440399657072800443e-03
1.206250000000000000e+01 1.014549422857217387e+00 -1.035297441989532557e-03
1.208333333333333215e+01 1.015221041811948943e+00 -1.031574159733725975e-03
1.210416666666666607e+01 1.003801749377516650e+00 -1.149524528365648401e-03
1.212500000000000000e+01 1.000703022238507822e+00 2.890178305394717085e-03
1.214583333333333215e+01 9.976478284260683616e-01 -6.686640360317011079e-05
1.216666666666666607e+01 9.979573327528321602e-01 1.021859449827327258e-03
1.218750000000000000e+01 9.982020534406047529e-01 1.442143764586123152e-04
1.220833333333333215e+01 1.002036315176346726e+00 -1.821471894857119031e-03
1.222916666666666607e+01 9.964771846564098867e-01 -2.618471200913221643e-03
1.225000000000000000e+01 1.003594008588426068e+00 2.552079975447607411e-04
1.227083333333333215e+01 1.001281265118403319e+00 1.082226297095958446e-03
1.229166666666666607e+01 1.000055711653743407e+00 -7.675033396592983006e-04
1.231250000000000000e+01 1.002146455111389001e+00 -9.151903499464127470e-04
1.233333333333333215e+01 1.006286244045613509e+00 1.600171499541225067e-03
1.235416666666666607e+01 1.007209593006940684e+00 1.670149467533581353e-04
1.237500000000000000e+01 1.009238538272294594e+00 -2.028664958413424479e-03
1.239583333333333215e+01 1.008152141706940563e+00 1.567418930985616183e-03
1.241666666666666607e+01 1.007631287683095955e+00 1.106457082502772336e-03
1.243750000000000000e+01 1.010434875691937018e+00 9.554969880894551059e-04
1.245833333333333215e+01 1.011525509930043976e+00 1.630237752507015397e-04
1.247916666666666607e+01 1.009767636868213803e+00 1.422386007032216374e-04
1.452083333333333215e+01 9.864587871067076463e-01 -1.623321923320011591e-04
1.454166666666666607e+01 9.862888653144307183e-01 -1.860406970570786171e-04
1.456250000000000000e+01 9.923262189744024298e-01 -1.348034847350074671e-04
1.458333333333333215e+01 1.004383921168571892e+00 6.542122672113157272e-04
1.460416666666666607e+01 1.014387768764700715e+00 -4.011815857985036923e-04
1.462500000000000000e+01 1.008836129870465781e+00 -1.850440954395557447e-03
1.464583333333333215e+01 1.009665620794610863e+00 1.687956960439967579e-03
1.466666666666666607e+01 1.017782072888562928e+00 -1.139942298027156952e-04
1.468750000000000000e+01 1.016940220161606900e+00 -5.457450503758726765e-05
1.470833333333333215e+01 1.021531464328550243e+00 -4.910445281334463149e-04
1.472916666666666607e+01 1.025096748290605930e+00 -1.281818859123917947e-03
1.475000000000000000e+01 1.028825111920869784e+00 1.894257104568245875e-03
1.477083333333333215e+01 1.018133513060484496e+00 3.189149096876738791e-04
1.479166666666666607e+01 1.019085573591399951e+00 1.971071196300884856e-03
1.481250000000000000e+01 1.013189579709318666e+00 -8.487033672712320041e-04
1.483333333333333215e+01 1.018651896999202222e+00 -1.512203470517314938e-03
1.485416666666666607e+01 1.015242997523445156e+00 1.529770317482536963e-03
1.487500000000000000e+01 1.011864336645759366e+00 1.271916448381897255e-03
1.489583333333333215e+01 1.007467956004260534e+00 9.869071819397681310e-04
1.491666666666666607e+01 1.006853993914822221e+00 2.294989626917343442e-04
1.493750000000000000e+01 1.005535045965737728e+00 -1.035883126428397728e-03
1.495833333333333215e+01 1.012222832717974086e+00 2.831275323277350486e-04
1.497916666666666607e+01 1.015458600391047073e+00 -2.903782174168794122e-04
1.500000000000000000e+01 1.005551526499244064e+00 -1.612562908257238572e-04
1.502083333333333215e+01 1.012126851428711394e+00 -2.040486249601081820e-04
1.504166666666666607e+01 1.005616802675938004e+00 -2.392356539598354277e-03
1.506250000000000000e+01 9.981067518453144993e-01 -8.251678879463098188e-04
1.508333333333333215e+01 9.951424737022334099e-01 3.479642965846208263e-04
1.510416666666666607e+01 9.971204200801884188e-01 -8.178040107980695701e-04
1.512500000000000000e+01 1.002292581074153199e+00 -9.960669261283650652e-04
1.514583333333333215e+01 1.003519972135391125e+00 -1.812519157649221434e-03
1.516666666666666607e+01 1.005620277433737497e+00 -8.154471384618208534e-04
1.518750000000000000e+01 1.002525790236324710e+00 -2.381811434409700006e-04
1.520833333333333215e+01 9.999213609181236695e-01 3.440343297843619888e-04
1.522916666666666607e+01 1.002005721475097477e+00 -1.369032600227470544e-04
1.525000000000000000e+01 9.990720425338599497e-01 1.879891456929932547e-03
1.527083333333333215e+01 9.967860048832180020e-01 -5.767080601162699214e-04
1.529166666666666607e+01 9.874484006802094482e-01 -3.117996415398096395e-04
1.531250000000000000e+01 9.937767937560418874e-01 -8.557107584616367084e-05
1.533333333333333215e+01 9.912293971008513394e-01 2.133612030854719396e-03
1.535416666666666607e+01 9.854688951192278612e-01 4.559593074059781442e-04
1.537500000000000000e+01 9.925821317543157551e-01 -2.748616417400723527e-03
1.539583333333333215e+01 9.958138147113910765e-01 3.329493876532472574e-04
1.541666666666666607e+01 9.917382648161319203e-01 -9.124471565096505497e-04
1.543750000000000000e+01 9.914312281191576259e-01 -1.474460584909960067e-04
1.545833333333333215e+01 9.851523710329280759e-01 6.539491388200717806e-04
1.547916666666666607e+01 9.813995146235355849e-01 1.313674976313768681e-03
1.550000000000000000e+01 9.629638859705659248e-01 2.233969045251481527e-03
1.552083333333333215e+01 9.446520412733250271e-01 2.789319778384458624e-03
1.554166666666666607e+01 9.176439869481817224e-01 -1.178825293635417512e-03
1.556250000000000000e+01 8.854198866331675077e-01 -2.875556324743294787e-03
1.558333333333333215e+01 8.498047728746577212e-01 1.078849285891294793e-03
1.560416666666666607e+01 8.159946517793700282e-01 -2.615277046076040172e-03
1.562500000000000000e+01 7.838700985130803156e-01 -1.826954743895543246e-03
1.564583333333333215e+01 7.643711065968915586e-01 6.709613087085076252e-04
1.566666666666666607e+01 7.602748695243322086e-01 -8.659389983919598332e-04
1.568750000000000000e+01 7.728795271185325833e-01 -1.885302738076872348e-03
1.570833333333333215e+01 7.889868026576544180e-01 4.004409527624722782e-04
1.572916666666666607e+01 8.214506970030803767e-01 1.714504023577110908e-03
1.575000000000000000e+01 8.585999277158008480e-01 -5.680739061614655189e-04
1.577083333333333215e+01 8.982536444082203086e-01 9.704910031142879910e-04
1.579166666666666607e+01 9.357095332084998107e-01 -2.623339486259658980e-03
1.581250000000000000e+01 9.701250426598708732e-01 -8.824051307664733390e-04
1.583333333333333215e+01 9.987481492609595612e-01 1.371370550929065834e-03
1.585416666666666607e+01 1.009998213598682026e+00 5.876629713403727038e-05
1.587500000000000000e+01 1.010244842363545281e+00 -2.346829119547427876e-03
1.589583333333333215e+01 1.004715474103249795e+00 -2.499239487087393744e-03
1.591666666666666607e+01 1.007867624528705264e+00 4.344942301985809047e-04
1.593750000000000000e+01 1.003064937483110208e+00 -8.676673924943364286e-04
1.595833333333333215e+01 1.009051750287465854e+00 1.384031192826753456e-03
1.597916666666666607e+01 1.009553742443336066e+00 -7.975788806656805303e-05
1.600000000000000000e+01 1.006192117847680922e+00 -3.336551813558048612e-04
1.602083333333333215e+01 9.969532538008962774e-01 1.942405169236051518e-03
1.604166666666666430e+01 9.910710592309797118e-01 8.208650424333847635e-05
1.606250000000000000e+01 9.857350511623121925e-01 -2.266126016686528712e-03
1.608333333333333215e+01 9.863279091244150365e-01 3.389282689707054678e-04
1.610416666666666430e+01 9.850389248140041243e-01 1.549747570095178287e-03
1.612500000000000000e+01 9.882986579529886573e-01 -2.988898852903358215e-04
1.614583333333333215e+01 9.910602192661280840e-01 2.729224721367617479e-04
1.616666666666666430e+01 9.933129146746692006e-01 8.429097926233772818e-04
1.618750000000000000e+01 9.928171002435794978e-01 1.248929004520738569e-03
1.620833333333333215e+01 9.913061985562861000e-01 -4.064226716820495315e-04
1.622916666666666430e+01 9.951130243015953170e-01 -8.884366025626568237e-04
1.625000000000000000e+01 9.967164396111655167e-01 3.201743703309541632e-03
1.627083333333333215e+01 9.912068609098190208e-01 1.170898562957398657e-03
1.629166666666666430e+01 9.869318886842191052e-01 -1.180479023631317509e-03
1.631250000000000000e+01 9.874099685527710779e-01 -8.349350891889091618e-04
1.633333333333333215e+01 9.881325314744772159e-01 2.492359892631733267e-04
1.635416666666666430e+01 9.946252156420609669e-01 -1.641141529205671404e-04
1.637500000000000000e+01 1.000054163894033232e+00 -6.731576798037200091e-04
1.639583333333333215e+01 1.009704237683308525e+00 -6.447160624248534115e-04
1.641666666666666430e+01 1.014366705340816077e+00 -5.315582890706650916e-05
1.643750000000000000e+01 1.014244001410402385e+00 1.834189313607726551e-03
1.645833333333333215e+01 1.013069964896408992e+00 1.874198136789623778e-03
1.647916666666666430e+01 1.014477295223346953e+00 -5.477689363038925089e-04
1.650000000000000000e+01 1.015466459821094292e+00 1.282653004422950422e-03
1.652083333333333215e+01 1.013723187662010750e+00 4.379138277360694717e-04
1.654166666666666430e+01 1.016288099185802318e+00 -1.622721673931678838e-03
1.656250000000000000e+01 1.011059783367467046e+00 1.587343899559502094e-04
1.658333333333333215e+01 1.011208975212353645e+00 4.032726532580805208e-05
1.660416666666666430e+01 1.010044698057728674e+00 -7.921094329563982330e-05
1.662500000000000000e+01 1.007995438118312492e+00 1.215291465502222994e-03
1.664583333333333215e+01 1.009333357984127488e+00 1.324062861823814010e-04
1.666666666666666430e+01 1.014266029243323208e+00 -2.049299938099393337e-04
1.668750000000000000e+01 1.022343166233123490e+00 1.380669317129776816e-03
1.670833333333333215e+01 1.023808938692161830e+00 -1.575524937866437962e-03
1.672916666666666430e+01 1.021778382664713325e+00 1.338058668492156421e-03
1.675000000000000000e+01 1.020127485592248640e+00 7.317159123658457118e-04
1.677083333333333215e+01 1.022119622772265757e+00 7.093839230922391022e-04
1.679166666666666430e+01 1.017539970601810229e+00 5.246704075796392855e-04
1.681250000000000000e+01 1.013505286141884731e+00 -1.826228909265102066e-03
1.683333333333333215e+01 1.014170003539172527e+00 1.297801342275185744e-03
1.685416666666666430e+01 1.005808427182284692e+00 -3.125310003027989168e-04
1.687500000000000000e+01 1.002088260603371861e+00 -5.860913794783786891e-04
1.689583333333333215e+01 9.987723792409103352e-01 2.403569656738761395e-03
1.691666666666666430e+01 1.003426501077635091e+00 -1.202029498562179680e-03
1.693750000000000000e+01 1.006427603662116033e+00 1.345837821290542854e-03
1.695833333333333215e+01 1.003114997905833139e+00 -2.646004786910940141e-04
1.697916666666666430e+01 1.015115933563312201e+00 -1.510422807592838720e-03
1.700000000000000000e+01 1.006054447732347201e+00 2.724741992457832638e-04
1.702083333333333215e+01 1.004906101619069902e+00 1.806048060621412822e-03
1.704166666666666430e+01 9.988436475097791645e-01 -1.593612656758115233e-03
1.706250000000000000e+01 9.969149290829425469e-01 -5.757630913836311003e-04
1.708333333333333215e+01 1.000348855209268306e+00 2.052155764536479216e-03
1.710416666666666430e+01 9.942110328873878800e-01 2.272864600487538582e-04
1.712500000000000000e+01 9.943752845059062873e-01 -3.230828348294580935e-04
1.714583333333333215e+01 9.897710289021689478e-01 -1.335500891410601031e-03
1.716666666666666430e+01 9.884954867801604150e-01 -1.996261270871851901e-03
1.718750000000000000e+01 9.972129797094200221e-01 -1.107309230557126023e-03
1.720833333333333215e+01 9.954927349704223438e-01 -8.639484309956207465e-05
1.722916666666666430e+01 1.002272129026921199e+00 1.490248375334642008e-04
1.725000000000000000e+01 1.002265131607005477e+00 -7.607373637314169927e-04
1.727083333333333215e+01 1.003648770199185858e+00 4.489515217995932849e-04
1.729166666666666430e+01 1.003819752031950507e+00 2.381327149183115870e-03
1.731250000000000000e+01 1.004392192674905759e+00 2.084449993362928744e-03
1.733333333333333215e+01 1.009094169106286687e+00 -1.285999344948043997e-03
1.735416666666666430e+01 1.008757895996028831e+00 1.356979094856480654e-03
1.737500000000000000e+01 1.006217579116032157e+00 2.831104464976327926e-03
1.739583333333333215e+01 1.004576071114024804e+00 -3.778293833701418291e-04
1.741666666666666430e+01 9.990925857926375997e-01 9.851656558539912106e-04
1.743750000000000000e+01 1.000327019313482557e+00 1.189166393906688698e-03
1.745833333333333215e+01 9.973457147592278416e-01 -1.078425203378212752e-03
1.747916666666666430e+01 1.006884264185408551e+00 -7.865654937371334551e-04
1.750000000000000000e+01 1.013136406891468777e+00 3.282187083102867465e-04
1.752083333333333215e+01 1.014707032957661514e+00 2.890692799245973485e-03
1.754166666666666430e+01 1.018435379784545791e+00 6.411449717582017515e-04
1.756250000000000000e+01 1.012562660048471841e+00 -8.300931546556702782e-04
1.758333333333333215e+01 1.016819635169474045e+00 3.326250457015549208e-04
1.760416666666666430e+01 1.019759248354057402e+00 -7.839412807323875533e-04
1.762500000000000000e+01 1.016399458240845322e+00 -1.371105726173243132e-03
1.764583333333333215e+01 1.011701216766489164e+00 -1.614649274601737735e-03
1.766666666666666430e+01 1.010606900989259316e+00 -1.550751477212788010e-04
1.768750000000000000e+01 1.007885824762203786e+00 2.023368031803374819e-03
1.770833333333333215e+01 1.009289995850033206e+00 -6.984757095898951398e-04
1.772916666666666430e+01 1.008193888207103539e+00 3.510787221561895047e-04
1.775000000000000000e+01 1.013628795519823766e+00 -2.558871945712223265e-03
1.777083333333333215e+01 1.011882961144911608e+00 -1.793203176423781992e-03
1.779166666666666430e+01 1.006770634815630228e+00 8.834137249144482324e-04
1.781250000000000000e+01 9.924542505546094517e-01 -1.104230214186939550e-03
1.783333333333333215e+01 9.704208472476167913e-01 1.638288633800491154e-03
1.785416666666666430e+01 9.472429881639692351e-01 -1.018437142981706628e-03
1.787500000000000000e+01 9.269156837452413589e-01 7.491365376213381458e-04
1.789583333333333215e+01 9.061844914359614700e-01 -2.329732593790871664e-03
1.791666666666666430e+01 8.960150539853800611e-01 2.691468109993559645e-03
1.793750000000000000e+01 8.837566731451650393e-01 1.635170314146668774e-03
1.795833333333333215e+01 8.777829065288907939e-01 -5.595414067016781824e-04
1.797916666666666430e+01 8.716265393949139684e-01 1.702266961292892965e-03
1.800000000000000000e+01 8.715781983095787222e-01 2.041935915771016675e-03
1.802083333333333215e+01 8.876541342537149770e-01 -6.253145358747022207e-04
1.804166666666666430e+01 8.974466105939509220e-01 -2.961632457532806847e-04
1.806250000000000000e+01 9.219021232766407836e-01 1.814259803189769826e-03
1.808333333333333215e+01 9.368999818775258781e-01 1.193120080083520315e-03
1.810416666666666430e+01 9.536211982418358879e-01 8.334455244564808888e-04
1.812500000000000000e+01 9.760507883300345577e-01 -1.527491176597101704e-03
1.814583333333333215e+01 9.908185745735361705e-01 1.320228524763136920e-04
1.816666666666666430e+01 9.953717112268067879e-01 1.508207182693247807e-03
1.818750000000000000e+01 1.002635513877252915e+00 1.199550870735802003e-03
1.820833333333333215e+01 1.001036658764837828e+00 9.938591452025315708e-05
1.822916666666666430e+01 1.001565190310063747e+00 -1.058058337667787299e-04
1.825000000000000000e+01 9.954461760903070555e-01 -9.515365129000466580e-04
1.827083333333333215e+01 9.958309692556586157e-01 6.425328089730356074e-04
1.829166666666666430e+01 9.925627381562089901e-01 -1.390628553928340136e-03
1.831250000000000000e+01 9.960678168182051095e-01 -2.107171720898838693e-04
1.833333333333333215e+01 1.002229722828350988e+00 7.190911088309184969e-04
1.835416666666666430e+01 1.006200333046806561e+00 7.142924968618803586e-04
1.837500000000000000e+01 1.000599844629638246e+00 -1.183306142676582642e-03
1.839583333333333215e+01 9.965135526227156815e-01 1.254829391084496875e-03
1.841666666666666430e+01 1.000854627938587704e+00 -1.590460196933182735e-04
1.843750000000000000e+01 1.003472090923085203e+00 -3.374660381510361743e-04
1.845833333333333215e+01 1.005851803741878658e+00 7.921358634545843259e-04
1.847916666666666430e+01 1.013812048802013033e+00 8.896592710629249280e-04
1.850000000000000000e+01 1.011634729263728882e+00 1.830336506514906088e-03
1.852083333333333215e+01 1.018021517863397563e+00 -8.128688215375965342e-04
1.854166666666666430e+01 1.019378902876405979e+00 -1.282888183446880340e-03
1.856250000000000000e+01 1.017852975583807718e+00 6.151461326533300611e-04
1.858333333333333215e+01 1.018208231318211920e+00 -4.689159948499708281e-04
1.860416666666666430e+01 1.016043862522340024e+00 -5.952283613043495578e-04
1.862500000000000000e+01 1.011568516601283996e+00 6.706146679540071417e-04
1.864583333333333215e+01 1.006629469748733463e+00 1.290147690619323183e-03
1.866666666666666430e+01 1.006013445108526971e+00 -3.895650016463719812e-06
1.868750000000000000e+01 1.003598063930933870e+00 1.546480405032537274e-03
1.870833333333333215e+01 1.009098240502630084e+00 -2.107092679364883439e-03
1.872916666666666430e+01 1.010940838581414480e+00 1.703542409421104605e-03
1.875000000000000000e+01 1.019786512986873506e+00 1.750087841033560283e-03
1.877083333333333215e+01 1.018439260211922770e+00 2.018665315299403122e-03
1.879166666666666430e+01 1.011430660400051362e+00 7.810097500286347291e-04
1.881250000000000000e+01 1.006818558347403636e+00 1.262288004935611897e-03
1.883333333333333215e+01 1.009613399811022383e+00 1.249040438010796559e-03
1.885416666666666430e+01 1.003157188730629645e+00 -2.312226119019187860e-03
1.887500000000000000e+01 1.002851660722533511e+00 -6.674778914399973192e-04
1.889583333333333215e+01 1.005234037779576983e+00 -2.827383037970406269e-04
1.891666666666666430e+01 1.000667353282348460e+00 -4.853404334023861486e-04
1.893750000000000000e+01 1.004405737400479115e+00 9.249572424124929797e-04
1.895833333333333215e+01 1.001397464967209716e+00 -9.937997218757133565e-04
1.897916666666666430e+01 1.002174588835486713e+00 -1.976408721149429913e-03
1.900000000000000000e+01 1.003303371472641814e+00 -5.423350327160776944e-04
1.902083333333333215e+01 1.008736381529390824e+00 -1.949694418212315986e-03
1.904166666666666430e+01 1.002702356075264367e+00 7.617508917646176921e-05
1.906250000000000000e+01 1.002209129279634459e+00 -4.839099303607936452e-04
1.908333333333333215e+01 1.001870369671253425e+00 5.000956341310243717e-04
1.910416666666666430e+01 9.969351802581352118e-01 1.091396191501600721e-03
1.912500000000000000e+01 9.953313016842522121e-01 -1.916860981701955994e-04
1.914583333333333215e+01 9.941728194624029902e-01 -4.099748768134176772e-04
1.916666666666666430e+01 9.944677411297631053e-01 1.942218441838259018e-03
1.918750000000000000e+01 9.891798209026885225e-01 5.145879774418506006e-04
1.920833333333333215e+01 9.865134075053760832e-01 -5.890143981413635283e-04
1.922916666666666430e+01 9.860839909419989446e-01 -3.603301808185787550e-03
1.925000000000000000e+01 9.855745923193752756e-01 6.313208656967507146e-04
1.927083333333333215e+01 9.976361455360313046e-01 -1.044322908996172394e-04
1.929166666666666430e+01 1.005090796629239946e+00 -1.689945686195040014e-03
1.931250000000000000e+01 1.015029439345640938e+00 1.997042907988643128e-03
1.933333333333333215e+01 1.024408919881476976e+00 1.896874029741463632e-04
1.935416666666666430e+01 1.021119889796022306e+00 8.152931480850348234e-04
1.937500000000000000e+01 1.024309633536132136e+00 -1.881037046229142593e-03
1.939583333333333215e+01 1.018515857223846632e+00 -1.496969649593830941e-04
1.941666666666666430e+01 1.018086277452918242e+00 1.704529001867464879e-04
1.943750000000000000e+01 1.015537600356883008e+00 1.008160650918290104e-03
1.945833333333333215e+01 1.015324973712904644e+00 4.865535255562003134e-04
1.947916666666666430e+01 1.016125971451827592e+00 -6.450111595504357106e-04
1.950000000000000000e+01 1.014636235975801215e+00 -1.351672461227903035e-03
1.952083333333333215e+01 1.011875417967190049e+00 -5.857100800509411646e-04
1.954166666666666430e+01 1.014986640525273209e+00 1.640773579236944968e-03
1.956250000000000000e+01 1.016908258905667717e+00 1.018578607736647917e-03
1.958333333333333215e+01 1.017439952442950268e+00 -3.190345823301958864e-04
1.960416666666666430e+01 1.016048457546801398e+00 1.258982481319762220e-04
1.962500000000000000e+01 1.010173997740284602e+00 1.504586283247180895e-04
1.964583333333333215e+01 1.000955882506789463e+00 1.575373668453915405e-03
1.966666666666666430e+01 9.981753947581495368e-01 2.565476695300474442e-03
1.968750000000000000e+01 9.880447876138980234e-01 4.535555124998739773e-05
1.970833333333333215e+01 9.968465233852960017e-01 6.346084425604458026e-04
1.972916666666666430e+01 9.970776427118708263e-01 1.146300306846577280e-04
1.975000000000000000e+01 1.001616599604599589e+00 -5.272273981839403680e-04
1.977083333333333215e+01 9.987649274709778924e-01 -5.882020684737343362e-05
1.979166666666666430e+01 1.002362270116544662e+00 1.351528735257286973e-03
1.981250000000000000e+01 9.988649143811525466e-01 -4.827649364569084386e-04
1.983333333333333215e+01 1.006365915284817891e+00 1.230660134600201601e-03
1.985416666666666430e+01 1.009815992598938283e+00 1.704801023116883770e-03
1.987500000000000000e+01 1.014674030333409860e+00 -1.005120209974852798e-03
1.989583333333333215e+01 1.013217647843024372e+00 1.668397348017219058e-03
1.991666666666666430e+01 1.010905662583686526e+00 2.309690163614015659e-03
1.993750000000000000e+01 1.007633464829994718e+00 -1.103514351557214430e-03
1.995833333333333215e+01 9.992048685047851819e-01 2.209697434984819915e-03
1.997916666666666430e+01 9.974974920957473401e-01 -2.313648460243333642e-03
2.000000000000000000e+01 9.912911925996632512e-01 -1.052240314246498474e-03
2.002083333333333215e+01 9.650889076888937712e-01 -1.582412688827496833e-03
2.004166666666666430e+01 9.385258079070809556e-01 -2.796874686271460207e-03
2.006250000000000000e+01 8.995825033452006236e-01 1.932108304718898424e-03
2.008333333333333215e+01 8.654656813619917566e-01 2.840196345560619309e-03
2.010416666666666430e+01 8.241761435201792052e-01 -4.301271761209990072e-04
2.012500000000000000e+01 7.952787625634479829e-01 1.894517297578395378e-03
2.014583333333333215e+01 7.678212104246004976e-01 -2.426712777547730768e-03
2.016666666666666430e+01 7.439885088577384842e-01 2.385251004835746078e-03
2.018750000000000000e+01 7.388574335519938474e-01 -3.335753596124401039e-03
2.020833333333333215e+01 7.409258448258559948e-01 3.434915055871858545e-04
2.022916666666666430e+01 7.653993379578769574e-01 -2.508629403592266445e-03
2.025000000000000000e+01 7.994709845266700921e-01 -1.108977047192412444e-03
2.027083333333333215e+01 8.411520607237569225e-01 -1.025080886186293229e-03
2.029166666666666430e+01 8.835044616080409696e-01 1.297885049981957733e-03
2.031250000000000000e+01 9.324039917109525621e-01 -6.589618528289289045e-04
2.033333333333333215e+01 9.700480188626390277e-01 9.699117597714648764e-04
2.035416666666666430e+01 9.978999769651443197e-01 -9.406875713627032990e-04
2.037500000000000000e+01 1.013180213543387165e+00 -5.346210103909081754e-04
2.039583333333333215e+01 1.025105589107355497e+00 -2.103962569800315891e-03
2.041666666666666430e+01 1.025326648912620042e+00 9.216575536283454131e-04
2.043750000000000000e+01 1.023212398349809593e+00 -1.547511385478307373e-03
2.045833333333333215e+01 1.022822092483355316e+00 -1.154440623078980188e-03
2.047916666666666430e+01 1.017647828395788601e+00 -1.068829620821578263e-03
2.050000000000000000e+01 1.014675317537595101e+00 2.274788318068909237e-04
2.052083333333333215e+01 1.013829921139411727e+00 8.278920046220554453e-04
2.054166666666666430e+01 1.010398573760986185e+00 -1.322168401517134512e-03
2.056250000000000000e+01 1.011513237654653841e+00 -1.038751067003489213e-03
2.058333333333333215e+01 1.007605870402118464e+00 1.032111467428180850e-03
2.060416666666666430e+01 1.003704821867870134e+00 6.221258939240591895e-04
2.062500000000000000e+01 1.003898324685705168e+00 -2.632059483717917136e-04
2.064583333333333215e+01 1.000057933668530685e+00 -2.221603291975752115e-03
2.066666666666666430e+01 1.000049812699430829e+00 1.370498670921612913e-03
2.068750000000000000e+01 1.003602536808165802e+00 -1.224188609615980495e-03
2.070833333333333215e+01 1.001608574686242870e+00 1.540206555089206281e-03
2.072916666666666430e+01 1.003813132727508384e+00 -6.835845726121886692e-04
2.075000000000000000e+01 9.999675570776026534e-01 6.312844515978812375e-05
2.077083333333333215e+01 9.929041544671483033e-01 -3.737248708943162728e-04
2.079166666666666430e+01 1.000495530524550869e+00 -6.413931584508817318e-04
2.081250000000000000e+01 9.952503919446533676e-01 -1.302166952309921893e-03
2.083333333333333215e+01 9.992935614458884341e-01 -1.822740994055320745e-04
2.085416666666666430e+01 1.006774932383684762e+00 1.370970586668820079e-03
2.087500000000000000e+01 1.002782928574124544e+00 -8.500788648259855525e-04
2.089583333333333215e+01 1.001781685061808869e+00 -1.406267031228126962e-03
2.091666666666666430e+01 1.001005576439253142e+00 -3.086426477401444084e-03
2.093750000000000000e+01 9.948540317878705741e-01 -6.473026726639169622e-04
2.095833333333333215e+01 9.959491812647296438e-01 8.878321226563034825e-04
2.097916666666666430e+01 9.972399998788387121e-01 -9.629182757165756544e-04
2.100000000000000000e+01 9.969924025383452015e-01 -1.298712664619109357e-03
2.102083333333333215e+01 9.904145717744931021e-01 1.125524188412615730e-03
2.104166666666666430e+01 9.901525861899072023e-01 9.323237293140581314e-04
2.106250000000000000e+01 9.978539494373381835e-01 -4.830437215487997163e-04
2.108333333333333215e+01 1.001274374037991688e+00 4.656130925058158624e-04
2.110416666666666430e+01 1.004697075332995571e+00 3.386685934605787791e-04
2.112500000000000000e+01 1.006611157891430075e+00 -1.380297621217756003e-03
2.114583333333333215e+01 1.016390221803729288e+00 5.154510110104274824e-04
2.116666666666666430e+01 1.008855033222743280e+00 7.489495737282064920e-04
2.118750000000000000e+01 1.002990775367398335e+00 -8.687469506252558068e-04
2.120833333333333215e+01 1.006004958437607399e+00 9.840344077216812372e-04
2.122916666666666430e+01 1.008780957176145465e+00 -1.594876080541564583e-03
2.125000000000000000e+01 1.011751780413490343e+00 2.208889400219759148e-03
2.127083333333333215e+01 1.009010606641517427e+00 4.859027490489517412e-04
2.129166666666666430e+01 1.018108965851933556e+00 1.697898040836638960e-03
2.131250000000000000e+01 1.016153088587379516e+00 -1.285884524395012165e-03
2.133333333333333215e+01 1.016720977328772202e+00 8.410175107210306807e-04
2.135416666666666430e+01 1.013983694639098321e+00 5.922178188103715277e-04
2.137500000000000000e+01 1.020941669736425972e+00 8.666340830936995884e-04
2.139583333333333215e+01 1.021258181177356672e+00 1.392991927015885820e-03
2.141666666666666430e+01 1.020029169836844885e+00 -1.408204919626898860e-03
2.143750000000000000e+01 1.019638049151426751e+00 5.712426205269283607e-04
2.145833333333333215e+01 1.017353172095814218e+00 4.718866995537187464e-04
2.147916666666666430e+01 1.022589118585087942e+00 1.688359596993007933e-03
2.150000000000000000e+01 1.019196212533491686e+00 -8.442482412523780178e-04
2.152083333333333215e+01 1.018654935215225876e+00 2.036351663058136221e-03
2.154166666666666430e+01 1.020492578863303468e+00 1.649246527787047835e-03
2.156250000000000000e+01 1.015173291432081015e+00 6.814321581169582647e-05
2.158333333333333215e+01 1.010233574644889609e+00 1.870530669104797416e-03
2.160416666666666430e+01 1.008001056526723005e+00 -1.645991858185199413e-03
2.162500000000000000e+01 1.007968761363517096e+00 1.182277307303681007e-03
2.164583333333333215e+01 1.014006748991333806e+00 -9.159545061223181746e-04
2.166666666666666430e+01 1.020932479727669762e+00 1.091628575588811725e-03
2.168750000000000000e+01 1.018326597321981497e+00 -9.252629646723617863e-04
2.170833333333333215e+01 1.014891539690374822e+00 1.667231550707106629e-04
2.172916666666666430e+01 1.008000480941686261e+00 5.447643913138268184e-04
2.175000000000000000e+01 9.984882599051374541e-01 -2.797050146853258105e-04
2.177083333333333215e+01 9.919014316701728617e-01 1.038483680396875110e-03
2.179166666666666430e+01 9.893036576393985371e-01 1.273100357890583371e-03
2.181250000000000000e+01 9.813052651292838435e-01 1.008089438022757378e-03
2.183333333333333215e+01 9.768211427675806968e-01 2.625078340922249506e-03
2.185416666666666430e+01 9.805770898975346705e-01 -9.735630092157582455e-04
2.187500000000000000e+01 9.821118202394633068e-01 -2.011666850495118187e-04
2.189583333333333215e+01 9.854653877058340283e-01 -1.106994058559808728e-03
2.191666666666666430e+01 9.952490139368945776e-01 -2.519414698454461570e-03
2.193750000000000000e+01 9.976976678478394200e-01 7.753536257584316181e-04
2.195833333333333215e+01 1.000145290776143892e+00 -2.398507027904039132e-03
2.197916666666666430e+01 9.968700682915881961e-01 -1.280058745733771977e-03
2.200000000000000000e+01 9.935020074430377379e-01 -3.826131882643922662e-04
2.202083333333333215e+01 9.911466241366553298e-01 -1.375321820989608423e-03
2.204166666666666430e+01 9.912385713532587683e-01 -2.087253511202104804e-04
2.206250000000000000e+01 1.000600146731902562e+00 -2.713043186444004059e-04
2.208333333333333215e+01 1.006692637383752364e+00 1.587389512433318248e-03
2.210416666666666430e+01 1.019132317947550437e+00 -1.913642458700008653e-04
2.212500000000000000e+01 1.021237802463122124e+00 -1.040469418196335880e-03
2.214583333333333215e+01 1.019573703367431028e+00 1.712364205743836606e-05
2.216666666666666430e+01 1.018061490543222813e+00 2.036056232796268979e-04
2.218750000000000000e+01 1.016664207680457954e+00 -7.894022408666873016e-04
2.220833333333333215e+01 1.014371109200432386e+00 1.080743691116371275e-03
2.222916666666666430e+01 1.006514142522019206e+00 6.718500312906466009e-04
2.225000000000000000e+01 1.008495751851272715e+00 -1.864122797979765394e-04
2.227083333333333215e+01 1.013722332186045128e+00 2.314926130024378120e-03
2.229166666666666430e+01 1.007598996200655295e+00 5.872305334509822809e-04
2.231250000000000000e+01 9.961425515980230072e-01 -1.097456596336366481e-03
2.233333333333333215e+01 9.910224678772643347e-01 -1.415326158185722558e-04
2.235416666666666430e+01 9.777847362294218581e-01 -9.705254629230653006e-04
2.237500000000000000e+01 9.571179472770177110e-01 -9.935009987252813209e-04
2.239583333333333215e+01 9.374923063352191832e-01 -5.923407072378052227e-04
2.241666666666666430e+01 9.108065858633977996e-01 -1.216165630841283896e-03
2.243750000000000000e+01 8.965155237287488754e-01 -2.990404970164941764e-03
2.245833333333333215e+01 8.893101666895540935e-01 7.839994946875859924e-04
2.247916666666666430e+01 8.878814676715445220e-01 2.473285181705065172e-05
2.250000000000000000e+01 8.914681976423973753e-01 -3.007489210398976579e-04
2.252083333333333215e+01 8.984417078808841772e-01 -1.381616273303007620e-03
2.254166666666666430e+01 9.052200760584738770e-01 -9.487546872853805206e-04
2.256250000000000000e+01 9.150991666114611789e-01 -2.080510491443796506e-03
2.258333333333333215e+01 9.264791419230885561e-01 6.787098069362668259e-04
2.260416666666666430e+01 9.383294122837516626e-01 1.081272442206618854e-03
2.262500000000000000e+01 9.533912366633464641e-01 -2.288273705062565308e-04
2.264583333333333215e+01 9.712498616021988385e-01 -9.893952502556997177e-05
2.266666666666666430e+01 9.919334031441203736e-01 -7.035272589539154006e-04
2.268750000000000000e+01 9.927284866876068259e-01 -1.621194959028260949e-03
2.270833333333333215e+01 1.001167232324366552e+00 6.310523625258189365e-04
2.272916666666666430e+01 9.995763642487874856e-01 3.978213119603731950e-04
2.275000000000000000e+01 1.003424465316606451e+00 -7.148363703550664368e-04
2.277083333333333215e+01 9.967037401375800076e-01 7.684779031687728106e-05
2.279166666666666430e+01 9.970281766021625858e-01 9.506071528734814664e-04
2.281250000000000000e+01 9.903678716094763690e-01 8.049082883059984449e-04
2.283333333333333215e+01 9.873998204641353249e-01 -3.493607137935751932e-04
2.285416666666666430e+01 9.837698864588845238e-01 -3.387735141951604668e-04
2.287500000000000000e+01 9.842119141587416520e-01 -1.226363499519658338e-03
2.289583333333333215e+01 9.866975302448025564e-01 3.391671723585198994e-04
2.291666666666666430e+01 9.923417468201658487e-01 -1.287462770440569483e-03
2.293750000000000000e+01 1.000039573566989359e+00 3.826956891902065397e-04
2.295833333333333215e+01 9.978173826003261526e-01 -4.841574361942592398e-04
2.297916666666666430e+01 1.001604971499371333e+00 6.011648478503348134e-04
2.300000000000000000e+01 1.002050351178561671e+00 6.765381917859866886e-04
2.302083333333333215e+01 1.010967231036997260e+00 7.067506789925584888e-04
2.304166666666666430e+01 1.004847203695151681e+00 5.943593750855436040e-04
2.306250000000000000e+01 1.000742518950641369e+00 6.756873287706260771e-04
2.308333333333333215e+01 1.006858230416248778e+00 -5.962885271265851189e-05
2.310416666666666430e+01 1.003265315298223159e+00 -2.736655996285888154e-03
2.312500000000000000e+01 1.004018860410951230e+00 1.414661094048564076e-04
2.314583333333333215e+01 1.004629788799767054e+00 -1.245987735867857800e-03
2.316666666666666430e+01 1.012408571140264835e+00 1.808708303393122925e-03
2.318750000000000000e+01 1.015901984231259103e+00 -5.302414340453332387e-05
2.320833333333333215e+01 1.019792830366062386e+00 -1.350883503277653915e-03
2.322916666666666430e+01 1.022473934256813655e+00 4.396763557301512919e-04
2.325000000000000000e+01 1.021961443646873136e+00 1.211341288246499913e-03
2.327083333333333215e+01 1.018523728371191650e+00 -1.879749453997123102e-03
2.329166666666666430e+01 1.015629379269695320e+00 8.059927193517782895e-04
2.331250000000000000e+01 1.017324301020921862e+00 -6.450170459808990007e-04
2.333333333333333215e+01 1.012943657096350147e+00 -1.061020410893122020e-03
2.335416666666666430e+01 1.011924972636037534e+00 -2.241249690634798328e-03
2.337500000000000000e+01 1.012490486287768165e+00 -1.142229618643499740e-05
2.339583333333333215e+01 1.010141846326144011e+00 -1.656039203938960763e-03
2.341666666666666430e+01 1.010498489452746673e+00 1.440438694600449472e-03
2.343750000000000000e+01 1.009762691788791189e+00 -3.969447245318132749e-04
2.345833333333333215e+01 1.012702516549724985e+00 -2.798300927942642524e-04
2.347916666666666430e+01 1.014038640191314400e+00 -1.701557805573464298e-03
2.350000000000000000e+01 1.007649928627798008e+00 5.145956638163366381e-06
2.352083333333333215e+01 1.003930366686742071e+00 2.096909579197713761e-03
2.354166666666666430e+01 1.002414125440440618e+00 -2.255074113646109591e-03
2.356250000000000000e+01 9.990854148767965848e-01 2.008761426013297034e-04
2.358333333333333215e+01 9.969397169906781819e-01 -1.532329477385634955e-03
2.360416666666666430e+01 9.984336174637625794e-01 -4.266609598957098312e-04
2.362500000000000000e+01 1.006863398741609128e+00 1.538742605555257041e-03
2.364583333333333215e+01 1.006519808889894785e+00 5.299508661268673365e-04
2.366666666666666430e+01 1.001684800092191185e+00 -1.165140131576807665e-03
2.368750000000000000e+01 1.002413874093147195e+00 1.874618544059885022e-03
2.370833333333333215e+01 9.981267985469896020e-01 2.295645691643559069e-03
2.372916666666666430e+01 9.978408466883574857e-01 -7.297978393239394710e-04
2.375000000000000000e+01 9.994612500414657985e-01 -2.814233940073561716e-03
2.377083333333333215e+01 1.004709993823962977e+00 -8.463877467569448133e-05
2.379166666666666430e+01 1.007357188889191013e+00 8.108800113270807006e-04
2.381250000000000000e+01 1.003372640284476258e+00 8.660749660003216064e-04
2.383333333333333215e+01 1.004623163573440836e+00 -6.003642942228238797e-04
2.385416666666666430e+01 1.006044078403599773e+00 4.340968539366464639e-04
2.387500000000000000e+01 1.007515886620558243e+00 1.074498062903839158e-03
2.389583333333333215e+01 1.008309466293965784e+00 -3.958024062771098306e-04
2.391666666666666430e+01 1.001165854837693159e+00 1.768771668905199605e-03
2.393750000000000000e+01 9.979242065917900417e-01 -2.624837423075361185e-04
2.395833333333333215e+01 9.920859908108243808e-01 1.136282853362395844e-04
2.397916666666666430e+01 9.929507133481991765e-01 1.182918280392225097e-03
2.400000000000000000e+01 9.970117773332367594e-01 2.090057493038959685e-03
2.402083333333333215e+01 1.009688944752116679e+00 -9.866476789545859140e-04
2.404166666666666430e+01 1.011183329442473022e+00 -1.993751737869912510e-03
2.406250000000000000e+01 1.009773275067130882e+00 2.135003159100591977e-03
2.408333333333333215e+01 1.009095646161266124e+00 -1.157332445135188107e-03
2.410416666666666430e+01 1.004569040084922538e+00 2.741213925706539357e-04
2.412500000000000000e+01 1.000593429644889287e+00 -2.073103736863226437e-03
2.414583333333333215e+01 1.002445072331134890e+00 -1.410887917635908224e-04
2.416666666666666430e+01 1.003179387364562469e+00 -1.390191095111709997e-03
2.418750000000000000e+01 1.005992054247032863e+00 2.603823856390207348e-03
2.420833333333333215e+01 1.011189550243317470e+00 2.603284413707870242e-04
2.422916666666666430e+01 1.009388403060097250e+00 -1.503833191657739368e-03
2.425000000000000000e+01 1.015310140073242051e+00 -5.808348323900036880e-05
2.427083333333333215e+01 1.021190381094988719e+00 1.584624660264628533e-03
2.429166666666666430e+01 1.019702085634191846e+00 -8.001771118011925506e-04
2.431250000000000000e+01 1.018099079946586771e+00 3.817510592592160759e-04
2.433333333333333215e+01 1.012168766518356744e+00 -5.885066282422945919e-04
2.435416666666666430e+01 9.964363723303970577e-01 -4.915768263075845010e-04
2.437500000000000000e+01 9.992011876963600159e-01 2.463036845546988807e-03
2.439583333333333215e+01 9.885921940641145822e-01 5.937530226360564732e-04
2.441666666666666430e+01 9.925731995150086640e-01 -1.302823847409252190e-03
2.443750000000000000e+01 9.991730446444753166e-01 1.857437754455930432e-03
2.445833333333333215e+01 1.005648320795392126e+00 5.363526982524238751e-05
2.447916666666666430e+01 1.011605630658701127e+00 -1.325502065424648658e-03
2.450000000000000000e+01 1.012105299522199520e+00 2.208903571742601522e-03
2.452083333333333215e+01 9.989685167363933083e-01 8.428569564247007312e-04
2.454166666666666430e+01 9.808618713032131176e-01 2.007845707603671788e-05
2.456250000000000000e+01 9.555412716872170309e-01 -4.238654011545049541e-04
2.458333333333333215e+01 9.177266537927075696e-01 -3.079233324721881992e-03
2.460416666666666430e+01 8.857437823299054713e-01 3.982780535091037886e-04
2.462500000000000000e+01 8.468818200036620780e-01 5.508605125599882893e-04
2.464583333333333215e+01 8.108391881641450194e-01 -1.256197661192795089e-03
2.466666666666666430e+01 7.745713470944499690e-01 2.113486601650650665e-04
2.468750000000000000e+01 7.581742684811688671e-01 -7.254920852590452383e-05
2.470833333333333215e+01 7.521866210580100409e-01 9.375069796310231711e-04
2.472916666666666430e+01 7.586391656685590457e-01 -1.529421085348774481e-03
2.475000000000000000e+01 7.707919557361491147e-01 -6.885539236710671012e-04
2.477083333333333215e+01 7.960035420381790239e-01 -5.968811363936646662e-05
2.479166666666666430e+01 8.274181899393590056e-01 2.958903963606022590e-04
2.481250000000000000e+01 8.621861155153150991e-01 -1.451892477351746655e-03
2.483333333333333215e+01 9.013129327735948104e-01 -1.202691053879937711e-03
2.485416666666666430e+01 9.412031731276255808e-01 1.148350607481451015e-04
2.487500000000000000e+01 9.785889171758083149e-01 -1.107165912082838091e-03
2.489583333333333215e+01 9.944671056698879408e-01 -8.540245681043353784e-04
2.491666666666666430e+01 9.930593281389531457e-01 9.246742798106650932e-04
2.493750000000000000e+01 9.916428975702611393e-01 -1.287558213921742361e-03
2.495833333333333215e+01 9.925489870180431717e-01 -1.215425431510913466e-04
2.497916666666666430e+01 9.916933685642752572e-01 -1.914816802672704953e-03
2.500000000000000000e+01 9.981481544788026739e-01 8.883128943394794693e-04
2.502083333333333215e+01 1.003175128395020987e+00 -8.358220396277383547e-05
2.504166666666666430e+01 1.011267407395991746e+00 -1.599141009998701190e-03
2.506250000000000000e+01 1.013041974796635936e+00 -1.873836026246650070e-03
2.508333333333333215e+01 1.015636760219583490e+00 -7.874662514752825589e-04
2.510416666666666430e+01 1.018744451018460451e+00 1.714872301535510200e-03
2.512500000000000000e+01 1.016159388589886747e+00 -1.769891664519726571e-04
2.514583333333333215e+01 1.018558166398411791e+00 3.849453472018370863e-04
2.516666666666666430e+01 1.014014269170621318e+00 -7.901693360280403165e-04
2.518750000000000000e+01 1.007219090948670903e+00 1.109480647827102004e-03
2.520833333333333215e+01 1.005620628195107003e+00 -3.729127261961500718e-04
2.522916666666666430e+01 9.944666782754125745e-01 -1.640693554933240995e-03
2.525000000000000000e+01 1.003211971022842874e+00 -1.537080145188407217e-03
2.527083333333333215e+01 1.007261679604477767e+00 1.238255719207461119e-03
2.529166666666666430e+01 1.013281717060237952e+00 -1.666017080615502010e-03
2.531250000000000000e+01 1.016719046794487769e+00 -1.731335591737470300e-03
2.533333333333333215e+01 1.017761410199466310e+00 1.458547647631154793e-03
2.535416666666666430e+01 1.010227545842284247e+00 -3.002383167180760516e-03
2.537500000000000000e+01 1.003030125682964346e+00 -1.456503635097392045e-03
2.539583333333333215e+01 1.003757038409077262e+00 7.453832048372095471e-04
2.541666666666666430e+01 1.000009337088236805e+00 -1.193323516871890163e-03
2.543750000000000000e+01 1.000576058567711479e+00 1.267957284772888975e-03
2.545833333333333215e+01 1.000945303907254669e+00 1.641039123879497975e-03
2.547916666666666430e+01 1.000533192525351778e+00 5.411226769032142538e-04
2.550000000000000000e+01 1.003077169107408295e+00 -2.516708196303606496e-03
2.552083333333333215e+01 1.009676845171649573e+00 -4.494960375109487410e-04
2.554166666666666430e+01 1.013745866800175977e+00 9.659073107583811659e-04
2.556250000000000000e+01 1.013212300738651095e+00 -1.704628461928312357e-03
2.558333333333333215e+01 1.012602869640666370e+00 -4.473738094729158218e-04
2.560416666666666430e+01 1.009737665481003743e+00 -1.012304174642740268e-03
2.562500000000000000e+01 1.000934917733917073e+00 2.500860520203838813e-04
2.564583333333333215e+01 9.925571323313121530e-01 -1.632025702638453335e-03
2.566666666666666430e+01 9.955604004642922833e-01 -8.101949323422507959e-04
2.568750000000000000e+01 9.965259614803868571e-01 2.761767725206815864e-04
2.570833333333333215e+01 9.998743126675178061e-01 -2.796161231225463998e-05
2.572916666666666430e+01 9.957625129869186464e-01 -1.753347221271697514e-03
2.575000000000000000e+01 9.985206034829904320e-01 -1.744197373042429260e-04
2.577083333333333215e+01 9.981655493531080836e-01 -1.052301792318215438e-03
2.579166666666666430e+01 9.984880931642390323e-01 8.973006461451742220e-04
2.581250000000000000e+01 1.000657130094396718e+00 2.927546036983576846e-04
2.583333333333333215e+01 9.998362683998081035e-01 3.239553345081387994e-03
2.585416666666666430e+01 1.006716902494844357e+00 -1.368302764598604108e-03
2.587500000000000000e+01 1.001421226622877469e+00 1.360154737865725471e-03
2.589583333333333215e+01 1.002914464170379771e+00 8.260552329756165732e-04
2.591666666666666430e+01 1.000773250415069704e+00 -1.029922318634242428e-03
2.593750000000000000e+01 9.980774255883834156e-01 -3.281975673196213230e-05
2.595833333333333215e+01 1.007119088832261644e+00 -2.260998896558185506e-03
2.597916666666666430e+01 1.003733925053387210e+00 5.601228592894739414e-05
