0.000000000000000000e+00 1.014821055028467311e+00 7.124769662402157411e-04
2.083333333333333218e-02 1.038917808573713408e+00 -2.170298541925481408e-04
4.166666666666666435e-02 1.041647358305207050e+00 -1.237418203431091366e-04
6.250000000000000000e-02 1.027245611244277601e+00 7.803520434053250144e-04
8.333333333333332871e-02 9.979012752348673798e-01 2.143621200766400426e-04
1.041666666666666574e-01 9.733120875480282264e-01 -8.870953591791754054e-04
1.250000000000000000e-01 9.738535345594004911e-01 1.233981008263856927e-03
1.458333333333333148e-01 9.869477156974879595e-01 7.946457206154374040e-04
1.666666666666666574e-01 1.006194007932280199e+00 -8.113109137158236884e-04
1.875000000000000000e-01 1.027332934391816055e+00 3.274735038961206846e-04
2.083333333333333148e-01 1.024731918900159133e+00 5.492054624744192046e-04
2.291666666666666574e-01 1.021487857661522280e+00 -3.563450408524979161e-04
2.500000000000000000e-01 1.011468813810459499e+00 8.510116514609340679e-04
2.708333333333333148e-01 1.002793423738141509e+00 -3.186971873635596406e-03
2.916666666666666297e-01 9.954528588415462176e-01 -5.354626757071782569e-04
3.125000000000000000e-01 9.944860535355520836e-01 -1.796717907443905584e-03
3.333333333333333148e-01 9.991189688776421773e-01 -2.031396074174816446e-03
3.541666666666666297e-01 1.002126141484026345e+00 9.590938249334936402e-04
3.750000000000000000e-01 9.958657322988364591e-01 3.421777080417496859e-03
3.958333333333333148e-01 1.000743001017386336e+00 -1.671035011634709007e-03
4.166666666666666297e-01 1.008688748708078675e+00 -1.782541713899282146e-04
4.375000000000000000e-01 1.020672098548764062e+00 1.184877171799834537e-03
4.583333333333333148e-01 1.026115580388222259e+00 -2.604893155225656166e-03
4.791666666666666297e-01 1.024916281694971065e+00 3.904043894107228087e-04
5.000000000000000000e-01 1.010622114572135688e+00 1.244028167733564122e-03
5.208333333333332593e-01 9.891446054393385756e-01 -3.040203571065292713e-03
5.416666666666666297e-01 9.778836115392351980e-01 1.064164864296894509e-03
5.625000000000000000e-01 9.822514354649924950e-01 1.223035739299572437e-03
5.833333333333332593e-01 9.949931658920515565e-01 2.472132058725269046e-04
6.041666666666666297e-01 1.013001796762200923e+00 1.904802098334064343e-03
6.250000000000000000e-01 1.035393834567090554e+00 -4.680946545947237028e-04
6.458333333333332593e-01 1.035626346106406137e+00 1.907722364258230337e-04
6.666666666666666297e-01 1.025969845795489332e+00 8.515824354812444145e-04
6.875000000000000000e-01 1.011731211706244249e+00 4.250271634521321138e-04
7.083333333333332593e-01 9.886094655604487080e-01 1.054564917168124023e-03
7.291666666666666297e-01 9.781002466916747240e-01 -7.677225111501004154e-04
7.500000000000000000e-01 9.737980036449964683e-01 -8.382549920821309383e-04
7.708333333333332593e-01 9.918248762723415046e-01 -1.322889535071171451e-03
7.916666666666666297e-01 1.011746644496199776e+00 5.180003835231645213e-04
8.125000000000000000e-01 1.028039745826123452e+00 1.396581665704279282e-03
8.333333333333332593e-01 1.035571042577581258e+00 2.764309809337491940e-03
8.541666666666666297e-01 1.030027510246155353e+00 2.400128959774804407e-03
8.750000000000000000e-01 1.009478961539907571e+00 -1.844843805541066884e-03
8.958333333333332593e-01 9.897103082757192638e-01 5.553786502496376983e-04
9.166666666666666297e-01 9.792543801917934498e-01 2.690512016991700086e-03
9.375000000000000000e-01 9.845453882943449031e-01 -1.403490107979495864e-03
9.583333333333332593e-01 1.002155967438684625e+00 1.274759137817116318e-03
9.791666666666666297e-01 1.014601632041865820e+00 -1.470760797981873714e-03
1.000000000000000000e+00 1.022009199940603796e+00 3.369481231729353930e-04
1.020833333333333259e+00 1.020711118207491053e+00 1.018413736162167814e-03
1.041666666666666519e+00 1.014066971902257697e+00 2.013854243324337059e-03
1.062500000000000000e+00 1.004732058279650841e+00 3.844800954176138381e-04
1.083333333333333259e+00 9.973484911569365785e-01 -5.670072295891084814e-04
1.104166666666666519e+00 9.934896540510177454e-01 -2.371186280295175478e-03
1.125000000000000000e+00 9.960282447109657378e-01 -1.923114211745818652e-03
1.145833333333333259e+00 1.001040575768097352e+00 1.542349150363200990e-03
1.166666666666666519e+00 1.014332995038038643e+00 2.745983396822058412e-04
1.187500000000000000e+00 1.012165348253247110e+00 -2.530497904121745842e-05
1.208333333333333259e+00 1.009284358143998972e+00 8.495759534165314708e-04
1.229166666666666519e+00 1.005407042453629440e+00 1.215597512054690651e-03
1.250000000000000000e+00 9.999340205714768448e-01 3.166008924562849127e-03
1.270833333333333259e+00 1.000830756902794993e+00 1.718599202119837973e-04
1.291666666666666519e+00 1.010968227447973877e+00 1.385024366644395074e-03
1.312500000000000000e+00 1.011019568960989323e+00 5.750231542513296185e-04
1.333333333333333259e+00 1.006293741609979975e+00 1.805097701392549157e-04
1.354166666666666519e+00 1.003801348440730878e+00 -1.418420137390868311e-03
1.375000000000000000e+00 9.999988099291334809e-01 4.401454895148892575e-04
1.395833333333333259e+00 1.011233047347222413e+00 -1.390777468512111427e-03
1.416666666666666519e+00 1.008384074816456089e+00 -1.603117406924056340e-03
1.437500000000000000e+00 1.014045207778283775e+00 1.508033603415618673e-03
1.458333333333333259e+00 1.009754115840976407e+00 -1.383090214858578425e-03
1.479166666666666519e+00 1.002850871018006851e+00 -2.091296009602922057e-03
1.500000000000000000e+00 9.943789588705791438e-01 -1.142900224550128354e-03
1.520833333333333259e+00 1.003437096052839150e+00 -4.922383897932691536e-04
1.541666666666666519e+00 1.009638697174324529e+00 -1.621633243353538855e-03
1.562500000000000000e+00 1.014337475045895554e+00 9.328498687721167729e-04
1.583333333333333259e+00 1.014579033963972643e+00 5.483147280759093989e-04
1.604166666666666519e+00 1.007450784863270776e+00 6.305294721410184544e-04
1.625000000000000000e+00 9.999977748038392233e-01 1.015870681606519154e-03
1.645833333333333259e+00 9.964657903481264345e-01 -1.060286154990006200e-03
1.666666666666666519e+00 9.993671496952397648e-01 9.602582821925441468e-04
1.687500000000000000e+00 1.004836005421056333e+00 -5.886418066901303757e-04
1.708333333333333259e+00 1.005449014323497536e+00 -1.082205434542516049e-03
1.729166666666666519e+00 1.008709367590110650e+00 -1.819503807166301121e-03
1.750000000000000000e+00 1.005385583044483777e+00 -4.545425664180692397e-04
1.770833333333333259e+00 1.011131882312164221e+00 -1.472063337076850824e-03
1.791666666666666519e+00 1.023925790599205632e+00 8.067249402517550185e-04
1.812500000000000000e+00 1.017777072470180011e+00 5.872599427131625473e-04
1.833333333333333259e+00 1.007599028790272966e+00 -1.668507928938555698e-03
1.854166666666666519e+00 9.901786726620225298e-01 -1.789035010015741075e-03
1.875000000000000000e+00 9.832090725166670042e-01 4.524688145583463704e-04
1.895833333333333259e+00 9.835400551014066295e-01 -9.137170218834818770e-04
1.916666666666666519e+00 9.972990747935917000e-01 2.335799899893376127e-04
1.937500000000000000e+00 1.020766035554511619e+00 2.981718724973258681e-04
1.958333333333333259e+00 1.032206952792103394e+00 3.959671305181661520e-04
1.979166666666666519e+00 1.036707129872068256e+00 -2.403225395636245272e-05
2.000000000000000000e+00 1.016506444768020323e+00 -1.734433387424293832e-04
2.020833333333333037e+00 9.961831313577098612e-01 -2.949082042507195577e-04
2.041666666666666519e+00 9.707390026921933757e-01 -6.049236680674499340e-04
2.062500000000000000e+00 9.739882611186587713e-01 -4.619406519665715354e-04
2.083333333333333037e+00 9.824560549942823462e-01 -8.946899318028369826e-04
2.104166666666666519e+00 1.016138742929487027e+00 -1.315996314589143576e-04
2.125000000000000000e+00 1.029257829027355964e+00 1.567874594763116712e-03
2.145833333333333037e+00 1.028418065984616936e+00 8.515798645640484856e-04
2.166666666666666519e+00 1.018288884308622411e+00 -1.499345394752828534e-03
2.187500000000000000e+00 1.000860951634336526e+00 -4.397577921768461317e-04
2.208333333333333037e+00 9.901386931993249041e-01 -1.433705268565938114e-04
2.229166666666666519e+00 9.932299481609985214e-01 -2.538184649404142193e-03
2.250000000000000000e+00 9.974039848943047071e-01 -1.562655762295582593e-03
2.270833333333333037e+00 1.002924439743306140e+00 8.442327661975128697e-04
2.291666666666666519e+00 9.971627822554582909e-01 -1.722600475943407211e-04
2.312500000000000000e+00 9.844055914915790240e-01 2.009152873738192634e-03
2.333333333333333037e+00 9.935031239833918004e-01 -8.743833210311281745e-04
2.354166666666666519e+00 1.012943521650604639e+00 1.282629474325341565e-03
2.375000000000000000e+00 1.023045401736266014e+00 -3.300615393993573568e-04
2.395833333333333037e+00 1.036902339031129383e+00 -1.629202851644978882e-03
2.416666666666666519e+00 1.027288077160958712e+00 2.754326735248440665e-05
2.437500000000000000e+00 1.001346010571504852e+00 1.062529059086259097e-03
2.458333333333333037e+00 9.795196250498612311e-01 1.445101304361936492e-04
2.479166666666666519e+00 9.633451188324341219e-01 -2.341698432006384355e-04
2.500000000000000000e+00 9.725732718706846525e-01 6.613786158887731501e-04
2.520833333333333037e+00 9.965075852338877160e-01 -1.467556318830926356e-03
2.541666666666666519e+00 1.018967872228647487e+00 -5.973590196971776973e-04
2.562500000000000000e+00 1.039438772544422296e+00 -9.147735459510244246e-04
2.583333333333333037e+00 1.040305212423994652e+00 7.873359327825611622e-04
2.604166666666666519e+00 1.034096858115691075e+00 -1.715254443709433169e-03
2.625000000000000000e+00 1.004752221960149017e+00 2.379493574669017228e-04
2.645833333333333037e+00 9.708953893105115585e-01 -1.099126472476992826e-03
2.666666666666666519e+00 9.608097407419363689e-01 -3.305068019283392139e-03
2.687500000000000000e+00 9.709245413194301788e-01 -1.069167687289958280e-04
2.708333333333333037e+00 1.000143633920038244e+00 -1.517133228792677015e-03
2.729166666666666519e+00 1.018305832260602450e+00 -1.355712182526309950e-04
2.750000000000000000e+00 1.036348559146341719e+00 6.108318052999793090e-04
2.770833333333333037e+00 1.025110178312573561e+00 1.665738305476908250e-03
2.791666666666666519e+00 1.018307529341950124e+00 -1.189888093059039264e-03
2.812500000000000000e+00 9.996777686769292570e-01 -2.154849479555562004e-05
2.833333333333333037e+00 9.942918588450092576e-01 2.469809166080423612e-03
2.854166666666666519e+00 9.873249312315455217e-01 1.125049248488399056e-03
2.875000000000000000e+00 9.837290256948705292e-01 -3.224267879722652968e-04
2.895833333333333037e+00 9.869407086647929983e-01 1.349542576435977092e-03
2.916666666666666519e+00 9.938081598864698663e-01 1.974448336951498562e-03
2.937500000000000000e+00 1.011828759947431822e+00 1.158028448440663041e-03
2.958333333333333037e+00 1.019600547539997626e+00 -7.998999954997161555e-04
2.979166666666666519e+00 1.018750959927637645e+00 1.045647712040346199e-03
3.000000000000000000e+00 1.013023069279800126e+00 1.419722824327351331e-04
3.020833333333333037e+00 1.009179240292291668e+00 -6.789654083542862192e-05
3.041666666666666519e+00 9.992001266768693046e-01 7.742630046148257436e-04
3.062500000000000000e+00 9.913376969131865168e-01 5.584738058585845925e-04
3.083333333333333037e+00 9.886820749564306787e-01 1.335040767411202413e-04
3.104166666666666519e+00 9.883784983557217796e-01 7.546542982311899624e-04
3.125000000000000000e+00 9.887546193651495230e-01 1.196670641987219400e-03
3.145833333333333037e+00 9.977725860955956039e-01 -1.665390253580001931e-03
3.166666666666666519e+00 1.007908702724570560e+00 -1.274869915826817683e-03
3.187500000000000000e+00 1.020015223907821067e+00 1.686325654541613421e-03
3.208333333333333037e+00 1.023104363393365412e+00 1.682315543885304181e-03
3.229166666666666519e+00 1.021780462772762910e+00 5.180222603093461624e-04
3.250000000000000000e+00 1.007091207605190997e+00 -1.794445559672921704e-03
3.270833333333333037e+00 9.896940478946348874e-01 1.257893580812551862e-03
3.291666666666666519e+00 9.779087999290380084e-01 1.654681395734276534e-04
3.312500000000000000e+00 9.721261612481872927e-01 9.421412476496012021e-04
3.333333333333333037e+00 9.783717920092225295e-01 2.497501913976100810e-04
3.354166666666666519e+00 9.963492776480200597e-01 -5.038936161356815865e-04
3.375000000000000000e+00 1.018218510677555422e+00 1.980263057696087393e-03
3.395833333333333037e+00 1.028557270523158929e+00 4.800279776229041698e-05
3.416666666666666519e+00 1.034903583914099423e+00 1.045077641093568798e-03
3.437500000000000000e+00 1.020809422691922430e+00 -1.940437221785325066e-03
3.458333333333333037e+00 9.916049505038289080e-01 2.707136770740039677e-04
3.479166666666666519e+00 9.713871091665348123e-01 2.397834604109026421e-03
3.500000000000000000e+00 9.605398731595387041e-01 5.059459763071762119e-04
3.520833333333333037e+00 9.696476767847942435e-01 1.140999156273149765e-03
3.541666666666666519e+00 9.887037990392165687e-01 1.564763501734426840e-03
3.562500000000000000e+00 1.011772545398848866e+00 2.144636635393547784e-03
3.583333333333333037e+00 1.028260003330252248e+00 2.285740311626210919e-04
3.604166666666666519e+00 1.032471030243776067e+00 -9.708862093539860931e-04
3.625000000000000000e+00 1.016599059879943479e+00 1.306597475245475188e-03
3.645833333333333037e+00 9.961475313522243358e-01 -1.224596559996109267e-03
3.666666666666666519e+00 9.871707582231464828e-01 -1.020083399237232437e-03
3.687500000000000000e+00 9.718623435472476535e-01 2.022899905636113289e-03
3.708333333333333037e+00 9.724343092413758605e-01 -1.038922124838260672e-03
3.729166666666666519e+00 9.791641268953756860e-01 -6.623025613845335072e-04
3.750000000000000000e+00 1.001179193065918627e+00 5.114042443474950623e-04
3.770833333333333037e+00 1.014485442493808121e+00 -1.782662151085856678e-03
3.791666666666666519e+00 1.010834376339459828e+00 -9.541432620883938094e-04
3.812500000000000000e+00 9.968207574505224544e-01 5.314003444880427071e-04
3.833333333333333037e+00 9.733895243799836061e-01 -1.373215705098844008e-03
3.854166666666666519e+00 9.504963043657770339e-01 -1.770407580770925809e-03
3.875000000000000000e+00 9.468123792610788625e-01 -1.280752124241592077e-03
3.895833333333333037e+00 9.427209657593511594e-01 1.098110066422438311e-03
3.916666666666666519e+00 9.459440855561495054e-01 -2.289618863077120018e-04
3.937500000000000000e+00 9.375345558500962628e-01 4.732711736858403301e-04
3.958333333333333037e+00 9.309544597591268289e-01 3.707350825787292486e-04
3.979166666666666519e+00 9.261827845476079402e-01 8.887866200416990529e-05
4.000000000000000000e+00 9.244089672382437284e-01 -4.020996544550426224e-04
4.020833333333333037e+00 9.388402331023806280e-01 2.606958943087366121e-09
4.041666666666666075e+00 9.487586636624274483e-01 -1.246890997625038850e-03
4.062500000000000000e+00 9.436931895681415217e-01 9.690884859330640803e-04
4.083333333333333037e+00 9.364958078710239331e-01 7.124043274650295170e-04
4.104166666666666075e+00 9.224011501884155084e-01 -1.894465148923979827e-03
4.125000000000000000e+00 9.117171287816037140e-01 -1.742544118531645387e-03
4.145833333333333037e+00 9.224970003657719797e-01 -9.405675640381213937e-05
4.166666666666666075e+00 9.445160902120839364e-01 3.463137206774071853e-04
4.187500000000000000e+00 9.678732311551669909e-01 -1.051310035341198679e-03
4.208333333333333037e+00 9.956280928915332007e-01 -2.409532620694330714e-04
4.229166666666666075e+00 1.002871650646057322e+00 8.102520874414596928e-04
4.250000000000000000e+00 9.959706852246094089e-01 1.663826133014274051e-03
4.270833333333333037e+00 9.795055128683166634e-01 -8.823850212968013069e-04
4.291666666666666075e+00 9.662321360988139762e-01 1.157546235137000385e-04
4.312500000000000000e+00 9.639677754392974585e-01 -1.066054156107232266e-03
4.333333333333333037e+00 9.780148130758278269e-01 -1.060167980900027045e-04
4.354166666666666075e+00 9.908810180202741735e-01 -6.230216376630346494e-04
4.375000000000000000e+00 1.010338927831416544e+00 1.649335349941730795e-03
4.395833333333333037e+00 1.019618586363544521e+00 -7.447985999093319209e-04
4.416666666666666075e+00 1.006335729471816265e+00 -5.880717435056782632e-04
4.437500000000000000e+00 9.993367924498522958e-01 -1.047021685220380846e-03
4.458333333333333037e+00 9.957391205273732337e-01 4.322306701910981746e-04
4.479166666666666075e+00 9.885074058063738622e-01 1.865903840324678901e-03
4.500000000000000000e+00 9.827603373142390630e-01 -1.516327339900397689e-04
4.520833333333333037e+00 9.839621663128329532e-01 -6.504016773925093767e-04
4.541666666666666075e+00 9.866195116328482229e-01 1.440931606304818096e-03
4.562500000000000000e+00 9.954553432184369832e-01 -1.360984384859447891e-04
4.583333333333333037e+00 1.000262304126868340e+00 2.793452042979700616e-03
4.604166666666666075e+00 1.007474127504298211e+00 -4.732889964074334902e-04
4.625000000000000000e+00 1.006420432927391362e+00 3.627933250446148481e-04
4.645833333333333037e+00 1.000072527261319566e+00 9.079634135597116165e-05
4.666666666666666075e+00 9.901434078843991404e-01 -5.753253214587032011e-04
4.687500000000000000e+00 9.829388740022968474e-01 -9.936647477770151190e-05
4.708333333333333037e+00 9.848873608537912494e-01 -2.641625101901830925e-04
4.729166666666666075e+00 9.955119632347189107e-01 -2.247737892557592700e-04
4.750000000000000000e+00 9.948882043498361583e-01 4.117869034413370721e-04
4.770833333333333037e+00 9.985655488048894579e-01 4.106166042266565426e-04
4.791666666666666075e+00 1.000414095275258708e+00 -6.214795924255648533e-04
4.812500000000000000e+00 1.003574612393004939e+00 2.608561091470865080e-04
4.833333333333333037e+00 1.006676759185555436e+00 8.419968469429636986e-04
4.854166666666666075e+00 1.000281496150385641e+00 2.550853374441663501e-03
4.875000000000000000e+00 9.963151607751957739e-01 1.180014349720212271e-03
4.895833333333333037e+00 9.912379347528635920e-01 -3.155734439392007904e-03
4.916666666666666075e+00 9.916716187226445323e-01 1.348935230423036011e-03
4.937500000000000000e+00 9.943560963594499924e-01 2.687678709545654842e-05
4.958333333333333037e+00 1.002412588681451444e+00 -2.315865280083684069e-04
4.979166666666666075e+00 1.007845513826514994e+00 -1.464682356925366136e-03
5.000000000000000000e+00 1.001963609400372102e+00 -2.974679056494636264e-03
5.020833333333333037e+00 9.982958462754288886e-01 1.061007178988013742e-03
5.041666666666666075e+00 9.978595189829312373e-01 4.948566908005454625e-04
5.062500000000000000e+00 9.975496567127491998e-01 1.221599256415298578e-03
5.083333333333333037e+00 9.994792822697827761e-01 -6.957334408469556487e-04
5.104166666666666075e+00 9.997089474990697999e-01 6.990824241974110970e-05
5.125000000000000000e+00 9.937172380170611330e-01 -5.693000831746943598e-04
5.145833333333333037e+00 9.934451470709397825e-01 -7.202987931188168996e-04
5.166666666666666075e+00 1.005102153550514466e+00 4.096749902147620720e-03
5.187500000000000000e+00 1.013839955472999321e+00 -7.570852678564787570e-04
5.208333333333333037e+00 1.014603584761531341e+00 6.645183279385129434e-04
5.229166666666666075e+00 1.005974354802915194e+00 3.665787305262322793e-04
5.250000000000000000e+00 9.993040634470450323e-01 -1.483261259722758749e-03
5.270833333333333037e+00 9.897950589791439935e-01 -6.367560590415105451e-04
5.291666666666666075e+00 9.868613769929088786e-01 7.918204626022566769e-04
5.312500000000000000e+00 9.996592654063295447e-01 -7.345245597434929465e-04
5.333333333333333037e+00 1.011235570075883716e+00 4.702485065937446430e-04
5.354166666666666075e+00 1.015884026788689276e+00 7.256033686158103050e-04
5.375000000000000000e+00 1.020582633894083324e+00 4.654207754301752293e-04
5.395833333333333037e+00 1.010629078587020668e+00 3.360091553572807656e-04
5.416666666666666075e+00 9.910600433669737308e-01 1.264468468883263687e-04
5.437500000000000000e+00 9.923274367582475275e-01 -3.965501173786109708e-04
5.458333333333333037e+00 9.929115124367079437e-01 -1.590337291391472627e-03
5.479166666666666075e+00 1.002829369122570702e+00 6.695401050909186502e-04
5.500000000000000000e+00 1.015304233092880315e+00 1.325628000441879959e-03
5.520833333333333037e+00 1.022940069902509297e+00 -1.366629354543623691e-05
5.541666666666666075e+00 1.020377353459751779e+00 -5.569291463111130801e-05
5.562500000000000000e+00 1.010289704711684333e+00 3.630165626831793153e-04
5.583333333333333037e+00 1.001404626323970870e+00 -3.468098824576981210e-04
5.604166666666666075e+00 9.967152645713925896e-01 -2.548567822626617713e-03
5.625000000000000000e+00 9.906737414576974876e-01 -1.363997141619658748e-03
5.645833333333333037e+00 1.001214138458059733e+00 -1.860474412903441238e-03
5.666666666666666075e+00 1.012937821486200374e+00 5.637595937844153485e-04
5.687500000000000000e+00 1.016078413382899059e+00 1.944783109711598372e-03
5.708333333333333037e+00 1.014684740629972381e+00 -6.975686346910836251e-05
5.729166666666666075e+00 1.011102365635598410e+00 2.239430597608971143e-03
5.750000000000000000e+00 1.003341112279597658e+00 4.743339206010830771e-05
5.770833333333333037e+00 9.986081615643146447e-01 1.427108993268207983e-04
5.791666666666666075e+00 9.989810797069262893e-01 -2.824926458160798319e-04
5.812500000000000000e+00 9.998946578676434216e-01 -1.382759072809042764e-03
5.833333333333333037e+00 1.008608579090157775e+00 1.657238980128178060e-04
5.854166666666666075e+00 1.011297175597485776e+00 6.857350586362728458e-04
5.875000000000000000e+00 1.013325032699793127e+00 -2.691288738969637340e-04
5.895833333333333037e+00 1.012146007082168397e+00 2.858755467514901942e-03
5.916666666666666075e+00 1.004552762674303823e+00 -1.181025110482911492e-03
5.937500000000000000e+00 9.980725855981957828e-01 6.313794890750891301e-05
5.958333333333333037e+00 9.904635915070342245e-01 -1.003141344150419462e-03
5.979166666666666075e+00 9.960311968430671792e-01 -5.630358773877935279e-04
6.000000000000000000e+00 1.015199939266580254e+00 -1.141974232086535130e-03
6.020833333333333037e+00 1.019336356558672385e+00 -1.581490281461391586e-03
6.041666666666666075e+00 1.021616406474330940e+00 -8.636571455554532036e-04
6.062500000000000000e+00 1.008851727702261947e+00 -3.883987269846562616e-04
6.083333333333333037e+00 9.972744448749990553e-01 -5.419076676966817991e-04
6.104166666666666075e+00 9.878514367217012815e-01 -3.232864966193969673e-04
6.125000000000000000e+00 9.955489605135399156e-01 2.138952620988358779e-04
6.145833333333333037e+00 1.001402744746665574e+00 -2.607467662407699904e-03
6.166666666666666075e+00 1.005226941532437523e+00 1.374435053224363525e-03
6.187500000000000000e+00 1.009351162098621968e+00 -2.440572749556007117e-04
6.208333333333333037e+00 1.005656844173568265e+00 -2.902727197271902718e-03
6.229166666666666075e+00 1.004509244471743834e+00 -1.136861817548106115e-03
6.250000000000000000e+00 1.005977719138737347e+00 -1.272548773634031702e-03
6.270833333333333037e+00 9.967087496909180500e-01 1.406023971847287710e-03
6.291666666666666075e+00 1.000227875229668717e+00 1.192560078906005488e-03
6.312500000000000000e+00 9.929543066511156146e-01 -2.936319310255941116e-04
6.333333333333333037e+00 9.923892877495982257e-01 -1.329327637919350529e-03
6.354166666666666075e+00 9.990350216939513084e-01 -9.945555792879462193e-04
6.375000000000000000e+00 1.000727593525611914e+00 -2.361662330529075079e-03
6.395833333333333037e+00 9.970763575891286035e-01 -8.976738054609870610e-04
6.416666666666666075e+00 1.001517851671948289e+00 1.242850278222874631e-03
6.437500000000000000e+00 1.001968666757567572e+00 1.390780670052786791e-03
6.458333333333333037e+00 1.006427263743809863e+00 -7.325943267181177698e-04
6.479166666666666075e+00 1.007785110415215568e+00 5.876700830044446697e-04
6.500000000000000000e+00 1.003319922929341024e+00 1.314096066942599531e-05
6.520833333333333037e+00 9.930283936714469073e-01 -1.710292457299779020e-04
6.541666666666666075e+00 9.888679848952184326e-01 -1.880207554443242028e-03
6.562500000000000000e+00 9.882590149221777143e-01 2.827463170945001254e-06
6.583333333333333037e+00 9.949704151169120880e-01 -1.681171784936504867e-03
6.604166666666666075e+00 1.006553708336070718e+00 -6.789932521300218529e-04
6.625000000000000000e+00 1.012871751674101484e+00 2.259517776475508406e-03
6.645833333333333037e+00 1.013498930529310282e+00 -1.033840196543198635e-04
6.666666666666666075e+00 1.003506970242975527e+00 1.128243904657890827e-03
6.687500000000000000e+00 9.940839116915302087e-01 1.569697054026504080e-03
6.708333333333333037e+00 9.901517248803756166e-01 -7.629383018500822617e-04
6.729166666666666075e+00 9.909807295279448036e-01 2.751700729702639760e-05
6.750000000000000000e+00 9.899746475871135099e-01 5.450417478737401924e-05
6.770833333333333037e+00 9.971773013807052610e-01 1.656535355859620846e-03
6.791666666666666075e+00 1.001931867914364727e+00 7.506636515177762987e-04
6.812500000000000000e+00 1.006111883342146296e+00 2.682313869605695584e-04
6.833333333333333037e+00 1.004370424546622287e+00 1.376123880847210856e-03
6.854166666666666075e+00 1.008562002308180494e+00 -2.665251556626723004e-04
6.875000000000000000e+00 1.000442918626912148e+00 5.188800192586496803e-04
6.895833333333333037e+00 9.964505110196973936e-01 3.425729927914591272e-03
6.916666666666666075e+00 9.967554850237556607e-01 -7.796526503392126398e-04
6.937500000000000000e+00 9.947468872086339120e-01 6.231306210601868993e-05
6.958333333333333037e+00 9.932531586696702330e-01 1.152009641485702944e-03
6.979166666666666075e+00 9.918015023781933115e-01 1.510776251565362858e-03
7.000000000000000000e+00 9.953731577976983047e-01 1.010771183073448046e-03
7.020833333333333037e+00 1.001661958581069767e+00 1.712041002544013261e-03
7.041666666666666075e+00 1.009834351511927242e+00 5.186659377269316629e-04
7.062500000000000000e+00 1.013018335590632590e+00 4.879430755633692150e-04
7.083333333333333037e+00 1.014273414994662614e+00 4.021926449212558856e-04
7.104166666666666075e+00 9.985876037086107715e-01 -6.912144386612119546e-04
7.125000000000000000e+00 9.852056708863187184e-01 -9.487172116655486582e-05
7.145833333333333037e+00 9.791981540552707752e-01 -8.963012756977964705e-04
7.166666666666666075e+00 9.831006134988250489e-01 3.390030815893602069e-04
7.187500000000000000e+00 1.002033723712281610e+00 -1.856954942212253167e-03
7.208333333333333037e+00 1.009824992203983474e+00 -8.926458842030448367e-04
7.229166666666666075e+00 1.013984522399687505e+00 2.289449923674577621e-03
7.250000000000000000e+00 1.011139422669325771e+00 7.849341577077347193e-04
7.270833333333333037e+00 1.007246541856532618e+00 8.812664763867068178e-05
7.291666666666666075e+00 9.938945476341373153e-01 1.534372387002499701e-03
7.312500000000000000e+00 9.894690444956197872e-01 1.765103158299719324e-03
7.333333333333333037e+00 9.801734483953050692e-01 -1.015484369369917339e-03
7.354166666666666075e+00 9.759995034133199798e-01 1.322362659557023467e-03
7.375000000000000000e+00 9.714689364183693998e-01 -1.541516087290675492e-03
7.395833333333333037e+00 9.812487222434530532e-01 -7.187095645789875033e-04
7.416666666666666075e+00 9.934574052485227735e-01 1.454791169612284270e-03
7.437500000000000000e+00 9.933690782660909990e-01 -6.728213461361667001e-04
7.458333333333333037e+00 9.904909853022063615e-01 -6.252543982055048122e-04
7.479166666666666075e+00 9.688637096379812963e-01 1.585206517971518569e-03
7.500000000000000000e+00 9.518752439421538369e-01 5.578316370260808172e-04
7.520833333333333037e+00 9.396167209666034248e-01 -1.505775986520123183e-03
7.541666666666666075e+00 9.459817703918002030e-01 1.104257230906316401e-03
7.562500000000000000e+00 9.560810678727053036e-01 7.609604392696103564e-04
7.583333333333333037e+00 9.666473569390767739e-01 1.799639745993561859e-03
7.604166666666666075e+00 9.762280446280428015e-01 -1.345031331686505306e-03
7.625000000000000000e+00 9.756993026948318493e-01 5.011780614020738735e-04
7.645833333333333037e+00 9.803204543425795281e-01 -4.694405458712261011e-04
7.666666666666666075e+00 9.720200024454579424e-01 7.571360630077647461e-04
7.687500000000000000e+00 9.632953609592658228e-01 -1.004198091189589716e-03
7.708333333333333037e+00 9.593592052511633606e-01 -5.254622322686013569e-04
7.729166666666666075e+00 9.608042558580637271e-01 9.230627140840876163e-05
7.750000000000000000e+00 9.682846615167207682e-01 5.152147101281197772e-04
7.770833333333333037e+00 9.864443195938604747e-01 -2.867168125161759337e-04
7.791666666666666075e+00 1.011214700545697287e+00 2.111914824072678911e-03
7.812500000000000000e+00 1.018424952227750868e+00 -6.431779749215051642e-04
7.833333333333333037e+00 1.017283691214143859e+00 9.592645987498985753e-05
7.854166666666666075e+00 1.008480101573947074e+00 1.072121555112898889e-03
7.875000000000000000e+00 9.893599045689700500e-01 1.443144319429859237e-04
7.895833333333333037e+00 9.764081305000550381e-01 -6.711302647636567520e-05
7.916666666666666075e+00 9.819354397973533155e-01 -1.767646792841254342e-03
7.937500000000000000e+00 9.900401333376164237e-01 1.525966093543901269e-03
7.958333333333333037e+00 1.012108635422500846e+00 -1.829031499567906416e-03
7.979166666666666075e+00 1.025523069633736517e+00 4.523387234233686182e-04
8.000000000000000000e+00 1.030580363310392933e+00 -9.060381067845734403e-04
8.020833333333332149e+00 1.014998125332254864e+00 -1.642305534826627800e-03
8.041666666666666075e+00 9.922188896943209269e-01 -1.491742060658765936e-04
8.062500000000000000e+00 9.784458916420373242e-01 -5.167299105121581342e-04
8.083333333333332149e+00 9.738367360561657193e-01 -6.795613193506381319e-04
8.104166666666666075e+00 9.835784749109663938e-01 1.461181340956542441e-04
8.125000000000000000e+00 1.003975506032366960e+00 -1.022034289015840130e-03
8.145833333333332149e+00 1.022202146535919898e+00 -5.436130325117246231e-04
8.166666666666666075e+00 1.026599024720826092e+00 9.365427757763648657e-04
8.187500000000000000e+00 1.019300547365642240e+00 1.507587992715549857e-03
8.208333333333332149e+00 9.982423308431525033e-01 -9.894218949376440506e-04
8.229166666666666075e+00 9.882137147186195181e-01 5.288772577393695317e-04
8.250000000000000000e+00 9.861188711931957451e-01 4.607301115661027258e-04
8.270833333333332149e+00 9.879417527271480148e-01 -6.478499999787957694e-04
8.291666666666666075e+00 9.941317580238421270e-01 7.940870483791970941e-04
8.312500000000000000e+00 1.002683942863839883e+00 1.330787533313363248e-03
8.333333333333332149e+00 1.012157290276050947e+00 1.818434081849695924e-03
8.354166666666666075e+00 1.017386736552855941e+00 2.974644185272416579e-03
8.375000000000000000e+00 1.010933758065702959e+00 -5.984637275179593204e-04
8.395833333333332149e+00 1.013520029612304585e+00 8.955399759032125085e-04
8.416666666666666075e+00 9.996251565135926276e-01 -2.465067271886344641e-03
8.437500000000000000e+00 9.913221930642339697e-01 1.739748775635115759e-03
8.458333333333332149e+00 9.872417658635435078e-01 -2.806324915340797747e-04
8.479166666666666075e+00 9.922624943140103682e-01 -1.199837831036771989e-03
8.500000000000000000e+00 1.002432023539679307e+00 -6.887312549575952544e-05
8.520833333333332149e+00 1.007064950197983366e+00 4.002207188278092474e-04
8.541666666666666075e+00 1.005058398745982462e+00 -4.505620924434718230e-04
8.562500000000000000e+00 1.009481045463044957e+00 1.255423898991903575e-03
8.583333333333332149e+00 1.011179756647950789e+00 -1.497002191785466296e-03
8.604166666666666075e+00 1.005096044850663617e+00 -1.753218369712692933e-03
8.625000000000000000e+00 1.003964167929429552e+00 -2.008487358730158198e-03
8.645833333333332149e+00 9.939936233400000765e-01 3.691046261055420138e-04
8.666666666666666075e+00 9.877442980141312168e-01 5.041322916483695349e-04
8.687500000000000000e+00 9.914954065202993272e-01 1.181659666575977192e-03
8.708333333333332149e+00 1.007005120883358806e+00 2.736480990386784204e-03
8.729166666666666075e+00 1.013466948219672759e+00 1.630369531733607668e-03
8.750000000000000000e+00 1.011665457930792211e+00 3.112269734950025507e-04
8.770833333333332149e+00 1.001297281128499028e+00 7.141893333898065950e-04
8.791666666666666075e+00 9.987145918052898752e-01 1.138445704167788614e-03
8.812500000000000000e+00 9.978627223374105792e-01 -1.415381723767340175e-03
8.833333333333332149e+00 1.008154543084606836e+00 6.021350257037025745e-04
8.854166666666666075e+00 1.012743707946822891e+00 1.885738098355899030e-04
8.875000000000000000e+00 1.006116345051626615e+00 6.126219094173804465e-05
8.895833333333332149e+00 9.966149843428084854e-01 6.256339359878852931e-04
8.916666666666666075e+00 9.859923026954316994e-01 -7.498241262075208430e-04
8.937500000000000000e+00 9.905263752093201868e-01 3.907087730708053153e-04
8.958333333333332149e+00 1.001825670983941929e+00 9.038786623770516402e-04
8.979166666666666075e+00 1.021796944469392843e+00 -3.879221000140140692e-04
9.000000000000000000e+00 1.020827064746746116e+00 -2.094412203832866307e-03
9.020833333333332149e+00 1.017930988208931575e+00 -1.400663548379920157e-03
9.041666666666666075e+00 9.987631268139665064e-01 -4.562715568908083793e-04
9.062500000000000000e+00 9.849632138951619487e-01 2.065043953819090030e-03
9.083333333333332149e+00 9.773939637797200986e-01 1.349863820625175643e-03
9.104166666666666075e+00 9.906286764253517951e-01 -3.258913546280674451e-04
9.125000000000000000e+00 1.009466228133853338e+00 5.927715034144540778e-04
9.145833333333332149e+00 1.022175739607635414e+00 -1.029869063915771427e-03
9.166666666666666075e+00 1.025980666530627694e+00 1.045517530153842415e-03
9.187500000000000000e+00 1.016216505066228182e+00 5.085088337995076864e-05
9.208333333333332149e+00 9.993379787115469481e-01 -8.630142724500298231e-04
9.229166666666666075e+00 9.863445183192826038e-01 6.639056674037620374e-04
9.250000000000000000e+00 9.817434173343243531e-01 -6.718116196593671352e-04
9.270833333333332149e+00 9.948680192923825549e-01 1.218847090731874820e-03
9.291666666666666075e+00 1.007643666612794808e+00 1.501315497359292450e-03
9.312500000000000000e+00 1.019965945864618861e+00 1.702918666433002630e-03
9.333333333333332149e+00 1.013221876394062360e+00 -7.132789543171046392e-04
9.354166666666666075e+00 1.011585053754337604e+00 -1.235974804530218631e-03
9.375000000000000000e+00 1.003630265979526648e+00 -4.494156406565740620e-04
9.395833333333332149e+00 9.939877695091287046e-01 -1.285604897373598694e-03
9.416666666666666075e+00 1.002211512675199367e+00 1.715206600347947072e-03
9.437500000000000000e+00 1.007328497294581737e+00 -1.493718621694270065e-03
9.458333333333332149e+00 1.001701984765591025e+00 -3.184936945604921379e-03
9.479166666666666075e+00 1.000028721918100549e+00 -1.124204057693168994e-03
9.500000000000000000e+00 1.001522794330921506e+00 -1.533697711033323030e-03
9.520833333333332149e+00 1.004628506086673756e+00 -1.940137020146091645e-04
9.541666666666666075e+00 1.016434031994442266e+00 2.690811312319476255e-04
9.562500000000000000e+00 1.017573380528224769e+00 -1.054985204948012293e-04
9.583333333333332149e+00 1.013329763597370148e+00 -4.483672092570209705e-04
9.604166666666666075e+00 9.910248223326241224e-01 1.118557963664664184e-03
9.625000000000000000e+00 9.866759914196512327e-01 -1.943655077399036152e-04
9.645833333333332149e+00 9.860319375694106547e-01 1.555561255190311166e-03
9.666666666666666075e+00 9.991596691937313368e-01 5.973509378462257466e-05
9.687500000000000000e+00 1.013540096247478761e+00 -1.122544818326358341e-03
9.708333333333332149e+00 1.020980760380672647e+00 1.753154167145949249e-03
9.729166666666666075e+00 1.019878876138111679e+00 -9.145309626446036658e-04
9.750000000000000000e+00 1.015402632747019585e+00 1.019547967370812647e-04
9.770833333333332149e+00 1.001250181689531837e+00 3.149320040800188906e-03
9.791666666666666075e+00 9.949888076710045048e-01 -2.118308276941568413e-05
9.812500000000000000e+00 9.858454639746274673e-01 -6.233028991136891576e-04
9.833333333333332149e+00 9.828071421555005793e-01 -4.108458212332410388e-04
9.854166666666666075e+00 9.966489851848506776e-01 6.397494222902259573e-05
9.875000000000000000e+00 1.014426879120139624e+00 -5.878839877705160791e-04
9.895833333333332149e+00 1.029623581769389951e+00 -1.392027048825029197e-03
9.916666666666666075e+00 1.030086649788882980e+00 -4.826427295947336728e-04
9.937500000000000000e+00 1.020458315332950505e+00 1.040741385394456341e-03
9.958333333333332149e+00 1.002934869230741599e+00 2.675830812057330586e-04
9.979166666666666075e+00 9.830857303610071041e-01 4.155654359632256537e-04
1.000000000000000000e+01 9.711592417775697372e-01 2.347240203002314181e-03
1.002083333333333215e+01 9.845415553157303989e-01 -9.844351160764694842e-04
1.004166666666666607e+01 1.004560331554903874e+00 8.676809014364360350e-04
1.006250000000000000e+01 1.021005368433298033e+00 1.244692642551335857e-03
1.008333333333333215e+01 1.029021980876458020e+00 3.207704623026966738e-04
1.010416666666666607e+01 1.027598239687526949e+00 -2.164257425336594393e-04
1.012500000000000000e+01 1.016713030916896132e+00 1.085390462898110997e-03
1.014583333333333215e+01 9.986800117898322338e-01 1.371067944087322110e-03
1.016666666666666607e+01 9.863287615146064669e-01 -1.070306867583100665e-03
1.018750000000000000e+01 9.846750320413324431e-01 2.398368794309287295e-03
1.020833333333333215e+01 9.862894004887076127e-01 9.491532045829811958e-04
1.022916666666666607e+01 1.002834525943976596e+00 2.144989892066783213e-03
1.025000000000000000e+01 1.014448255958382061e+00 1.163585837583406895e-03
1.027083333333333215e+01 1.024417163090782568e+00 7.747305264147032276e-04
1.029166666666666607e+01 1.023020759988854333e+00 -1.742257758756597468e-04
1.031250000000000000e+01 1.015689574870964229e+00 3.931358892000019018e-04
1.033333333333333215e+01 1.000911888922353610e+00 5.601773091579787586e-04
1.035416666666666607e+01 9.962732580002924276e-01 -1.130619619588651460e-03
1.037500000000000000e+01 9.941048124551956633e-01 1.538957804486966278e-03
1.039583333333333215e+01 9.913562679794367671e-01 -4.737344792176124389e-04
1.041666666666666607e+01 9.869472548082628416e-01 2.888355879358383421e-05
1.043750000000000000e+01 9.963901518514671762e-01 4.489882381143577039e-04
1.045833333333333215e+01 1.005510585366069076e+00 -1.032442261965766956e-03
1.047916666666666607e+01 1.020388978710052852e+00 -6.330447541555798150e-04
1.050000000000000000e+01 1.029194124095874630e+00 1.807613224538351035e-03
1.052083333333333215e+01 1.027091470320901978e+00 7.603993201122660490e-04
1.054166666666666607e+01 1.009628615745978397e+00 -1.516034806336169797e-03
1.056250000000000000e+01 9.899593904563342983e-01 -1.137164245841787869e-03
1.058333333333333215e+01 9.797846864268988654e-01 7.546294527926058807e-06
1.060416666666666607e+01 9.774365706003661503e-01 -2.384806747421302966e-03
1.062500000000000000e+01 9.928615908987711292e-01 3.449125782500481120e-04
1.064583333333333215e+01 1.011641815100635666e+00 4.976392728704575903e-04
1.066666666666666607e+01 1.023584360126639892e+00 -8.091294522941322800e-04
1.068750000000000000e+01 1.027204478731256865e+00 -7.905758194119667315e-05
1.070833333333333215e+01 1.025482005795396168e+00 -1.178375602196670736e-03
1.072916666666666607e+01 1.006590789414189224e+00 -8.789996614225276334e-04
1.075000000000000000e+01 9.918030384285224654e-01 6.251480352392929955e-04
1.077083333333333215e+01 9.819858300666364226e-01 -7.552332623701194566e-04
1.079166666666666607e+01 9.830346552307129837e-01 -1.297348273963464362e-03
1.081250000000000000e+01 1.000422936614457692e+00 3.143478402153767432e-04
1.083333333333333215e+01 1.015680339663995957e+00 9.887672777969533974e-04
1.085416666666666607e+01 1.018713358278853676e+00 -6.728628461491322973e-04
1.087500000000000000e+01 1.012075788184854996e+00 -8.660360440846526361e-05
1.089583333333333215e+01 1.011372890830259719e+00 1.218783567315552367e-03
1.091666666666666607e+01 1.012451801158424702e+00 1.122889970206040903e-03
1.093750000000000000e+01 1.009148067570086349e+00 -3.614597328703666058e-03
1.095833333333333215e+01 1.008321519708848202e+00 6.886823175154812779e-04
1.097916666666666607e+01 1.000118800074391245e+00 1.874791287295121504e-03
1.100000000000000000e+01 9.924173785214042143e-01 1.307818937280278001e-03
1.102083333333333215e+01 9.797783372302055760e-01 -2.478107786689038249e-04
1.104166666666666607e+01 9.936034288119557356e-01 1.659501037804373639e-03
1.106250000000000000e+01 1.010080956379854733e+00 -1.933131803422782338e-03
1.108333333333333215e+01 1.023820820874223214e+00 2.626771266586554665e-04
1.110416666666666607e+01 1.032415636216116095e+00 3.434405171897485948e-06
1.112500000000000000e+01 1.011315689648695004e+00 8.721502574479490571e-04
1.114583333333333215e+01 9.953376352483969125e-01 -2.566135534169349149e-03
1.116666666666666607e+01 9.872196983704072393e-01 -6.539061382426668767e-04
1.118750000000000000e+01 9.896453229254454920e-01 -7.498761073165360978e-04
1.120833333333333215e+01 1.001045000437216226e+00 8.824693350185151917e-04
1.122916666666666607e+01 1.014236504967896746e+00 -2.365732033373409290e-04
1.125000000000000000e+01 1.011006643130726523e+00 1.879829932676368445e-05
1.127083333333333215e+01 1.004848314100869278e+00 -4.750327298326993903e-04
1.129166666666666607e+01 1.006131862079545636e+00 1.781587680230533417e-04
1.131250000000000000e+01 1.006330539407379598e+00 1.392353259993022157e-03
1.133333333333333215e+01 1.011234693862493650e+00 -2.133634798969366662e-04
1.135416666666666607e+01 1.013837416170272565e+00 -7.222939987020351787e-04
1.137500000000000000e+01 1.010507179409098288e+00 -7.768844370152607143e-04
1.139583333333333215e+01 1.002844447150846863e+00 7.461694549355261854e-04
1.141666666666666607e+01 9.881639515930447093e-01 1.255380704292935121e-03
1.143750000000000000e+01 9.875933931435552093e-01 -5.891135918792320906e-04
1.145833333333333215e+01 9.994113078753054102e-01 2.724594232495602519e-04
1.147916666666666607e+01 1.014409480255011431e+00 -1.542067140018519395e-03
1.150000000000000000e+01 1.020590566759184359e+00 8.394018466852497251e-04
1.152083333333333215e+01 1.030542080613275235e+00 5.023896892805334788e-04
1.154166666666666607e+01 1.012483132384314422e+00 -1.931569086628706329e-03
1.156250000000000000e+01 1.003752022868680704e+00 -4.491648396349189358e-04
1.158333333333333215e+01 9.840709636464995969e-01 2.716340749550365708e-04
1.160416666666666607e+01 9.815004954690356165e-01 -1.764618303057234171e-03
1.162500000000000000e+01 9.909078040212100369e-01 2.060768527373493982e-03
1.164583333333333215e+01 1.006825486183931195e+00 3.309088594391666814e-04
1.166666666666666607e+01 1.021316725832269956e+00 -1.970364096819078852e-03
1.168750000000000000e+01 1.022121560038338206e+00 -2.696660016328197504e-03
1.170833333333333215e+01 1.019098135655591708e+00 -1.716754511027456987e-05
1.172916666666666607e+01 1.002268737125241893e+00 -5.547078037959901490e-04
1.175000000000000000e+01 9.935594798176949904e-01 1.066355862736182195e-04
1.177083333333333215e+01 9.970371400849368237e-01 -5.660725127411258542e-04
1.179166666666666607e+01 9.992350648944470226e-01 -2.428857436827689016e-03
1.181250000000000000e+01 1.004573805547002818e+00 1.037994097979072538e-03
1.183333333333333215e+01 1.004987764112667215e+00 1.148200214904842014e-03
1.185416666666666607e+01 1.007938560299154407e+00 2.974143157423216229e-03
1.187500000000000000e+01 1.011739094193040422e+00 7.200548095793982313e-04
1.189583333333333215e+01 1.015316162167199110e+00 1.582084567428734953e-03
1.191666666666666607e+01 1.014218886186028845e+00 1.780511787921573285e-03
1.193750000000000000e+01 1.005280841708633632e+00 3.344662288106889348e-04
1.195833333333333215e+01 9.955124300542238514e-01 -2.204316627739569636e-04
1.197916666666666607e+01 9.927774957597123029e-01 -5.501234801262394570e-04
1.200000000000000000e+01 9.983102077982932698e-01 7.962584166125712560e-04
1.202083333333333215e+01 1.015275325845898191e+00 -3.538084047075636834e-04
1.204166666666666607e+01 1.016912113864782752e+00 9.670790800262143083e-04
1.206250000000000000e+01 1.014547574309116573e+00 9.994617470059060163e-04
1.208333333333333215e+01 1.006976696489024548e+00 2.478773840967786056e-04
1.210416666666666607e+01 1.000299422408284844e+00 7.973858745027709348e-04
1.212500000000000000e+01 9.999792013282547964e-01 -1.141759817196436825e-03
1.214583333333333215e+01 1.001253623846247942e+00 7.493295970990665553e-04
1.216666666666666607e+01 1.002528064823669629e+00 -5.482439239003566262e-04
1.218750000000000000e+01 1.010677202707962241e+00 2.740075927731348794e-04
1.220833333333333215e+01 1.009826326605077318e+00 -9.898107956658496517e-04
1.222916666666666607e+01 1.008271275277406120e+00 1.177944114794036469e-03
1.225000000000000000e+01 1.010855483182370396e+00 -1.365678003584787196e-04
1.227083333333333215e+01 1.005636160544021385e+00 1.411223790415845050e-03
1.229166666666666607e+01 1.003101323474117512e+00 -1.505147568407559384e-03
1.231250000000000000e+01 1.003339414898364979e+00 -1.556010082720636145e-03
1.233333333333333215e+01 1.003440079275255137e+00 -5.870099364083531919e-04
1.235416666666666607e+01 1.006689939257845223e+00 -1.329019151386973780e-03
1.237500000000000000e+01 1.008325878362526851e+00 6.876138183697171578e-04
1.239583333333333215e+01 1.005652334457347363e+00 -7.719232168409755025e-04
1.241666666666666607e+01 1.002970933983444946e+00 -9.594699385661886477e-04
1.243750000000000000e+01 1.002749897730545570e+00 4.616613504030856537e-04
1.245833333333333215e+01 1.005930502701221307e+00 9.408950205852405126e-04
1.247916666666666607e+01 1.013347514665718485e+00 2.261690204885424393e-03
1.452083333333333215e+01 9.961731508517268630e-01 -6.766033590185435318e-04
1.454166666666666607e+01 1.010089382792865864e+00 -8.226792792705210850e-04
1.456250000000000000e+01 1.011572133043011634e+00 -3.912288228882218610e-03
1.458333333333333215e+01 1.021035574958168324e+00 3.181649514993569643e-04
1.460416666666666607e+01 1.011008192209809975e+00 -8.605653656143093201e-04
1.462500000000000000e+01 9.927777599803698783e-01 1.118917306864982949e-03
1.464583333333333215e+01 9.806093678925181800e-01 1.112399432466523123e-03
1.466666666666666607e+01 9.798175646735067801e-01 9.239851172423594813e-04
1.468750000000000000e+01 9.897031439708019462e-01 -1.106533124303682621e-03
1.470833333333333215e+01 1.010971333658398974e+00 -3.951111372683283962e-04
1.472916666666666607e+01 1.026007500436033615e+00 -3.209668930734471204e-04
1.475000000000000000e+01 1.020367392617665070e+00 8.213189366215228795e-04
1.477083333333333215e+01 1.009426713089945027e+00 -2.337894222546888770e-04
1.479166666666666607e+01 9.910458428295405575e-01 -2.195277799710508137e-04
1.481250000000000000e+01 9.895275158892822276e-01 4.290770731613999917e-04
1.483333333333333215e+01 9.863794688279290401e-01 -1.731119947936145525e-04
1.485416666666666607e+01 9.981114001408353253e-01 -4.405650779455263567e-04
1.487500000000000000e+01 1.004616917720173364e+00 1.490794689769598140e-03
1.489583333333333215e+01 1.001669094825546225e+00 -5.629467028009999463e-04
1.491666666666666607e+01 9.954156733301809945e-01 -1.855923093427082359e-04
1.493750000000000000e+01 9.991338127904852984e-01 -2.402230821946289179e-04
1.495833333333333215e+01 1.005138783343297648e+00 2.183085172319548795e-03
1.497916666666666607e+01 1.016226163181179309e+00 -2.063536382620969126e-03
1.500000000000000000e+01 1.011699293994090532e+00 4.534506187946556969e-04
1.502083333333333215e+01 1.003372885953742744e+00 3.582686923513856607e-04
1.504166666666666607e+01 9.927698083596956380e-01 -5.884450830431157270e-04
1.506250000000000000e+01 9.842201444923147635e-01 -1.249108081318871960e-04
1.508333333333333215e+01 9.860919163603198978e-01 -2.067695654123892566e-04
1.510416666666666607e+01 9.909669864034721387e-01 9.467593475507956853e-04
1.512500000000000000e+01 1.013468857291019987e+00 -1.701016420383384643e-03
1.514583333333333215e+01 1.015102858829323385e+00 -3.929722034341532623e-04
1.516666666666666607e+01 1.021396527473649618e+00 -2.828390665104574351e-03
1.518750000000000000e+01 1.011858850725716907e+00 -1.812291125885136028e-03
1.520833333333333215e+01 9.990056386674905919e-01 1.247662077382805969e-03
1.522916666666666607e+01 9.946287415935870513e-01 1.843254503780978422e-03
1.525000000000000000e+01 9.865871226091953439e-01 -1.439373438282427579e-03
1.527083333333333215e+01 9.862605577041334559e-01 -2.439930198387445237e-03
1.529166666666666607e+01 9.868221665180789692e-01 -1.573770508179716783e-03
1.531250000000000000e+01 9.956655851254355705e-01 -1.818470123758691916e-04
1.533333333333333215e+01 1.003842626583862696e+00 2.450501287985715464e-03
1.535416666666666607e+01 1.008025304025104374e+00 -9.129243581094741112e-04
1.537500000000000000e+01 1.014368678158935388e+00 -1.137831633929093419e-04
1.539583333333333215e+01 1.009248111408256987e+00 6.492860287273820221e-04
1.541666666666666607e+01 1.000420734252211785e+00 5.172175179823745948e-04
1.543750000000000000e+01 9.843308042119544021e-01 -3.232076256989539092e-04
1.545833333333333215e+01 9.735121123335208626e-01 6.085967828286731264e-05
1.547916666666666607e+01 9.630029999646363414e-01 2.157757967996420164e-03
1.550000000000000000e+01 9.609783759473620179e-01 1.696524807350056853e-04
1.552083333333333215e+01 9.717176240100272588e-01 1.174884479808936569e-04
1.554166666666666607e+01 9.817896364484010041e-01 -5.863125540277331618e-04
1.556250000000000000e+01 9.770013337372697171e-01 -1.025260748409595344e-04
1.558333333333333215e+01 9.602620804831287771e-01 -5.930106911639289758e-04
1.560416666666666607e+01 9.365600670803952976e-01 9.237006084426980623e-05
1.562500000000000000e+01 9.230228119892921468e-01 6.218648352075794965e-04
1.564583333333333215e+01 9.201649923791301866e-01 1.826578543700450256e-03
1.566666666666666607e+01 9.283063869000706125e-01 -5.943013654893300858e-04
1.568750000000000000e+01 9.319869636669008139e-01 1.982768314349949053e-03
1.570833333333333215e+01 9.359065465406083417e-01 1.018015516143437387e-03
1.572916666666666607e+01 9.267783585842905847e-01 -9.791999661595445544e-04
1.575000000000000000e+01 9.267966165163669112e-01 -2.004271969136666169e-04
1.577083333333333215e+01 9.344484449442809204e-01 -2.239721260532028749e-03
1.579166666666666607e+01 9.371412425690955894e-01 2.576307246798119170e-03
1.581250000000000000e+01 9.481620209340497762e-01 -1.951727900090394251e-03
1.583333333333333215e+01 9.557823090041719372e-01 1.429018920936369914e-04
1.585416666666666607e+01 9.521819286474954014e-01 1.038282772603749604e-03
1.587500000000000000e+01 9.540937564238460844e-01 1.302496962417266316e-03
1.589583333333333215e+01 9.667012481870100871e-01 1.119774780346047575e-03
1.591666666666666607e+01 9.760063739726850818e-01 6.141113427746569412e-04
1.593750000000000000e+01 9.819112334362983807e-01 -1.943657072251153955e-03
1.595833333333333215e+01 9.854833893816783430e-01 6.906361593603278911e-04
1.597916666666666607e+01 9.930344916560902568e-01 1.743266120449167393e-03
1.600000000000000000e+01 9.953749471675225058e-01 1.319825159684079275e-03
1.602083333333333215e+01 1.005878751206716659e+00 1.493239673367473914e-03
1.604166666666666430e+01 1.000010417127156881e+00 -1.066114199222250843e-03
1.606250000000000000e+01 9.948051233561207018e-01 -2.454727875910904435e-03
1.608333333333333215e+01 9.845534347911132356e-01 -1.455463262318630949e-03
1.610416666666666430e+01 9.813707218408030952e-01 -1.517187481937683257e-03
1.612500000000000000e+01 9.864206727487052628e-01 -2.087963403246028121e-03
1.614583333333333215e+01 9.928719816507675100e-01 -3.719744448273279262e-04
1.616666666666666430e+01 1.007151296637947668e+00 7.487854967322256318e-04
1.618750000000000000e+01 1.010704374102185499e+00 9.378587035612392887e-04
1.620833333333333215e+01 1.006465844588042557e+00 8.058624957615447351e-04
1.622916666666666430e+01 9.956700773685074335e-01 1.967495460088245374e-03
1.625000000000000000e+01 9.838643491924147222e-01 -2.261553104071973175e-03
1.627083333333333215e+01 9.781777225504613149e-01 1.474493594399996351e-03
1.629166666666666430e+01 9.864059589411593443e-01 1.417705074792470184e-03
1.631250000000000000e+01 9.987549638691389786e-01 -2.157087376518623378e-03
1.633333333333333215e+01 1.012930391548397369e+00 8.547301421066164561e-04
1.635416666666666430e+01 1.016299324470637977e+00 1.832571893818771887e-04
1.637500000000000000e+01 1.010397573562538343e+00 -1.457902781998461064e-03
1.639583333333333215e+01 9.899535153947427446e-01 1.189319104124001835e-03
1.641666666666666430e+01 9.755089563976524492e-01 6.330355219327513583e-04
1.643750000000000000e+01 9.663393471131876966e-01 1.614797892928555596e-03
1.645833333333333215e+01 9.790424427791631912e-01 -4.661765168614411285e-04
1.647916666666666430e+01 1.009576056433998836e+00 1.329639478091990124e-03
1.650000000000000000e+01 1.026956516151316556e+00 -2.550490376091933947e-03
1.652083333333333215e+01 1.029686165062349668e+00 1.664965137971437031e-03
1.654166666666666430e+01 1.010373248605452412e+00 -6.209400593919984276e-04
1.656250000000000000e+01 9.838894258418945382e-01 2.464520900818770698e-03
1.658333333333333215e+01 9.605305891371498372e-01 1.253011959974776809e-03
1.660416666666666430e+01 9.668826324664936411e-01 -1.170740397671529362e-03
1.662500000000000000e+01 9.869579599944119375e-01 1.630629859584200453e-03
1.664583333333333215e+01 1.008275563648097783e+00 -5.853635217014278256e-05
1.666666666666666430e+01 1.024667950860631116e+00 -1.359133831909598283e-03
1.668750000000000000e+01 1.023157194576452822e+00 -9.962183213452450049e-04
1.670833333333333215e+01 1.013610000344885131e+00 3.315408656713866387e-04
1.672916666666666430e+01 9.994994689490860340e-01 -1.850487577921462257e-03
1.675000000000000000e+01 9.858165592150466283e-01 -1.496788460022558656e-03
1.677083333333333215e+01 9.779985172709168006e-01 -9.810608281249626628e-04
1.679166666666666430e+01 9.869634007471517201e-01 -8.699183828799228772e-04
1.681250000000000000e+01 9.948646192382674114e-01 -1.912882107660161465e-04
1.683333333333333215e+01 1.002889595478866580e+00 -5.929884177076907240e-04
1.685416666666666430e+01 1.010152848287341198e+00 1.864862924103098197e-03
1.687500000000000000e+01 1.011208836829111890e+00 1.226717911457242009e-05
1.689583333333333215e+01 1.015665580987189065e+00 -1.827843720252874055e-03
1.691666666666666430e+01 1.014761778459118302e+00 -2.975063100356892406e-04
1.693750000000000000e+01 1.012298620032208829e+00 1.996098636541798407e-03
1.695833333333333215e+01 1.002129818875391765e+00 1.244896606066831597e-03
1.697916666666666430e+01 9.860174445494749307e-01 -1.975021814364851739e-04
1.700000000000000000e+01 9.767898885895184291e-01 1.572304333390005173e-04
1.702083333333333215e+01 9.802338740787478466e-01 -2.460557463428977854e-03
1.704166666666666430e+01 1.001024633258575491e+00 -8.962736998154391616e-04
1.706250000000000000e+01 1.020123453225277865e+00 -1.418622015637715323e-03
1.708333333333333215e+01 1.041174324120016426e+00 -1.110124085246497454e-03
1.710416666666666430e+01 1.038520645157199995e+00 1.456911705415429815e-03
1.712500000000000000e+01 1.018868001023658598e+00 1.211026618607208023e-03
1.714583333333333215e+01 9.905501451092080245e-01 -1.567693428457005113e-03
1.716666666666666430e+01 9.703309340325070309e-01 -8.571418820334968710e-04
1.718750000000000000e+01 9.763718937434139322e-01 2.200136451786565350e-04
1.720833333333333215e+01 9.986516303150972940e-01 -2.877972203699178053e-05
1.722916666666666430e+01 1.013281349731611991e+00 -1.204689782939519964e-03
1.725000000000000000e+01 1.027211869923716714e+00 1.062526724986297393e-03
1.727083333333333215e+01 1.027171205859523928e+00 1.094508827063895564e-03
1.729166666666666430e+01 1.018382011985661695e+00 4.195399650323644402e-06
1.731250000000000000e+01 1.010180276224846851e+00 -1.290163605115014723e-03
1.733333333333333215e+01 9.997303598593386686e-01 -2.342672440696107932e-04
1.735416666666666430e+01 1.002150907932102930e+00 4.595598171999424361e-04
1.737500000000000000e+01 9.953397524330286350e-01 -2.341316599103127321e-03
1.739583333333333215e+01 9.959902866396986854e-01 8.053248045248641036e-04
1.741666666666666430e+01 1.003161373737845308e+00 5.829673606209134383e-04
1.743750000000000000e+01 1.009821168428910898e+00 -5.951272011469975866e-04
1.745833333333333215e+01 1.022484214113713596e+00 1.575776550844900162e-03
1.747916666666666430e+01 1.021938572122292888e+00 -8.928508099427584152e-04
1.750000000000000000e+01 1.016631485432299087e+00 -6.850182512965843646e-04
1.752083333333333215e+01 1.007273830077994869e+00 -6.394219336626725007e-04
1.754166666666666430e+01 9.983752628633164594e-01 -9.118541945948372340e-04
1.756250000000000000e+01 9.920309548166095226e-01 1.379951231725824864e-03
1.758333333333333215e+01 9.941646454705436176e-01 1.454242820998318930e-03
1.760416666666666430e+01 1.002634809058546406e+00 2.555482035065379399e-03
1.762500000000000000e+01 1.015294361337984341e+00 1.788230862409917812e-03
1.764583333333333215e+01 1.016545000412587552e+00 -3.502138783219238072e-04
1.766666666666666430e+01 1.009681054305809678e+00 1.594961174558708408e-03
1.768750000000000000e+01 1.010925306546544888e+00 2.257791271898984976e-03
1.770833333333333215e+01 1.001759824173185986e+00 -3.400380531232880216e-04
1.772916666666666430e+01 9.919279705586614426e-01 -1.503014721598196343e-04
1.775000000000000000e+01 9.927931707648320891e-01 -6.610633565958755863e-04
1.777083333333333215e+01 1.001923400014695265e+00 6.708418334924194345e-04
1.779166666666666430e+01 1.011940079033781581e+00 1.661646069251503316e-03
1.781250000000000000e+01 1.010443000603642449e+00 1.842228382812647041e-03
1.783333333333333215e+01 1.003105230384234048e+00 -5.289141676009954853e-04
1.785416666666666430e+01 1.003338887825279802e+00 7.787769431793344511e-04
1.787500000000000000e+01 1.001680543586744410e+00 2.647224956653581544e-04
1.789583333333333215e+01 9.949461610231079556e-01 -8.177890505904200635e-04
1.791666666666666430e+01 1.000142698536902852e+00 -1.526258262540968304e-03
1.793750000000000000e+01 1.001806050507945356e+00 2.586387368760732883e-04
1.795833333333333215e+01 1.003946110213194798e+00 -1.868044517217679404e-03
1.797916666666666430e+01 1.004492459709364072e+00 -1.205905542943950604e-03
1.800000000000000000e+01 1.008190341325527317e+00 6.837196671397909519e-04
1.802083333333333215e+01 1.009903493998745683e+00 1.090744334911740963e-03
1.804166666666666430e+01 1.003257790919966475e+00 1.309468048504298227e-04
1.806250000000000000e+01 9.886648203251344746e-01 1.169871178683600313e-03
1.808333333333333215e+01 9.851140900377798326e-01 3.103103154335961830e-04
1.810416666666666430e+01 9.892855724126885519e-01 1.290813862252999066e-03
1.812500000000000000e+01 1.001236210175868724e+00 -6.476318716992011774e-04
1.814583333333333215e+01 1.011992688293177123e+00 -2.100066216888935022e-03
1.816666666666666430e+01 1.017129756092913784e+00 2.742689079103664569e-03
1.818750000000000000e+01 1.010075830841549394e+00 1.296640769502016089e-03
1.820833333333333215e+01 9.930131609610857168e-01 3.526873531378766323e-03
1.822916666666666430e+01 9.915153007507502281e-01 5.102356116504560288e-04
1.825000000000000000e+01 9.971933993047045197e-01 1.339940032945885137e-03
1.827083333333333215e+01 1.001935957436427049e+00 4.813834052299050198e-04
1.829166666666666430e+01 9.996537954479327581e-01 8.449030917238953362e-04
1.831250000000000000e+01 9.993816675549668238e-01 -1.815366672835837291e-03
1.833333333333333215e+01 9.943033994705682277e-01 4.755707682980786152e-04
1.835416666666666430e+01 9.918277476306988083e-01 2.214618382527780080e-03
1.837500000000000000e+01 9.973686827661204513e-01 -9.467993349413773808e-04
1.839583333333333215e+01 1.010799229663695398e+00 1.081980443147040729e-03
1.841666666666666430e+01 1.010157054111453512e+00 -1.201279804848419874e-03
1.843750000000000000e+01 1.008818613302817857e+00 8.989542519557697101e-04
1.845833333333333215e+01 1.003306991840499096e+00 -4.941414648369864184e-04
1.847916666666666430e+01 9.895111894463736180e-01 -1.940925600640212943e-03
1.850000000000000000e+01 9.800768690035992492e-01 2.079842520870713897e-03
1.852083333333333215e+01 9.844615808410033253e-01 -9.826669598190995118e-04
1.854166666666666430e+01 9.878281464851406124e-01 -9.202289906341057379e-05
1.856250000000000000e+01 9.992031923247987057e-01 -1.352016523648930362e-03
1.858333333333333215e+01 1.010055604216621106e+00 2.662740091062338037e-03
1.860416666666666430e+01 1.019023035234638996e+00 3.004473098979799635e-04
1.862500000000000000e+01 1.018589946896679033e+00 -3.314829392688877738e-05
1.864583333333333215e+01 1.002270217491170845e+00 7.600328740427460642e-06
1.866666666666666430e+01 9.874402047189336784e-01 5.234827111229633850e-04
1.868750000000000000e+01 9.789832534280328291e-01 9.790293735290980272e-04
1.870833333333333215e+01 9.836464508261714146e-01 -7.375503630184438483e-05
1.872916666666666430e+01 9.899513660087458922e-01 1.131938718691822638e-04
1.875000000000000000e+01 9.961602170179340021e-01 -2.449299713241776238e-03
1.877083333333333215e+01 1.008222918605129470e+00 7.327412227163116170e-04
1.879166666666666430e+01 1.011692687062549778e+00 -1.455173973980607681e-03
1.881250000000000000e+01 1.013626148943400196e+00 -9.139497241071113491e-04
1.883333333333333215e+01 1.011639163324933754e+00 -9.137563411020786005e-04
1.885416666666666430e+01 1.005969432283462250e+00 4.221237322175660361e-04
1.887500000000000000e+01 9.963328538391441613e-01 4.162236882899095127e-04
1.889583333333333215e+01 9.879447118582002085e-01 -2.245983307047702809e-03
1.891666666666666430e+01 9.711477778966367547e-01 2.692389759388934007e-03
1.893750000000000000e+01 9.739851337176501644e-01 -1.888683254807644978e-03
1.895833333333333215e+01 9.947399327285831871e-01 2.860349712920447110e-05
1.897916666666666430e+01 1.013249452688127716e+00 -2.638469731383319959e-04
1.900000000000000000e+01 1.030420837143582347e+00 -2.570013362709417087e-03
1.902083333333333215e+01 1.023073605587164536e+00 1.268303668933136018e-03
1.904166666666666430e+01 1.003510031260720803e+00 -3.120981830263415521e-04
1.906250000000000000e+01 9.753904368164981742e-01 -1.472267234336434348e-03
1.908333333333333215e+01 9.483188408641688438e-01 3.469726259498520887e-04
1.910416666666666430e+01 9.372735243456288279e-01 -4.242766252709457772e-03
1.912500000000000000e+01 9.470860517375400134e-01 -5.348623414724826578e-04
1.914583333333333215e+01 9.630195755193521334e-01 3.772482912798497178e-05
1.916666666666666430e+01 9.885857148483903067e-01 1.910440612843472216e-04
1.918750000000000000e+01 1.006564401008323006e+00 1.236234730059050657e-03
1.920833333333333215e+01 9.978425170537381650e-01 7.035813119395166416e-04
1.922916666666666430e+01 9.748267526750354905e-01 -2.462894014235056470e-03
1.925000000000000000e+01 9.461837584260396339e-01 3.809966068888019988e-04
1.927083333333333215e+01 9.266964376445278040e-01 -1.158367277866701860e-03
1.929166666666666430e+01 9.255017851222094860e-01 -9.743718654013849107e-04
1.931250000000000000e+01 9.436268884314310545e-01 1.299522808847102364e-03
1.933333333333333215e+01 9.665690541984696127e-01 1.277464029726960984e-03
1.935416666666666430e+01 9.919190114170131078e-01 2.110726033287145444e-03
1.937500000000000000e+01 1.001773687405949964e+00 3.384400718797225165e-04
1.939583333333333215e+01 9.993838321038591710e-01 2.275614479941737850e-03
1.941666666666666430e+01 9.852872149816429559e-01 -4.306100331332517292e-04
1.943750000000000000e+01 9.799505657561823346e-01 5.917919703883993410e-04
1.945833333333333215e+01 9.717664986581482367e-01 2.608770987261809469e-04
1.947916666666666430e+01 9.668915484828379814e-01 -3.111125337328206884e-04
1.950000000000000000e+01 9.690196142373632693e-01 -2.001780137469791939e-03
1.952083333333333215e+01 9.884917992114338192e-01 -1.246030692567950656e-03
1.954166666666666430e+01 1.010162898579725965e+00 1.743607520502229308e-03
1.956250000000000000e+01 1.032249295737588612e+00 2.291015532835962668e-04
1.958333333333333215e+01 1.033194888265491551e+00 1.693459594880759910e-03
1.960416666666666430e+01 1.010891572744715639e+00 -8.924756568420532917e-04
1.962500000000000000e+01 9.843579566983149398e-01 -6.022047281852734284e-04
1.964583333333333215e+01 9.720495717117030310e-01 1.958456062238666308e-05
1.966666666666666430e+01 9.784545091661716043e-01 2.151308983097383173e-04
1.968750000000000000e+01 9.919975922960119208e-01 1.298556914235999432e-04
1.970833333333333215e+01 1.012177600593374693e+00 1.243072594088640058e-03
1.972916666666666430e+01 1.015504602558709779e+00 -1.555269652643801164e-03
1.975000000000000000e+01 1.019110319868075987e+00 1.444671760503269103e-03
1.977083333333333215e+01 1.007968229529319748e+00 -7.634404844439636180e-05
1.979166666666666430e+01 1.000338369848931208e+00 7.028155997687257584e-04
1.981250000000000000e+01 9.955894616776908013e-01 -1.393496342084800518e-03
1.983333333333333215e+01 9.915794348623775400e-01 2.555992199845220979e-04
1.985416666666666430e+01 9.980186446882934881e-01 9.741169554925591199e-04
1.987500000000000000e+01 9.988648114196302386e-01 -1.297118894042298409e-03
1.989583333333333215e+01 1.005756729618719314e+00 2.125339813341195136e-03
1.991666666666666430e+01 1.006100049769065308e+00 -7.968972438436373092e-04
1.993750000000000000e+01 1.009933873936007975e+00 5.618924699444217356e-04
1.995833333333333215e+01 1.000633214656846848e+00 -6.652916301122509344e-04
1.997916666666666430e+01 1.000536264307471335e+00 6.910554920076387216e-04
2.000000000000000000e+01 9.958606699416199248e-01 1.724086804061285977e-03
2.002083333333333215e+01 1.001489756981722712e+00 -2.135950701875810251e-03
2.004166666666666430e+01 1.003665545569867090e+00 -1.025646440700635990e-03
2.006250000000000000e+01 1.003738428217697765e+00 9.767129442341821854e-04
2.008333333333333215e+01 1.000119796205990674e+00 -9.898974850321411861e-05
2.010416666666666430e+01 9.980984111589855656e-01 4.185498370097614414e-06
2.012500000000000000e+01 1.002616721370405806e+00 1.169654876588158187e-03
2.014583333333333215e+01 1.000984492596125763e+00 1.384333295147668853e-03
2.016666666666666430e+01 1.007108101486400287e+00 5.887531942207947398e-04
2.018750000000000000e+01 1.013616582931148535e+00 -6.537791766851779388e-04
2.020833333333333215e+01 1.014223178850072848e+00 1.548640674536848035e-03
2.022916666666666430e+01 1.007133785799427361e+00 2.772351425482212552e-03
2.025000000000000000e+01 9.985223944901775450e-01 -3.074095626621495356e-04
2.027083333333333215e+01 9.905901363195949161e-01 -1.443398124002390963e-04
2.029166666666666430e+01 9.943275033249940886e-01 1.509141846138070068e-03
2.031250000000000000e+01 9.907909595071421327e-01 -4.773641652493044530e-04
2.033333333333333215e+01 1.003886017888044879e+00 -3.727485103750044146e-04
2.035416666666666430e+01 1.016815418752420541e+00 -1.292972250392434522e-03
2.037500000000000000e+01 1.022993114619674015e+00 -6.315753894197619501e-04
2.039583333333333215e+01 1.023843178055423131e+00 7.393333664100940018e-04
2.041666666666666430e+01 1.008305607184557973e+00 4.797714584069891100e-04
2.043750000000000000e+01 9.884131280806331965e-01 6.540322831827854642e-05
2.045833333333333215e+01 9.823717399955107510e-01 5.557275437437577022e-04
2.047916666666666430e+01 9.877532092498582106e-01 2.566503553645086842e-04
2.050000000000000000e+01 9.976547432317850461e-01 -5.768834591677229808e-04
2.052083333333333215e+01 1.016818035020036870e+00 1.417906262779238934e-03
2.054166666666666430e+01 1.018247914706688739e+00 -5.243322890767276910e-04
2.056250000000000000e+01 1.014721713097558986e+00 7.950505289119666865e-04
2.058333333333333215e+01 1.003498836601648847e+00 -1.244053917531327781e-03
2.060416666666666430e+01 9.982305188283686626e-01 -8.139521422450977017e-04
2.062500000000000000e+01 9.953390679381168837e-01 -2.971507901020453528e-04
2.064583333333333215e+01 9.984494536960143440e-01 -3.834698270641275766e-04
2.066666666666666430e+01 9.959956936965491670e-01 1.895942329186753881e-03
2.068750000000000000e+01 1.001745256677511797e+00 2.212353733852218812e-03
2.070833333333333215e+01 1.007247900525216622e+00 -1.705698075302723975e-03
2.072916666666666430e+01 1.008760914327762936e+00 4.850709695454357871e-04
2.075000000000000000e+01 1.007206228637358869e+00 2.159610286333588092e-03
2.077083333333333215e+01 1.006897648969577119e+00 -8.816189605864947071e-04
2.079166666666666430e+01 1.002986622106726511e+00 -7.895458929062075266e-04
2.081250000000000000e+01 1.003955077556029751e+00 -1.655366826691767037e-03
2.083333333333333215e+01 1.010233557358791723e+00 3.101139923455322345e-03
2.085416666666666430e+01 1.007802648203228513e+00 -2.376034438931578488e-04
2.087500000000000000e+01 1.001097386117711263e+00 1.789449006869908644e-04
2.089583333333333215e+01 9.919543789040065063e-01 -1.186219437449633016e-03
2.091666666666666430e+01 9.907567843359805781e-01 -3.357380058323484150e-04
2.093750000000000000e+01 9.907591102590305177e-01 -9.793639294293943632e-04
2.095833333333333215e+01 1.005300381219891959e+00 -1.138360301941848657e-04
2.097916666666666430e+01 1.018408537914153200e+00 -1.295693344417264995e-03
2.100000000000000000e+01 1.027242934307706967e+00 -7.217647441563390448e-04
2.102083333333333215e+01 1.017748113955576850e+00 2.541163903015393292e-04
2.104166666666666430e+01 1.005673690931761399e+00 7.701863416699959405e-06
2.106250000000000000e+01 9.837462347822510944e-01 -3.622582586633228707e-04
2.108333333333333215e+01 9.822467698129158098e-01 8.207746101976624983e-04
2.110416666666666430e+01 9.842123684308649034e-01 -1.046963646456742451e-03
2.112500000000000000e+01 1.002573298271978164e+00 -5.418069411147492104e-05
2.114583333333333215e+01 1.015623146341737559e+00 1.671749364329173752e-03
2.116666666666666430e+01 1.023363098068756694e+00 -5.013748289905511869e-04
2.118750000000000000e+01 1.025869491281895529e+00 6.217622002805754233e-04
2.120833333333333215e+01 1.014686645381192243e+00 8.920417604374041194e-04
2.122916666666666430e+01 9.987178114739493351e-01 3.031015694916636355e-04
2.125000000000000000e+01 9.903093709687753599e-01 6.885365055852458787e-04
2.127083333333333215e+01 9.868494783345388432e-01 -7.303895121901053372e-06
2.129166666666666430e+01 9.897963575734168851e-01 -7.794605257281329511e-04
2.131250000000000000e+01 1.008588664332674023e+00 -5.192258503120357113e-05
2.133333333333333215e+01 1.015008922149914561e+00 -1.419692195881827157e-04
2.135416666666666430e+01 1.011998525761406587e+00 3.790710524339195846e-03
2.137500000000000000e+01 1.014387495327432553e+00 5.129920619228457409e-04
2.139583333333333215e+01 1.004914016539418808e+00 -1.583463349219704167e-03
2.141666666666666430e+01 9.992853336659963670e-01 -1.566742904169979647e-03
2.143750000000000000e+01 1.001193588116057409e+00 -1.679033983621634795e-03
2.145833333333333215e+01 1.008206264117707862e+00 -1.939426069434739596e-03
2.147916666666666430e+01 1.009099802486326469e+00 -3.976807793299432718e-04
2.150000000000000000e+01 9.997316364597920169e-01 1.758047333366685434e-04
2.152083333333333215e+01 9.975995762205774886e-01 -1.332848617555999586e-03
2.154166666666666430e+01 9.929751395897284949e-01 -1.717859974895727913e-03
2.156250000000000000e+01 1.000915503946199880e+00 -1.934034685703346374e-04
2.158333333333333215e+01 1.000293342941988683e+00 2.945596729099025923e-03
2.160416666666666430e+01 1.008437665959486251e+00 -1.649003888133895488e-04
2.162500000000000000e+01 1.018551855701994135e+00 3.060397755903547512e-03
2.164583333333333215e+01 1.024307114754138270e+00 1.033262248822556053e-04
2.166666666666666430e+01 1.017504345406575972e+00 1.902001740040887409e-04
2.168750000000000000e+01 1.006457866803733614e+00 -2.375346293865162586e-04
2.170833333333333215e+01 9.884420988146208620e-01 -6.918388608192749777e-04
2.172916666666666430e+01 9.772959001046911398e-01 4.569568782697619371e-04
2.175000000000000000e+01 9.818417051614294344e-01 -1.295225500403212032e-03
2.177083333333333215e+01 9.968618551250585380e-01 -1.770997605895703684e-03
2.179166666666666430e+01 1.020408875221483269e+00 4.031698653623725140e-04
2.181250000000000000e+01 1.032437687100736801e+00 -2.210311486766555408e-03
2.183333333333333215e+01 1.035679319784115204e+00 -2.145772218064827697e-03
2.185416666666666430e+01 1.021404809900611221e+00 2.300410504143051219e-03
2.187500000000000000e+01 1.001411266811813583e+00 -9.204066777147648648e-04
2.189583333333333215e+01 9.841192886202506651e-01 -2.886374128089768537e-03
2.191666666666666430e+01 9.733634413678253772e-01 -2.086848364219930237e-04
2.193750000000000000e+01 9.796847705554037056e-01 -1.759141742107180268e-03
2.195833333333333215e+01 9.898157777101099786e-01 -2.107395373919664192e-04
2.197916666666666430e+01 1.009130482699846620e+00 -2.369208310266321133e-04
2.200000000000000000e+01 1.028480601067082612e+00 -1.629887804294704841e-03
2.202083333333333215e+01 1.039514958070514083e+00 -1.922338823249074811e-03
2.204166666666666430e+01 1.039604071697872945e+00 1.093825357580913323e-03
2.206250000000000000e+01 1.019450634302223158e+00 2.285825021034363497e-03
2.208333333333333215e+01 9.874521775594170547e-01 -5.637840680612442573e-04
2.210416666666666430e+01 9.669649526454696664e-01 -1.907718700063804973e-03
2.212500000000000000e+01 9.597493219550362609e-01 -2.058814018676704237e-03
2.214583333333333215e+01 9.859685652773511055e-01 1.415678460569670368e-03
2.216666666666666430e+01 1.012039588945029545e+00 2.080800569387517278e-04
2.218750000000000000e+01 1.038937535269209178e+00 1.164225357183023895e-03
2.220833333333333215e+01 1.047012855841951584e+00 2.280804197328426593e-03
2.222916666666666430e+01 1.027895563559048764e+00 5.352995451646871961e-04
2.225000000000000000e+01 1.010046533970074156e+00 6.554760979137609720e-04
2.227083333333333215e+01 9.896391433853315434e-01 -1.155524042402682877e-04
2.229166666666666430e+01 9.780501617671890635e-01 2.285773895308470757e-04
2.231250000000000000e+01 9.816129209254531585e-01 -4.671606905379063084e-04
2.233333333333333215e+01 9.871163719787500179e-01 7.509378485593171289e-04
2.235416666666666430e+01 1.002217161948484314e+00 2.037528791913449135e-03
2.237500000000000000e+01 1.020373689163126762e+00 -1.398143638001675924e-03
2.239583333333333215e+01 1.032716836781265801e+00 1.095935388808786954e-03
2.241666666666666430e+01 1.030554854931976960e+00 -5.220316310034122309e-04
2.243750000000000000e+01 1.010588400077799598e+00 -1.196503160647118024e-03
2.245833333333333215e+01 1.000612602233384552e+00 3.562851266638140078e-04
2.247916666666666430e+01 9.874703405982814264e-01 -1.075580486495257733e-03
2.250000000000000000e+01 9.888717941119338217e-01 -5.521754630769177587e-05
2.252083333333333215e+01 9.926675833839889718e-01 1.006130013806337195e-03
2.254166666666666430e+01 1.004033928675585496e+00 -7.732475723315835117e-04
2.256250000000000000e+01 1.010613807138310394e+00 7.924990060901706884e-04
2.258333333333333215e+01 1.019396797451779468e+00 -1.935079532576140229e-03
2.260416666666666430e+01 1.013123564208313176e+00 1.212551323906234380e-03
2.262500000000000000e+01 1.013704507422964030e+00 -6.045516809158143394e-04
2.264583333333333215e+01 1.001820170262838872e+00 3.030016296242588145e-03
2.266666666666666430e+01 9.961180468994808024e-01 1.454150467601207945e-03
2.268750000000000000e+01 9.987751867127975247e-01 -5.433102860288751461e-04
2.270833333333333215e+01 9.976346523867951621e-01 7.919411440883072570e-04
2.272916666666666430e+01 1.005525160639200388e+00 3.839227902494271767e-04
2.275000000000000000e+01 1.008934280608278167e+00 -5.134645661476657918e-04
2.277083333333333215e+01 1.007263521548477536e+00 1.635378620480789844e-03
2.279166666666666430e+01 1.005248542298748271e+00 -1.014407655573518777e-04
2.281250000000000000e+01 1.006037929165730427e+00 -8.323464780453170659e-04
2.283333333333333215e+01 1.001581347258699184e+00 -4.286539733515687010e-04
2.285416666666666430e+01 1.011181161301051512e+00 1.721828857561741354e-03
2.287500000000000000e+01 1.008932707197163881e+00 -1.912938073329673808e-03
2.289583333333333215e+01 1.013473749302402638e+00 -1.634309895931694958e-03
2.291666666666666430e+01 1.008014411206978433e+00 3.936057038725037358e-04
2.293750000000000000e+01 9.995638420455215112e-01 -4.676045285321330213e-05
2.295833333333333215e+01 9.997768117331919946e-01 7.228427708860746086e-04
2.297916666666666430e+01 9.940932585001891475e-01 -1.407033778500467241e-03
2.300000000000000000e+01 9.963141948574342210e-01 6.502295747286010799e-04
2.302083333333333215e+01 1.000334509012424711e+00 -4.466863357584121338e-04
2.304166666666666430e+01 1.004802204883145311e+00 -1.114164537684048930e-03
2.306250000000000000e+01 1.020476586894565552e+00 8.418482374819018406e-04
2.308333333333333215e+01 1.026949351431508450e+00 -1.361129040133082172e-03
2.310416666666666430e+01 1.024958648881849399e+00 9.655112232151655954e-04
2.312500000000000000e+01 1.012117492696633425e+00 -4.624122721334806706e-04
2.314583333333333215e+01 9.850920664816964489e-01 3.938807756775637280e-04
2.316666666666666430e+01 9.856193151774567118e-01 -2.092951210506124263e-03
2.318750000000000000e+01 9.864880430159383984e-01 6.264930034806687632e-04
2.320833333333333215e+01 1.000851441868495062e+00 -2.077640181778695405e-04
2.322916666666666430e+01 1.023468536406055618e+00 -1.190588638355420410e-03
2.325000000000000000e+01 1.025268808382364671e+00 9.552542240906657274e-04
2.327083333333333215e+01 1.014413862012191192e+00 -1.912688749951507207e-03
2.329166666666666430e+01 9.986965736259092452e-01 -1.872566024816403260e-03
2.331250000000000000e+01 9.918139079606836939e-01 -6.145474396645059841e-04
2.333333333333333215e+01 9.944159553306448629e-01 -7.384708499870069626e-04
2.335416666666666430e+01 1.005325911702593222e+00 -1.281344726787091680e-03
2.337500000000000000e+01 1.012533321551925880e+00 1.517193036115382563e-04
2.339583333333333215e+01 1.008258269633070636e+00 6.330323789140781263e-04
2.341666666666666430e+01 1.006686993445423006e+00 -8.102124271988739735e-04
2.343750000000000000e+01 9.972514267874970084e-01 -2.900525034492675795e-03
2.345833333333333215e+01 9.903411329289805165e-01 1.108265393508380816e-03
2.347916666666666430e+01 9.935574545000657176e-01 -1.842395351722888046e-04
2.350000000000000000e+01 1.004771601804536729e+00 -1.099530043245598981e-03
2.352083333333333215e+01 1.024104627957826752e+00 4.257537578392557739e-04
2.354166666666666430e+01 1.026825297108592716e+00 -2.018226130097890928e-03
2.356250000000000000e+01 1.025076019066325950e+00 -6.059017003034768038e-06
2.358333333333333215e+01 1.006215441227080287e+00 8.842306601183191200e-04
2.360416666666666430e+01 9.852229498117309747e-01 -3.822080795159385762e-04
2.362500000000000000e+01 9.732259286832727341e-01 4.840234243128572946e-04
2.364583333333333215e+01 9.798897698446419335e-01 -1.416301846341966146e-03
2.366666666666666430e+01 9.991870981874032553e-01 -3.182410157095572219e-04
2.368750000000000000e+01 1.027780250096655079e+00 9.277456611773965802e-04
2.370833333333333215e+01 1.035859644799639101e+00 -1.930760667147204241e-04
2.372916666666666430e+01 1.030190102108940353e+00 -6.159795306568134187e-04
2.375000000000000000e+01 1.010439074456591424e+00 1.603207157572634188e-05
2.377083333333333215e+01 9.856358452652486113e-01 6.155012926682529827e-04
2.379166666666666430e+01 9.848568143561781119e-01 2.681294819618621102e-03
2.381250000000000000e+01 9.832578877641278137e-01 4.566059479063213711e-04
2.383333333333333215e+01 9.960161955950240786e-01 -1.900920198707773496e-03
2.385416666666666430e+01 1.004120559467428286e+00 9.709489617099480207e-04
2.387500000000000000e+01 1.018647103734589665e+00 -1.332038188977780055e-03
2.389583333333333215e+01 1.021739818362681129e+00 -3.066213990175444166e-03
2.391666666666666430e+01 1.019018347845751071e+00 9.622971604580916709e-04
2.393750000000000000e+01 1.013625224330738206e+00 2.350560642133681967e-03
2.395833333333333215e+01 1.006021693480080526e+00 -9.511941617199732831e-04
2.397916666666666430e+01 9.993163946241765405e-01 -4.460505729053944980e-05
2.400000000000000000e+01 9.876290637261971872e-01 -7.037758582424714655e-04
2.402083333333333215e+01 9.938933228228045147e-01 1.513533007936258921e-03
2.404166666666666430e+01 1.004975957412444165e+00 -4.359623238719675183e-04
2.406250000000000000e+01 1.008863761317501773e+00 -1.505459309507813917e-03
2.408333333333333215e+01 1.013197123744875805e+00 -2.709330338534839838e-04
2.410416666666666430e+01 1.014618308539228186e+00 1.036605085942332366e-03
2.412500000000000000e+01 1.022702259758301091e+00 -4.263155519221653871e-04
2.414583333333333215e+01 1.017451904223103831e+00 -9.560603786422921125e-04
2.416666666666666430e+01 1.005650319810982518e+00 -7.715730306736770386e-04
2.418750000000000000e+01 1.000671824346691663e+00 1.428694620373243762e-03
2.420833333333333215e+01 9.878525323064835106e-01 -4.948152483084040151e-04
2.422916666666666430e+01 9.894325377158394996e-01 8.992475126588805618e-04
2.425000000000000000e+01 1.003635896748262590e+00 3.459191622470787070e-04
2.427083333333333215e+01 1.011092490060585325e+00 1.048918921309258730e-03
2.429166666666666430e+01 1.018481808491659368e+00 7.586381736363409381e-04
2.431250000000000000e+01 1.017680942047018977e+00 -7.230703662356928419e-04
2.433333333333333215e+01 1.012981377563542340e+00 7.553033972058241421e-04
2.435416666666666430e+01 1.006928248541252957e+00 -1.329928942480707380e-03
2.437500000000000000e+01 9.993220001884163262e-01 3.497439615600621125e-04
2.439583333333333215e+01 1.002295438630366631e+00 1.303510933216993611e-03
2.441666666666666430e+01 9.998741236386026188e-01 7.181538109547549748e-04
2.443750000000000000e+01 9.895094495901728404e-01 -2.022058974575066236e-03
2.445833333333333215e+01 9.934703066766986668e-01 -1.010539462084340974e-04
2.447916666666666430e+01 1.003805423646881190e+00 9.820717011748803628e-07
2.450000000000000000e+01 1.017698984571206333e+00 1.330561555226951508e-03
2.452083333333333215e+01 1.021803152127828795e+00 -3.879823246428148954e-04
2.454166666666666430e+01 1.019309489935582569e+00 1.495332342265562071e-03
2.456250000000000000e+01 1.008176924957066678e+00 -6.856242749389862307e-05
2.458333333333333215e+01 9.894857173735015499e-01 1.552540527079135152e-03
2.460416666666666430e+01 9.828382718664403495e-01 -1.020288950374868484e-03
2.462500000000000000e+01 9.918583053922704895e-01 1.142970022957493425e-03
2.464583333333333215e+01 1.008730289583529949e+00 -2.943064873960553676e-03
2.466666666666666430e+01 1.023661046967053956e+00 2.714001707075765733e-03
2.468750000000000000e+01 1.022260354887146061e+00 -1.662695635061564158e-03
2.470833333333333215e+01 1.018162936457687628e+00 -1.202854420219083922e-04
2.472916666666666430e+01 1.008827165484269761e+00 6.308499994688596211e-04
2.475000000000000000e+01 1.001146897076932829e+00 -6.682096592519006948e-04
2.477083333333333215e+01 9.842476565499859165e-01 -1.691285103606185751e-03
2.479166666666666430e+01 9.805804142916763055e-01 2.703371702081208260e-03
2.481250000000000000e+01 9.937788546101115061e-01 6.968459649924381438e-04
2.483333333333333215e+01 1.009887950927663036e+00 -1.525944043046820555e-04
2.485416666666666430e+01 1.022994995320912537e+00 6.469336065870595880e-04
2.487500000000000000e+01 1.028301032006344595e+00 2.571046567995161655e-04
2.489583333333333215e+01 1.021840046537682900e+00 -4.361554600261841118e-04
2.491666666666666430e+01 1.000620119858273149e+00 -2.063263685173165731e-04
2.493750000000000000e+01 9.796104991022627217e-01 2.405623588295612437e-04
2.495833333333333215e+01 9.710206655061083270e-01 4.077605956058296430e-04
2.497916666666666430e+01 9.890784279391832134e-01 -2.678360264012640164e-04
2.500000000000000000e+01 1.008648975795922498e+00 1.079141687918573926e-03
2.502083333333333215e+01 1.032200153674233789e+00 1.206433923028159359e-03
2.504166666666666430e+01 1.037755426113354806e+00 4.997778556148234266e-04
2.506250000000000000e+01 1.025850580241162824e+00 2.795188740154202892e-04
2.508333333333333215e+01 1.000414644451182999e+00 1.086974235762415766e-03
2.510416666666666430e+01 9.835941501743646898e-01 -2.069088629963926687e-03
2.512500000000000000e+01 9.730283356845839116e-01 -5.037978436680929078e-04
2.514583333333333215e+01 9.747963691614062176e-01 -1.247914385383889005e-03
2.516666666666666430e+01 1.002765457624887224e+00 -8.517221866536316393e-04
2.518750000000000000e+01 1.022025598496785870e+00 -2.348157566112432128e-03
2.520833333333333215e+01 1.032596091364829993e+00 -2.445941508308765934e-04
2.522916666666666430e+01 1.025812324425120936e+00 -6.305285334433153362e-04
2.525000000000000000e+01 1.016110043442973065e+00 -2.976316039367129195e-05
2.527083333333333215e+01 9.877669746328592293e-01 3.901775573489732387e-03
2.529166666666666430e+01 9.832872214134933397e-01 3.232788608490858940e-04
2.531250000000000000e+01 9.823202659830361227e-01 5.729962651398223567e-05
2.533333333333333215e+01 1.003125954625068372e+00 1.212937440300206103e-04
2.535416666666666430e+01 1.013960235331906823e+00 -9.822179618298420005e-05
2.537500000000000000e+01 1.007932044896744150e+00 1.055602111518883423e-03
2.539583333333333215e+01 1.005099743740538232e+00 4.525939760443219119e-04
2.541666666666666430e+01 1.010015176206340071e+00 2.708444421337090498e-04
2.543750000000000000e+01 1.010506070832650538e+00 -2.589590703417449734e-04
2.545833333333333215e+01 1.014231949949002232e+00 1.593036787624332656e-03
2.547916666666666430e+01 1.007442954752239439e+00 -1.548762106638218190e-03
2.550000000000000000e+01 1.000829367384949098e+00 5.282495543005696946e-04
2.552083333333333215e+01 9.869694401295481256e-01 2.460014057309954042e-03
2.554166666666666430e+01 9.882139668012488443e-01 7.048272275156469398e-04
2.556250000000000000e+01 9.877972492965484408e-01 -2.114499446782651827e-03
2.558333333333333215e+01 1.001452331820864794e+00 6.845472274496107717e-04
2.560416666666666430e+01 1.018467250135328683e+00 2.448021720251810762e-03
2.562500000000000000e+01 1.020124349874659719e+00 8.489413355374561933e-04
2.564583333333333215e+01 1.017496238151264665e+00 -8.132846115017691984e-04
2.566666666666666430e+01 1.013428969346972464e+00 1.777181120010912305e-03
2.568750000000000000e+01 1.004203315531498442e+00 -2.179432220084981300e-03
2.570833333333333215e+01 9.940419819505146304e-01 -3.506793688095110966e-05
2.572916666666666430e+01 9.889904554103011725e-01 -6.791529578134182380e-04
2.575000000000000000e+01 9.865436644484931739e-01 1.587293077208881253e-03
2.577083333333333215e+01 9.914913823256927827e-01 3.101684789623135384e-04
2.579166666666666430e+01 1.003094581258632267e+00 -2.878860863031363401e-03
2.581250000000000000e+01 1.023525430608363429e+00 9.229370711726317834e-04
2.583333333333333215e+01 1.026761246024580299e+00 1.002826466155225162e-03
2.585416666666666430e+01 1.023104874367289918e+00 1.080630982875012240e-03
2.587500000000000000e+01 1.012906458909474727e+00 -2.135888548538529118e-03
2.589583333333333215e+01 1.001369540847660833e+00 1.437767537339471047e-03
2.591666666666666430e+01 9.899297557211409471e-01 2.084224930236794088e-04
2.593750000000000000e+01 9.833311891935598847e-01 -1.901773625209497720e-03
2.595833333333333215e+01 9.829505413786876478e-01 9.994839961799361608e-05
2.597916666666666430e+01 9.920331218004774243e-01 4.095340420126813920e-04
