0.000000000000000000e+00 9.902545228556807189e-01 8.999589476192904015e-04
2.083333333333333218e-02 9.957236608466873973e-01 -1.259347434189352077e-03
4.166666666666666435e-02 1.002343833516683880e+00 -4.519538230338859450e-04
6.250000000000000000e-02 1.005381482560462114e+00 -1.003078994080170577e-04
8.333333333333332871e-02 1.010988927235338064e+00 4.123437010034217143e-03
1.041666666666666574e-01 1.008296794689267362e+00 6.309246187897317405e-04
1.250000000000000000e-01 1.010463180037137310e+00 2.170255810513407803e-04
1.458333333333333148e-01 1.008163644736933096e+00 -1.868890559206387580e-03
1.666666666666666574e-01 9.904930152063365911e-01 -1.316957971492768503e-03
1.875000000000000000e-01 9.833776371421361073e-01 1.765374812646709041e-04
2.083333333333333148e-01 9.834687171821056006e-01 1.551180070450318199e-03
2.291666666666666574e-01 9.990129536651474185e-01 -9.623003978466443268e-04
2.500000000000000000e-01 1.016498551690445229e+00 -1.516562465630670901e-03
2.708333333333333148e-01 1.018052748143122743e+00 -9.192106760957976228e-05
2.916666666666666297e-01 1.012323504999763202e+00 3.399219617031088857e-04
3.125000000000000000e-01 9.973339711648212536e-01 -4.114858178776023491e-04
3.333333333333333148e-01 9.881992728631063816e-01 2.678186498062823124e-04
3.541666666666666297e-01 9.897586663062186707e-01 1.697899953805673875e-03
3.750000000000000000e-01 9.967455920407886083e-01 -3.166505370969395407e-04
3.958333333333333148e-01 1.008449579825451581e+00 7.376752278150347140e-05
4.166666666666666297e-01 1.014620406704419997e+00 1.820699375354914689e-04
4.375000000000000000e-01 1.017013538030384412e+00 1.743506313759579218e-03
4.583333333333333148e-01 1.009853233128210626e+00 -1.574109939016517939e-03
4.791666666666666297e-01 9.870401867193746570e-01 -7.214505619630614793e-04
5.000000000000000000e-01 9.756247443593539792e-01 6.557600804203452113e-04
5.208333333333332593e-01 9.819264922371038207e-01 3.395131118766850538e-04
5.416666666666666297e-01 1.001711431868269386e+00 2.426292803452302090e-05
5.625000000000000000e-01 1.015069027582599315e+00 -3.729674046341977661e-04
5.833333333333332593e-01 1.027900494170939094e+00 -2.636236057076105668e-05
6.041666666666666297e-01 1.024624723815620309e+00 1.832295131258363831e-03
6.250000000000000000e-01 1.006371412646664965e+00 6.867664932392718042e-04
6.458333333333332593e-01 1.002485561574845363e+00 1.142499441691258166e-03
6.666666666666666297e-01 1.000547131823545266e+00 2.361414646830368828e-04
6.875000000000000000e-01 9.881172988819940661e-01 2.795250945322753770e-04
7.083333333333332593e-01 9.847907662882369184e-01 -8.748199637103017600e-04
7.291666666666666297e-01 9.795834726725732855e-01 1.524232224875715202e-03
7.500000000000000000e-01 9.893832898182938207e-01 -8.754763293788437846e-04
7.708333333333332593e-01 1.009897617819256022e+00 -5.291966396698345097e-05
7.916666666666666297e-01 1.017971360096170841e+00 3.643290345434863856e-04
8.125000000000000000e-01 1.025608657008090674e+00 4.285585775186363192e-04
8.333333333333332593e-01 1.016370082825535759e+00 -1.785560698928740839e-04
8.541666666666666297e-01 1.011645989477940821e+00 -1.202158838125118182e-03
8.750000000000000000e-01 9.918978694213622660e-01 -5.208843633954662747e-05
8.958333333333332593e-01 9.834568257456396401e-01 5.880892864590795202e-04
9.166666666666666297e-01 9.731391796173040065e-01 5.733069176429209492e-04
9.375000000000000000e-01 9.802967913182123461e-01 1.066118468959616162e-03
9.583333333333332593e-01 9.940319879338374021e-01 6.383856623235144951e-04
9.791666666666666297e-01 1.019596292750933886e+00 -2.118416155097729988e-04
1.000000000000000000e+00 1.023065339811788377e+00 -7.118012641222062811e-04
1.020833333333333259e+00 1.020693071001654628e+00 1.729463962670470560e-03
1.041666666666666519e+00 1.006599757288681785e+00 2.838959660558874583e-05
1.062500000000000000e+00 9.985902236597475889e-01 -3.752591249664560293e-03
1.083333333333333259e+00 9.929526319774145682e-01 6.959553029888223999e-05
1.104166666666666519e+00 9.944344674842678922e-01 6.127629372004423465e-04
1.125000000000000000e+00 9.949302633900952708e-01 2.936518815548910680e-04
1.145833333333333259e+00 1.001254585239736317e+00 9.480897711313492548e-04
1.166666666666666519e+00 1.009320352813820820e+00 1.820104719915856869e-03
1.187500000000000000e+00 1.008206271966361811e+00 1.380822440474011514e-03
1.208333333333333259e+00 1.002172180766629950e+00 3.500701681003322253e-04
1.229166666666666519e+00 9.960790570401867328e-01 1.294940039461209540e-03
1.250000000000000000e+00 9.974691424050589061e-01 -9.645173639370005665e-04
1.270833333333333259e+00 9.990739847704230847e-01 1.581166852964918917e-04
1.291666666666666519e+00 1.012365386144063795e+00 -1.985843015481682065e-03
1.312500000000000000e+00 1.013253537439298357e+00 1.091153229187853002e-04
1.333333333333333259e+00 1.012157771627813840e+00 8.078748028366471081e-05
1.354166666666666519e+00 9.895406363551626505e-01 -1.316639786360254130e-03
1.375000000000000000e+00 9.836058967585485924e-01 -1.967151285200518086e-04
1.395833333333333259e+00 9.906923353569595525e-01 -5.804026467355968702e-04
1.416666666666666519e+00 9.984004725870917474e-01 -8.860420131887150651e-04
1.437500000000000000e+00 1.009472634746136688e+00 -1.375292162636030475e-03
1.458333333333333259e+00 1.011199726767066931e+00 1.418082169346816281e-03
1.479166666666666519e+00 1.006149614507515722e+00 -5.583491695529009926e-04
1.500000000000000000e+00 1.001382902888557913e+00 -4.789673024719327105e-04
1.520833333333333259e+00 9.960676004179422893e-01 -2.005718671385918299e-03
1.541666666666666519e+00 9.874795725910588962e-01 1.244370415510382679e-03
1.562500000000000000e+00 9.888406902833692946e-01 3.037565666655419336e-04
1.583333333333333259e+00 1.002587075045718645e+00 -4.642789544627245568e-04
1.604166666666666519e+00 1.008100916389704338e+00 1.056278447358710744e-03
1.625000000000000000e+00 1.015289583321025813e+00 1.337218962155779572e-03
1.645833333333333259e+00 1.012022009189492922e+00 -1.193223190267171793e-03
1.666666666666666519e+00 9.999815640037513775e-01 -7.810634745928050774e-04
1.687500000000000000e+00 9.908773384261988504e-01 1.002719200771861816e-03
1.708333333333333259e+00 9.919272078068832599e-01 2.975117378878238458e-04
1.729166666666666519e+00 9.958388769468672352e-01 -2.010279158474921786e-03
1.750000000000000000e+00 9.972779560614825067e-01 1.469275901032472730e-03
1.770833333333333259e+00 1.002212578806880083e+00 1.926470362321229231e-03
1.791666666666666519e+00 1.002712503898998575e+00 -2.350155032771862520e-03
1.812500000000000000e+00 1.002794356273486454e+00 2.027950667881757917e-04
1.833333333333333259e+00 1.015874171425443784e+00 2.052682604446384122e-03
1.854166666666666519e+00 1.018258555420299194e+00 -4.548230899537852303e-04
1.875000000000000000e+00 1.003485698955766114e+00 -2.050448781259755961e-03
1.895833333333333259e+00 9.897664485579930060e-01 -1.609500666958429277e-03
1.916666666666666519e+00 9.893935291105915297e-01 -1.587868221349256290e-04
1.937500000000000000e+00 9.836725821491051347e-01 1.289084455729048052e-04
1.958333333333333259e+00 9.953241029227769543e-01 -9.094925620462541820e-04
1.979166666666666519e+00 1.008086996662997503e+00 1.571348322036430047e-03
2.000000000000000000e+00 1.013128973073093464e+00 1.089649517212245081e-03
2.020833333333333037e+00 1.015085321829086951e+00 -2.446067952052535018e-04
2.041666666666666519e+00 1.009716914816132238e+00 6.038124866983750544e-05
2.062500000000000000e+00 9.984656736838817270e-01 2.352711832754399678e-03
2.083333333333333037e+00 9.885697846937931965e-01 4.761649576161190007e-04
2.104166666666666519e+00 9.920497298008338349e-01 -1.042157686857582248e-03
2.125000000000000000e+00 9.957666277816634715e-01 -2.781309199659546746e-04
2.145833333333333037e+00 1.005133329776352946e+00 6.155339814442087028e-04
2.166666666666666519e+00 1.015057193647127542e+00 1.048725416370085680e-03
2.187500000000000000e+00 1.014112066545478585e+00 -2.410319070536308308e-03
2.208333333333333037e+00 1.000961358531077483e+00 1.294850018710595740e-03
2.229166666666666519e+00 9.961066904910115261e-01 -4.197970538406772703e-04
2.250000000000000000e+00 9.921321164287518757e-01 1.643392811448936611e-04
2.270833333333333037e+00 9.978334462888813761e-01 5.305345369708866325e-04
2.291666666666666519e+00 9.980969356670384984e-01 5.544717758696623110e-04
2.312500000000000000e+00 1.001072834363907482e+00 -2.779668176868763888e-03
2.333333333333333037e+00 1.005970594997269485e+00 -7.348884711339266325e-04
2.354166666666666519e+00 1.015941783677052790e+00 2.121263981203589701e-03
2.375000000000000000e+00 1.015272171870118534e+00 -1.171937191205963454e-03
2.395833333333333037e+00 1.004408346261795426e+00 -1.086536989663288989e-04
2.416666666666666519e+00 9.975861476516963977e-01 1.353849750077239537e-03
2.437500000000000000e+00 9.857642191797297837e-01 2.721368315831815179e-03
2.458333333333333037e+00 9.911008883032904615e-01 -2.702559642354407290e-03
2.479166666666666519e+00 9.966931678726903554e-01 3.105799137801111033e-04
2.500000000000000000e+00 1.005886705219150690e+00 1.101454957895209525e-03
2.520833333333333037e+00 1.007940589356312477e+00 -9.319148406594977927e-04
2.541666666666666519e+00 1.007557457218506203e+00 -1.806237498829351773e-03
2.562500000000000000e+00 1.001464971186735164e+00 2.979198336277538747e-05
2.583333333333333037e+00 9.995810185803000181e-01 6.950533331674000823e-04
2.604166666666666519e+00 1.001057164158098312e+00 2.564666214695165460e-03
2.625000000000000000e+00 9.958140510278045143e-01 4.345822857296287940e-04
2.645833333333333037e+00 9.999160307573432549e-01 1.876773932220779720e-04
2.666666666666666519e+00 1.004092774958645462e+00 -1.487626026916459652e-03
2.687500000000000000e+00 1.007503453155211615e+00 -1.408616821583645422e-03
2.708333333333333037e+00 1.007119647675116525e+00 -1.736711204816577267e-03
2.729166666666666519e+00 1.001859096132740268e+00 -4.467912550080044439e-04
2.750000000000000000e+00 9.909414783516652392e-01 -8.820130909995217879e-04
2.770833333333333037e+00 9.899938447268413766e-01 6.992545583195103722e-04
2.791666666666666519e+00 9.926896047917753707e-01 -2.465683383353169719e-03
2.812500000000000000e+00 1.001020982619380995e+00 1.611356811949999192e-03
2.833333333333333037e+00 1.002037972852183767e+00 -4.540081309479590131e-04
2.854166666666666519e+00 1.009681628762625349e+00 8.009443037744480272e-04
2.875000000000000000e+00 1.014333755353978628e+00 8.795785148793390344e-04
2.895833333333333037e+00 1.017306110192836455e+00 -9.114178552233451365e-04
2.916666666666666519e+00 1.009820362072147315e+00 1.353778001058890531e-03
2.937500000000000000e+00 9.933466974851610232e-01 3.927848791502734941e-05
2.958333333333333037e+00 9.793371462296500685e-01 -4.494059519713987892e-04
2.979166666666666519e+00 9.764196720879512181e-01 -1.034403421359133900e-04
3.000000000000000000e+00 9.858165060994502626e-01 3.077861092399833214e-04
3.020833333333333037e+00 1.005813509959433860e+00 5.958730499754926217e-04
3.041666666666666519e+00 1.021653697429766305e+00 -1.782659226655003871e-04
3.062500000000000000e+00 1.027593333551641841e+00 -2.128247942646966772e-03
3.083333333333333037e+00 1.016515146634902278e+00 6.180758112077712517e-04
3.104166666666666519e+00 1.007563074688347937e+00 -1.386444454791724377e-03
3.125000000000000000e+00 9.932034884962971377e-01 -8.709236527078601008e-04
3.145833333333333037e+00 9.840721685721871559e-01 1.278636554573894498e-03
3.166666666666666519e+00 9.798939863117133164e-01 -1.260660301230283158e-03
3.187500000000000000e+00 9.919945595504444658e-01 1.274586784985194763e-03
3.208333333333333037e+00 1.012195250068307795e+00 6.077254398663031439e-04
3.229166666666666519e+00 1.023074452456745442e+00 -4.163087778397944186e-04
3.250000000000000000e+00 1.021913541969267980e+00 7.857733882062484243e-04
3.270833333333333037e+00 1.015157479095578630e+00 -1.272070410269730660e-03
3.291666666666666519e+00 9.968770648551951163e-01 -6.895501249235674044e-04
3.312500000000000000e+00 9.822477078325673183e-01 -2.781453257359743137e-04
3.333333333333333037e+00 9.794500116805782142e-01 4.933797360828920744e-04
3.354166666666666519e+00 9.826596952499421223e-01 -7.727178253165727009e-04
3.375000000000000000e+00 9.974062649486590271e-01 -2.116884914223692276e-03
3.395833333333333037e+00 1.012883849938077896e+00 -1.739829795727881401e-03
3.416666666666666519e+00 1.024627764283445819e+00 1.069997289723480498e-03
3.437500000000000000e+00 1.024470312354456292e+00 5.765686726621075059e-04
3.458333333333333037e+00 1.012707002638530751e+00 2.173846006389734773e-03
3.479166666666666519e+00 9.870020357983513293e-01 1.600579209671387435e-03
3.500000000000000000e+00 9.684620361174157699e-01 -1.899988689386666321e-04
3.520833333333333037e+00 9.747660217989233544e-01 -3.416168586684544721e-04
3.541666666666666519e+00 9.903061268974677755e-01 3.050471997322789694e-04
3.562500000000000000e+00 1.018021121389826034e+00 3.524695027201468181e-04
3.583333333333333037e+00 1.031189978660551176e+00 -7.436919784428394371e-04
3.604166666666666519e+00 1.027971297384884020e+00 -1.153549448159556581e-03
3.625000000000000000e+00 1.015501718676380616e+00 5.115605472887316827e-04
3.645833333333333037e+00 9.982758018751994866e-01 1.003222643441336248e-03
3.666666666666666519e+00 9.814258778773586878e-01 1.732163806940986304e-04
3.687500000000000000e+00 9.742909816676337265e-01 -1.221397940870722846e-03
3.708333333333333037e+00 9.859861781293995930e-01 1.133265991236826181e-03
3.729166666666666519e+00 9.999124836699125884e-01 9.713522835697432955e-04
3.750000000000000000e+00 1.008540674040161900e+00 -1.259380266085076872e-04
3.770833333333333037e+00 1.016588018606803034e+00 3.003801699704298145e-04
3.791666666666666519e+00 1.009541772193961240e+00 -8.564058990538782985e-04
3.812500000000000000e+00 1.001596727413947896e+00 9.717133778297756840e-05
3.833333333333333037e+00 9.910421024154163483e-01 8.592342065416878937e-04
3.854166666666666519e+00 9.927881965402306497e-01 1.668464343287823443e-03
3.875000000000000000e+00 1.004055796115119747e+00 -3.540390299771252990e-03
3.895833333333333037e+00 1.007902128020375265e+00 9.598693769953251702e-04
3.916666666666666519e+00 1.011694932306545391e+00 1.484366651356320644e-03
3.937500000000000000e+00 1.006879069728098042e+00 1.337698120157070287e-03
3.958333333333333037e+00 1.011765220720949765e+00 -3.872546102487283023e-04
3.979166666666666519e+00 9.942490357217916852e-01 2.164582069695419973e-03
4.000000000000000000e+00 9.848295955463236551e-01 1.222228042803263763e-04
4.020833333333333037e+00 9.778244373773293807e-01 -1.081845645575584642e-03
4.041666666666666075e+00 9.793545056585133413e-01 -1.296230433504654911e-03
4.062500000000000000e+00 1.002055874902119115e+00 4.399601817029969776e-04
4.083333333333333037e+00 1.018542008375338925e+00 -2.045690277018261431e-04
4.104166666666666075e+00 1.033611435898959652e+00 -2.398338691276926619e-03
4.125000000000000000e+00 1.024050425423936650e+00 -6.366254100194911622e-04
4.145833333333333037e+00 1.007468043504045951e+00 3.477312020598353082e-03
4.166666666666666075e+00 9.881187712905276088e-01 1.266736456445299386e-03
4.187500000000000000e+00 9.771890974449163325e-01 -1.264396706896274468e-03
4.208333333333333037e+00 9.711974542138943622e-01 -8.592130418262874979e-04
4.229166666666666075e+00 9.793394001483717304e-01 -4.393541335237009207e-04
4.250000000000000000e+00 9.958695502995487114e-01 -1.091597385128530979e-05
4.270833333333333037e+00 1.023984294858546029e+00 -1.451609880584879509e-03
4.291666666666666075e+00 1.031476892682543500e+00 2.270921744363906848e-03
4.312500000000000000e+00 1.032576536433334136e+00 -1.020284206863708880e-03
4.333333333333333037e+00 1.013978654205122787e+00 -1.610951928279886775e-03
4.354166666666666075e+00 9.914781578844913401e-01 1.537474389639052188e-03
4.375000000000000000e+00 9.737473850340359061e-01 -4.335534448566784999e-04
4.395833333333333037e+00 9.690208297973648133e-01 5.441192665073437806e-04
4.416666666666666075e+00 9.853273302857544769e-01 -8.615281231942405844e-04
4.437500000000000000e+00 9.984694024571248994e-01 4.042089586336183177e-04
4.458333333333333037e+00 1.015193158075230251e+00 -1.460325650314091370e-03
4.479166666666666075e+00 1.022605229410994410e+00 2.588448202886496803e-03
4.500000000000000000e+00 1.029061020125410231e+00 1.431919755902924269e-03
4.520833333333333037e+00 1.010283468348399216e+00 5.599969647893212384e-04
4.541666666666666075e+00 9.910649496003635095e-01 -1.185986644424043409e-03
4.562500000000000000e+00 9.731846102481995775e-01 3.900581230195430504e-04
4.583333333333333037e+00 9.754969254043984739e-01 -1.480154772831222647e-03
4.604166666666666075e+00 9.892823905104951576e-01 1.772768130626923427e-04
4.625000000000000000e+00 1.011839447260797442e+00 -8.707605958642147858e-04
4.645833333333333037e+00 1.026089623480913371e+00 -3.120264246097992768e-04
4.666666666666666075e+00 1.019386765737631206e+00 -4.889372610702335175e-04
4.687500000000000000e+00 1.014525405992995344e+00 -3.395166229092518961e-04
4.708333333333333037e+00 9.973165794870446632e-01 1.156555966312644568e-03
4.729166666666666075e+00 9.813050770860213268e-01 2.417756752289801326e-04
4.750000000000000000e+00 9.749387319128488549e-01 -9.260396375965852583e-04
4.770833333333333037e+00 9.835625251200402763e-01 2.800600462311922671e-04
4.791666666666666075e+00 1.001847514276561490e+00 -2.838311009627610820e-03
4.812500000000000000e+00 1.018936852602307042e+00 2.165169766025304920e-04
4.833333333333333037e+00 1.026379579631833350e+00 2.713710300065473374e-04
4.854166666666666075e+00 1.019412360177158750e+00 -5.702461567663495235e-04
4.875000000000000000e+00 1.007794868405571309e+00 -1.838184477090932818e-03
4.895833333333333037e+00 9.887096934153898342e-01 1.923040520822128256e-03
4.916666666666666075e+00 9.837325967768597579e-01 -8.468608499404650745e-04
4.937500000000000000e+00 9.858672127450618383e-01 -2.443343091108364507e-04
4.958333333333333037e+00 9.936387595758270352e-01 -1.907438373143808619e-03
4.979166666666666075e+00 1.000684821172533212e+00 1.233904206037584207e-03
5.000000000000000000e+00 1.007121024328551329e+00 -9.436486440268485086e-04
5.020833333333333037e+00 1.010716655242019479e+00 5.897093444119030784e-04
5.041666666666666075e+00 1.017456688524422059e+00 -1.692654834994287505e-03
5.062500000000000000e+00 1.003305209827580313e+00 1.047126889649018303e-03
5.083333333333333037e+00 9.943821897484157457e-01 1.274203566538691188e-03
5.104166666666666075e+00 9.953105698508256660e-01 -1.836052450659861823e-04
5.125000000000000000e+00 9.980565366164337870e-01 -1.602607896447943363e-04
5.145833333333333037e+00 1.007026608553793556e+00 3.380738840747980018e-04
5.166666666666666075e+00 1.004939401972738011e+00 2.845500789930510916e-04
5.187500000000000000e+00 1.002779297373055378e+00 -8.443312269815005751e-04
5.208333333333333037e+00 9.918985088906182579e-01 1.212445160628533407e-03
5.229166666666666075e+00 9.879507369420937879e-01 5.726555203243204528e-04
5.250000000000000000e+00 9.992866912352005304e-01 -4.507585876785364732e-04
5.270833333333333037e+00 1.012215619682319767e+00 2.267435877902125498e-03
5.291666666666666075e+00 1.009947509902252794e+00 -9.949874880506412618e-04
5.312500000000000000e+00 1.008781412019781332e+00 1.417215942501876935e-04
5.333333333333333037e+00 9.987450303265078544e-01 -1.557312436785318567e-03
5.354166666666666075e+00 9.955052422556466274e-01 2.466308037596014364e-03
5.375000000000000000e+00 9.934018182021392418e-01 2.096660064899199052e-03
5.395833333333333037e+00 9.959940338625611345e-01 -1.837021011867578631e-04
5.416666666666666075e+00 9.997470319936641037e-01 6.113879857559285100e-04
5.437500000000000000e+00 1.012077508499252598e+00 6.332170869384700328e-04
5.458333333333333037e+00 1.006567063142242313e+00 -3.079830681464562603e-04
5.479166666666666075e+00 9.967657560318616827e-01 1.088481772727237478e-04
5.500000000000000000e+00 9.911248645565524651e-01 -3.906491066084748351e-04
5.520833333333333037e+00 9.888169867129383839e-01 -8.979147150142634910e-04
5.541666666666666075e+00 9.986465960596672131e-01 -1.467564039393472511e-04
5.562500000000000000e+00 1.010071576133893423e+00 1.196008773692988723e-03
5.583333333333333037e+00 1.021825113566284138e+00 -3.173835431459707656e-04
5.604166666666666075e+00 1.009100637127936517e+00 7.177675248958074973e-04
5.625000000000000000e+00 9.971042478257934327e-01 1.060564190421524637e-03
5.645833333333333037e+00 9.838018770993424145e-01 4.511584582754158855e-04
5.666666666666666075e+00 9.820152154105756814e-01 -2.215268314078406241e-04
5.687500000000000000e+00 9.863231361366746608e-01 7.243864714651089640e-04
5.708333333333333037e+00 9.988676623461594239e-01 -6.730216143049420853e-04
5.729166666666666075e+00 1.009477932221165553e+00 -1.720349497265964657e-04
5.750000000000000000e+00 1.016618015871561642e+00 1.774197537371226220e-03
5.770833333333333037e+00 1.014141491700762066e+00 -1.472784272665864048e-03
5.791666666666666075e+00 1.007956050094399147e+00 -5.261229216950857749e-04
5.812500000000000000e+00 9.979680678759192958e-01 7.618618830189573948e-04
5.833333333333333037e+00 9.855282868577434074e-01 1.940595157404946766e-05
5.854166666666666075e+00 9.824093983579740286e-01 -5.939094031588196916e-04
5.875000000000000000e+00 9.904176744551317357e-01 5.073968879999367311e-04
5.895833333333333037e+00 9.991413033925730103e-01 -1.127500735176577631e-03
5.916666666666666075e+00 1.002883913973863228e+00 3.427077303904790383e-04
5.937500000000000000e+00 1.008484044632680598e+00 7.665745031050477578e-04
5.958333333333333037e+00 1.011334034103801960e+00 -8.127226305543329117e-04
5.979166666666666075e+00 1.008094181433390135e+00 8.802499135437822286e-04
6.000000000000000000e+00 1.001169762606663571e+00 -5.338650296913651557e-04
6.020833333333333037e+00 9.932605734816389864e-01 -2.228072110897506830e-04
6.041666666666666075e+00 9.811477600859977999e-01 -2.661377265378735407e-04
6.062500000000000000e+00 9.767171002224899201e-01 -2.878256359006543721e-03
6.083333333333333037e+00 9.862835901583275611e-01 4.585182726435529064e-04
6.104166666666666075e+00 1.007049149279908740e+00 5.483878244759397971e-05
6.125000000000000000e+00 1.020685688001695901e+00 2.938314273664874537e-04
6.145833333333333037e+00 1.024811242320528892e+00 1.152644428243247915e-03
6.166666666666666075e+00 1.016712004496390209e+00 -6.181918502620382169e-04
6.187500000000000000e+00 1.011255972829596450e+00 -4.875800508131907765e-04
6.208333333333333037e+00 9.946919131453542118e-01 3.273343838460846173e-04
6.229166666666666075e+00 9.814043786480403098e-01 1.944877957471250309e-03
6.250000000000000000e+00 9.707768202897344434e-01 -1.451194175409448736e-03
6.270833333333333037e+00 9.728898373945387146e-01 2.318840514952367603e-03
6.291666666666666075e+00 9.941249597418788664e-01 -8.445958125702994717e-05
6.312500000000000000e+00 1.018181455353823095e+00 -1.401773048827506529e-03
6.333333333333333037e+00 1.035558412061780231e+00 2.038111557041559258e-04
6.354166666666666075e+00 1.031152486612131325e+00 -2.717974455594937056e-04
6.375000000000000000e+00 1.010630180788145038e+00 -6.711226562743197351e-04
6.395833333333333037e+00 9.864500871333624632e-01 -5.413446897132588630e-04
6.416666666666666075e+00 9.750235996938284577e-01 1.916902527202375619e-04
6.437500000000000000e+00 9.709835699164730549e-01 1.630320614083834553e-03
6.458333333333333037e+00 9.813854055323399939e-01 -2.273472210609288433e-04
6.479166666666666075e+00 9.973238129015654652e-01 -1.578915941930153196e-03
6.500000000000000000e+00 1.020458675352467592e+00 1.157267536378826138e-03
6.520833333333333037e+00 1.023288087196627671e+00 -1.419481627647973523e-03
6.541666666666666075e+00 1.011080236605318872e+00 1.020307263838771171e-03
6.562500000000000000e+00 9.884846801959570328e-01 1.484623029985567217e-03
6.583333333333333037e+00 9.635462895642391556e-01 -1.127975673025792677e-03
6.604166666666666075e+00 9.384615064359025371e-01 -1.758554028050687894e-05
6.625000000000000000e+00 9.278288615302692222e-01 4.476739165029024821e-04
6.645833333333333037e+00 9.167180636861248511e-01 1.583075289973708217e-03
6.666666666666666075e+00 9.001433825549687295e-01 4.776082259298892433e-04
6.687500000000000000e+00 8.753290453269271243e-01 -2.605497951782615850e-03
6.708333333333333037e+00 8.377225213330786735e-01 -1.320044876606165729e-03
6.729166666666666075e+00 8.014388944050817587e-01 -3.330728598954046764e-04
6.750000000000000000e+00 7.647910255199907859e-01 -1.119141508612483222e-03
6.770833333333333037e+00 7.377183265310955917e-01 -9.384165410303026665e-04
6.791666666666666075e+00 7.183643788636642213e-01 1.461149628564676565e-04
6.812500000000000000e+00 7.115336024221018407e-01 -8.519741539098251229e-04
6.833333333333333037e+00 7.122521411895315069e-01 -8.752914099048874231e-04
6.854166666666666075e+00 7.110423823209556238e-01 8.041655405915691451e-04
6.875000000000000000e+00 6.969504275424642792e-01 -1.794048298444779867e-03
6.895833333333333037e+00 6.766724262177287175e-01 6.170144610376413711e-04
6.916666666666666075e+00 6.631090165173948447e-01 8.263392065585884209e-04
6.937500000000000000e+00 6.599881497435331479e-01 -2.541415581913931097e-03
6.958333333333333037e+00 6.823310401936206748e-01 -5.978448140229103208e-04
6.979166666666666075e+00 7.173114627340917426e-01 2.815513898272932773e-04
7.000000000000000000e+00 7.548956923698578736e-01 -3.877696265911150875e-04
7.020833333333333037e+00 7.908892312402440172e-01 1.235016093473929140e-03
7.041666666666666075e+00 8.172380420871681039e-01 -1.536267563007115986e-03
7.062500000000000000e+00 8.308880668558839000e-01 1.351627749293413984e-03
7.083333333333333037e+00 8.386140694763993819e-01 -1.181982816563627737e-03
7.104166666666666075e+00 8.476977918887786956e-01 2.703625958877909448e-04
7.125000000000000000e+00 8.720828621592195962e-01 1.264911860517528835e-03
7.145833333333333037e+00 9.083544153388722897e-01 1.130489656944178240e-03
7.166666666666666075e+00 9.511084345218873137e-01 3.961495273309045199e-04
7.187500000000000000e+00 9.875346011702520466e-01 -1.229637969086977173e-04
7.208333333333333037e+00 1.000751682154988442e+00 4.147474027811717833e-04
7.229166666666666075e+00 9.948985646146949469e-01 -9.214295318046789376e-04
7.250000000000000000e+00 9.940877266095919929e-01 -4.053891301748217184e-05
7.270833333333333037e+00 9.884866920753382358e-01 -1.861826391452765621e-03
7.291666666666666075e+00 9.874149216226825176e-01 2.881933948982585265e-04
7.312500000000000000e+00 9.837431741945577013e-01 -2.859425157988776433e-04
7.333333333333333037e+00 9.868420550144516579e-01 -4.836532434045108064e-04
7.354166666666666075e+00 1.000328621984254207e+00 -1.003499224985793378e-03
7.375000000000000000e+00 1.016213025608000198e+00 2.854146639614231701e-04
7.395833333333333037e+00 1.023820850338811983e+00 2.915358045375167871e-03
7.416666666666666075e+00 1.018412972785510684e+00 -2.437006598218371348e-03
7.437500000000000000e+00 1.000954987427535858e+00 2.069485217252639304e-03
7.458333333333333037e+00 9.916846680198111441e-01 1.607110370435078147e-03
7.479166666666666075e+00 9.794215056643228445e-01 -1.793185715765834931e-03
7.500000000000000000e+00 9.831808465000062558e-01 3.013791824517639533e-03
7.520833333333333037e+00 9.882959501592702978e-01 8.227801333101168041e-04
7.541666666666666075e+00 9.936351163685566146e-01 -1.846698084112482113e-05
7.562500000000000000e+00 1.001622400962512538e+00 1.470056758718299742e-03
7.583333333333333037e+00 1.016310556150047173e+00 7.615279119605250155e-04
7.604166666666666075e+00 1.017469498305375142e+00 -3.197265890099744694e-03
7.625000000000000000e+00 1.013861459762281925e+00 -3.315068068470477451e-04
7.645833333333333037e+00 1.003085364651488121e+00 -2.229307189338512350e-04
7.666666666666666075e+00 9.930301410483388658e-01 7.720676560077878925e-04
7.687500000000000000e+00 9.935294731848721694e-01 -9.641643983692129902e-05
7.708333333333333037e+00 9.852857274014009681e-01 8.131326001360040905e-04
7.729166666666666075e+00 9.832951977947542721e-01 6.914689639108866429e-04
7.750000000000000000e+00 9.823277810400937726e-01 1.405282116853319007e-03
7.770833333333333037e+00 9.987041707462249729e-01 -1.096896470722996805e-03
7.791666666666666075e+00 1.007051747959060162e+00 -5.944849943218120974e-05
7.812500000000000000e+00 1.024254408735566946e+00 -1.296655727245182984e-03
7.833333333333333037e+00 1.030422698029055839e+00 2.095964717184300736e-03
7.854166666666666075e+00 1.014341571760846605e+00 4.494039920075436215e-04
7.875000000000000000e+00 9.953009294938939266e-01 -2.297033611227132250e-03
7.895833333333333037e+00 9.863072074987342397e-01 1.904648368374332879e-03
7.916666666666666075e+00 9.832561511493276285e-01 3.663895018444865447e-04
7.937500000000000000e+00 9.897477125482845306e-01 5.702784794641550283e-04
7.958333333333333037e+00 9.930526455355791482e-01 7.723999146438768068e-04
7.979166666666666075e+00 1.002071644163867514e+00 -7.259823800438434168e-04
8.000000000000000000e+00 1.007722223448203946e+00 -1.214425912286058425e-03
8.020833333333332149e+00 1.012717068695949019e+00 -2.979629269641083681e-04
8.041666666666666075e+00 1.009706263645243629e+00 2.014121470038060622e-04
8.062500000000000000e+00 9.999450360412112104e-01 1.902016749163941466e-03
8.083333333333332149e+00 9.884170367251066125e-01 1.014464863674172405e-03
8.104166666666666075e+00 9.908905555822056233e-01 9.649236953435436125e-04
8.125000000000000000e+00 9.992947463046794043e-01 2.484675291328663008e-03
8.145833333333332149e+00 1.002496641629830210e+00 -2.568742822930220222e-03
8.166666666666666075e+00 1.002590114513824293e+00 1.609667234116235251e-03
8.187500000000000000e+00 1.000200790275758811e+00 -1.565272862617987388e-03
8.208333333333332149e+00 9.922380078768712197e-01 1.124278443456489885e-03
8.229166666666666075e+00 9.955184196883242187e-01 -4.283854002170333817e-04
8.250000000000000000e+00 9.983303422728030396e-01 7.914590596088363125e-04
8.270833333333332149e+00 1.001133591585365412e+00 -1.661530814523646919e-03
8.291666666666666075e+00 9.978767973570537020e-01 7.655467592172332221e-04
8.312500000000000000e+00 1.000290202025808872e+00 1.242669106769501075e-03
8.333333333333332149e+00 1.005801955025654060e+00 3.451069172934706454e-04
8.354166666666666075e+00 1.002425738002388877e+00 7.746365469775759590e-04
8.375000000000000000e+00 1.003792495238415183e+00 -9.893895312119231600e-05
8.395833333333332149e+00 9.981477249386355721e-01 5.293286210043339187e-04
8.416666666666666075e+00 9.974142642398291514e-01 -2.864426281556488947e-05
8.437500000000000000e+00 1.001076448608832825e+00 -1.077762087810022178e-03
8.458333333333332149e+00 1.000518817970838414e+00 1.438933968407777242e-03
8.479166666666666075e+00 9.910665297554733799e-01 -2.855788559170985177e-04
8.500000000000000000e+00 9.827562331526880079e-01 -1.741683873043544089e-03
8.520833333333332149e+00 9.829431798952595889e-01 5.462844683008020704e-04
8.541666666666666075e+00 1.000977051997314904e+00 -3.166101630951382581e-05
8.562500000000000000e+00 1.014424585153821612e+00 2.332493037821313075e-03
8.583333333333332149e+00 1.030470300103837333e+00 1.431090169277324459e-03
8.604166666666666075e+00 1.017600012761506134e+00 -1.462158569209907151e-03
8.625000000000000000e+00 1.003440287065220149e+00 -1.289380823850661646e-03
8.645833333333332149e+00 9.840927161755413932e-01 -1.142922046936346376e-04
8.666666666666666075e+00 9.731410995019036392e-01 3.277281798946228564e-04
8.687500000000000000e+00 9.790671395388488296e-01 -1.717185779849446717e-03
8.708333333333332149e+00 9.945539998308522422e-01 1.016967152850925191e-03
8.729166666666666075e+00 1.011689498475275562e+00 2.358320470749649019e-03
8.750000000000000000e+00 1.028806525880704870e+00 5.721087417577574216e-04
8.770833333333332149e+00 1.023719471542487103e+00 2.482176769096396379e-03
8.791666666666666075e+00 1.012634308431457519e+00 -1.002625664928599421e-03
8.812500000000000000e+00 9.848385950670535127e-01 -1.418158884557984244e-03
8.833333333333332149e+00 9.751523484689021970e-01 -2.011559035110362537e-03
8.854166666666666075e+00 9.803066246781554360e-01 1.847888758006857157e-03
8.875000000000000000e+00 9.997444717061554353e-01 -2.365834334280831133e-03
8.895833333333332149e+00 1.012119042864641827e+00 -3.121934104699985372e-04
8.916666666666666075e+00 1.018969086024964055e+00 -8.161948977584491905e-04
8.937500000000000000e+00 1.012182090186831696e+00 -1.094113569717363637e-03
8.958333333333332149e+00 9.967343864718087865e-01 2.340278275924722955e-04
8.979166666666666075e+00 9.898818300337384191e-01 -8.885652086543536837e-04
9.000000000000000000e+00 9.908055083614146774e-01 1.484266494171092646e-03
9.020833333333332149e+00 9.870085243344335346e-01 -1.982701756821458276e-03
9.041666666666666075e+00 9.916316586607311079e-01 2.622538859543048061e-03
9.062500000000000000e+00 1.005511686281619133e+00 1.021241735277169218e-03
9.083333333333332149e+00 1.018592190936074227e+00 1.257674030437005422e-03
9.104166666666666075e+00 1.015201468154696807e+00 -1.769904534889311975e-03
9.125000000000000000e+00 1.010913309670704363e+00 -2.085382734851403026e-03
9.145833333333332149e+00 9.961877422569769269e-01 -2.050641219222292411e-03
9.166666666666666075e+00 9.825875493326673427e-01 -1.409471380356928059e-03
9.187500000000000000e+00 9.898660134106074260e-01 -3.668081598759252043e-04
9.208333333333332149e+00 9.959733087831699194e-01 -2.207756470098161308e-03
9.229166666666666075e+00 1.004831379862925145e+00 -7.078779934570353718e-04
9.250000000000000000e+00 1.009145958000061238e+00 -1.161120117561484496e-03
9.270833333333332149e+00 1.010151385390406720e+00 -1.153840570187230057e-03
9.291666666666666075e+00 1.005081387878900667e+00 -7.379966185030905268e-04
9.312500000000000000e+00 9.983084933616134249e-01 1.266952453854282290e-03
9.333333333333332149e+00 9.935717953386560275e-01 -2.721065401961042518e-03
9.354166666666666075e+00 9.898897643697949222e-01 2.315221626196806333e-03
9.375000000000000000e+00 9.984704190538720159e-01 4.262672629777616677e-04
9.395833333333332149e+00 1.010591628554531329e+00 -1.229103783421008024e-03
9.416666666666666075e+00 1.019592909424752669e+00 1.123908513751262304e-03
9.437500000000000000e+00 1.012607317888153391e+00 -8.319946899365340820e-04
9.458333333333332149e+00 1.002235664793493575e+00 8.802530230969875420e-04
9.479166666666666075e+00 9.837866134423354225e-01 -1.493412057453851307e-03
9.500000000000000000e+00 9.835321399156601307e-01 -8.593134916967160074e-04
9.520833333333332149e+00 9.847654729172861110e-01 1.822270883417153849e-03
9.541666666666666075e+00 9.951388386860989810e-01 -1.256999245809948585e-04
9.562500000000000000e+00 1.008890530764776194e+00 3.140928118245807864e-04
9.583333333333332149e+00 1.013351758626851229e+00 2.834479885090112846e-04
9.604166666666666075e+00 1.018359884170026541e+00 -1.658386585306928333e-03
9.625000000000000000e+00 1.013747131218319719e+00 -4.945100536956852479e-04
9.645833333333332149e+00 1.002806232162093192e+00 -2.241761975406373068e-04
9.666666666666666075e+00 9.946883484724827751e-01 -1.002207734529446783e-03
9.687500000000000000e+00 9.829080344464623531e-01 1.447508982221256714e-03
9.708333333333332149e+00 9.836509110470864625e-01 1.104257911871821306e-03
9.729166666666666075e+00 9.991157675298493190e-01 -7.913043561474722432e-04
9.750000000000000000e+00 1.004743425595134632e+00 1.350575218593555709e-03
9.770833333333332149e+00 1.004516004206395863e+00 -8.403454678894318889e-04
9.791666666666666075e+00 1.005274439586601565e+00 2.173769879212064031e-04
9.812500000000000000e+00 1.007867130087398033e+00 2.899261316629641433e-04
9.833333333333332149e+00 1.006874229707626078e+00 -3.042672786599294986e-03
9.854166666666666075e+00 1.005701490099591311e+00 5.086357522960795012e-04
9.875000000000000000e+00 9.993888502264451912e-01 7.043698867621777304e-04
9.895833333333332149e+00 9.932043064619057171e-01 -1.053963168817559750e-03
9.916666666666666075e+00 9.940028213523841583e-01 5.829151358650909182e-04
9.937500000000000000e+00 9.961023983546540839e-01 -1.277453216454578716e-04
9.958333333333332149e+00 1.003948420212596115e+00 -2.482311725650093899e-04
9.979166666666666075e+00 1.003918882458323836e+00 1.034504306261558974e-03
1.000000000000000000e+01 1.011013093001589258e+00 -3.298708299569757135e-06
1.002083333333333215e+01 1.006443801805912308e+00 3.190120285428953975e-04
1.004166666666666607e+01 1.006427010888081952e+00 -5.201425438754286564e-04
1.006250000000000000e+01 9.974832343382864508e-01 -1.532287147124038336e-04
1.008333333333333215e+01 9.872103062039131460e-01 -2.510140101712713453e-03
1.010416666666666607e+01 9.841815353056178051e-01 1.610794446508096150e-03
1.012500000000000000e+01 9.975302661060073683e-01 2.759269882395306412e-04
1.014583333333333215e+01 1.014647986012304992e+00 -1.492154608331658144e-03
1.016666666666666607e+01 1.027852422118830766e+00 1.109817581789868156e-03
1.018750000000000000e+01 1.021115699014734313e+00 8.311402180902966504e-04
1.020833333333333215e+01 1.003112251364832730e+00 -1.511603505072135843e-03
1.022916666666666607e+01 9.731963057800778749e-01 -1.242954407224045391e-03
1.025000000000000000e+01 9.722001992503190859e-01 2.846405483426663161e-04
1.027083333333333215e+01 9.808607496713177554e-01 1.010061471779043598e-03
1.029166666666666607e+01 9.982671508331326660e-01 -1.565242407512661095e-03
1.031250000000000000e+01 1.022748839705630797e+00 1.571678025768645862e-03
1.033333333333333215e+01 1.029815681663895477e+00 1.087940555887873190e-03
1.035416666666666607e+01 1.030402449434253853e+00 1.992896265205252476e-04
1.037500000000000000e+01 1.002498328038639475e+00 -4.347460857520990128e-04
1.039583333333333215e+01 9.785678582618868582e-01 4.885170115484704575e-04
1.041666666666666607e+01 9.717616470934299366e-01 -5.436395954579975294e-04
1.043750000000000000e+01 9.782935098236607008e-01 -1.399008773086691214e-03
1.045833333333333215e+01 1.000290672328914887e+00 -1.043322287007478070e-03
1.047916666666666607e+01 1.021037155011660147e+00 6.724327736941384756e-05
1.050000000000000000e+01 1.026477699767751828e+00 -3.521952558212439340e-04
1.052083333333333215e+01 1.011742654911556460e+00 -3.272959720445237195e-04
1.054166666666666607e+01 1.001406343665647958e+00 8.105839300878075809e-04
1.056250000000000000e+01 9.826649801018346730e-01 -1.102259313515571324e-03
1.058333333333333215e+01 9.862993007049384309e-01 2.493164657009373526e-03
1.060416666666666607e+01 9.955224733027527861e-01 1.698084826925166458e-03
1.062500000000000000e+01 1.000759813523667052e+00 1.801591971830021524e-04
1.064583333333333215e+01 1.010684389381430348e+00 -1.143135550288262641e-03
1.066666666666666607e+01 1.012960365960761111e+00 -8.634308846476771533e-04
1.068750000000000000e+01 1.020145043056362555e+00 2.169574960150263780e-04
1.070833333333333215e+01 1.010972230414023176e+00 6.716937521485501564e-04
1.072916666666666607e+01 9.917340618857144463e-01 1.569867081030750866e-03
1.075000000000000000e+01 9.822588579566992051e-01 -7.604096624011328362e-04
1.077083333333333215e+01 9.828779742340801873e-01 4.393740113318910038e-05
1.079166666666666607e+01 9.846846337762865664e-01 4.345887724561791742e-04
1.081250000000000000e+01 1.001770627877419884e+00 1.605807937525761779e-03
1.083333333333333215e+01 1.009826941036620962e+00 1.503179359762457992e-03
1.085416666666666607e+01 1.014530973600407560e+00 3.743461933639090963e-04
1.087500000000000000e+01 1.021691076493049355e+00 5.078246530156950477e-04
1.089583333333333215e+01 1.009980786731132785e+00 1.051054264792166143e-05
1.091666666666666607e+01 1.001734759809838726e+00 -4.457388410571542538e-04
1.093750000000000000e+01 9.840233047679968204e-01 -4.530239650070034944e-04
1.095833333333333215e+01 9.790772491786211562e-01 9.976976333965694322e-04
1.097916666666666607e+01 9.850177499249616053e-01 -2.075599449120931004e-03
1.100000000000000000e+01 9.982845698553035607e-01 -1.013227958037306829e-03
1.102083333333333215e+01 1.007791405150733732e+00 -1.869463009186347674e-03
1.104166666666666607e+01 1.010347204910808872e+00 -3.248011406762965083e-05
1.106250000000000000e+01 1.013363832151821020e+00 1.127184113913756941e-03
1.108333333333333215e+01 1.007871100311899859e+00 7.781697452076824506e-04
1.110416666666666607e+01 1.002796779613400968e+00 1.016792364280620945e-03
1.112500000000000000e+01 1.004063274289135332e+00 1.351156960863364410e-03
1.114583333333333215e+01 9.980157474733408751e-01 -1.704942802403703684e-03
1.116666666666666607e+01 9.993022112596411377e-01 -2.297090818852672196e-03
1.118750000000000000e+01 1.001375929861111125e+00 2.080429854876444332e-03
1.120833333333333215e+01 1.001982847000355337e+00 6.116894622360764594e-04
1.122916666666666607e+01 1.001777673226560861e+00 -1.415758403940501091e-03
1.125000000000000000e+01 1.000279845487187735e+00 -1.280782524909899241e-03
1.127083333333333215e+01 9.930555147416900708e-01 -6.683864873536464598e-04
1.129166666666666607e+01 9.924495891166277284e-01 2.605927379695654328e-03
1.131250000000000000e+01 9.930261864332659005e-01 7.615412641608958677e-04
1.133333333333333215e+01 1.004588836396692386e+00 2.019031578346707888e-03
1.135416666666666607e+01 1.011667382179982644e+00 8.613645958548413672e-04
1.137500000000000000e+01 1.013163265836475535e+00 1.342987590855114531e-03
1.139583333333333215e+01 1.007896765615937662e+00 -3.725673387945019463e-05
1.141666666666666607e+01 1.009740235219376947e+00 4.663294731269498092e-04
1.143750000000000000e+01 1.003961090316471294e+00 2.343578315409938859e-03
1.145833333333333215e+01 9.959646093320585480e-01 7.974142224022560683e-05
1.147916666666666607e+01 9.820625590577994890e-01 2.601691505408397788e-06
1.150000000000000000e+01 9.791651595078298964e-01 7.722209944411890115e-04
1.152083333333333215e+01 9.884126001000945738e-01 -2.531420174249428734e-04
1.154166666666666607e+01 1.003223611333949217e+00 -2.533130446184897380e-03
1.156250000000000000e+01 1.015600258810083645e+00 1.912390618062244103e-03
1.158333333333333215e+01 1.025155171295707879e+00 2.131279539871968123e-03
1.160416666666666607e+01 1.020676846678771232e+00 1.887886873292624274e-03
1.162500000000000000e+01 1.015314388056206107e+00 -8.543149081576352272e-05
1.164583333333333215e+01 9.988231709201256248e-01 -4.765854468887473260e-04
1.166666666666666607e+01 9.847838619249627001e-01 -4.067861072419019005e-04
1.168750000000000000e+01 9.712178763780723312e-01 -2.097295450520922540e-03
1.170833333333333215e+01 9.790000023015791308e-01 8.024470299704400530e-04
1.172916666666666607e+01 9.847908493005932407e-01 -1.038430669863927040e-03
1.175000000000000000e+01 1.013538965502747580e+00 3.608894999646828066e-04
1.177083333333333215e+01 1.026291333505020775e+00 1.769044322730183071e-03
1.179166666666666607e+01 1.028043386955571403e+00 1.181212785619849400e-03
1.181250000000000000e+01 1.010953419934023101e+00 -1.352278919536976400e-04
1.183333333333333215e+01 9.936360227515129706e-01 -4.768641553606319319e-04
1.185416666666666607e+01 9.851210514701579379e-01 -6.500558651847651625e-04
1.187500000000000000e+01 9.836762173424933309e-01 6.734536672813827823e-04
1.189583333333333215e+01 9.862159052329617648e-01 -7.965657571548014765e-04
1.191666666666666607e+01 9.928360713553189276e-01 9.003256408145876967e-04
1.193750000000000000e+01 1.006797406856764443e+00 -3.397907837441938635e-04
1.195833333333333215e+01 1.012215542626033304e+00 1.648610989011899076e-03
1.197916666666666607e+01 1.013251855915504374e+00 -1.716187810952898895e-03
1.200000000000000000e+01 1.006661818962773403e+00 2.060953624277064421e-03
1.202083333333333215e+01 9.955275395562664942e-01 -3.201038641507974905e-04
1.204166666666666607e+01 9.878593765926688697e-01 -5.853767687434221914e-04
1.206250000000000000e+01 9.885217249637618941e-01 -1.117572191739073456e-03
1.208333333333333215e+01 9.905873249570036343e-01 -1.222480265332114100e-03
1.210416666666666607e+01 9.977171184935098580e-01 1.001916110588069232e-06
1.212500000000000000e+01 1.006023366771390037e+00 -7.495696458344827413e-04
1.214583333333333215e+01 1.016950343091062470e+00 -1.391703881008502473e-03
1.216666666666666607e+01 1.018179058896197642e+00 1.087859458934721003e-03
1.218750000000000000e+01 1.009361073724750923e+00 -1.958802559052702291e-04
1.220833333333333215e+01 9.979916019542324213e-01 -1.029443954653085427e-03
1.222916666666666607e+01 9.757124964453163241e-01 9.365805114346355351e-04
1.225000000000000000e+01 9.766651202118920017e-01 -7.748266586032465358e-04
1.227083333333333215e+01 9.840586082693970615e-01 9.218769532641200599e-04
1.229166666666666607e+01 1.004726679281477963e+00 1.611001089066787075e-03
1.231250000000000000e+01 1.020536382965350208e+00 -6.082579390516223376e-04
1.233333333333333215e+01 1.023322187263752125e+00 -1.476526009979161084e-03
1.235416666666666607e+01 1.019621988861303619e+00 -4.656206799564771679e-04
1.237500000000000000e+01 1.000958394193463219e+00 -9.918964549728032792e-04
1.239583333333333215e+01 9.894465378697684388e-01 1.546331086664366403e-03
1.241666666666666607e+01 9.775796132204831457e-01 8.966400801925676275e-04
1.243750000000000000e+01 9.843042999630752243e-01 -4.992158687298233312e-04
1.245833333333333215e+01 9.983283628161503387e-01 6.657083539438614058e-04
1.247916666666666607e+01 9.989226128318182685e-01 -2.077752445349037146e-03
1.452083333333333215e+01 9.850248218018516910e-01 1.469508457577732010e-03
1.454166666666666607e+01 9.939394102695892075e-01 -8.318011573132071254e-04
1.456250000000000000e+01 1.001103937662014998e+00 -7.641741116256875943e-04
1.458333333333333215e+01 1.012980469665906824e+00 1.365774146474395918e-03
1.460416666666666607e+01 1.016694806298554798e+00 -7.472941133453951809e-05
1.462500000000000000e+01 1.015185065856610835e+00 -1.575286298727236484e-03
1.464583333333333215e+01 1.001859648479472398e+00 -2.191476604429024987e-03
1.466666666666666607e+01 9.886682254275385162e-01 -1.334299352587221951e-03
1.468750000000000000e+01 9.733906554778357645e-01 9.595814406878874813e-04
1.470833333333333215e+01 9.835744836111750544e-01 -3.420197291458041658e-04
1.472916666666666607e+01 9.986001118060390258e-01 -8.251001011149622670e-04
1.475000000000000000e+01 1.013806335470532893e+00 -1.071921108141295599e-03
1.477083333333333215e+01 1.022185015062692326e+00 1.085022517573835726e-03
1.479166666666666607e+01 1.016487934633501178e+00 -6.396756211803842880e-04
1.481250000000000000e+01 9.992445029451901828e-01 -1.253589748696407871e-03
1.483333333333333215e+01 9.875918723225995954e-01 -4.446063981645803859e-05
1.485416666666666607e+01 9.735764848451256004e-01 1.830744872412263559e-03
1.487500000000000000e+01 9.807322508688078866e-01 4.512371760128886748e-04
1.489583333333333215e+01 9.994138418714612060e-01 -1.524010796816575083e-03
1.491666666666666607e+01 1.019575840361567787e+00 -1.239183822850611905e-03
1.493750000000000000e+01 1.028440005017803749e+00 8.205070650825479085e-04
1.495833333333333215e+01 1.020097607357624225e+00 9.500846660686698567e-04
1.497916666666666607e+01 1.006233070945064867e+00 5.392800841279017481e-04
1.500000000000000000e+01 9.766905529247236206e-01 1.770360194007062054e-03
1.502083333333333215e+01 9.679497298270210992e-01 -1.641435223971696123e-03
1.504166666666666607e+01 9.737485906556031523e-01 -8.455594249510402444e-04
1.506250000000000000e+01 9.950753594644732303e-01 9.824445550942644597e-04
1.508333333333333215e+01 1.014022727837014415e+00 9.206061220810917919e-04
1.510416666666666607e+01 1.023489413841963458e+00 -3.933486030729892407e-04
1.512500000000000000e+01 1.022698202157448888e+00 -7.949367954386453916e-04
1.514583333333333215e+01 1.009697280489112892e+00 1.150493884729609064e-03
1.516666666666666607e+01 9.997437389202774582e-01 -8.603920199719206541e-05
1.518750000000000000e+01 9.927274726711298181e-01 1.597067964907648548e-03
1.520833333333333215e+01 9.899425631150534644e-01 6.256495803314027649e-04
1.522916666666666607e+01 9.795537261866842371e-01 6.377916571588318744e-04
1.525000000000000000e+01 9.867432368686710475e-01 -1.180005904899117906e-03
1.527083333333333215e+01 9.911494564047316214e-01 8.875753995198471490e-04
1.529166666666666607e+01 1.001841907875089976e+00 2.457587417236631322e-03
1.531250000000000000e+01 1.012959606441204308e+00 -4.419540262049410397e-04
1.533333333333333215e+01 1.020910894278205694e+00 -5.132163505730184914e-05
1.535416666666666607e+01 1.018271034250136209e+00 7.910363391710322498e-04
1.537500000000000000e+01 1.014066881762317740e+00 -1.145251047196216461e-03
1.539583333333333215e+01 9.985893535940458809e-01 -3.666348786858942958e-04
1.541666666666666607e+01 9.784021887530053307e-01 3.974256205806588256e-04
1.543750000000000000e+01 9.704586101330703318e-01 1.614141185903772554e-03
1.545833333333333215e+01 9.865907422252051528e-01 -2.175694054573124384e-03
1.547916666666666607e+01 1.006498089855579092e+00 -2.691420664258720435e-03
1.550000000000000000e+01 1.019011714186121464e+00 1.712047362125215517e-04
1.552083333333333215e+01 1.017435326103489635e+00 6.719569173398412705e-04
1.554166666666666607e+01 1.008290152627721925e+00 5.533263746038664076e-04
1.556250000000000000e+01 9.977364870948726150e-01 -1.815311062772635405e-03
1.558333333333333215e+01 9.965679960182576291e-01 -2.524196341442444096e-05
1.560416666666666607e+01 9.996277461978990697e-01 4.858027812021228149e-04
1.562500000000000000e+01 1.006068430929272228e+00 1.284407535891542044e-06
1.564583333333333215e+01 1.002400048654681353e+00 7.068053296247474391e-04
1.566666666666666607e+01 9.987283373739525016e-01 -3.077494920125634060e-04
1.568750000000000000e+01 1.005135391266127609e+00 1.684679201858247039e-03
1.570833333333333215e+01 1.001654201145285139e+00 2.179838616960439682e-03
1.572916666666666607e+01 1.001090260610760563e+00 -1.006955292960202237e-03
1.575000000000000000e+01 1.001715515670811962e+00 -6.763373165543702268e-04
1.577083333333333215e+01 1.003284707321033364e+00 1.093041570849819996e-03
1.579166666666666607e+01 9.992253689262926564e-01 -1.117326811217832574e-03
1.581250000000000000e+01 1.007691784069701502e+00 -7.463807155715562660e-04
1.583333333333333215e+01 1.002590372408185715e+00 1.009049017180496969e-04
1.585416666666666607e+01 9.984437822476697200e-01 -7.321288547422586009e-04
1.587500000000000000e+01 9.941436097199912725e-01 6.074443889714559088e-04
1.589583333333333215e+01 1.004595810669816736e+00 -1.578733854588437692e-04
1.591666666666666607e+01 1.004293242682144260e+00 -2.858877288764703675e-03
1.593750000000000000e+01 1.004815551680145136e+00 -1.227157562827171900e-04
1.595833333333333215e+01 9.939234939201199159e-01 3.057864744783551653e-03
1.597916666666666607e+01 9.986721461841905345e-01 -1.635406140892162576e-03
1.600000000000000000e+01 9.971281733724078888e-01 3.083168214842968674e-04
1.602083333333333215e+01 1.001384118843097415e+00 -6.433643201393345317e-04
1.604166666666666430e+01 1.004349049619313927e+00 -1.944392846571578912e-05
1.606250000000000000e+01 1.001146995869811818e+00 1.170927718004531257e-03
1.608333333333333215e+01 9.950428033855844845e-01 2.856646340455678201e-04
1.610416666666666430e+01 9.973955174671806923e-01 -7.206905182376636520e-05
1.612500000000000000e+01 9.963886281887303076e-01 6.672526393324984149e-04
1.614583333333333215e+01 1.002372932370274805e+00 -2.240983020975643308e-03
1.616666666666666430e+01 1.004400296778578561e+00 2.077270983233689330e-03
1.618750000000000000e+01 1.001861533641327462e+00 -9.242072668270566753e-04
1.620833333333333215e+01 1.006297829478254302e+00 6.442813355684335209e-04
1.622916666666666430e+01 1.002835136404181648e+00 7.094356864481752255e-04
1.625000000000000000e+01 9.989750391588727574e-01 2.466741770816218305e-03
1.627083333333333215e+01 9.904446346556108338e-01 -5.148692560493839995e-04
1.629166666666666430e+01 9.861079145376560051e-01 -1.071493180081214448e-03
1.631250000000000000e+01 9.897120659593490188e-01 -1.852578882176627011e-04
1.633333333333333215e+01 1.004505077966566962e+00 2.290298657240902129e-04
1.635416666666666430e+01 1.014128739050187855e+00 2.453954620474228690e-04
1.637500000000000000e+01 1.020566742430812690e+00 2.915174267596677433e-03
1.639583333333333215e+01 1.009266686723692130e+00 -5.721956969066721880e-04
1.641666666666666430e+01 9.983083669952764749e-01 -5.406010143412543498e-04
1.643750000000000000e+01 9.938160607191894869e-01 -1.045843398357480325e-03
1.645833333333333215e+01 9.887331184863230593e-01 -2.035835431954650596e-03
1.647916666666666430e+01 9.906396447042167264e-01 1.489387159209346447e-03
1.650000000000000000e+01 9.936157689806207616e-01 3.097690008631877171e-04
1.652083333333333215e+01 1.007319652652521214e+00 1.601947408117667098e-03
1.654166666666666430e+01 1.010029674119408361e+00 -5.899497128914765222e-04
1.656250000000000000e+01 1.011526426657616495e+00 1.919122189472409869e-03
1.658333333333333215e+01 1.001987558363941266e+00 1.664796220288616968e-05
1.660416666666666430e+01 9.967832571842983880e-01 5.080103425698751732e-04
1.662500000000000000e+01 9.902485088020829274e-01 -5.104269804932919400e-04
1.664583333333333215e+01 9.963551985141777534e-01 -1.622375494143912106e-03
1.666666666666666430e+01 1.005731944381329512e+00 4.365548087301642931e-04
1.668750000000000000e+01 1.008108375432209769e+00 3.414433455578316096e-03
1.670833333333333215e+01 1.004170179015613451e+00 -1.743657023059985798e-03
1.672916666666666430e+01 1.002898031453662187e+00 -1.079297202129409026e-03
1.675000000000000000e+01 1.000417173465225851e+00 -1.156791238300600936e-03
1.677083333333333215e+01 9.978193227067150284e-01 5.911695391312964684e-04
1.679166666666666430e+01 9.983132392300815283e-01 1.400843791444665804e-03
1.681250000000000000e+01 9.971431909620070977e-01 -1.533586801363601973e-03
1.683333333333333215e+01 9.885752730063359639e-01 -2.358439905010752038e-03
1.685416666666666430e+01 1.000792147226247319e+00 -2.353183233655243602e-03
1.687500000000000000e+01 1.004043221688384113e+00 5.653683492961984226e-05
1.689583333333333215e+01 1.008915673959365877e+00 -1.940376198188289297e-03
1.691666666666666430e+01 1.005644744847390859e+00 7.725562811173681882e-04
1.693750000000000000e+01 1.002523547875402432e+00 -9.960337439795581994e-04
1.695833333333333215e+01 9.988652762602038271e-01 -6.610394413751884439e-04
1.697916666666666430e+01 9.951742594490308180e-01 1.550179815982395204e-03
1.700000000000000000e+01 9.933409530613295235e-01 2.431011942735570881e-03
1.702083333333333215e+01 9.962174149822254909e-01 -6.992163652587664920e-04
1.704166666666666430e+01 1.001882752956465117e+00 1.023144527314473039e-03
1.706250000000000000e+01 1.003155060893398121e+00 5.765809697642260877e-05
1.708333333333333215e+01 1.004347474820467934e+00 1.461164600245111413e-04
1.710416666666666430e+01 1.007324238974079966e+00 -3.859292956606309851e-04
1.712500000000000000e+01 9.985342394571256053e-01 1.325072089851091466e-03
1.714583333333333215e+01 9.942161159080735722e-01 -1.185064001221735382e-03
1.716666666666666430e+01 9.973697657068648637e-01 -2.896148487927655175e-03
1.718750000000000000e+01 1.009533295503443284e+00 -5.310788081149738502e-04
1.720833333333333215e+01 1.012676586155847991e+00 -2.188838884286748235e-03
1.722916666666666430e+01 1.005291110509332286e+00 2.901317361884086328e-04
1.725000000000000000e+01 9.902439556573332524e-01 4.439628217954130589e-03
1.727083333333333215e+01 9.893625823739498060e-01 4.578628019375375496e-04
1.729166666666666430e+01 9.890560317289409653e-01 6.444886653892148909e-04
1.731250000000000000e+01 9.985023424092368538e-01 1.163677951476055827e-03
1.733333333333333215e+01 1.008262356725900810e+00 -9.346836574999112419e-04
1.735416666666666430e+01 1.014484188274628940e+00 -2.179799860093546845e-04
1.737500000000000000e+01 1.009875761673360017e+00 -1.288869573424053895e-03
1.739583333333333215e+01 1.004589985624300796e+00 -1.571243260788404109e-04
1.741666666666666430e+01 9.996933066176559857e-01 4.971997781631535374e-05
1.743750000000000000e+01 9.978599826597726041e-01 -7.567580893686524056e-04
1.745833333333333215e+01 9.918546935340191162e-01 3.391039541425651372e-04
1.747916666666666430e+01 9.963338146234882453e-01 -2.510668937917677306e-03
1.750000000000000000e+01 1.000217695842066545e+00 1.343984193930350944e-04
1.752083333333333215e+01 1.002305690770978197e+00 4.284841547753899050e-04
1.754166666666666430e+01 9.983107538878090992e-01 1.325175697417921858e-03
1.756250000000000000e+01 9.948613779311812344e-01 6.219882297368236083e-04
1.758333333333333215e+01 1.006968577229262030e+00 -3.350495177826223574e-04
1.760416666666666430e+01 1.009769146736833711e+00 1.638066286473387851e-03
1.762500000000000000e+01 1.012574278835707942e+00 -4.173589676890733470e-04
1.764583333333333215e+01 1.008669687826480477e+00 6.778077557990923351e-05
1.766666666666666430e+01 9.979280511116530583e-01 1.932508191657985968e-04
1.768750000000000000e+01 9.853812247401353419e-01 1.116598736951847180e-04
1.770833333333333215e+01 9.870280436408035429e-01 7.957563364174992208e-04
1.772916666666666430e+01 1.000240102830654010e+00 -5.053767650742727957e-04
1.775000000000000000e+01 1.010490906724864635e+00 1.340940638114954640e-03
1.777083333333333215e+01 1.014084162726979210e+00 4.382095812656132297e-04
1.779166666666666430e+01 1.012214741957057074e+00 1.771498501057898771e-03
1.781250000000000000e+01 1.003828728944100579e+00 1.131335498893067072e-03
1.783333333333333215e+01 9.971463716598065741e-01 1.449396690786115144e-04
1.785416666666666430e+01 9.877380636987499463e-01 2.375172271737127205e-03
1.787500000000000000e+01 9.846532348491894293e-01 -7.446555599166927546e-04
1.789583333333333215e+01 9.945247776484298363e-01 9.554766844246625861e-04
1.791666666666666430e+01 1.010971085614430054e+00 -1.027073008660746257e-03
1.793750000000000000e+01 1.023741829639424727e+00 1.438521232074373287e-03
1.795833333333333215e+01 1.020732108517041992e+00 3.852454483381035559e-04
1.797916666666666430e+01 1.008901998334678751e+00 6.082308430407001518e-04
1.800000000000000000e+01 9.892874409477617759e-01 -9.721786905078859788e-04
1.802083333333333215e+01 9.771006811621855137e-01 -2.431487051279260757e-03
1.804166666666666430e+01 9.794471360528282933e-01 -1.100252848497313123e-03
1.806250000000000000e+01 9.891562629907798554e-01 2.026985535954527531e-03
1.808333333333333215e+01 1.004993224725413858e+00 1.818559859203636381e-03
1.810416666666666430e+01 1.009101393065572783e+00 1.128099828954754911e-03
1.812500000000000000e+01 1.013842159683348898e+00 1.058318277515489037e-03
1.814583333333333215e+01 1.013555648152867139e+00 8.134220735862261753e-05
1.816666666666666430e+01 1.002778954746430085e+00 1.464380922636630009e-03
1.818750000000000000e+01 9.998731183047318005e-01 1.062730774723828504e-03
1.820833333333333215e+01 9.921061525961252237e-01 1.423291810290498629e-04
1.822916666666666430e+01 9.871259012491838680e-01 6.793471197113989555e-04
1.825000000000000000e+01 9.967811554436620813e-01 8.050059584596144313e-05
1.827083333333333215e+01 9.985157383097684747e-01 7.022423448032669418e-04
1.829166666666666430e+01 9.887650381828495538e-01 -1.818464301725511651e-03
1.831250000000000000e+01 9.957773871500211760e-01 -1.514095886393856342e-04
1.833333333333333215e+01 1.003778633983283930e+00 7.202943883144370413e-04
1.835416666666666430e+01 1.016350505449308050e+00 6.656360141546529760e-04
1.837500000000000000e+01 1.022126902892449563e+00 -1.707803314551494369e-03
1.839583333333333215e+01 1.012305924015712177e+00 2.841812783272303989e-04
1.841666666666666430e+01 1.000023088056072762e+00 1.976057005666649255e-03
1.843750000000000000e+01 9.901488189866333167e-01 1.334052668735702732e-03
1.845833333333333215e+01 9.935101183831023253e-01 4.144297416999649132e-04
1.847916666666666430e+01 9.963991403691143667e-01 -2.314651314127061637e-03
1.850000000000000000e+01 1.007477490542854959e+00 -1.880659109755325508e-03
1.852083333333333215e+01 1.002599357955393344e+00 -3.223870006787963628e-04
1.854166666666666430e+01 9.973715645270414543e-01 -3.139279402195758930e-04
1.856250000000000000e+01 9.934602518717465802e-01 1.005539247045299971e-03
1.858333333333333215e+01 9.908553132113812056e-01 1.003399701482850844e-03
1.860416666666666430e+01 9.912027890686785359e-01 2.922404757093635588e-03
1.862500000000000000e+01 1.009085128695414335e+00 1.533191810398010571e-03
1.864583333333333215e+01 1.012677839872069274e+00 7.398763074837383293e-04
1.866666666666666430e+01 1.016712464977778563e+00 1.022216841484490215e-03
1.868750000000000000e+01 1.018393638892706843e+00 1.355392176024416365e-03
1.870833333333333215e+01 9.939770372368627038e-01 -1.665829346017371837e-03
1.872916666666666430e+01 9.738489583718540343e-01 -5.065219692177702886e-04
1.875000000000000000e+01 9.697140951694319666e-01 -1.156890657438547874e-03
1.877083333333333215e+01 9.842129997958464216e-01 3.698068577713598849e-04
1.879166666666666430e+01 1.008116904243469003e+00 1.624499227860511227e-03
1.881250000000000000e+01 1.022319903689752341e+00 9.062373770464030552e-04
1.883333333333333215e+01 1.024087981848512241e+00 -1.611141904888233100e-03
1.885416666666666430e+01 1.020656406492799428e+00 9.440251198225124013e-04
1.887500000000000000e+01 1.009597141231376005e+00 -2.607520506683723297e-04
1.889583333333333215e+01 9.942246949433610759e-01 -2.517323033033128012e-03
1.891666666666666430e+01 9.870955552510349840e-01 -4.667784551530128226e-04
1.893750000000000000e+01 9.857658558847774977e-01 -1.957800114236515204e-04
1.895833333333333215e+01 9.854069964190268482e-01 -1.920090538921858476e-03
1.897916666666666430e+01 9.968904407032748161e-01 2.610559973619258492e-04
1.900000000000000000e+01 1.005487860233478470e+00 -2.267021611449922518e-03
1.902083333333333215e+01 1.009966902400015965e+00 -8.770912276281455896e-04
1.904166666666666430e+01 1.012071531751619125e+00 1.377802508746581991e-03
1.906250000000000000e+01 1.009589298759607567e+00 7.974783033839796787e-06
1.908333333333333215e+01 1.009122989662724956e+00 3.972438488625414880e-04
1.910416666666666430e+01 1.005478505569687542e+00 8.495480620898973427e-04
1.912500000000000000e+01 9.959191467261887531e-01 9.891824178454857678e-05
1.914583333333333215e+01 9.913664502135161039e-01 1.133375486250055245e-03
1.916666666666666430e+01 9.865607572620130883e-01 1.451815643559918427e-03
1.918750000000000000e+01 9.907298756880577040e-01 6.846388764437401743e-04
1.920833333333333215e+01 1.004379985245660079e+00 -1.542050695679217463e-03
1.922916666666666430e+01 1.013027040558004188e+00 -6.461201679187497876e-04
1.925000000000000000e+01 1.016225057162856160e+00 3.313145208413670849e-04
1.927083333333333215e+01 1.009267892508540987e+00 1.191294735020563371e-03
1.929166666666666430e+01 9.991860424894659642e-01 -1.745958700793544217e-03
1.931250000000000000e+01 9.922198026685484784e-01 -2.017966411276432125e-03
1.933333333333333215e+01 9.867066512901605524e-01 -1.418342245683326772e-04
1.935416666666666430e+01 9.937686894569565110e-01 -8.511880589210666303e-05
1.937500000000000000e+01 9.994616270248063428e-01 -1.150396286751826855e-03
1.939583333333333215e+01 1.001393773919533325e+00 3.151431428821633370e-04
1.941666666666666430e+01 1.009401083285631939e+00 -1.205578617696902210e-03
1.943750000000000000e+01 1.016292342038157326e+00 -5.933603169719666023e-04
1.945833333333333215e+01 1.015376207533312147e+00 1.614230272704050232e-03
1.947916666666666430e+01 9.976695173020405649e-01 1.964955633832714179e-03
1.950000000000000000e+01 9.894719932026594389e-01 -1.970809452791110611e-03
1.952083333333333215e+01 9.904762036437160244e-01 -8.415750792127592956e-04
1.954166666666666430e+01 9.968833587176081368e-01 1.472842893119469037e-03
1.956250000000000000e+01 1.001562517923174633e+00 -5.132519891960314520e-04
1.958333333333333215e+01 1.002787641421513332e+00 -1.415011078702798058e-04
1.960416666666666430e+01 1.002525018506031484e+00 6.761927610005438781e-04
1.962500000000000000e+01 1.003397964306807832e+00 2.868279891703830620e-03
1.964583333333333215e+01 1.004828264126599757e+00 9.448729340448863874e-04
1.966666666666666430e+01 1.004972918483550748e+00 1.431886550135885250e-03
1.968750000000000000e+01 1.005891245836127990e+00 2.438273523257300279e-05
1.970833333333333215e+01 9.985821274901358624e-01 -1.625835042647385360e-03
1.972916666666666430e+01 9.988709582601948966e-01 -3.099785900326657169e-04
1.975000000000000000e+01 9.998191242511025312e-01 6.555083840757627974e-04
1.977083333333333215e+01 9.911785317111307947e-01 -1.266252044751396211e-03
1.979166666666666430e+01 9.921091146210844203e-01 -1.509847159849654705e-03
1.981250000000000000e+01 9.887727992749059114e-01 -1.413487685754816160e-03
1.983333333333333215e+01 9.976818221650528562e-01 -7.899333875000282001e-04
1.985416666666666430e+01 1.007501531052754640e+00 4.839142940729858539e-04
1.987500000000000000e+01 1.016445054610725984e+00 4.432675172917462862e-04
1.989583333333333215e+01 1.011561619275924029e+00 -7.939238848668756356e-05
1.991666666666666430e+01 1.013110075403740318e+00 2.098942722408583816e-03
1.993750000000000000e+01 1.003358835092505785e+00 7.020480180728032749e-04
1.995833333333333215e+01 9.965496215508046207e-01 -3.739731092201833995e-04
1.997916666666666430e+01 9.844709116559013928e-01 1.789094644391889862e-03
2.000000000000000000e+01 9.742947894047105928e-01 -3.174590737832775809e-04
2.002083333333333215e+01 9.788994591339292839e-01 1.133026391358629379e-05
2.004166666666666430e+01 9.930121982836583872e-01 2.304449895207351905e-03
2.006250000000000000e+01 1.017696369397096845e+00 -1.916034018583712530e-03
2.008333333333333215e+01 1.033130754503703841e+00 1.076889796040958759e-05
2.010416666666666430e+01 1.034182459026535161e+00 -1.416223038254322327e-03
2.012500000000000000e+01 1.012989894925849343e+00 -1.536497241198323633e-03
2.014583333333333215e+01 9.838526561542030313e-01 -2.860776337973981905e-03
2.016666666666666430e+01 9.701364112023409536e-01 3.222692974803060412e-04
2.018750000000000000e+01 9.719712432531795177e-01 1.333890605864844958e-03
2.020833333333333215e+01 9.833484061902141304e-01 -1.083067406579602942e-03
2.022916666666666430e+01 1.005082251740876398e+00 8.960227119623009710e-04
2.025000000000000000e+01 1.024862946331398073e+00 1.844269520162075248e-03
2.027083333333333215e+01 1.025046859486612671e+00 1.107696181221497472e-03
2.029166666666666430e+01 1.016012567045947002e+00 2.060186680506123657e-04
2.031250000000000000e+01 9.914621613841233527e-01 3.148081280453376291e-03
2.033333333333333215e+01 9.803512908680162008e-01 -2.724841816494128800e-04
2.035416666666666430e+01 9.784559594003265914e-01 -4.175976517578301262e-04
2.037500000000000000e+01 9.903393812669981644e-01 -2.397054576273230549e-03
2.039583333333333215e+01 1.008271441546284120e+00 -4.799775057532379300e-04
2.041666666666666430e+01 1.012550955943875897e+00 -1.323706710604843158e-04
2.043750000000000000e+01 1.010102756984447181e+00 1.720570885345423318e-03
2.045833333333333215e+01 1.000071410443488684e+00 -8.922351900306818486e-04
2.047916666666666430e+01 9.961119812504586335e-01 -1.620125329503447243e-04
2.050000000000000000e+01 1.002033625873016476e+00 -3.584915403880687182e-04
2.052083333333333215e+01 9.974704454936232922e-01 3.343308560208999762e-04
2.054166666666666430e+01 9.986039561166832890e-01 5.267010624027018998e-04
2.056250000000000000e+01 9.979139859368931775e-01 -7.105460268858503677e-04
2.058333333333333215e+01 9.918403163784730303e-01 -1.869530804190802382e-03
2.060416666666666430e+01 9.974830070699507445e-01 -1.656118505254971693e-04
2.062500000000000000e+01 1.006198684110765740e+00 1.357640642843890117e-03
2.064583333333333215e+01 1.008816244233930348e+00 7.630772407561295769e-04
2.066666666666666430e+01 1.009207065535839387e+00 1.702938477726382953e-03
2.068750000000000000e+01 1.009337526654243256e+00 1.496342823506479486e-03
2.070833333333333215e+01 1.005234527534523137e+00 4.516311164793328247e-04
2.072916666666666430e+01 1.003095182222489390e+00 -1.357922002497728708e-03
2.075000000000000000e+01 9.921227628232918150e-01 2.194887803453096555e-03
2.077083333333333215e+01 9.874702270987089081e-01 1.078983740302534274e-04
2.079166666666666430e+01 9.960435796093485283e-01 1.801671998671675002e-03
2.081250000000000000e+01 1.003336953623624961e+00 -1.596592726380536859e-03
2.083333333333333215e+01 1.007402112875044331e+00 -8.179979607734347638e-04
2.085416666666666430e+01 1.005054817013557145e+00 1.166264365834725984e-03
2.087500000000000000e+01 1.005226540054011020e+00 -1.682081184089407981e-03
2.089583333333333215e+01 1.001608720741514524e+00 5.927967790037248021e-05
2.091666666666666430e+01 9.993428094186644906e-01 1.947685809662376205e-03
2.093750000000000000e+01 1.003309776724132796e+00 1.251914946326394221e-03
2.095833333333333215e+01 1.000092573422313391e+00 7.294077071498385276e-04
2.097916666666666430e+01 9.942200693974182490e-01 2.406850088516002562e-04
2.100000000000000000e+01 9.932389509118784154e-01 -1.030972935076640069e-04
2.102083333333333215e+01 9.977515794567497487e-01 -4.557495407894266164e-04
2.104166666666666430e+01 1.001261868705617175e+00 2.658012381603654887e-03
2.106250000000000000e+01 1.004162589173736686e+00 -1.304006427364209691e-03
2.108333333333333215e+01 1.000713815365754433e+00 -2.993677723047113754e-04
2.110416666666666430e+01 9.994426784785250817e-01 4.322624584884792679e-04
2.112500000000000000e+01 1.000953712785888516e+00 1.424948118043271655e-03
2.114583333333333215e+01 1.008878375997150689e+00 4.902112025515728989e-04
2.116666666666666430e+01 1.009310443412718472e+00 -1.008267056500655040e-03
2.118750000000000000e+01 1.002791596783624728e+00 -5.046671148075446405e-04
2.120833333333333215e+01 9.971817688278675762e-01 2.459689883635228069e-03
2.122916666666666430e+01 9.982991906673167604e-01 -2.426681339082097718e-04
2.125000000000000000e+01 1.000962825914826437e+00 -2.042274874680796715e-03
2.127083333333333215e+01 1.001711479471125710e+00 9.224359492423699156e-04
2.129166666666666430e+01 9.965754527463063228e-01 -1.154041262098698612e-03
2.131250000000000000e+01 9.952715851608054942e-01 -1.258044787740942617e-03
2.133333333333333215e+01 9.997976763178149096e-01 -6.988313380383354059e-04
2.135416666666666430e+01 1.005179809141215186e+00 1.426459098423119628e-03
2.137500000000000000e+01 1.008079096616335102e+00 -1.112420578063774614e-03
2.139583333333333215e+01 1.009986898116776333e+00 -1.966172405651459877e-04
2.141666666666666430e+01 1.005366414481707826e+00 -1.329319517019351407e-03
2.143750000000000000e+01 1.005335416128522619e+00 1.607950316140362287e-03
2.145833333333333215e+01 1.003833165014452300e+00 -4.253716176604283006e-04
2.147916666666666430e+01 9.924500793301709312e-01 -9.393779017122054747e-04
2.150000000000000000e+01 9.889160649956449944e-01 2.881007438090280297e-03
2.152083333333333215e+01 9.909131644057072030e-01 2.694734970697286393e-04
2.154166666666666430e+01 9.962269307710490684e-01 -4.690167450963618440e-05
2.156250000000000000e+01 1.002817601119445623e+00 6.706900902796142329e-04
2.158333333333333215e+01 1.009401565092890030e+00 1.902513851473505192e-03
2.160416666666666430e+01 1.005114450356884293e+00 -1.754275042010538513e-03
2.162500000000000000e+01 1.001179766504706636e+00 -4.645356670942059622e-04
2.164583333333333215e+01 1.000958917125641001e+00 3.004324794011033629e-03
2.166666666666666430e+01 9.964698881128905006e-01 -2.695757113975482712e-03
2.168750000000000000e+01 1.003645252656221176e+00 6.456885292333400424e-04
2.170833333333333215e+01 1.001412534433290480e+00 2.590750005158678885e-04
2.172916666666666430e+01 9.948359996014922713e-01 -1.433827206709268340e-03
2.175000000000000000e+01 9.916881601342648622e-01 4.799711188413614913e-04
2.177083333333333215e+01 9.969276782757187094e-01 -1.325291064210677716e-03
2.179166666666666430e+01 1.000430656237039972e+00 1.112735809290488036e-03
2.181250000000000000e+01 9.990846859115876111e-01 2.676169856509972767e-05
2.183333333333333215e+01 9.963525893904696673e-01 2.751250881015958693e-05
2.185416666666666430e+01 9.968659617454243005e-01 1.654309492753333003e-03
2.187500000000000000e+01 9.989926814683857126e-01 1.617465318959246390e-03
2.189583333333333215e+01 1.005589463777210035e+00 5.417907153652542314e-04
2.191666666666666430e+01 1.009192097226350393e+00 -9.191374555166014274e-04
2.193750000000000000e+01 1.011650384530786928e+00 -1.506982539922180342e-03
2.195833333333333215e+01 1.004144607394849453e+00 -1.219651131611987566e-03
2.197916666666666430e+01 1.003326985371200575e+00 -3.324810368651229101e-04
2.200000000000000000e+01 9.968078619488688341e-01 1.365541104046804439e-03
2.202083333333333215e+01 9.789474439150993579e-01 2.572782139496943856e-04
2.204166666666666430e+01 9.725133647973465134e-01 -5.912308226062553459e-04
2.206250000000000000e+01 9.832010049370711879e-01 -1.038785819311446130e-03
2.208333333333333215e+01 1.011674999018115972e+00 -5.097075696838074694e-05
2.210416666666666430e+01 1.029455924177919091e+00 1.308840633971485035e-03
2.212500000000000000e+01 1.025097037568007297e+00 -6.188421443063807370e-05
2.214583333333333215e+01 1.013724982673878783e+00 1.133633463535911687e-03
2.216666666666666430e+01 1.000322189809734530e+00 -1.658441818082774511e-04
2.218750000000000000e+01 9.817602697887620744e-01 -1.097806637190941258e-04
2.220833333333333215e+01 9.823557507711544456e-01 3.280573348263009421e-04
2.222916666666666430e+01 9.858526679835890594e-01 -1.427238362827735248e-03
2.225000000000000000e+01 9.960305918955697502e-01 -1.040694653668056526e-03
2.227083333333333215e+01 9.984843201930169165e-01 -2.585901300234439999e-03
2.229166666666666430e+01 1.008801180508329898e+00 5.402003430819663854e-04
2.231250000000000000e+01 1.013677044476654965e+00 7.657413487843728155e-04
2.233333333333333215e+01 1.015418477954548537e+00 3.263494597759277437e-03
2.235416666666666430e+01 1.005069394826765272e+00 -3.739910334044639867e-04
2.237500000000000000e+01 9.958267804346212504e-01 -1.555195968046359754e-03
2.239583333333333215e+01 9.867636610209540304e-01 -2.220119854312358376e-04
2.241666666666666430e+01 9.916648257926445886e-01 1.173627501519093402e-03
2.243750000000000000e+01 9.944496813782166544e-01 -1.102931838825471243e-03
2.245833333333333215e+01 1.003008273092155678e+00 2.456039856190647599e-03
2.247916666666666430e+01 1.002408971736509891e+00 2.002182318099304901e-04
2.250000000000000000e+01 1.005137174205953610e+00 -1.978782988567059052e-03
2.252083333333333215e+01 1.005748150796831553e+00 -1.036875351646779006e-03
2.254166666666666430e+01 9.984520605781266323e-01 -1.848157937225386883e-04
2.256250000000000000e+01 9.945717547063940289e-01 -3.358696317796321801e-03
2.258333333333333215e+01 9.890913951919634295e-01 -1.703069048670709804e-03
2.260416666666666430e+01 9.906970822714379343e-01 3.239128816461373742e-04
2.262500000000000000e+01 9.894884879743663930e-01 -4.015780228157099160e-04
2.264583333333333215e+01 9.837867253840940629e-01 1.444678400208372973e-03
2.266666666666666430e+01 9.637500759323541777e-01 6.765419318211364323e-04
2.268750000000000000e+01 9.320633218610889781e-01 2.921413056605540984e-04
2.270833333333333215e+01 8.999948192801447977e-01 6.797750561145697807e-04
2.272916666666666430e+01 8.694412853076292080e-01 -5.423603228162477503e-05
2.275000000000000000e+01 8.500657129439578297e-01 -1.410829250094479143e-03
2.277083333333333215e+01 8.256176584162034926e-01 -2.346811994218495588e-03
2.279166666666666430e+01 8.119112427740505789e-01 8.747139385153403657e-04
2.281250000000000000e+01 7.818076393095451104e-01 6.546999094381710524e-04
2.283333333333333215e+01 7.514766290421674988e-01 -1.746942567794387922e-03
2.285416666666666430e+01 7.306446909718720129e-01 1.249137194975605530e-03
2.287500000000000000e+01 7.093475851450654623e-01 -9.993738439431000976e-04
2.289583333333333215e+01 6.834565266045193876e-01 2.686841099347108807e-03
2.291666666666666430e+01 6.832562433218632991e-01 -6.979258713759054151e-04
2.293750000000000000e+01 6.819978335350443954e-01 1.001062619525692511e-03
2.295833333333333215e+01 6.935972138234168805e-01 9.374348861017553491e-04
2.297916666666666430e+01 6.918306901789804675e-01 6.609702860121813685e-04
2.300000000000000000e+01 6.855812856381575671e-01 -2.166485653751589434e-03
2.302083333333333215e+01 6.956871192659177527e-01 1.645939665002417842e-03
2.304166666666666430e+01 7.034676585811812100e-01 2.343707707717752019e-03
2.306250000000000000e+01 7.366303377175714706e-01 -1.021554758305196885e-03
2.308333333333333215e+01 7.651463657254536921e-01 8.482494236284867034e-04
2.310416666666666430e+01 8.073655082365732705e-01 9.858391504734055101e-04
2.312500000000000000e+01 8.417890796954811128e-01 -3.453552480220833834e-04
2.314583333333333215e+01 8.679280654552934404e-01 -1.494653831587717120e-04
2.316666666666666430e+01 8.825406653522186451e-01 1.359632167939587525e-03
2.318750000000000000e+01 8.913020564473352891e-01 -1.507567644067726691e-03
2.320833333333333215e+01 9.053134454865283676e-01 -1.548546470466996344e-03
2.322916666666666430e+01 9.263754258904022265e-01 -1.250690264744566378e-03
2.325000000000000000e+01 9.606900160696814073e-01 1.032990062299730385e-03
2.327083333333333215e+01 9.910850869272456176e-01 5.239761620565499276e-04
2.329166666666666430e+01 1.005657142394326131e+00 1.660237656526789322e-04
2.331250000000000000e+01 1.008143695787252936e+00 -1.358201878672792365e-03
2.333333333333333215e+01 9.950148511231916570e-01 1.871448258092682943e-05
2.335416666666666430e+01 9.889643168611396140e-01 4.795209969702399146e-04
2.337500000000000000e+01 9.953113031564714275e-01 -3.428243538658938181e-04
2.339583333333333215e+01 1.005392244783155586e+00 3.406958652026560643e-04
2.341666666666666430e+01 1.011272516580434155e+00 1.401282494836180717e-03
2.343750000000000000e+01 1.006413954378892806e+00 6.768422184830142144e-04
2.345833333333333215e+01 1.003426988923933783e+00 2.621035647175387791e-03
2.347916666666666430e+01 9.911797914417034283e-01 -1.717763145647044310e-03
2.350000000000000000e+01 9.913675834680961696e-01 -5.520942588347752715e-04
2.352083333333333215e+01 9.950167694192920687e-01 1.350344157538562991e-03
2.354166666666666430e+01 9.987964157496863615e-01 5.106968704583844535e-04
2.356250000000000000e+01 9.996943969506166816e-01 2.091352030450071816e-04
2.358333333333333215e+01 1.003781421698109355e+00 9.982046456227093058e-04
2.360416666666666430e+01 1.004268134663653722e+00 -8.468156088909864617e-04
2.362500000000000000e+01 9.980222402606305776e-01 -1.102818355478874619e-03
2.364583333333333215e+01 9.979316948559963096e-01 -2.507223406128439303e-03
2.366666666666666430e+01 1.003733922110557453e+00 1.489605288406413083e-03
2.368750000000000000e+01 1.008478488940495410e+00 1.156619040196018178e-03
2.370833333333333215e+01 1.004139598662530108e+00 1.945239242785178925e-04
2.372916666666666430e+01 9.934713390976106506e-01 3.304844282513843623e-04
2.375000000000000000e+01 9.837365969811989741e-01 -1.440858353383047807e-04
2.377083333333333215e+01 9.813521242434718461e-01 -8.446672538884110633e-04
2.379166666666666430e+01 9.950329385935713367e-01 2.537018544363058362e-04
2.381250000000000000e+01 1.017679902716773999e+00 -8.435522735179589501e-04
2.383333333333333215e+01 1.019954883615597829e+00 -5.981527331327041912e-04
2.385416666666666430e+01 1.020295690405128353e+00 2.825840691715166084e-04
2.387500000000000000e+01 1.006063471091632522e+00 7.832221649315266915e-05
2.389583333333333215e+01 9.838710828143836240e-01 -1.043856637000748280e-03
2.391666666666666430e+01 9.718727175991099809e-01 -9.722248411049078847e-04
2.393750000000000000e+01 9.790062960385523816e-01 3.326943090967707174e-04
2.395833333333333215e+01 9.894851783489310160e-01 -1.728520724232174115e-03
2.397916666666666430e+01 1.010546036742983489e+00 6.586635552874570533e-04
2.400000000000000000e+01 1.025840354727651782e+00 -1.128270796993696310e-03
2.402083333333333215e+01 1.022813756651141937e+00 1.368298867904953198e-03
2.404166666666666430e+01 1.014515361773885571e+00 9.095426099915605725e-04
2.406250000000000000e+01 9.918182956257972638e-01 -1.920455387743592608e-03
2.408333333333333215e+01 9.703741055533399162e-01 2.147563337267644325e-04
2.410416666666666430e+01 9.701719228228674607e-01 1.319196566522212712e-05
2.412500000000000000e+01 9.862764316696983613e-01 -4.948427255919072426e-03
2.414583333333333215e+01 1.006810984433152978e+00 -7.715115080154985984e-04
2.416666666666666430e+01 1.024721478383562090e+00 4.533916598312473490e-04
2.418750000000000000e+01 1.030237076358756276e+00 1.163949069243840322e-03
2.420833333333333215e+01 1.023250095037489427e+00 -9.049365016678882854e-04
2.422916666666666430e+01 1.003525969104867466e+00 -1.886849897709959008e-03
2.425000000000000000e+01 9.799201532300172435e-01 1.962756896020346423e-03
2.427083333333333215e+01 9.694696496667700725e-01 -2.540804806952392083e-04
2.429166666666666430e+01 9.733924685593875470e-01 -1.502651598315214677e-03
2.431250000000000000e+01 9.825096201706953192e-01 -2.018526162429408986e-03
2.433333333333333215e+01 1.014205944697347928e+00 2.289191160118303481e-03
2.435416666666666430e+01 1.033451088687957764e+00 -1.275670492401107317e-03
2.437500000000000000e+01 1.026739815011045609e+00 -4.180383891984913313e-04
2.439583333333333215e+01 1.013304464215123879e+00 2.595452148532342504e-03
2.441666666666666430e+01 9.926757047513894427e-01 8.360635383704280530e-04
2.443750000000000000e+01 9.782641664299112083e-01 2.125840749203693702e-04
2.445833333333333215e+01 9.847727257190079797e-01 -7.825120476602509274e-04
2.447916666666666430e+01 9.901191913407361156e-01 3.733350018661282669e-04
2.450000000000000000e+01 9.982052352865098399e-01 1.243553345102404008e-03
2.452083333333333215e+01 1.002960004743305378e+00 7.838351073382891689e-04
2.454166666666666430e+01 1.015937136120196760e+00 1.705610699316302764e-03
2.456250000000000000e+01 1.012021317207424165e+00 -7.930969289366373264e-04
2.458333333333333215e+01 1.005552200171103472e+00 -2.247420821677422798e-05
2.460416666666666430e+01 9.918871243181219821e-01 -1.082563806584181535e-03
2.462500000000000000e+01 9.914242853127751554e-01 -8.321915891437069385e-04
2.464583333333333215e+01 9.942216340666422125e-01 1.482075838665235798e-03
2.466666666666666430e+01 1.001482223398537874e+00 -2.142077977318707777e-03
2.468750000000000000e+01 1.010362493804674910e+00 -6.350088523619473561e-04
2.470833333333333215e+01 1.012091365438011481e+00 -1.685326811483768865e-03
2.472916666666666430e+01 1.006196638932166376e+00 -2.451722693449032500e-04
2.475000000000000000e+01 1.004966439080076768e+00 -4.471934550909190771e-04
2.477083333333333215e+01 9.948854821288800609e-01 -2.428140366645548630e-03
2.479166666666666430e+01 9.935305475879530057e-01 -1.354595341770589365e-03
2.481250000000000000e+01 9.928368654108011837e-01 -1.810762130779661021e-03
2.483333333333333215e+01 9.895300791978524080e-01 6.105033857725207860e-04
2.485416666666666430e+01 1.005092568825141530e+00 1.323127867754576642e-03
2.487500000000000000e+01 1.014596918638679846e+00 -1.423309429904252377e-03
2.489583333333333215e+01 1.019168265216989333e+00 -1.307327313894227072e-03
2.491666666666666430e+01 1.011226186126434667e+00 1.950793137558143840e-03
2.493750000000000000e+01 1.000083902911006462e+00 1.382189322036643042e-03
2.495833333333333215e+01 9.977831357281324864e-01 -5.523881344826893185e-04
2.497916666666666430e+01 9.959717632010489652e-01 -1.042346956105904936e-03
2.500000000000000000e+01 9.943482693996856803e-01 3.728808774503576467e-05
2.502083333333333215e+01 9.918745200378907834e-01 -2.030819414622656201e-03
2.504166666666666430e+01 9.918551921005518412e-01 -4.952236366098368252e-04
2.506250000000000000e+01 9.968032146101872826e-01 -1.086503446398141923e-03
2.508333333333333215e+01 1.007152706831731859e+00 -1.672649359239288826e-04
2.510416666666666430e+01 1.015168957422734275e+00 9.464770502115428617e-04
2.512500000000000000e+01 1.012641273523861907e+00 -6.452320593358381413e-04
2.514583333333333215e+01 1.007150073201960261e+00 -1.713491659891484050e-03
2.516666666666666430e+01 9.944812736838229972e-01 -4.193610863145131392e-04
2.518750000000000000e+01 9.864735533735808914e-01 2.060019581252502899e-03
2.520833333333333215e+01 9.891767065384563518e-01 8.934475336484850878e-05
2.522916666666666430e+01 9.966806212712977509e-01 1.264230018650276937e-03
2.525000000000000000e+01 1.005971778272134909e+00 1.660395088581575508e-03
2.527083333333333215e+01 1.011879936900069943e+00 -3.102503734595297188e-04
2.529166666666666430e+01 1.013698426479022308e+00 6.850149657483300047e-04
2.531250000000000000e+01 1.005051583896386935e+00 -6.227766046679898476e-04
2.533333333333333215e+01 9.894159052855883152e-01 1.334449220491944720e-03
2.535416666666666430e+01 9.787562312361254291e-01 -3.061172925114629892e-03
2.537500000000000000e+01 9.813442392812204984e-01 1.287959297053801458e-03
2.539583333333333215e+01 1.000315158825789696e+00 -1.428444776391294205e-03
2.541666666666666430e+01 1.015591159260726073e+00 1.876670190943899460e-04
2.543750000000000000e+01 1.024468567778129113e+00 -1.977218792641362907e-03
2.545833333333333215e+01 1.015875387324458368e+00 -1.882499607706174380e-03
2.547916666666666430e+01 1.003724068742162245e+00 9.478071546985443940e-04
2.550000000000000000e+01 9.948265001255685025e-01 -1.417992581247407057e-03
2.552083333333333215e+01 9.844682592516145192e-01 -1.345598878572314226e-03
2.554166666666666430e+01 9.776426913181390788e-01 -5.115505283569639133e-04
2.556250000000000000e+01 9.849774148808642105e-01 -7.254964634353822540e-04
2.558333333333333215e+01 9.951420710333803710e-01 -1.502756153471134079e-03
2.560416666666666430e+01 1.015195670577065279e+00 1.364950021822242772e-03
2.562500000000000000e+01 1.018967888318489390e+00 -1.804860970246823350e-03
2.564583333333333215e+01 1.026900111630795642e+00 6.522324524078344874e-04
2.566666666666666430e+01 1.014163713839590475e+00 -1.182340996462074136e-03
2.568750000000000000e+01 1.000309252765849033e+00 -1.132564460222707783e-03
2.570833333333333215e+01 9.874159601616101511e-01 -1.614244356656497877e-03
2.572916666666666430e+01 9.859206265909759015e-01 1.055595650449272669e-03
2.575000000000000000e+01 9.891996603581840741e-01 -7.791386231664021271e-04
2.577083333333333215e+01 9.842532515706668983e-01 -3.201747933397689448e-03
2.579166666666666430e+01 9.942984520902411472e-01 3.305468658069441812e-04
2.581250000000000000e+01 1.005020799207286153e+00 -5.167698064982672972e-04
2.583333333333333215e+01 1.014332811720603633e+00 -5.779372580096073242e-04
2.585416666666666430e+01 1.015297601272293626e+00 -4.322352587091957739e-04
2.587500000000000000e+01 1.010065943589928183e+00 -7.666643399875546199e-04
2.589583333333333215e+01 1.005424145943912384e+00 -3.606183542868978830e-04
2.591666666666666430e+01 1.002346489845757027e+00 3.576546390338635872e-04
2.593750000000000000e+01 1.000788643443332182e+00 -4.537516295808260031e-05
2.595833333333333215e+01 9.968980599836099188e-01 -3.038042188543877851e-05
2.597916666666666430e+01 9.935716194010744129e-01 -3.917046207681411981e-04
