0.000000000000000000e+00 9.749730004364199898e-01 -1.545840878485199663e-03
2.083333333333333218e-02 9.795422188032225641e-01 -1.010535845312287738e-03
4.166666666666666435e-02 9.935531235721888343e-01 -6.936406443249093241e-04
6.250000000000000000e-02 1.011034964138485925e+00 1.255446444020283988e-03
8.333333333333332871e-02 1.020777807419542826e+00 5.082087370122634036e-04
1.041666666666666574e-01 1.023994575031037302e+00 -9.988603644255859143e-04
1.250000000000000000e-01 1.011415708160186666e+00 3.399991285404394773e-04
1.458333333333333148e-01 9.856413392115328520e-01 -1.661256718222580483e-04
1.666666666666666574e-01 9.773139688217798993e-01 -1.509894702357608394e-03
1.875000000000000000e-01 9.816459357103024530e-01 -2.088815071012001777e-03
2.083333333333333148e-01 1.001830792559041505e+00 -7.349017775461035018e-04
2.291666666666666574e-01 1.019811844978801840e+00 5.731708115720108914e-04
2.500000000000000000e-01 1.011264909084513608e+00 3.388910839444385500e-04
2.708333333333333148e-01 9.937028875014297657e-01 3.347160693658426446e-04
2.916666666666666297e-01 9.795017490943536131e-01 -2.103122935661003341e-03
3.125000000000000000e-01 9.863495862728862695e-01 5.563317253464480222e-05
3.333333333333333148e-01 9.991537741507082737e-01 8.264267084835021223e-04
3.541666666666666297e-01 1.014545734491286266e+00 -2.105927878513284748e-03
3.750000000000000000e-01 1.023177506288264427e+00 -2.358414203254187381e-04
3.958333333333333148e-01 1.008141769519953934e+00 -1.990707334487409538e-04
4.166666666666666297e-01 9.953066601835615090e-01 2.208011136947657382e-03
4.375000000000000000e-01 9.826969924662093403e-01 -2.210442542825028433e-04
4.583333333333333148e-01 9.778740520910266243e-01 -7.203740597544234939e-04
4.791666666666666297e-01 9.892336625961690721e-01 -7.384192675245025836e-04
5.000000000000000000e-01 1.000582210391312010e+00 1.411097759113986126e-03
5.208333333333332593e-01 1.012246375800009757e+00 -7.689955067354131441e-04
5.416666666666666297e-01 1.015755892311923647e+00 2.621400492853150402e-04
5.625000000000000000e-01 1.007874257193547063e+00 7.619180679815905095e-04
5.833333333333332593e-01 1.006590612162677090e+00 -1.817082606284539312e-03
6.041666666666666297e-01 1.002236413860636555e+00 -4.646925412315582710e-04
6.250000000000000000e-01 9.988367194339623500e-01 6.116028898886294090e-04
6.458333333333332593e-01 9.855355619986818638e-01 1.462114057052882853e-03
6.666666666666666297e-01 9.803574085274309180e-01 1.900361716849242606e-04
6.875000000000000000e-01 9.829039503675375267e-01 -1.366509401891261282e-03
7.083333333333332593e-01 1.000596332988235249e+00 -1.144549490096475252e-03
7.291666666666666297e-01 1.014082356240556537e+00 -2.082188047916239560e-03
7.500000000000000000e-01 1.031144112213804531e+00 1.857885505576587848e-03
7.708333333333332593e-01 1.028606772668746450e+00 -1.266232119563289122e-03
7.916666666666666297e-01 1.004770285096129756e+00 2.756813798543780898e-03
8.125000000000000000e-01 9.829492644565059889e-01 -3.801391210954824782e-04
8.333333333333332593e-01 9.729697320357961754e-01 1.063013904871660479e-03
8.541666666666666297e-01 9.831736779214005351e-01 -7.535541489331929561e-04
8.750000000000000000e-01 9.950844135138784408e-01 -4.544669242807232424e-04
8.958333333333332593e-01 1.005253726172725903e+00 -2.432503454954461613e-03
9.166666666666666297e-01 1.015995935032434794e+00 1.834188091229441153e-03
9.375000000000000000e-01 1.012524364361706342e+00 -2.027843974535422614e-04
9.583333333333332593e-01 1.012084420201876611e+00 1.063434140585429837e-03
9.791666666666666297e-01 1.004572554096376358e+00 5.674931272283511956e-04
1.000000000000000000e+00 9.958537953408073129e-01 1.131212360291549996e-03
1.020833333333333259e+00 9.855793506658928615e-01 1.642970663693171926e-03
1.041666666666666519e+00 9.814922469252236326e-01 -1.539596655215139803e-03
1.062500000000000000e+00 9.891775640720832374e-01 -2.423575088051934095e-03
1.083333333333333259e+00 1.001785396645360260e+00 -1.307837861606731336e-03
1.104166666666666519e+00 1.014141455098820588e+00 -4.356688796971557270e-04
1.125000000000000000e+00 1.015948508708004683e+00 2.140998709406311765e-04
1.145833333333333259e+00 1.010378036112356437e+00 1.465400833696618851e-03
1.166666666666666519e+00 9.922020973328465887e-01 3.852390938883556428e-04
1.187500000000000000e+00 9.842449303246715298e-01 1.747356217013859396e-03
1.208333333333333259e+00 9.910731386853750546e-01 1.181931046106601390e-03
1.229166666666666519e+00 1.004087186430158818e+00 -6.483772370523262305e-04
1.250000000000000000e+00 1.021032110462354092e+00 -5.281461432855181701e-04
1.270833333333333259e+00 1.020056145846098605e+00 1.620882134926234170e-03
1.291666666666666519e+00 9.959543134312504042e-01 5.209650312881325364e-04
1.312500000000000000e+00 9.747686951881880946e-01 -5.326113567698650888e-05
1.333333333333333259e+00 9.638227845147738782e-01 1.783615409721245543e-03
1.354166666666666519e+00 9.875722435164946411e-01 1.834889626584873534e-03
1.375000000000000000e+00 1.019669490398614542e+00 1.539576783134438828e-04
1.395833333333333259e+00 1.039364894041537202e+00 -1.332028503401016530e-04
1.416666666666666519e+00 1.037151386945162512e+00 -5.678222226778708789e-05
1.437500000000000000e+00 1.009159859652649649e+00 -6.945807840450548805e-04
1.458333333333333259e+00 9.765276476008608597e-01 6.192734679078970442e-04
1.479166666666666519e+00 9.650197902409499706e-01 1.301935282583350324e-03
1.500000000000000000e+00 9.728912104687489348e-01 -2.955098399288078265e-04
1.520833333333333259e+00 9.945990590503843709e-01 4.118662379784832420e-03
1.541666666666666519e+00 1.015520004331194714e+00 1.367672261201858001e-03
1.562500000000000000e+00 1.028942110631728690e+00 -1.549332854785423269e-03
1.583333333333333259e+00 1.023269234967658203e+00 3.660863494217655393e-03
1.604166666666666519e+00 1.008177986685167893e+00 -1.348461487774273463e-03
1.625000000000000000e+00 9.964468532236298026e-01 1.808030737626853662e-03
1.645833333333333259e+00 9.866106118621404963e-01 -1.645680192517587652e-03
1.666666666666666519e+00 9.905147138093582937e-01 -7.876220151303136164e-05
1.687500000000000000e+00 9.976228524619287219e-01 -1.414703643200635776e-03
1.708333333333333259e+00 1.004429943588386109e+00 -2.025857524012297252e-04
1.729166666666666519e+00 1.005274852233136507e+00 -2.617445231324894823e-04
1.750000000000000000e+00 1.003464868970873614e+00 9.417018444108260673e-04
1.770833333333333259e+00 1.001003903272169371e+00 -1.147394638903595759e-03
1.791666666666666519e+00 9.962484133758324756e-01 -9.260879913587999812e-04
1.812500000000000000e+00 9.947593517945383379e-01 4.070333007915091089e-04
1.833333333333333259e+00 9.963688702818046528e-01 -1.527575375495919497e-03
1.854166666666666519e+00 1.003237583341720640e+00 9.703844919605021733e-05
1.875000000000000000e+00 1.016893015701014535e+00 2.034125558396281813e-03
1.895833333333333259e+00 1.014733233410260782e+00 1.829211499834644669e-03
1.916666666666666519e+00 1.002790934683580382e+00 -1.187995795677933113e-03
1.937500000000000000e+00 9.851060386481823583e-01 8.712927176219256882e-05
1.958333333333333259e+00 9.772140912368515453e-01 -5.157381355555183764e-04
1.979166666666666519e+00 9.826444883999488900e-01 -1.110748354976528204e-04
2.000000000000000000e+00 1.002926170143087159e+00 1.302972331879969584e-03
2.020833333333333037e+00 1.016027484470047204e+00 2.206757005868518074e-03
2.041666666666666519e+00 1.022131498896796220e+00 -6.252567294283015381e-04
2.062500000000000000e+00 1.009683029411107658e+00 -5.095531159803593684e-04
2.083333333333333037e+00 1.005177556916110770e+00 1.258916251905566400e-03
2.104166666666666519e+00 9.946520702848647977e-01 -4.236921666445399998e-04
2.125000000000000000e+00 9.882337196824961811e-01 -2.546120348583002548e-03
2.145833333333333037e+00 9.831373627759836253e-01 -2.271934903898238569e-03
2.166666666666666519e+00 9.899520745997876237e-01 -7.575573797153789968e-04
2.187500000000000000e+00 9.905021989256044268e-01 1.761489363227122188e-03
2.208333333333333037e+00 9.998898099922356453e-01 8.561959975265133471e-04
2.229166666666666519e+00 1.013224236680180246e+00 2.058417188769375884e-04
2.250000000000000000e+00 1.014834265863330254e+00 3.114028573507830982e-04
2.270833333333333037e+00 1.015851344264912859e+00 -3.567919395552143574e-04
2.291666666666666519e+00 1.001179139032813969e+00 1.061615267278185606e-03
2.312500000000000000e+00 9.848696845044819792e-01 9.740662205200252761e-06
2.333333333333333037e+00 9.775174390808758496e-01 5.539385132531360854e-04
2.354166666666666519e+00 9.814732592136367062e-01 2.102959034805223539e-03
2.375000000000000000e+00 9.961126294383956248e-01 -1.325404514600797600e-03
2.395833333333333037e+00 1.022673174188398759e+00 -9.222796299465209693e-04
2.416666666666666519e+00 1.028422349343242059e+00 -5.965997480614465120e-04
2.437500000000000000e+00 1.014438466748992962e+00 6.534527989508483008e-04
2.458333333333333037e+00 9.846091984437671529e-01 -5.147721863362078945e-04
2.479166666666666519e+00 9.677551689190534434e-01 3.243127097391956207e-03
2.500000000000000000e+00 9.700831362467963181e-01 1.700946186750058832e-03
2.520833333333333037e+00 9.951057571921474443e-01 -7.393891014985934027e-04
2.541666666666666519e+00 1.026252691038685327e+00 6.183248854381892512e-05
2.562500000000000000e+00 1.036343485280033283e+00 1.936287923835174887e-03
2.583333333333333037e+00 1.020261257519444742e+00 -6.944096845978140918e-04
2.604166666666666519e+00 9.939957097180164292e-01 -2.615140853873988358e-05
2.625000000000000000e+00 9.791059725886702703e-01 1.646035260762034698e-03
2.645833333333333037e+00 9.739482751319599174e-01 -2.607174310258718862e-04
2.666666666666666519e+00 9.891600247277162472e-01 6.570812874541144457e-04
2.687500000000000000e+00 9.966825704408281972e-01 -5.108449441510393499e-04
2.708333333333333037e+00 1.012914823810066700e+00 -2.158020992470969200e-03
2.729166666666666519e+00 1.015995045252522599e+00 -1.163895413338519305e-03
2.750000000000000000e+00 1.014810266652436344e+00 1.778298001343252971e-03
2.770833333333333037e+00 1.007453229207740275e+00 -4.252169574665996192e-04
2.791666666666666519e+00 1.000210695549759166e+00 -1.383299415152129414e-03
2.812500000000000000e+00 9.946811020142471982e-01 -4.862401169597666125e-04
2.833333333333333037e+00 9.850236556598650495e-01 -5.452099853575162339e-04
2.854166666666666519e+00 9.898787727670419478e-01 7.342850068141207678e-04
2.875000000000000000e+00 9.976484409298418399e-01 2.902729813335440823e-03
2.895833333333333037e+00 9.940565859380920966e-01 -1.118178058127562062e-03
2.916666666666666519e+00 1.007878372976649617e+00 5.838422395876146113e-04
2.937500000000000000e+00 1.014195691744233407e+00 -2.132946606633725171e-03
2.958333333333333037e+00 1.014536374738931768e+00 1.485596343732970958e-03
2.979166666666666519e+00 1.002414940626152218e+00 -1.944213788863493383e-03
3.000000000000000000e+00 9.877752922736402486e-01 -5.481054533291588367e-04
3.020833333333333037e+00 9.897782573676872087e-01 1.411589204976055429e-03
3.041666666666666519e+00 9.911567720931626635e-01 -1.599461254260048067e-03
3.062500000000000000e+00 1.011235643931587713e+00 -8.074285316622501494e-04
3.083333333333333037e+00 1.008554866294076202e+00 2.421768662087176675e-03
3.104166666666666519e+00 1.007009553539486291e+00 -5.329032652757691689e-04
3.125000000000000000e+00 9.999788385205705676e-01 1.262808482700962347e-03
3.145833333333333037e+00 9.928110456785880222e-01 1.233057358018580787e-03
3.166666666666666519e+00 9.933313839197447370e-01 -1.915389633945342816e-03
3.187500000000000000e+00 9.923668645373879826e-01 -4.039723166644181582e-04
3.208333333333333037e+00 1.000940679197468208e+00 1.137791447564262103e-03
3.229166666666666519e+00 1.008171776144144216e+00 -1.689903020376586898e-03
3.250000000000000000e+00 1.012668135901041655e+00 3.656533084089454264e-04
3.270833333333333037e+00 1.014891599336313011e+00 1.895856051169968236e-03
3.291666666666666519e+00 1.005946153503382678e+00 9.157324464444864618e-04
3.312500000000000000e+00 9.929811814348670218e-01 1.058500252533062583e-03
3.333333333333333037e+00 9.808486578660570165e-01 4.384794201031267253e-05
3.354166666666666519e+00 9.761729099692758593e-01 3.406291456984936964e-04
3.375000000000000000e+00 9.870011675274923402e-01 -1.976850200455492965e-03
3.395833333333333037e+00 1.001725638875056612e+00 -1.429242699491684683e-03
3.416666666666666519e+00 1.016571309801774126e+00 -1.116217279376938761e-03
3.437500000000000000e+00 1.023511863389467980e+00 1.221668241703116777e-05
3.458333333333333037e+00 1.023187934416564637e+00 4.902560349992235748e-04
3.479166666666666519e+00 1.006691632641911749e+00 4.270060862257850408e-04
3.500000000000000000e+00 9.887330853541110853e-01 -8.778391906136465530e-04
3.520833333333333037e+00 9.734300585935714567e-01 1.919277323049460061e-03
3.541666666666666519e+00 9.674179304374312949e-01 7.542125622096631371e-04
3.562500000000000000e+00 9.798303587220572597e-01 1.492504268866711847e-03
3.583333333333333037e+00 9.999849147110031478e-01 -1.203291139214881074e-04
3.604166666666666519e+00 1.021083107995740535e+00 -2.473446714534661278e-03
3.625000000000000000e+00 1.023640873266628226e+00 4.980390021449298838e-04
3.645833333333333037e+00 1.022796855166345775e+00 1.337236024784134491e-03
3.666666666666666519e+00 1.012383315055974897e+00 2.657519423506314333e-03
3.687500000000000000e+00 9.954567260747085866e-01 1.224797483165029785e-05
3.708333333333333037e+00 9.781531258703742848e-01 -1.376423508836750287e-04
3.729166666666666519e+00 9.690042519042002533e-01 1.346060762542706764e-03
3.750000000000000000e+00 9.735406715659126187e-01 1.580430602502400095e-04
3.770833333333333037e+00 1.001507960697297861e+00 -8.553772641749345790e-04
3.791666666666666519e+00 1.026041052747977966e+00 -1.313074415323240655e-03
3.812500000000000000e+00 1.035855650006210604e+00 -2.217091980310507277e-03
3.833333333333333037e+00 1.020353983602860337e+00 -6.558786305230961209e-04
3.854166666666666519e+00 9.967990012940395328e-01 -2.198059758910907678e-03
3.875000000000000000e+00 9.773796198180119132e-01 1.627984884385246748e-03
3.895833333333333037e+00 9.790857370543244453e-01 1.413287784981783835e-03
3.916666666666666519e+00 9.952173633348773141e-01 4.133008731096526282e-04
3.937500000000000000e+00 1.014735490749031133e+00 -1.815122115286133843e-04
3.958333333333333037e+00 1.022608369622104441e+00 -1.413781824339610266e-03
3.979166666666666519e+00 1.005311988445472648e+00 -1.375860794479696891e-03
4.000000000000000000e+00 9.913969990884277106e-01 -1.884929755314335414e-03
4.020833333333333037e+00 9.740926306188110173e-01 5.632226942335839728e-04
4.041666666666666075e+00 9.795637540609211102e-01 6.877960969300299333e-04
4.062500000000000000e+00 9.891396413186908099e-01 4.636207008548064103e-04
4.083333333333333037e+00 1.017438827565110948e+00 -1.702294932461169939e-03
4.104166666666666075e+00 1.030001779833323639e+00 -3.913415608216653315e-04
4.125000000000000000e+00 1.028035203931680908e+00 6.287604755331100857e-04
4.145833333333333037e+00 1.005987925275741768e+00 -2.813736392000688261e-03
4.166666666666666075e+00 9.883289042611251851e-01 1.020757283756120555e-03
4.187500000000000000e+00 9.686980767674300274e-01 -2.164010097853149260e-03
4.208333333333333037e+00 9.732747413880245002e-01 1.702169171735390732e-04
4.229166666666666075e+00 9.919939128434132058e-01 9.510190610861224848e-04
4.250000000000000000e+00 1.010971187854875497e+00 1.635958998823377149e-05
4.270833333333333037e+00 1.021990828396431628e+00 -2.664530381401535703e-04
4.291666666666666075e+00 1.015058014534406805e+00 -8.651569622395193827e-05
4.312500000000000000e+00 1.016480104439509757e+00 6.098144002598645044e-04
4.333333333333333037e+00 1.010029678259417141e+00 -1.099323796953443049e-03
4.354166666666666075e+00 9.960560717761968164e-01 -8.721723857749936527e-05
4.375000000000000000e+00 9.786872433708564412e-01 -2.298676764780964942e-04
4.395833333333333037e+00 9.754281195153398087e-01 3.399770901186570447e-05
4.416666666666666075e+00 9.883906690481107926e-01 1.310121298958511404e-03
4.437500000000000000e+00 9.965272953064606698e-01 -3.776753463965835142e-04
4.458333333333333037e+00 1.012002597026739892e+00 -2.029856808799958452e-03
4.479166666666666075e+00 1.015181875413063040e+00 1.935883657502183997e-03
4.500000000000000000e+00 1.020019284453480113e+00 -5.968348676529913093e-04
4.520833333333333037e+00 1.012001427735279346e+00 -2.739465665857620949e-04
4.541666666666666075e+00 9.988442708537463854e-01 8.725191198866939822e-04
4.562500000000000000e+00 9.914023657519422938e-01 1.336055969636330484e-03
4.583333333333333037e+00 9.810862597222242965e-01 -8.230369495852901186e-05
4.604166666666666075e+00 9.895046838755922058e-01 -8.877646302908921575e-04
4.625000000000000000e+00 9.959523947615820383e-01 -9.921917103876758907e-04
4.645833333333333037e+00 1.008291753593529849e+00 -1.203651364767154442e-03
4.666666666666666075e+00 1.017014875230485282e+00 -6.547430735085254952e-04
4.687500000000000000e+00 1.013801759914878975e+00 2.753639474214564752e-03
4.708333333333333037e+00 1.009221513042031670e+00 -1.297564440802239077e-03
4.729166666666666075e+00 9.959549991397826929e-01 -1.170757651183536481e-03
4.750000000000000000e+00 9.825194624855050352e-01 -5.459695708451943463e-04
4.770833333333333037e+00 9.864700011215216113e-01 -1.242562340182406773e-03
4.791666666666666075e+00 9.897786866608818679e-01 -3.044025806540663908e-04
4.812500000000000000e+00 1.006034723060698743e+00 -3.120407105207360926e-05
4.833333333333333037e+00 1.013486199259126419e+00 -5.249895738281495049e-04
4.854166666666666075e+00 1.014770669086858090e+00 1.705093013773389954e-03
4.875000000000000000e+00 1.002752757630888780e+00 -5.388248217936435821e-04
4.895833333333333037e+00 9.866783575720320387e-01 -7.824808764923512489e-04
4.916666666666666075e+00 9.797446884278695478e-01 3.517405602284765388e-03
4.937500000000000000e+00 9.898353134695995204e-01 -3.796347749397608576e-04
4.958333333333333037e+00 9.998161476864334540e-01 6.396782548049232244e-04
4.979166666666666075e+00 1.016229347992844145e+00 1.583380801267973747e-03
5.000000000000000000e+00 1.015049905375979611e+00 -1.859651425943955596e-04
5.020833333333333037e+00 1.003757956573587462e+00 9.099541051802622141e-04
5.041666666666666075e+00 9.939165172355267641e-01 -1.114738430619869941e-03
5.062500000000000000e+00 9.921785875748160288e-01 -1.438489497344600009e-03
5.083333333333333037e+00 9.927709694939808038e-01 -3.991626229251680428e-04
5.104166666666666075e+00 9.944485486117433659e-01 -3.785776871879636550e-04
5.125000000000000000e+00 1.001887272264454065e+00 -1.132706127329297747e-03
5.145833333333333037e+00 1.012665222195117565e+00 2.664241312312803141e-04
5.166666666666666075e+00 1.019931104542416866e+00 -1.386345776427204629e-03
5.187500000000000000e+00 1.008108429440109477e+00 -7.287603464123963357e-04
5.208333333333333037e+00 9.994872225528853571e-01 8.288835857770405200e-05
5.229166666666666075e+00 9.869374015894387675e-01 5.695726312344337157e-04
5.250000000000000000e+00 9.867436459220558786e-01 1.867800739702216986e-03
5.270833333333333037e+00 9.942398029484472710e-01 -3.095527755134440916e-04
5.291666666666666075e+00 1.004112336204559197e+00 -2.391543978199566801e-03
5.312500000000000000e+00 1.007175913326711969e+00 9.351120194655627212e-04
5.333333333333333037e+00 1.010658087508882863e+00 -1.119954486962927926e-03
5.354166666666666075e+00 1.007732805716549107e+00 9.143038526191596188e-04
5.375000000000000000e+00 1.002831098820558431e+00 1.113342957390772584e-03
5.395833333333333037e+00 9.961492807017726658e-01 -8.266544936567051579e-04
5.416666666666666075e+00 9.873938733912837051e-01 -1.623377272319268601e-04
5.437500000000000000e+00 9.902090041106341722e-01 9.080295267663480736e-04
5.458333333333333037e+00 9.975903122212202989e-01 1.196595774550490970e-04
5.479166666666666075e+00 1.010079574308409223e+00 -7.598343004444532006e-04
5.500000000000000000e+00 1.010023901993035933e+00 -4.743977649147003780e-05
5.520833333333333037e+00 1.009688529064531659e+00 -5.690545862850515842e-04
5.541666666666666075e+00 1.002950700029589193e+00 -1.750195630259904342e-03
5.562500000000000000e+00 9.966299103226413658e-01 8.734392845943903146e-04
5.583333333333333037e+00 9.989603323079584429e-01 -2.507986169122535677e-05
5.604166666666666075e+00 1.000248822933712978e+00 -2.451378878961388633e-03
5.625000000000000000e+00 1.001186396641690290e+00 -2.676392594363553369e-04
5.645833333333333037e+00 9.995555628181255203e-01 -2.321138127935289466e-03
5.666666666666666075e+00 9.989178000000087376e-01 4.948657725447773220e-04
5.687500000000000000e+00 9.983539278379990334e-01 2.685236476580175197e-03
5.708333333333333037e+00 9.989819830299306869e-01 2.726395616395109705e-04
5.729166666666666075e+00 9.951505593485376888e-01 -9.498925543944181007e-04
5.750000000000000000e+00 1.000701888643764415e+00 2.216909099320798094e-03
5.770833333333333037e+00 1.002610532871776483e+00 -1.226906289176969093e-03
5.791666666666666075e+00 1.009777425106659132e+00 -9.440437092966327002e-04
5.812500000000000000e+00 1.014470026773827138e+00 6.972579916464578288e-05
5.833333333333333037e+00 1.008405689271284711e+00 6.601208630388226330e-04
5.854166666666666075e+00 9.948119424814086953e-01 6.327764060652038558e-04
5.875000000000000000e+00 9.804241323647696627e-01 -7.186716012230726742e-04
5.895833333333333037e+00 9.816255931425645898e-01 -1.232495124295132898e-04
5.916666666666666075e+00 9.848288711384911576e-01 -3.422455716691837849e-03
5.937500000000000000e+00 9.999417825929923787e-01 -3.237839588331805100e-04
5.958333333333333037e+00 1.011363555291631799e+00 -1.087958539410102937e-03
5.979166666666666075e+00 1.024518895380958972e+00 6.476806374005793449e-04
6.000000000000000000e+00 1.021141033671085330e+00 4.280252759472326298e-04
6.020833333333333037e+00 1.008732095594838674e+00 6.397397890453512554e-04
6.041666666666666075e+00 9.932127611751355722e-01 5.828661423376795383e-04
6.062500000000000000e+00 9.773969471517695018e-01 -4.418527743930426486e-04
6.083333333333333037e+00 9.785590331392290953e-01 1.243280465409840586e-04
6.104166666666666075e+00 9.834953767839833549e-01 3.385539235373481682e-04
6.125000000000000000e+00 1.005617610471889911e+00 4.292500517059557046e-04
6.145833333333333037e+00 1.014537541016582667e+00 3.140312729649653986e-04
6.166666666666666075e+00 1.024528518254769427e+00 -1.997481424881886191e-04
6.187500000000000000e+00 1.018368625800816218e+00 9.212474999443266439e-04
6.208333333333333037e+00 1.015967173368983456e+00 4.200787077677623112e-04
6.229166666666666075e+00 9.988556626460013410e-01 1.621455236695200060e-03
6.250000000000000000e+00 9.891772838620088715e-01 2.515642145839489907e-04
6.270833333333333037e+00 9.755871945254875888e-01 -5.792948992514796499e-04
6.291666666666666075e+00 9.739318801523413338e-01 -1.130128070438307387e-04
6.312500000000000000e+00 9.882915024994988196e-01 -1.218174629712116906e-03
6.333333333333333037e+00 1.006764563754740438e+00 -2.171150893562723977e-03
6.354166666666666075e+00 1.018304901980626953e+00 6.084995464124252646e-04
6.375000000000000000e+00 1.023557469111434415e+00 9.338862627693272217e-04
6.395833333333333037e+00 1.014767078177927662e+00 3.767580984315289190e-04
6.416666666666666075e+00 1.006101331978752622e+00 -1.731918647049607947e-03
6.437500000000000000e+00 9.890418544929037159e-01 4.211624496035000368e-04
6.458333333333333037e+00 9.764069403534676450e-01 -2.393546922477496276e-04
6.479166666666666075e+00 9.730701643477344120e-01 -4.990986392990491485e-04
6.500000000000000000e+00 9.873526989174363777e-01 5.988933658396324326e-04
6.520833333333333037e+00 1.013156807369174350e+00 -7.514579645772946365e-04
6.541666666666666075e+00 1.033021104838986348e+00 -3.273468487670608187e-04
6.562500000000000000e+00 1.028580460489375348e+00 6.918465628021430811e-04
6.583333333333333037e+00 1.007493836130305631e+00 -2.282399923956168362e-04
6.604166666666666075e+00 9.866474784092006400e-01 -2.682203242530815067e-03
6.625000000000000000e+00 9.730337614518321798e-01 6.425943037804023299e-04
6.645833333333333037e+00 9.794592218730405753e-01 2.408429070833964145e-04
6.666666666666666075e+00 9.993077551749415255e-01 1.944887829404033913e-03
6.687500000000000000e+00 1.025524831563720429e+00 -5.554606000734718402e-04
6.708333333333333037e+00 1.026272742781913383e+00 5.062582549328588843e-04
6.729166666666666075e+00 1.024881404281352770e+00 1.949745957365617679e-03
6.750000000000000000e+00 1.006716915847763127e+00 -6.259555921031943618e-04
6.770833333333333037e+00 9.813872166916505213e-01 -2.430388114075048792e-03
6.791666666666666075e+00 9.678472953494172693e-01 1.226040141575702623e-03
6.812500000000000000e+00 9.784031643831515579e-01 1.696854841416704513e-04
6.833333333333333037e+00 9.903115105248354588e-01 5.413237048129767746e-04
6.854166666666666075e+00 1.012891777495934953e+00 -2.148288116969011667e-03
6.875000000000000000e+00 1.027282461779264411e+00 -9.961321765878578850e-04
6.895833333333333037e+00 1.018973508358396174e+00 1.590653270957515788e-03
6.916666666666666075e+00 1.013825193557297721e+00 1.577199103121219512e-03
6.937500000000000000e+00 9.952655432457354623e-01 1.300973232553287581e-03
6.958333333333333037e+00 9.844270326723063569e-01 1.322377605404991560e-03
6.979166666666666075e+00 9.800141695378520312e-01 -2.715215998637622171e-05
7.000000000000000000e+00 9.799053238368780061e-01 -1.305796401887039182e-03
7.020833333333333037e+00 9.896773426782086158e-01 -5.456245834374998837e-05
7.041666666666666075e+00 1.004094894528754667e+00 2.134256165568098034e-03
7.062500000000000000e+00 1.029065631347818144e+00 1.442637171092920733e-03
7.083333333333333037e+00 1.037483148733121530e+00 -9.559516649064984809e-05
7.104166666666666075e+00 1.018853588764320417e+00 -2.725965592935716917e-03
7.125000000000000000e+00 9.936538887538265419e-01 -6.837803231425561594e-04
7.145833333333333037e+00 9.738144122932628211e-01 -3.996865408485414709e-04
7.166666666666666075e+00 9.703258751002891147e-01 1.271366798956884386e-04
7.187500000000000000e+00 9.835914108845252857e-01 -1.274734078661889742e-04
7.208333333333333037e+00 9.990568725762681845e-01 8.527998125331808258e-04
7.229166666666666075e+00 1.019546210539286513e+00 1.189008826462300801e-03
7.250000000000000000e+00 1.020155314069589370e+00 1.125769975010188894e-03
7.270833333333333037e+00 1.011498675867718022e+00 -2.096028986157461027e-03
7.291666666666666075e+00 9.988237974534929231e-01 1.627300430351891888e-07
7.312500000000000000e+00 9.842650711008065212e-01 -2.014433647729614726e-04
7.333333333333333037e+00 9.844268892144771854e-01 -2.003874902579460930e-03
7.354166666666666075e+00 1.002773887236562800e+00 1.701035313234716207e-03
7.375000000000000000e+00 1.011638362551229742e+00 1.013372088715364713e-03
7.395833333333333037e+00 1.015639279396933325e+00 -1.815421238700282418e-03
7.416666666666666075e+00 1.012411098182716351e+00 -5.193853496720617340e-04
7.437500000000000000e+00 9.891270028333027931e-01 1.330921415746791694e-03
7.458333333333333037e+00 9.798295306190343279e-01 2.110628353656868357e-03
7.479166666666666075e+00 9.796917014216127706e-01 -1.536898728333472392e-03
7.500000000000000000e+00 9.982662075742306795e-01 -1.022816934682771245e-04
7.520833333333333037e+00 1.007032982084562267e+00 3.348553346055868954e-04
7.541666666666666075e+00 1.020201915470665410e+00 -2.950490110293084076e-04
7.562500000000000000e+00 1.017958536090620036e+00 5.963592238732239620e-06
7.583333333333333037e+00 1.009241627950209219e+00 1.441061714608255916e-04
7.604166666666666075e+00 9.994166460819629005e-01 -1.754577086786791081e-03
7.625000000000000000e+00 9.739606023667309875e-01 2.352273493468769096e-03
7.645833333333333037e+00 9.760216446475106222e-01 -2.079004196367763811e-03
7.666666666666666075e+00 9.833813832036719660e-01 -3.887705977283217873e-04
7.687500000000000000e+00 1.002963452501149266e+00 1.116154999460066392e-04
7.708333333333333037e+00 1.017719814729471706e+00 -3.615229418531604958e-03
7.729166666666666075e+00 1.020032358045240839e+00 -5.918286568436390222e-04
7.750000000000000000e+00 1.009836086869388971e+00 1.028035593988965496e-03
7.770833333333333037e+00 9.998642265878731061e-01 7.146025611568093336e-04
7.791666666666666075e+00 9.910610079416141138e-01 4.904062914800348585e-04
7.812500000000000000e+00 9.971422381343103547e-01 -5.769900197143080839e-04
7.833333333333333037e+00 9.965491917512114828e-01 -8.343818384889550594e-04
7.854166666666666075e+00 9.973067034850492396e-01 -2.518774028335511121e-03
7.875000000000000000e+00 9.975505584263485437e-01 1.825491169295885303e-03
7.895833333333333037e+00 9.983313336442399821e-01 -4.687469541616064161e-04
7.916666666666666075e+00 9.964413690372544430e-01 3.671935393225131687e-04
7.937500000000000000e+00 9.989217407656880710e-01 2.100772897615733523e-04
7.958333333333333037e+00 1.006199306370422430e+00 1.676405139285097351e-04
7.979166666666666075e+00 1.010129447393102176e+00 2.628204862338299162e-03
8.000000000000000000e+00 1.016450980899201495e+00 8.643215773542306480e-04
8.020833333333332149e+00 1.008327241055642087e+00 3.959169692054664890e-04
8.041666666666666075e+00 9.939987744299673134e-01 6.106675045573907272e-04
8.062500000000000000e+00 9.913500588894974541e-01 1.753114438468341937e-04
8.083333333333332149e+00 9.851710970818621238e-01 -8.938982123309483548e-04
8.104166666666666075e+00 9.888298503174192122e-01 -1.631559104667699295e-03
8.125000000000000000e+00 9.985732806825581287e-01 1.041977538694700530e-03
8.145833333333332149e+00 1.004678547541475231e+00 -4.220876389217829115e-04
8.166666666666666075e+00 9.981713550625114229e-01 -6.574454854844003935e-04
8.187500000000000000e+00 1.002126434362822671e+00 1.259297772834209106e-03
8.208333333333332149e+00 1.011042226467431693e+00 7.289348918143951023e-04
8.229166666666666075e+00 1.012809977099551784e+00 9.453198770491970414e-05
8.250000000000000000e+00 1.001829957657893511e+00 -2.753481585543286498e-04
8.270833333333332149e+00 9.892529396745919357e-01 9.405015647256611449e-04
8.291666666666666075e+00 9.746293666546496093e-01 1.952952527350913792e-03
8.312500000000000000e+00 9.837953213072452296e-01 7.718228927015803590e-06
8.333333333333332149e+00 1.002602974206421749e+00 -1.436806361579378959e-03
8.354166666666666075e+00 1.011379254450046838e+00 -1.193443852756968532e-03
8.375000000000000000e+00 1.016350249537351091e+00 8.613789496754904740e-04
8.395833333333332149e+00 1.015750214375988447e+00 8.353261595132263628e-04
8.416666666666666075e+00 9.988910098005673310e-01 -5.873420119914973423e-04
8.437500000000000000e+00 9.898221712866015487e-01 5.177079425520514453e-04
8.458333333333332149e+00 9.959856582548893833e-01 -1.826530708891830907e-03
8.479166666666666075e+00 9.908880498251694258e-01 6.227543678312446240e-04
8.500000000000000000e+00 1.001823199814088960e+00 1.362131871293741298e-03
8.520833333333332149e+00 1.001750398480616644e+00 -1.756687170663731893e-03
8.541666666666666075e+00 1.000569939749694104e+00 7.994881513527429470e-04
8.562500000000000000e+00 9.936983971884500999e-01 -7.055332646128237815e-04
8.583333333333332149e+00 9.934991998836721905e-01 1.105262427287051962e-03
8.604166666666666075e+00 9.980962372106682023e-01 2.669323212666863641e-03
8.625000000000000000e+00 1.015632222598402024e+00 4.128909812161311453e-04
8.645833333333332149e+00 1.018395243234066605e+00 9.767604383095333006e-05
8.666666666666666075e+00 1.006413922237587188e+00 3.409754909856972400e-03
8.687500000000000000e+00 9.957173408046354757e-01 1.200770978252115907e-03
8.708333333333332149e+00 9.887900456621303569e-01 -9.582347942826107941e-04
8.729166666666666075e+00 9.859731916469913759e-01 -2.253287860811488581e-03
8.750000000000000000e+00 9.975235683426839639e-01 7.589424582097712855e-05
8.770833333333332149e+00 1.005319872540138215e+00 -3.276384383316929328e-04
8.791666666666666075e+00 1.009776488122917648e+00 -3.113016162959758668e-03
8.812500000000000000e+00 1.010538901901196329e+00 -5.176530251705751227e-04
8.833333333333332149e+00 1.001423644108040856e+00 -1.850582552994290472e-04
8.854166666666666075e+00 9.962049962633645617e-01 -1.543169645459980694e-05
8.875000000000000000e+00 9.994359009255943116e-01 -1.165790702425662222e-03
8.895833333333332149e+00 9.917611088105134920e-01 -1.312609657577423023e-03
8.916666666666666075e+00 9.940457878708839345e-01 -2.079131389953675700e-04
8.937500000000000000e+00 9.953127208176847374e-01 -6.897800159532857566e-04
8.958333333333332149e+00 1.002843482762639349e+00 9.401871651692043658e-04
8.979166666666666075e+00 1.007169651950576839e+00 -8.522332187736462094e-04
9.000000000000000000e+00 1.002575214239984636e+00 4.385534548675774154e-04
9.020833333333332149e+00 9.974106020801656314e-01 -1.100778420033258998e-03
9.041666666666666075e+00 9.926390686250958773e-01 -1.486259633718334293e-03
9.062500000000000000e+00 9.932150268682838901e-01 -1.460777449195593608e-03
9.083333333333332149e+00 9.933883060100237028e-01 -5.512459679712050468e-04
9.104166666666666075e+00 1.002905498382873795e+00 -1.734076431215841657e-03
9.125000000000000000e+00 1.006832684302248149e+00 9.046936197427645193e-04
9.145833333333332149e+00 1.009155353426527624e+00 8.954846005537833459e-04
9.166666666666666075e+00 1.005558124729456937e+00 5.846519379920115875e-04
9.187500000000000000e+00 9.989930905128838745e-01 8.995799354278567435e-05
9.208333333333332149e+00 9.865888891413211459e-01 -1.314159704537318533e-03
9.229166666666666075e+00 9.895083647046060138e-01 1.141210071770542775e-03
9.250000000000000000e+00 1.000627048623668802e+00 5.042255000879049699e-04
9.270833333333332149e+00 1.002934091770387726e+00 5.155701439086810044e-04
9.291666666666666075e+00 1.012839031884987140e+00 -2.054033346816371876e-03
9.312500000000000000e+00 1.002796914008480034e+00 -9.339240210174791371e-04
9.333333333333332149e+00 1.001547052262209636e+00 -1.154278223993911428e-03
9.354166666666666075e+00 1.003507511005653052e+00 -1.058835820780446588e-03
9.375000000000000000e+00 1.001050901278070393e+00 2.723971572287158145e-03
9.395833333333332149e+00 9.999720906394116149e-01 5.047981954277561047e-04
9.416666666666666075e+00 9.918744934551059211e-01 1.439641205735076295e-03
9.437500000000000000e+00 9.895817110545035433e-01 -6.810571167711179435e-04
9.458333333333332149e+00 9.909095864136671095e-01 -1.579629185105732266e-04
9.479166666666666075e+00 9.999329705820048098e-01 5.393741132734099827e-04
9.500000000000000000e+00 1.012272894060697315e+00 -2.118188757802791020e-03
9.520833333333332149e+00 1.021505236137618455e+00 7.902376182707834232e-06
9.541666666666666075e+00 1.011442569565426775e+00 1.182331198629928484e-03
9.562500000000000000e+00 9.996378870990050292e-01 2.024177084828409268e-04
9.583333333333332149e+00 9.844234820343802372e-01 2.649785580394434324e-03
9.604166666666666075e+00 9.819555277519049774e-01 1.895631310182165161e-03
9.625000000000000000e+00 9.853272001367074928e-01 3.927022722377863321e-04
9.645833333333332149e+00 9.931678373032248874e-01 -5.419370558916381181e-05
9.666666666666666075e+00 1.013509645234742074e+00 1.098490310894092081e-03
9.687500000000000000e+00 1.023403488866768907e+00 -3.003623029325143954e-04
9.708333333333332149e+00 1.021626185693396360e+00 8.637355932914145013e-04
9.729166666666666075e+00 1.013625225308424138e+00 -1.808168113227110927e-04
9.750000000000000000e+00 9.956892395344669744e-01 4.052954310941476448e-04
9.770833333333332149e+00 9.791128371590055446e-01 1.745518586897942077e-03
9.791666666666666075e+00 9.792057196400386632e-01 2.558959133990946350e-03
9.812500000000000000e+00 9.885700821493008661e-01 -6.326470530759177547e-04
9.833333333333332149e+00 9.963986043729412545e-01 -1.241382525372688572e-04
9.854166666666666075e+00 1.015216483388913904e+00 -1.980028886747254181e-03
9.875000000000000000e+00 1.018744892056818285e+00 -1.579908458247596646e-03
9.895833333333332149e+00 1.022424641565295333e+00 -2.312692710000054282e-03
9.916666666666666075e+00 1.008349325892772486e+00 -2.218912266670999486e-03
9.937500000000000000e+00 9.876413970317831081e-01 7.100201779982175197e-04
9.958333333333332149e+00 9.690368132481514962e-01 2.313195655937260765e-03
9.979166666666666075e+00 9.726931240300432657e-01 -5.700447339476252427e-04
1.000000000000000000e+01 9.894601892322197889e-01 -2.827124095812812415e-03
1.002083333333333215e+01 1.009220094476821927e+00 -1.134111561802377769e-03
1.004166666666666607e+01 1.026771973633066271e+00 2.787466748828493841e-04
1.006250000000000000e+01 1.019579741436011489e+00 -2.877635398312867847e-03
1.008333333333333215e+01 1.008207230169870128e+00 3.607634679016288480e-04
1.010416666666666607e+01 9.894479671193884274e-01 2.138557493771234535e-03
1.012500000000000000e+01 9.896063935309568071e-01 7.567917581697746138e-04
1.014583333333333215e+01 9.854352311574505752e-01 -9.530097199381914151e-04
1.016666666666666607e+01 9.938619802403501069e-01 -7.098118695188147765e-04
1.018750000000000000e+01 9.954631337914691125e-01 -7.516044224255563492e-04
1.020833333333333215e+01 1.000617242220880332e+00 6.041660441465880257e-04
1.022916666666666607e+01 1.001253526076212763e+00 -3.390191454076664046e-04
1.025000000000000000e+01 1.007033187239906535e+00 2.192591059426518638e-04
1.027083333333333215e+01 1.002385707084269439e+00 7.379729696219660936e-04
1.029166666666666607e+01 1.005521776021496505e+00 -6.810687963043419698e-04
1.031250000000000000e+01 1.007649914368729860e+00 1.469519525906090671e-03
1.033333333333333215e+01 1.004135757794089479e+00 -2.507714424732090941e-03
1.035416666666666607e+01 9.939876681868518027e-01 7.016008139201006201e-04
1.037500000000000000e+01 9.850388582688576200e-01 -1.519299111052018706e-03
1.039583333333333215e+01 9.824966164315033224e-01 -5.708333441385098723e-04
1.041666666666666607e+01 9.930647710060707123e-01 -2.521404992488554000e-04
1.043750000000000000e+01 1.008433573338223255e+00 -6.122430899924514785e-04
1.045833333333333215e+01 1.019427935757034387e+00 1.251716489303621215e-03
1.047916666666666607e+01 1.018334460486980841e+00 2.025467785697734283e-03
1.050000000000000000e+01 1.011751401047744414e+00 2.630159142532098289e-04
1.052083333333333215e+01 1.003802975984525503e+00 3.465594305444267436e-04
1.054166666666666607e+01 9.842649829409244600e-01 9.860014458198131625e-04
1.056250000000000000e+01 9.790226812173546955e-01 7.154950765058220967e-04
1.058333333333333215e+01 9.778060959757165493e-01 -3.827945615398140999e-04
1.060416666666666607e+01 9.897866702464120925e-01 -3.053533277294282600e-05
1.062500000000000000e+01 1.014144269192551295e+00 -3.565168279020571040e-04
1.064583333333333215e+01 1.032231873464807048e+00 -7.079979718438568319e-04
1.066666666666666607e+01 1.034809737599573287e+00 -1.633262213658109993e-03
1.068750000000000000e+01 1.018088441370973651e+00 2.430252767920362648e-03
1.070833333333333215e+01 9.885795094204589128e-01 2.282755081199809490e-03
1.072916666666666607e+01 9.633812699988867356e-01 -1.031738046634482226e-03
1.075000000000000000e+01 9.645758119942577924e-01 -2.460753242623901858e-03
1.077083333333333215e+01 9.799550771920715331e-01 -8.281840093783290977e-04
1.079166666666666607e+01 1.013586944292218961e+00 -1.232439378740382693e-03
1.081250000000000000e+01 1.027954147938320961e+00 4.139617666550253418e-04
1.083333333333333215e+01 1.034159879787778458e+00 6.457290385808197967e-04
1.085416666666666607e+01 1.020161532484231026e+00 -2.221906769104255164e-03
1.087500000000000000e+01 9.950656114445699529e-01 -1.203354443301359392e-03
1.089583333333333215e+01 9.740266100058692089e-01 -9.875074229830374474e-05
1.091666666666666607e+01 9.734117203743883895e-01 -1.258416300541861628e-03
1.093750000000000000e+01 9.855614515219753846e-01 5.607726094063897890e-04
1.095833333333333215e+01 1.006663335308106699e+00 2.881849597600006935e-03
1.097916666666666607e+01 1.019812023661777145e+00 -2.210841217350089163e-03
1.100000000000000000e+01 1.016486174751890736e+00 6.174801297200443887e-04
1.102083333333333215e+01 1.007022261702879451e+00 -2.267347765626290897e-04
1.104166666666666607e+01 9.975044331479867576e-01 4.605718003076013909e-04
1.106250000000000000e+01 9.893055819657361472e-01 1.291610945880808034e-03
1.108333333333333215e+01 1.000171066258427333e+00 7.062411676288202515e-04
1.110416666666666607e+01 9.995269522787142424e-01 2.027804970429230213e-04
1.112500000000000000e+01 9.993959345122700455e-01 -7.436811148919861400e-05
1.114583333333333215e+01 9.971249887834883197e-01 1.288824684761650206e-03
1.116666666666666607e+01 9.953838816122921873e-01 -1.747457637095072014e-03
1.118750000000000000e+01 9.931168042608976565e-01 -1.863205216934040983e-03
1.120833333333333215e+01 9.938608262876964528e-01 -1.342253233579112064e-03
1.122916666666666607e+01 9.971547115929153549e-01 8.358322335734648259e-04
1.125000000000000000e+01 1.008358304128374572e+00 1.206545170455820956e-03
1.127083333333333215e+01 1.012627284986126641e+00 1.020244287115014067e-03
1.129166666666666607e+01 1.010806361701375167e+00 -9.282714038145421787e-04
1.131250000000000000e+01 1.006753115382080122e+00 -1.241663138208049877e-03
1.133333333333333215e+01 9.906438001736325161e-01 3.373706059243779774e-04
1.135416666666666607e+01 9.819542163615680996e-01 -9.024336522004732181e-04
1.137500000000000000e+01 9.881101992723002603e-01 -7.068962170494533237e-04
1.139583333333333215e+01 9.931195275655295696e-01 2.986013836429815202e-03
1.141666666666666607e+01 1.003797278795821590e+00 -5.742698962070842119e-04
1.143750000000000000e+01 1.004454696326718022e+00 -2.558926724808804659e-04
1.145833333333333215e+01 1.004532231601745762e+00 -1.363983664320532214e-03
1.147916666666666607e+01 1.008605892232185663e+00 -1.685798992466997328e-03
1.150000000000000000e+01 1.009194210856102059e+00 -3.232119909503641982e-04
1.152083333333333215e+01 1.010329806101741168e+00 2.366419831228325135e-03
1.154166666666666607e+01 1.007318328904907689e+00 -4.268917536571023184e-04
1.156250000000000000e+01 1.004778296146594530e+00 -2.420795545952343555e-03
1.158333333333333215e+01 9.854618208893500819e-01 7.906266583484918269e-04
1.160416666666666607e+01 9.823041648646937407e-01 -3.093862356035054369e-04
1.162500000000000000e+01 9.787666796150847892e-01 -4.580744036677551929e-04
1.164583333333333215e+01 9.831745176700922295e-01 6.702477881807398672e-04
1.166666666666666607e+01 1.005149025227249471e+00 -7.006155278739307915e-04
1.168750000000000000e+01 1.026553659244270333e+00 1.186123235823888710e-03
1.170833333333333215e+01 1.043061696019055962e+00 1.994136405675531881e-03
1.172916666666666607e+01 1.026905537775061328e+00 1.817658303352114686e-03
1.175000000000000000e+01 9.984798962420862178e-01 3.464785967119570257e-04
1.177083333333333215e+01 9.748741527374787941e-01 -4.610992882851876304e-04
1.179166666666666607e+01 9.611617082656667144e-01 -1.196179543496540213e-03
1.181250000000000000e+01 9.663763216604096540e-01 -2.399180045187955263e-03
1.183333333333333215e+01 9.885141389665377254e-01 8.676151982174749519e-04
1.185416666666666607e+01 1.008021532083376526e+00 -1.733134893564575629e-04
1.187500000000000000e+01 1.025896574048664300e+00 -2.330107281514872601e-04
1.189583333333333215e+01 1.034648205638554641e+00 -1.601645098471888613e-05
1.191666666666666607e+01 1.030874570865054629e+00 1.327916342740708376e-03
1.193750000000000000e+01 1.006657342992778315e+00 8.941392963727955124e-04
1.195833333333333215e+01 9.869511131084348632e-01 1.455037188638428182e-03
1.197916666666666607e+01 9.654742533695988005e-01 3.330769571355411685e-03
1.200000000000000000e+01 9.601460291172000394e-01 -5.378064439982608398e-04
1.202083333333333215e+01 9.751558208566357688e-01 -9.235690092728658478e-04
1.204166666666666607e+01 1.000096277092672681e+00 3.561698070370185234e-04
1.206250000000000000e+01 1.012700197973937843e+00 4.864994710049988839e-04
1.208333333333333215e+01 1.032789728136892959e+00 -1.333345017744460030e-04
1.210416666666666607e+01 1.028638600463651853e+00 1.111465053135704236e-03
1.212500000000000000e+01 1.016702164871334801e+00 2.226516100496444498e-03
1.214583333333333215e+01 9.946842381454408244e-01 -8.561210508917681738e-04
1.216666666666666607e+01 9.790835258794651219e-01 4.512933682046479412e-04
1.218750000000000000e+01 9.748804602004048636e-01 2.330425762669671892e-03
1.220833333333333215e+01 9.859896398314639265e-01 -8.432216433677787936e-05
1.222916666666666607e+01 1.005335650914546353e+00 1.378873823773899216e-03
1.225000000000000000e+01 1.009076392853169191e+00 -6.723685767124105853e-04
1.227083333333333215e+01 1.009735266290988198e+00 -2.399439306637502576e-05
1.229166666666666607e+01 1.002178493031899986e+00 1.176981450169590311e-03
1.231250000000000000e+01 9.993616913430165560e-01 -1.030695070619481058e-03
1.233333333333333215e+01 1.000880169888062055e+00 3.975544220629213376e-04
1.235416666666666607e+01 1.007668033774429484e+00 -8.126516178119247294e-04
1.237500000000000000e+01 1.002671836818848083e+00 1.429215673601903162e-03
1.239583333333333215e+01 1.000981756710628501e+00 1.758063383313579042e-03
1.241666666666666607e+01 9.905138446078796122e-01 7.614794997701621222e-04
1.243750000000000000e+01 9.895800775763026191e-01 6.723201780532511935e-04
1.245833333333333215e+01 9.952226861792534685e-01 7.844567850899462859e-04
1.247916666666666607e+01 9.991320801469372181e-01 -2.312186518720467550e-03
1.452083333333333215e+01 9.959014181495163820e-01 -4.070162173321146605e-04
1.454166666666666607e+01 1.001086266107051648e+00 -1.711520328625447613e-03
1.456250000000000000e+01 1.004483416976539534e+00 1.058494562285279203e-03
1.458333333333333215e+01 1.005822290656898321e+00 -1.956126478992962787e-03
1.460416666666666607e+01 1.003716619897427664e+00 -1.362504847787706416e-03
1.462500000000000000e+01 9.935435084755667168e-01 9.527140709007532720e-04
1.464583333333333215e+01 9.951357697823993709e-01 4.621340632160988635e-04
1.466666666666666607e+01 1.000324989420920518e+00 1.588285731113848651e-04
1.468750000000000000e+01 1.004564048997146353e+00 5.059992605916196042e-04
1.470833333333333215e+01 1.001461768311146194e+00 3.701446037009103194e-04
1.472916666666666607e+01 9.980814641936245346e-01 2.467956207943424840e-04
1.475000000000000000e+01 9.937790281674938608e-01 5.139989177703323817e-04
1.477083333333333215e+01 9.953420516978167543e-01 -4.870142761956881426e-04
1.479166666666666607e+01 1.001075817378753952e+00 -1.399174659548385949e-03
1.481250000000000000e+01 1.006359282552913292e+00 -2.263996344415074476e-03
1.483333333333333215e+01 1.003706308030634320e+00 -5.372383819042433591e-04
1.485416666666666607e+01 1.004084965423059472e+00 -3.008383319008069634e-04
1.487500000000000000e+01 1.000546877129187440e+00 -1.420019721187606174e-03
1.489583333333333215e+01 9.975518799462375075e-01 1.471243558455358463e-03
1.491666666666666607e+01 9.959751463013045703e-01 1.188015994008206856e-03
1.493750000000000000e+01 1.005401536661653994e+00 4.771824420385415528e-04
1.495833333333333215e+01 1.009633932105273191e+00 -5.968534055095621807e-04
1.497916666666666607e+01 1.004306453858136772e+00 -1.276599008899114741e-03
1.500000000000000000e+01 1.002896550688979760e+00 -1.605791902108791823e-03
1.502083333333333215e+01 9.888226674443749697e-01 -3.975931221084953661e-04
1.504166666666666607e+01 9.932573860343348882e-01 6.116407056822127436e-04
1.506250000000000000e+01 1.002266322169335311e+00 1.341879246878232949e-03
1.508333333333333215e+01 1.010336601672183088e+00 1.712026356515657175e-04
1.510416666666666607e+01 1.010252163151516225e+00 1.955788241945764176e-03
1.512500000000000000e+01 1.002732151019608553e+00 -9.466276092447489581e-04
1.514583333333333215e+01 9.951641819650699494e-01 2.161673814716040965e-03
1.516666666666666607e+01 9.976790423221832960e-01 -1.028252710532624281e-04
1.518750000000000000e+01 9.942381097711670002e-01 4.005295361731558957e-04
1.520833333333333215e+01 9.927634764385908639e-01 2.544379160028870297e-04
1.522916666666666607e+01 9.929886884471380570e-01 -2.025474685541457567e-03
1.525000000000000000e+01 9.920475517713546187e-01 2.006298682989072146e-04
1.527083333333333215e+01 1.001359482286128477e+00 2.199636764202325036e-05
1.529166666666666607e+01 1.013017982459667010e+00 -3.631054112065800854e-04
1.531250000000000000e+01 1.018689733714950973e+00 3.496623957818605056e-04
1.533333333333333215e+01 1.015782550418110164e+00 -4.172875866831347522e-03
1.535416666666666607e+01 9.949192963958133351e-01 -1.890246901583705961e-04
1.537500000000000000e+01 9.824940694514930906e-01 -7.013279308300337817e-04
1.539583333333333215e+01 9.756243402816920929e-01 3.422647569920627851e-04
1.541666666666666607e+01 9.855164953467191458e-01 -1.875083478659686368e-03
1.543750000000000000e+01 9.922661306615582211e-01 -1.128522017438921693e-03
1.545833333333333215e+01 1.018914920913154054e+00 -8.259879134926336461e-05
1.547916666666666607e+01 1.024695406613181481e+00 -1.452536923996713709e-04
1.550000000000000000e+01 1.023547446598702670e+00 -9.816269188533642553e-04
1.552083333333333215e+01 1.003877044075043745e+00 -1.860984547356924531e-03
1.554166666666666607e+01 9.881022034411567345e-01 5.134535280325094051e-04
1.556250000000000000e+01 9.798604346524105724e-01 -2.321245907976711171e-03
1.558333333333333215e+01 9.876425892584282940e-01 1.959375844336174073e-03
1.560416666666666607e+01 9.932730296114515856e-01 -2.878478432084954040e-03
1.562500000000000000e+01 1.004906224865257602e+00 -8.413750367724763405e-04
1.564583333333333215e+01 1.006927678733513076e+00 -1.394853476332597432e-03
1.566666666666666607e+01 1.004250322663263972e+00 -6.891288694435463531e-04
1.568750000000000000e+01 1.006372653296982778e+00 1.408707682440366949e-03
1.570833333333333215e+01 1.004483167262809173e+00 -2.005454344573444261e-03
1.572916666666666607e+01 9.972313568918014237e-01 1.242725590842238062e-03
1.575000000000000000e+01 9.900697967747156270e-01 1.353192490472732547e-03
1.577083333333333215e+01 9.938361851767814059e-01 1.979643982515552972e-03
1.579166666666666607e+01 1.001669388984494535e+00 5.623084107573088568e-06
1.581250000000000000e+01 1.010172688777270178e+00 4.528241121606727849e-04
1.583333333333333215e+01 1.014604193895106032e+00 -9.074075755968106062e-04
1.585416666666666607e+01 1.000469956686496520e+00 6.286856220385664100e-04
1.587500000000000000e+01 9.836105495075556648e-01 -1.286465940714712978e-04
1.589583333333333215e+01 9.782389173040684227e-01 7.104713003690044711e-04
1.591666666666666607e+01 9.836091633453568628e-01 1.652426093490477321e-03
1.593750000000000000e+01 1.009843487502171566e+00 -2.340818073946183530e-03
1.595833333333333215e+01 1.030538939085903216e+00 -3.259300743352431390e-04
1.597916666666666607e+01 1.039300188107496581e+00 -2.249336086755186152e-03
1.600000000000000000e+01 1.012418449213016380e+00 -1.767871880030026785e-04
1.602083333333333215e+01 9.851574861685582496e-01 -9.422081237032502415e-05
1.604166666666666430e+01 9.607492459120232642e-01 -1.959737433672603820e-04
1.606250000000000000e+01 9.600216665193961330e-01 -6.071015328550895609e-04
1.608333333333333215e+01 9.850365677721093505e-01 -2.291773521488087075e-04
1.610416666666666430e+01 1.017781616376315590e+00 -9.642884013079031352e-05
1.612500000000000000e+01 1.041438426255768546e+00 9.113458642003643018e-04
1.614583333333333215e+01 1.039275368248934184e+00 -3.903742874678162882e-04
1.616666666666666430e+01 1.014433045805561484e+00 1.219380339837239889e-03
1.618750000000000000e+01 9.844748603943709320e-01 2.538357483951551993e-04
1.620833333333333215e+01 9.697387640612433746e-01 7.282690844872705084e-04
1.622916666666666430e+01 9.719076454926053321e-01 1.642092935849237675e-03
1.625000000000000000e+01 9.820851920540190072e-01 2.849982845806258835e-03
1.627083333333333215e+01 9.937766351167661716e-01 -4.703712079280639538e-04
1.629166666666666430e+01 1.009132843202367402e+00 -3.522794611219722639e-05
1.631250000000000000e+01 1.019588601608289347e+00 1.212255991710200044e-03
1.633333333333333215e+01 1.029328549763079970e+00 -4.849075460693803310e-04
1.635416666666666430e+01 1.021465422840032389e+00 -1.806117619061022375e-04
1.637500000000000000e+01 9.990443110693361106e-01 -8.364986794704866294e-05
1.639583333333333215e+01 9.812042687881565861e-01 1.229165504024656158e-03
1.641666666666666430e+01 9.670531606643368860e-01 -1.196613376086289298e-03
1.643750000000000000e+01 9.739001415040713372e-01 1.894599187667910575e-04
1.645833333333333215e+01 9.918200175036830935e-01 8.253300450345878083e-04
1.647916666666666430e+01 1.017314383554895896e+00 -4.389939578772612231e-04
1.650000000000000000e+01 1.035693991788515289e+00 3.821966413696739075e-04
1.652083333333333215e+01 1.026506020490223658e+00 4.349196523128659691e-04
1.654166666666666430e+01 1.010837718022933096e+00 -2.115087158993580595e-04
1.656250000000000000e+01 9.912593570719957503e-01 -9.439170772083102295e-04
1.658333333333333215e+01 9.773498919789964656e-01 1.179802959564163999e-03
1.660416666666666430e+01 9.736401153675368070e-01 3.235893892185872050e-04
1.662500000000000000e+01 9.845832426797193060e-01 -2.161932772259898480e-03
1.664583333333333215e+01 9.977751603140152525e-01 1.327356800598441134e-04
1.666666666666666430e+01 1.013018550080588831e+00 2.708950395507422394e-04
1.668750000000000000e+01 1.022838969787652541e+00 -1.592316638732107006e-03
1.670833333333333215e+01 1.023713295812127333e+00 3.484202076388733817e-04
1.672916666666666430e+01 1.013916518936645250e+00 -2.420697862898975230e-03
1.675000000000000000e+01 9.976932701181199237e-01 -1.096669747882934821e-03
1.677083333333333215e+01 9.806023362109947961e-01 8.327483190640367098e-04
1.679166666666666430e+01 9.722897029825843251e-01 1.981366059213553795e-03
1.681250000000000000e+01 9.743088106517242553e-01 -1.474704443912780959e-03
1.683333333333333215e+01 9.930142289553227641e-01 1.982918137762206771e-03
1.685416666666666430e+01 1.018377920220537858e+00 -1.473761561338678746e-03
1.687500000000000000e+01 1.036496946763896032e+00 1.348191508886270248e-03
1.689583333333333215e+01 1.023308713383762170e+00 -2.541053913448487137e-03
1.691666666666666430e+01 1.002235964873993801e+00 -2.169964181667104457e-03
1.693750000000000000e+01 9.758626477217957618e-01 -5.378931428572795081e-04
1.695833333333333215e+01 9.747638922018446728e-01 -5.561059569605207977e-04
1.697916666666666430e+01 9.856290830407922199e-01 2.532019980931948452e-03
1.700000000000000000e+01 1.000704875080598910e+00 1.584257480925832301e-03
1.702083333333333215e+01 1.013394355136347569e+00 3.686444085981195888e-04
1.704166666666666430e+01 1.007887713866114199e+00 -3.905380635227995493e-04
1.706250000000000000e+01 9.991478253487141581e-01 3.727387261749814831e-04
1.708333333333333215e+01 1.005559352395539507e+00 1.801386403193772729e-03
1.710416666666666430e+01 1.000498703857033433e+00 3.972626602929609928e-04
1.712500000000000000e+01 1.010190955706081528e+00 2.779728207958088223e-03
1.714583333333333215e+01 1.003796041886326318e+00 1.329401856032664262e-03
1.716666666666666430e+01 1.001270818461454049e+00 8.768357227895149427e-04
1.718750000000000000e+01 9.933113281673608963e-01 -1.736433203235063227e-03
1.720833333333333215e+01 9.851401812956054327e-01 -6.792237322508108341e-04
1.722916666666666430e+01 9.893455243434010615e-01 -1.667537899797956816e-03
1.725000000000000000e+01 1.000038121451045869e+00 -1.358002318483563170e-03
1.727083333333333215e+01 1.014793964820098537e+00 -1.411310232529423923e-03
1.729166666666666430e+01 1.016429601547056416e+00 7.569644722494794833e-04
1.731250000000000000e+01 1.014120194764705829e+00 1.161445850488497652e-03
1.733333333333333215e+01 1.003656973474714720e+00 5.901702925690935136e-04
1.735416666666666430e+01 9.906751485941704960e-01 -6.370868221070865407e-04
1.737500000000000000e+01 9.789906818749490869e-01 2.690762313893587743e-04
1.739583333333333215e+01 9.798001225692074545e-01 8.618955619685793107e-04
1.741666666666666430e+01 9.902870809675275998e-01 -9.398022193558879444e-04
1.743750000000000000e+01 1.003507033305275797e+00 -5.558127792344682216e-04
1.745833333333333215e+01 1.017557360794120180e+00 -1.710891844216477298e-03
1.747916666666666430e+01 1.026581337429959273e+00 -1.626817259243467804e-04
1.750000000000000000e+01 1.024175968531507719e+00 1.809883034942995090e-03
1.752083333333333215e+01 1.005477248539709878e+00 3.442626819807098246e-04
1.754166666666666430e+01 9.789575142278502673e-01 -2.290247872419860721e-04
1.756250000000000000e+01 9.615321676566923603e-01 -1.603079269650186604e-03
1.758333333333333215e+01 9.726882378198882240e-01 7.664189954719411184e-05
1.760416666666666430e+01 9.990299863341800535e-01 1.185630981450725829e-03
1.762500000000000000e+01 1.029095875341022426e+00 3.304027481707315166e-04
1.764583333333333215e+01 1.029065914146910954e+00 -1.335264692911831497e-03
1.766666666666666430e+01 1.015183172478111739e+00 8.462396076907122448e-04
1.768750000000000000e+01 9.936201037112518675e-01 -1.193111316040424688e-03
1.770833333333333215e+01 9.815447982650100656e-01 2.082722597051400303e-04
1.772916666666666430e+01 9.888438263231313918e-01 1.221254505438929818e-03
1.775000000000000000e+01 1.000508544613369910e+00 7.071891837641114257e-05
1.777083333333333215e+01 1.002905040539980419e+00 -1.290601186421718935e-03
1.779166666666666430e+01 1.006344554135305991e+00 -1.988223367695922655e-03
1.781250000000000000e+01 9.943668752700717262e-01 -1.073924559302715008e-03
1.783333333333333215e+01 9.896711011512315803e-01 -2.083601286033018914e-03
1.785416666666666430e+01 9.911918673659484424e-01 1.207468543672094927e-03
1.787500000000000000e+01 1.007211277641891112e+00 -4.437651951646048995e-04
1.789583333333333215e+01 1.024611813986087583e+00 4.751453974892998352e-04
1.791666666666666430e+01 1.028163104883856427e+00 9.840127431450143135e-04
1.793750000000000000e+01 1.006979685249218326e+00 1.907867521313848366e-03
1.795833333333333215e+01 9.780558961376483174e-01 -9.535722095947514639e-04
1.797916666666666430e+01 9.717763258805787174e-01 9.607703533347783788e-05
1.800000000000000000e+01 9.774855504224319036e-01 1.093822512744111429e-03
1.802083333333333215e+01 1.002378952614942698e+00 -8.243544943838124412e-04
1.804166666666666430e+01 1.015841033640484614e+00 1.126949219353578406e-03
1.806250000000000000e+01 1.022011018603251165e+00 3.316842522628328060e-04
1.808333333333333215e+01 1.005539030776288145e+00 5.564248193872584807e-04
1.810416666666666430e+01 9.998348136905940153e-01 5.355202921665970636e-04
1.812500000000000000e+01 9.941591779707670273e-01 -2.246959084042672160e-04
1.814583333333333215e+01 9.941109510516040748e-01 4.562248029330078706e-04
1.816666666666666430e+01 9.984504070032738099e-01 -7.924263514349561607e-04
1.818750000000000000e+01 1.001415939391763432e+00 2.504616591890725216e-05
1.820833333333333215e+01 9.951596033089488147e-01 4.792281480170674612e-04
1.822916666666666430e+01 9.969214836699874516e-01 -6.606766632754721043e-04
1.825000000000000000e+01 9.951381501938775243e-01 3.187538209679009900e-04
1.827083333333333215e+01 9.964871139956875679e-01 1.224442687872178987e-03
1.829166666666666430e+01 9.943156509908298579e-01 1.842115020302292037e-03
1.831250000000000000e+01 1.002255988609307424e+00 1.140373476927978962e-03
1.833333333333333215e+01 1.008955272001745840e+00 -5.584850197411501786e-04
1.835416666666666430e+01 1.016272930020439835e+00 -7.300640013220836052e-04
1.837500000000000000e+01 1.009862465122885133e+00 -1.640611461822727131e-03
1.839583333333333215e+01 1.001372125097360621e+00 -8.522832956479190272e-04
1.841666666666666430e+01 9.934757994112025647e-01 -1.268214421081571017e-03
1.843750000000000000e+01 9.795471839733788100e-01 2.993239997103543147e-04
1.845833333333333215e+01 9.766189892403290829e-01 1.366617446247507571e-03
1.847916666666666430e+01 9.827742011807297784e-01 -5.511769026481365841e-04
1.850000000000000000e+01 1.001624648165945874e+00 -1.223616776742169135e-03
1.852083333333333215e+01 1.022482718695055803e+00 -4.435916592544226610e-04
1.854166666666666430e+01 1.037295374472816611e+00 -2.418338051370729196e-03
1.856250000000000000e+01 1.029842825072755153e+00 2.611617279333895529e-04
1.858333333333333215e+01 1.004464935949921811e+00 3.309897230448437255e-03
1.860416666666666430e+01 9.763689606005616639e-01 4.915063256536696731e-04
1.862500000000000000e+01 9.647249454912300015e-01 2.249979521642850484e-03
1.864583333333333215e+01 9.675369662011147343e-01 -4.382908146728392053e-04
1.866666666666666430e+01 9.910836140638391578e-01 8.714903878275419378e-04
1.868750000000000000e+01 1.009316775121643639e+00 1.667245618335081413e-03
1.870833333333333215e+01 1.018602935484168581e+00 -7.880577628276009931e-04
1.872916666666666430e+01 1.020634472905134205e+00 -1.114753990949039417e-03
1.875000000000000000e+01 1.019476693918592636e+00 3.300640829522917454e-03
1.877083333333333215e+01 1.008350983979618976e+00 -5.317163596654121476e-04
1.879166666666666430e+01 9.917560554640241222e-01 1.536396437341858677e-03
1.881250000000000000e+01 9.717729399439337667e-01 2.145524554392840390e-04
1.883333333333333215e+01 9.660971519837034949e-01 9.001823688420835254e-05
1.885416666666666430e+01 9.794092882812035494e-01 1.044990279437988572e-03
1.887500000000000000e+01 1.005791864959898030e+00 -3.453046952595049154e-04
1.889583333333333215e+01 1.029471977624679457e+00 2.532674505168379191e-04
1.891666666666666430e+01 1.036789223763009415e+00 -2.636410308432462568e-04
1.893750000000000000e+01 1.017636777380086066e+00 9.979930283213790665e-04
1.895833333333333215e+01 9.896168198807510086e-01 -1.296849495789681754e-03
1.897916666666666430e+01 9.689675271707490767e-01 -2.380233219285885719e-03
1.900000000000000000e+01 9.647796284879488482e-01 1.953098058518802985e-03
1.902083333333333215e+01 9.756562831153811066e-01 -8.814662320715030940e-04
1.904166666666666430e+01 1.004390844039303454e+00 -1.294012316624496570e-04
1.906250000000000000e+01 1.024325704288447936e+00 1.419725632032544944e-03
1.908333333333333215e+01 1.025929377283250732e+00 -2.396955347074303418e-03
1.910416666666666430e+01 1.022832492968693607e+00 2.602490502999069318e-03
1.912500000000000000e+01 9.975621037633928267e-01 2.328327086530780632e-03
1.914583333333333215e+01 9.794538902349997356e-01 -1.426314723598827265e-03
1.916666666666666430e+01 9.740026712653986340e-01 2.067794343922770874e-03
1.918750000000000000e+01 9.732923325430793415e-01 3.954978501885520717e-04
1.920833333333333215e+01 9.878808580245880266e-01 -2.416913055441233336e-03
1.922916666666666430e+01 9.979453426469807598e-01 -1.291823150099669125e-03
1.925000000000000000e+01 1.020135417433777114e+00 -1.393309819625496940e-03
1.927083333333333215e+01 1.029484311301728239e+00 1.142347011958540432e-03
1.929166666666666430e+01 1.019163188894842031e+00 7.336909461608912301e-04
1.931250000000000000e+01 9.858844531842044789e-01 -3.236423713070616650e-04
1.933333333333333215e+01 9.523724404231165286e-01 -8.281097955488093878e-04
1.935416666666666430e+01 9.245037210888781276e-01 -2.290565986508808719e-03
1.937500000000000000e+01 9.281329113998555425e-01 3.829286186062903145e-04
1.939583333333333215e+01 9.613988254321368387e-01 1.706576148045044553e-03
1.941666666666666430e+01 1.004078998117974741e+00 -1.438920492289535741e-03
1.943750000000000000e+01 1.020359787415792585e+00 2.430581580263548762e-04
1.945833333333333215e+01 1.021709237611071242e+00 -1.963664172269933346e-04
1.947916666666666430e+01 1.001614036966807619e+00 -1.211107248017222757e-03
1.950000000000000000e+01 9.813752143382039606e-01 7.682204523744929139e-04
1.952083333333333215e+01 9.730907986657337805e-01 -7.759514074141448314e-04
1.954166666666666430e+01 9.766167778876942984e-01 -1.282528346282384721e-03
1.956250000000000000e+01 9.910671490141041984e-01 9.326856220916475556e-04
1.958333333333333215e+01 1.003477331229390979e+00 -1.863167675253324601e-03
1.960416666666666430e+01 1.011104582289309439e+00 1.624972525781359775e-04
1.962500000000000000e+01 1.007600439312982710e+00 1.767641986931283793e-03
1.964583333333333215e+01 1.002903503422960529e+00 6.317559631835648190e-04
1.966666666666666430e+01 9.974956794059949283e-01 1.147839052689259096e-03
1.968750000000000000e+01 9.973474103443216165e-01 5.441408209355672780e-04
1.970833333333333215e+01 1.003906305654989284e+00 -1.779874502454973110e-03
1.972916666666666430e+01 1.002990652194958310e+00 8.450230010080531009e-04
1.975000000000000000e+01 9.931898601815242200e-01 -7.481644415643519787e-04
1.977083333333333215e+01 9.889748956414313730e-01 -1.113629621519207072e-03
1.979166666666666430e+01 9.897217776105866616e-01 -1.281201927546028307e-03
1.981250000000000000e+01 1.000139795258636832e+00 2.875436824117600428e-03
1.983333333333333215e+01 1.003821265187666567e+00 -5.044471844697593363e-04
1.985416666666666430e+01 1.001959056380137270e+00 2.590068259541754032e-03
1.987500000000000000e+01 9.984602604754567734e-01 3.960866659021509951e-04
1.989583333333333215e+01 9.905873585615756483e-01 4.634291680017479952e-04
1.991666666666666430e+01 9.997949613427862259e-01 -4.475365649286681957e-05
1.993750000000000000e+01 1.005911942894532451e+00 -7.074450015833248480e-04
1.995833333333333215e+01 1.010043122450894115e+00 -3.198650563610385181e-04
1.997916666666666430e+01 1.001547721487867637e+00 8.376910799257536238e-04
2.000000000000000000e+01 1.000545036446763625e+00 2.687837215702565126e-05
2.002083333333333215e+01 9.869594113391491064e-01 -1.604012800469628987e-04
2.004166666666666430e+01 9.818707308592253824e-01 2.207629888499691804e-03
2.006250000000000000e+01 9.797404347545595193e-01 -9.637910412450554688e-05
2.008333333333333215e+01 9.882968447450445337e-01 8.168658578571645970e-04
2.010416666666666430e+01 1.003357682752445301e+00 -2.124391075412102069e-04
2.012500000000000000e+01 1.014084650903467333e+00 -1.058165338582023980e-03
2.014583333333333215e+01 1.025181084726345171e+00 -2.016583748430319525e-04
2.016666666666666430e+01 1.018767646188309506e+00 -1.947225815156093307e-04
2.018750000000000000e+01 1.006144841839324178e+00 -1.064865432423981514e-03
2.020833333333333215e+01 9.904455034810450975e-01 2.117391992136792307e-04
2.022916666666666430e+01 9.755872780658786381e-01 2.108418587297642300e-03
2.025000000000000000e+01 9.757492240631689961e-01 -1.239483142820365985e-03
2.027083333333333215e+01 9.815920873402276259e-01 -1.985929634084507116e-03
2.029166666666666430e+01 9.995836203891615979e-01 6.046123645059803351e-04
2.031250000000000000e+01 1.016030733456849022e+00 1.086700638831212661e-03
2.033333333333333215e+01 1.028137011430455106e+00 9.152110198920701718e-04
2.035416666666666430e+01 1.024931186869908473e+00 -9.478306975533540377e-04
2.037500000000000000e+01 1.011536332279011852e+00 1.753120383535648709e-03
2.039583333333333215e+01 9.881987374504518362e-01 7.564095230063115323e-04
2.041666666666666430e+01 9.799749090735360157e-01 -1.236396952280014675e-03
2.043750000000000000e+01 9.769288172603156628e-01 -9.914790318492515062e-04
2.045833333333333215e+01 9.805877223237131624e-01 9.684730036017297769e-04
2.047916666666666430e+01 9.981434304534609891e-01 -3.428997034740646158e-03
2.050000000000000000e+01 9.998562545762683662e-01 -1.316403548574129651e-04
2.052083333333333215e+01 1.009813018274557939e+00 -1.203909885476750052e-03
2.054166666666666430e+01 1.018597183884581314e+00 -7.850301368374317228e-04
2.056250000000000000e+01 1.023624239358423393e+00 9.692709205847404317e-04
2.058333333333333215e+01 1.013070215045661859e+00 -2.069753630949730094e-03
2.060416666666666430e+01 9.907355964271522542e-01 -8.324424775108205132e-05
2.062500000000000000e+01 9.756855784053134473e-01 5.918534779701908107e-04
2.064583333333333215e+01 9.747763165328122703e-01 7.878855807091218440e-04
2.066666666666666430e+01 9.860353439815292553e-01 2.026905736196574963e-04
2.068750000000000000e+01 1.005433863903674840e+00 1.322902707297626053e-04
2.070833333333333215e+01 1.016384686582074925e+00 -1.926809043822619825e-03
2.072916666666666430e+01 1.015561256578061844e+00 1.962713182645848577e-04
2.075000000000000000e+01 1.006957425837539333e+00 3.124718588580710038e-05
2.077083333333333215e+01 9.938479976070945243e-01 5.311791019760908925e-05
2.079166666666666430e+01 9.873554851713208791e-01 -1.290674609658998750e-03
2.081250000000000000e+01 9.841906691695132547e-01 -2.353496175861188953e-04
2.083333333333333215e+01 9.954144517321306118e-01 1.586120196337131557e-03
2.085416666666666430e+01 1.012301393332614596e+00 1.019055770959115389e-03
2.087500000000000000e+01 1.015466168038632766e+00 -7.438092406219429503e-04
2.089583333333333215e+01 1.007588230726634837e+00 -1.437631999702508037e-03
2.091666666666666430e+01 9.920961759657561663e-01 8.288936414609413645e-04
2.093750000000000000e+01 9.837628100206606829e-01 -2.306252578819205520e-05
2.095833333333333215e+01 9.813512339958341268e-01 2.883745955107106635e-04
2.097916666666666430e+01 9.947524741409843330e-01 8.285520524542235596e-04
2.100000000000000000e+01 1.011806614996198617e+00 9.522719471728586767e-04
2.102083333333333215e+01 1.016581976299815615e+00 -6.897414887961166551e-04
2.104166666666666430e+01 1.016122190002288539e+00 -1.722534527904771897e-05
2.106250000000000000e+01 1.005927718007117999e+00 -3.451552523755472245e-03
2.108333333333333215e+01 9.954969982015928753e-01 1.789811464517923568e-03
2.110416666666666430e+01 9.862724569293676025e-01 -1.465660483760098743e-03
2.112500000000000000e+01 9.792306474983121234e-01 -8.233683591530956049e-04
2.114583333333333215e+01 9.861513136740743812e-01 8.770682314012083610e-04
2.116666666666666430e+01 1.000768005586133436e+00 1.414156100904514308e-03
2.118750000000000000e+01 1.015673456455227219e+00 -1.891344314038810896e-03
2.120833333333333215e+01 1.022289139545042858e+00 -4.450941703101170201e-04
2.122916666666666430e+01 1.016093830523091768e+00 -3.281071479940018813e-04
2.125000000000000000e+01 1.000583222475587064e+00 8.982865951550647555e-04
2.127083333333333215e+01 9.854595344050963712e-01 -4.875855092547358351e-04
2.129166666666666430e+01 9.905393704154912271e-01 -1.579123485495848153e-03
2.131250000000000000e+01 9.972648456139621143e-01 -1.174108624940789969e-03
2.133333333333333215e+01 1.001105736916273692e+00 -5.415862352280622228e-04
2.135416666666666430e+01 1.003127089146004014e+00 -1.002802534624757779e-03
2.137500000000000000e+01 1.007649005411513254e+00 -3.689022726776149705e-04
2.139583333333333215e+01 1.004578331629773169e+00 2.289074007737714920e-04
2.141666666666666430e+01 9.965368584552991571e-01 3.056767698584194237e-04
2.143750000000000000e+01 9.962292579477931564e-01 3.942651719719879539e-04
2.145833333333333215e+01 9.949994855215474887e-01 -9.758884911121125166e-04
2.147916666666666430e+01 1.001244690864141473e+00 1.053843990794833601e-03
2.150000000000000000e+01 1.008999346779551720e+00 -9.877534925531211880e-04
2.152083333333333215e+01 1.006007751949814510e+00 -3.147103410678175439e-04
2.154166666666666430e+01 1.003190175046523747e+00 2.479961162524801487e-03
2.156250000000000000e+01 9.928749584251987947e-01 5.205257709400939710e-04
2.158333333333333215e+01 9.888565066441808993e-01 2.333911665566607615e-03
2.160416666666666430e+01 9.957282732507141132e-01 2.785549576483680248e-04
2.162500000000000000e+01 9.965109939299136022e-01 -9.357522654727296095e-04
2.164583333333333215e+01 9.936469314674710729e-01 -2.912874407468745135e-03
2.166666666666666430e+01 9.947148654856460270e-01 7.299240520428936082e-04
2.168750000000000000e+01 1.002997679557358301e+00 -1.686247452887215670e-03
2.170833333333333215e+01 1.009973721584694006e+00 1.204561205670022722e-03
2.172916666666666430e+01 1.017097574205915622e+00 -7.128070679381217972e-04
2.175000000000000000e+01 1.008646659813233759e+00 -2.670915087685661517e-03
2.177083333333333215e+01 9.965540860893616903e-01 -4.783887824214075584e-04
2.179166666666666430e+01 9.828390013786670876e-01 1.330384935917762121e-03
2.181250000000000000e+01 9.790875002185261966e-01 6.308037892870766534e-04
2.183333333333333215e+01 9.860471637775443110e-01 3.612320472944664795e-04
2.185416666666666430e+01 1.003242935676020409e+00 4.218301095997067972e-04
2.187500000000000000e+01 1.010999969935741261e+00 1.228772171389805930e-03
2.189583333333333215e+01 1.016402564534421682e+00 -1.732722252951138242e-03
2.191666666666666430e+01 1.014186718706138413e+00 -1.061912440936637822e-03
2.193750000000000000e+01 1.006149238152567849e+00 1.506312501220777008e-03
2.195833333333333215e+01 9.919177198375223048e-01 6.435321798306808819e-04
2.197916666666666430e+01 9.777474981339934201e-01 6.082657069616382965e-04
2.200000000000000000e+01 9.826481308509196211e-01 2.080741405246399256e-04
2.202083333333333215e+01 1.004854793588957573e+00 -1.576900593218571707e-03
2.204166666666666430e+01 1.011737228706431457e+00 1.339555423813440808e-03
2.206250000000000000e+01 1.014892964843481016e+00 -1.674833396536858175e-03
2.208333333333333215e+01 1.008496794388018536e+00 1.072167340126291887e-03
2.210416666666666430e+01 9.884304488934084754e-01 7.796187201242519389e-04
2.212500000000000000e+01 9.815574367081969509e-01 4.768237797827464425e-05
2.214583333333333215e+01 9.860622022340405080e-01 -1.228219936233355557e-04
2.216666666666666430e+01 1.001749216799791675e+00 3.883106380125045772e-05
2.218750000000000000e+01 1.009763845321764997e+00 -1.982545221651424807e-04
2.220833333333333215e+01 1.015281288782739821e+00 -7.471823038693796264e-04
2.222916666666666430e+01 1.015029117401981651e+00 -1.160689589931437372e-03
2.225000000000000000e+01 9.979721400729038017e-01 2.664508276666826929e-04
2.227083333333333215e+01 9.840556681061495281e-01 -1.457078355499669630e-04
2.229166666666666430e+01 9.792835461393158969e-01 -5.664902663062144992e-04
2.231250000000000000e+01 9.897649131378172260e-01 -7.455789919968128145e-04
2.233333333333333215e+01 1.000029130481985939e+00 -6.318013686324555926e-04
2.235416666666666430e+01 1.016460702187850895e+00 1.697370387641403480e-03
2.237500000000000000e+01 1.014992362887241262e+00 4.491444375226751615e-04
2.239583333333333215e+01 1.006124729983636890e+00 5.672712795270752574e-04
2.241666666666666430e+01 1.005845793068878224e+00 -8.808366133431725503e-04
2.243750000000000000e+01 9.971312015519739891e-01 3.974636436957211549e-04
2.245833333333333215e+01 9.932703991756216544e-01 -8.731566292661565839e-04
2.247916666666666430e+01 9.934214745871933205e-01 -9.396082525616867133e-04
2.250000000000000000e+01 9.874600363147821858e-01 -2.851128404827156688e-03
2.252083333333333215e+01 9.910891877998236899e-01 -1.716531887405763328e-03
2.254166666666666430e+01 9.979417667018941618e-01 -1.646415445072567591e-03
2.256250000000000000e+01 1.011680035945134781e+00 -8.141210074537557186e-04
2.258333333333333215e+01 1.015364097232497764e+00 -1.944481859765961895e-04
2.260416666666666430e+01 1.017090837629908151e+00 1.943580991477960370e-04
2.262500000000000000e+01 1.005266114324650184e+00 -7.367198289403580243e-04
2.264583333333333215e+01 9.928929340119445612e-01 -4.013399164709589243e-04
2.266666666666666430e+01 9.778216843735456631e-01 -6.383303818562444283e-04
2.268750000000000000e+01 9.818579078704219310e-01 -2.048053872340934931e-03
2.270833333333333215e+01 9.894511602508809789e-01 -2.519443753008260463e-04
2.272916666666666430e+01 1.002641738938346405e+00 -3.040186955918775294e-04
2.275000000000000000e+01 1.015746359663909582e+00 -4.963462214819087080e-04
2.277083333333333215e+01 1.016646561556329820e+00 9.186014163334477612e-04
2.279166666666666430e+01 1.012380448759597096e+00 2.059513522165739750e-04
2.281250000000000000e+01 9.981530013153135927e-01 -7.278518375652033448e-04
2.283333333333333215e+01 9.858088510719715813e-01 3.046406700615996409e-03
2.285416666666666430e+01 9.804400190254474179e-01 1.400048574037124566e-03
2.287500000000000000e+01 9.882861998503230661e-01 -4.803443580564005088e-04
2.289583333333333215e+01 9.997573217671599233e-01 -7.715113130358078938e-04
2.291666666666666430e+01 1.015470543249441970e+00 1.280227523009876882e-04
2.293750000000000000e+01 1.013943875910054526e+00 -1.996077876880979467e-03
2.295833333333333215e+01 1.015886850297972543e+00 4.961489248208131048e-04
2.297916666666666430e+01 1.006480383949844848e+00 -2.032037767197585835e-03
2.300000000000000000e+01 9.887037626545676083e-01 7.794686786834951033e-04
2.302083333333333215e+01 9.817009889625688546e-01 -3.293014294502123566e-03
2.304166666666666430e+01 9.873023580706484781e-01 6.871377184247965319e-04
2.306250000000000000e+01 1.001277815417531913e+00 -1.877908614679508646e-04
2.308333333333333215e+01 1.012883728570671993e+00 1.730253582271685142e-04
2.310416666666666430e+01 1.018771252504991454e+00 2.409150133990615138e-03
2.312500000000000000e+01 1.013485782642253641e+00 2.039083561008890513e-03
2.314583333333333215e+01 1.001216352575623914e+00 -1.261872446769319277e-03
2.316666666666666430e+01 9.858160463369785020e-01 2.900939384698296279e-04
2.318750000000000000e+01 9.795888271941978198e-01 1.889105398138223426e-03
2.320833333333333215e+01 9.894482129816533078e-01 1.699941794440017846e-03
2.322916666666666430e+01 1.002708256924145225e+00 1.103572101664584667e-03
2.325000000000000000e+01 1.009258299823723837e+00 -1.651269169709733322e-04
2.327083333333333215e+01 1.016962438958739723e+00 -1.531797983331517664e-03
2.329166666666666430e+01 1.016864579882818198e+00 -5.050692662295511122e-05
2.331250000000000000e+01 1.012359308392356994e+00 4.994472674721813161e-04
2.333333333333333215e+01 9.901286347858350156e-01 -2.430739634400538461e-04
2.335416666666666430e+01 9.785174175775477323e-01 1.155665307970651532e-03
2.337500000000000000e+01 9.765928984937524149e-01 -2.960947739269695605e-03
2.339583333333333215e+01 9.911102400383975386e-01 1.153664198470881214e-03
2.341666666666666430e+01 1.008601568067180043e+00 -4.848441130702672418e-04
2.343750000000000000e+01 1.019987736053387994e+00 1.164857899957982964e-03
2.345833333333333215e+01 1.014213549032949135e+00 3.954837749098432374e-04
2.347916666666666430e+01 1.002524870146361602e+00 2.260932800112847290e-03
2.350000000000000000e+01 9.976514555118242145e-01 1.161824194158966568e-03
2.352083333333333215e+01 9.832693021871432570e-01 -1.236923161230342677e-03
2.354166666666666430e+01 9.870163255731950747e-01 8.894037431279167146e-04
2.356250000000000000e+01 9.989625413338404369e-01 -2.205813211880389580e-03
2.358333333333333215e+01 1.007251727338064562e+00 1.307001919685242585e-03
2.360416666666666430e+01 1.009723900906551286e+00 -8.682405543905650797e-04
2.362500000000000000e+01 1.004408408438579370e+00 6.230140139645951275e-05
2.364583333333333215e+01 9.894295421012695435e-01 1.917879154976492298e-03
2.366666666666666430e+01 9.865466573621923807e-01 2.313267567379637558e-03
2.368750000000000000e+01 9.923638391340083853e-01 -2.550722119170603566e-03
2.370833333333333215e+01 1.010265852461096570e+00 9.856662831154870599e-04
2.372916666666666430e+01 1.019593986739056879e+00 1.957151286731860333e-03
2.375000000000000000e+01 1.006233246328267494e+00 1.655344238161490745e-03
2.377083333333333215e+01 9.905203973678997631e-01 -5.329557163670717778e-04
2.379166666666666430e+01 9.730962024691398593e-01 -4.399697257360192558e-04
2.381250000000000000e+01 9.789354501656144514e-01 1.263092603649937059e-03
2.383333333333333215e+01 1.001622742922889664e+00 -2.758190593110518480e-04
2.385416666666666430e+01 1.021625073479424328e+00 4.915460345364602119e-04
2.387500000000000000e+01 1.018921460352864905e+00 -2.007708146715212871e-03
2.389583333333333215e+01 1.004410051952002059e+00 -4.044744695536543039e-04
2.391666666666666430e+01 9.923563835962928570e-01 1.139959592835957042e-03
2.393750000000000000e+01 9.881764399424568524e-01 -1.590530958625826390e-04
2.395833333333333215e+01 9.800368403733757949e-01 1.079748357017192451e-03
2.397916666666666430e+01 9.962947050251477199e-01 8.260743865069607606e-04
2.400000000000000000e+01 1.002509551851017644e+00 -1.551298565179482641e-03
2.402083333333333215e+01 1.014421813155076624e+00 -1.323003204952950557e-03
2.404166666666666430e+01 1.008028080892107381e+00 -1.136320590223735896e-03
2.406250000000000000e+01 1.001691992168783463e+00 -5.803438407967766947e-04
2.408333333333333215e+01 9.914114347554313644e-01 -7.209724081432836639e-04
2.410416666666666430e+01 9.941601935344582808e-01 3.239371547523121463e-04
2.412500000000000000e+01 1.002537875041338955e+00 -6.911616008165630915e-04
2.414583333333333215e+01 1.006299079288778930e+00 1.455695354536107626e-03
2.416666666666666430e+01 1.002353656012162419e+00 1.308921915841417731e-04
2.418750000000000000e+01 9.995973328543704683e-01 -8.759810734124132614e-04
2.420833333333333215e+01 9.906390956307836726e-01 -1.308327428613101579e-03
2.422916666666666430e+01 9.957282541184603319e-01 6.362929758960391086e-04
2.425000000000000000e+01 9.998863848193734194e-01 -3.442542529050923771e-04
2.427083333333333215e+01 1.006809177758142271e+00 1.038007799686584175e-03
2.429166666666666430e+01 1.005229431280675767e+00 1.033895840360637584e-03
2.431250000000000000e+01 9.983652210347169209e-01 -1.989275882160025568e-03
2.433333333333333215e+01 9.967398420265397574e-01 9.697476425657647814e-04
2.435416666666666430e+01 1.002198548141960854e+00 1.937443067973743669e-03
2.437500000000000000e+01 9.989160538108017295e-01 1.358083669267942878e-03
2.439583333333333215e+01 9.993775192180088807e-01 -3.471563867247529100e-04
2.441666666666666430e+01 9.974783548077924555e-01 -9.979951234675350259e-04
2.443750000000000000e+01 1.001224667842714799e+00 -1.294500114919071949e-03
2.445833333333333215e+01 9.982812691416322881e-01 -1.023199711380149422e-04
2.447916666666666430e+01 9.975324168121822987e-01 1.113910673070923045e-04
2.450000000000000000e+01 9.937767678046298681e-01 -3.254174362926534180e-03
2.452083333333333215e+01 9.918417952965506990e-01 1.325130833488636067e-03
2.454166666666666430e+01 1.001694801407004398e+00 1.270221421208084451e-03
2.456250000000000000e+01 1.013155484918486726e+00 2.379749087373627119e-04
2.458333333333333215e+01 1.016434035981832684e+00 -6.478849393678660375e-05
2.460416666666666430e+01 1.020625931986435697e+00 9.674974492827163874e-04
2.462500000000000000e+01 1.002002296781259849e+00 1.464502146686009923e-04
2.464583333333333215e+01 9.869858665163345757e-01 -3.697349294654654357e-03
2.466666666666666430e+01 9.754991254935957423e-01 9.513035171138764816e-04
2.468750000000000000e+01 9.724804605198089646e-01 -2.947307072503696978e-04
2.470833333333333215e+01 9.934506898250781148e-01 1.864233359727223783e-03
2.472916666666666430e+01 1.013882439554990356e+00 -6.824811325573747721e-04
2.475000000000000000e+01 1.026679207396447246e+00 -8.862319363815735634e-05
2.477083333333333215e+01 1.027169980035731678e+00 -1.486700556933229006e-03
2.479166666666666430e+01 1.010184211107269636e+00 -2.727653062770837161e-03
2.481250000000000000e+01 9.892712507221317342e-01 1.167990892129806271e-03
2.483333333333333215e+01 9.794408524928496229e-01 6.699502752095788617e-04
2.485416666666666430e+01 9.797784345707433173e-01 -1.737264629173164009e-04
2.487500000000000000e+01 9.845390384982030119e-01 1.382261469628174536e-03
2.489583333333333215e+01 1.001069430258769266e+00 2.086282834256269439e-04
2.491666666666666430e+01 1.005927726592531268e+00 2.229035332011637400e-05
2.493750000000000000e+01 1.010930739459505956e+00 5.876665608939091526e-04
2.495833333333333215e+01 1.008793630637993655e+00 -2.178667161428083157e-03
2.497916666666666430e+01 1.010098275710956894e+00 1.166798128442143130e-03
2.500000000000000000e+01 1.010986283970921162e+00 5.416403752646579148e-04
2.502083333333333215e+01 1.001437090296417587e+00 2.246687269446198134e-04
2.504166666666666430e+01 9.862668452907807914e-01 -2.267777067186920858e-03
2.506250000000000000e+01 9.787215586700350745e-01 7.127149510575801631e-04
2.508333333333333215e+01 9.842395114496581554e-01 -1.364985915854984499e-03
2.510416666666666430e+01 9.989934642913547158e-01 -1.250707279373024163e-04
2.512500000000000000e+01 1.005777362411942155e+00 -1.945258596964693880e-03
2.514583333333333215e+01 1.010580681335350395e+00 -1.529619103563496611e-03
2.516666666666666430e+01 1.011849976435378995e+00 1.095376433966178649e-03
2.518750000000000000e+01 1.003157264101995239e+00 8.263952914287697391e-04
2.520833333333333215e+01 1.001818819317318532e+00 -1.029948823673982873e-04
2.522916666666666430e+01 1.004627131341590429e+00 -2.396889765882755357e-03
2.525000000000000000e+01 1.002577879355328827e+00 -1.772810640468367241e-03
2.527083333333333215e+01 9.965294681672437482e-01 7.903143949946652000e-04
2.529166666666666430e+01 9.911243627810794043e-01 -1.833664952743435401e-03
2.531250000000000000e+01 9.839840997091651165e-01 -9.235689018858687666e-04
2.533333333333333215e+01 9.850741666690764342e-01 -3.468135597353723572e-03
2.535416666666666430e+01 9.919423817626754625e-01 -1.336545198588941046e-03
2.537500000000000000e+01 1.008372919584235694e+00 -7.249882678384222089e-04
2.539583333333333215e+01 1.021038602742686985e+00 4.096698479368300280e-05
2.541666666666666430e+01 1.030739829441744249e+00 3.627561922244788959e-04
2.543750000000000000e+01 1.015740957165951253e+00 -1.330359358510979726e-03
2.545833333333333215e+01 9.937132591097480594e-01 1.153585467671383981e-03
2.547916666666666430e+01 9.732658658519997008e-01 -7.964988374697272227e-04
2.550000000000000000e+01 9.789078266475004231e-01 -6.324262250583318401e-04
2.552083333333333215e+01 9.854176140080828095e-01 -5.334334311873916053e-04
2.554166666666666430e+01 9.933025534394511746e-01 -1.839306350890779294e-03
2.556250000000000000e+01 1.008230150043516682e+00 5.623321656003112644e-04
2.558333333333333215e+01 1.010605687603837399e+00 2.323929609036920040e-03
2.560416666666666430e+01 1.013184642822910986e+00 -7.776457606775272462e-04
2.562500000000000000e+01 1.015710866132357948e+00 -2.028101937743945898e-03
2.564583333333333215e+01 1.009018773321093798e+00 -4.744243380495823418e-04
2.566666666666666430e+01 9.944720367954050788e-01 -4.127544490033108085e-04
2.568750000000000000e+01 9.837628262630181419e-01 1.287475440857121806e-03
2.570833333333333215e+01 9.855747082673111947e-01 1.806579692150927499e-03
2.572916666666666430e+01 9.962368211988963385e-01 1.280317667728466541e-04
2.575000000000000000e+01 9.989281660942725960e-01 -1.448974092196884901e-03
2.577083333333333215e+01 1.001391524167805303e+00 -9.896205287926427858e-04
2.579166666666666430e+01 9.943337133586545029e-01 8.967189052099028463e-05
2.581250000000000000e+01 9.972352383031949374e-01 -7.617566238987246103e-04
2.583333333333333215e+01 1.004550847071884911e+00 -3.079289201469777738e-04
2.585416666666666430e+01 1.015317491832272268e+00 1.429998089809483884e-03
2.587500000000000000e+01 1.015746070342884888e+00 1.468438127480089063e-03
2.589583333333333215e+01 1.022453824627103325e+00 -1.709709851233753419e-03
2.591666666666666430e+01 1.005059326648612750e+00 4.551142845424946621e-04
2.593750000000000000e+01 9.848323797247701128e-01 -2.045769305746231084e-03
2.595833333333333215e+01 9.664839720342338625e-01 1.069938330380509721e-03
2.597916666666666430e+01 9.663352626816953395e-01 2.643694158606808061e-03
