0.000000000000000000e+00 9.864040904508667440e-01 -5.247671977338107556e-04
2.083333333333333218e-02 9.960887502834085971e-01 -3.199135392993166958e-04
4.166666666666666435e-02 9.971567206296287900e-01 2.236847267824770748e-03
6.250000000000000000e-02 1.003243756975915835e+00 3.529720677105905604e-04
8.333333333333332871e-02 1.008047442996118370e+00 9.278253252219963209e-04
1.041666666666666574e-01 1.013124887894528481e+00 -6.312191725113964732e-05
1.250000000000000000e-01 1.009573448634845771e+00 1.769136624160473452e-03
1.458333333333333148e-01 1.008013202185177093e+00 1.047707317368274825e-03
1.666666666666666574e-01 9.910979834181693482e-01 -1.750365447455783183e-03
1.875000000000000000e-01 9.979694654788364705e-01 -1.172469982765446915e-03
2.083333333333333148e-01 1.000692333483042207e+00 -1.873935034717762703e-03
2.291666666666666574e-01 1.011302823183192201e+00 1.002323789436068225e-03
2.500000000000000000e-01 1.019862911586738585e+00 2.810300140465316629e-04
2.708333333333333148e-01 1.003982647473368628e+00 3.544650427822315219e-04
2.916666666666666297e-01 9.939710896117978089e-01 8.046291568963991492e-04
3.125000000000000000e-01 9.741237111502788482e-01 -1.498080834870955513e-03
3.333333333333333148e-01 9.644438380342281736e-01 6.590076475086326232e-04
3.541666666666666297e-01 9.456936655626294597e-01 2.690021135862885517e-04
3.750000000000000000e-01 9.405776326766324136e-01 5.463093796704130865e-04
3.958333333333333148e-01 9.300535492260040282e-01 1.641084718820627272e-03
4.166666666666666297e-01 9.342791697945954654e-01 9.265538746618271143e-04
4.375000000000000000e-01 9.211749680711518451e-01 9.748492546113301106e-05
4.583333333333333148e-01 9.285834172500430084e-01 7.654220611077627008e-06
4.791666666666666297e-01 9.043666146340938461e-01 2.379620237944720176e-04
5.000000000000000000e-01 8.652871267932348287e-01 2.250815079647212658e-05
5.208333333333332593e-01 8.224512574404269083e-01 -1.282544632847851859e-03
5.416666666666666297e-01 7.886186610637113681e-01 -2.973037244348543124e-03
5.625000000000000000e-01 7.556672674614115515e-01 -1.337436054475649259e-03
5.833333333333332593e-01 7.337113250820849197e-01 1.054777098990968866e-03
6.041666666666666297e-01 7.238384143222617029e-01 1.611519476711785557e-03
6.250000000000000000e-01 7.053563344733079221e-01 -1.779211019651190341e-03
6.458333333333332593e-01 6.889109524989572853e-01 -5.786081930589227849e-04
6.666666666666666297e-01 6.918256971458451865e-01 2.466627401096507886e-04
6.875000000000000000e-01 6.895381501122955781e-01 -1.168845587910319122e-03
7.083333333333332593e-01 6.946347161775262569e-01 5.515893330373843528e-04
7.291666666666666297e-01 7.014882929923016430e-01 5.183043713380431359e-04
7.500000000000000000e-01 7.097725311875192622e-01 -4.723592617514022862e-04
7.708333333333332593e-01 7.206332936379600262e-01 -6.631441953789613333e-04
7.916666666666666297e-01 7.407850518080268953e-01 7.769906082142902107e-04
8.125000000000000000e-01 7.547869103127777812e-01 1.261965366588245529e-03
8.333333333333332593e-01 7.751452101960366603e-01 7.121474753730407331e-04
8.541666666666666297e-01 7.783984100585444876e-01 2.191139882040575929e-04
8.750000000000000000e-01 7.883226046232416628e-01 -8.203483865616577244e-04
8.958333333333332593e-01 7.940417648010027474e-01 -1.403417384694494532e-04
9.166666666666666297e-01 8.134156743926621580e-01 -4.901708641269130959e-04
9.375000000000000000e-01 8.355982261085600493e-01 -1.304447748950750404e-03
9.583333333333332593e-01 8.634509554403430043e-01 -5.841474370434992939e-04
9.791666666666666297e-01 8.884502170018289124e-01 -4.804112007222393721e-04
1.000000000000000000e+00 9.141660049879767325e-01 -2.511509346616434216e-03
1.020833333333333259e+00 9.428373223039479001e-01 8.232474530545345762e-04
1.041666666666666519e+00 9.640357565335566647e-01 1.272869428412736154e-04
1.062500000000000000e+00 9.852362223421566867e-01 -8.534766151445735563e-04
1.083333333333333259e+00 9.918197462123562458e-01 2.866866692830228550e-04
1.104166666666666519e+00 1.001866243429247127e+00 -3.820709463984262944e-04
1.125000000000000000e+00 1.000501254780184812e+00 5.060957870398100859e-04
1.145833333333333259e+00 9.954101945031340604e-01 3.153045577738507362e-04
1.166666666666666519e+00 9.971363476319227148e-01 -1.047230386156980213e-03
1.187500000000000000e+00 1.001903139011309340e+00 -4.952972312955775916e-05
1.208333333333333259e+00 1.000575310330030998e+00 4.118217494450601961e-04
1.229166666666666519e+00 1.001419492844464409e+00 9.396179571443990164e-04
1.250000000000000000e+00 9.982652374655751615e-01 1.836337132605526121e-03
1.270833333333333259e+00 9.968530690183482479e-01 -1.964990766438392416e-04
1.291666666666666519e+00 9.959958877780559217e-01 1.290785207068442927e-03
1.312500000000000000e+00 1.001732853057878847e+00 -7.307989804140523028e-04
1.333333333333333259e+00 9.957454869945754350e-01 -1.156930253940735868e-03
1.354166666666666519e+00 9.965857090677843200e-01 4.280929508196216387e-04
1.375000000000000000e+00 9.980155635782379520e-01 -1.211703877520020362e-03
1.395833333333333259e+00 1.004767856081868471e+00 1.668498543236691012e-04
1.416666666666666519e+00 1.013212842734076524e+00 -4.824673230556247188e-04
1.437500000000000000e+00 1.015639121831386049e+00 -7.503471325962373251e-04
1.458333333333333259e+00 1.015276796397824866e+00 3.524242095911191987e-04
1.479166666666666519e+00 1.005322185383707989e+00 1.085724121142107998e-03
1.500000000000000000e+00 1.006241068915476156e+00 1.412253835568450617e-03
1.520833333333333259e+00 1.002930070170331867e+00 -5.237230336532234371e-05
1.541666666666666519e+00 9.976800724763238426e-01 1.201491313318475175e-03
1.562500000000000000e+00 9.918272296556926992e-01 1.644011024633421189e-04
1.583333333333333259e+00 9.925510069455085738e-01 -9.911113626194421010e-04
1.604166666666666519e+00 9.891639447168476540e-01 -1.607171593354728969e-03
1.625000000000000000e+00 9.927815203965043578e-01 9.241697300749600352e-05
1.645833333333333259e+00 1.001634441444481105e+00 -1.666643189360210442e-03
1.666666666666666519e+00 9.979477271807006833e-01 -1.305156111106504880e-03
1.687500000000000000e+00 9.935795576299062404e-01 1.596673000413120769e-03
1.708333333333333259e+00 9.934128081091000428e-01 1.865320740490306614e-03
1.729166666666666519e+00 9.922543777925815212e-01 5.142237051375418483e-04
1.750000000000000000e+00 9.964378964758938695e-01 2.214755684535938893e-03
1.770833333333333259e+00 1.010114132949236687e+00 -1.388910426766289119e-03
1.791666666666666519e+00 1.020540101692334556e+00 1.404041315171254516e-03
1.812500000000000000e+00 1.017992298972108411e+00 -1.274310965673266247e-03
1.833333333333333259e+00 1.017839358804581762e+00 2.172946015527630215e-03
1.854166666666666519e+00 1.006360901209267356e+00 -8.634544899692165026e-04
1.875000000000000000e+00 9.968697425384255295e-01 -1.508873650471541470e-04
1.895833333333333259e+00 9.967778415477451803e-01 -5.266990351075417041e-04
1.916666666666666519e+00 9.903650117611357828e-01 -9.091171855940770839e-04
1.937500000000000000e+00 9.934251743312624283e-01 -1.072199160135756460e-03
1.958333333333333259e+00 9.909399202999097378e-01 -8.679542003569940347e-05
1.979166666666666519e+00 9.979265969228331423e-01 -4.104173551961089053e-04
2.000000000000000000e+00 1.004061257291871012e+00 -6.977255682983942971e-04
2.020833333333333037e+00 1.010462485102347818e+00 1.329342708099004412e-03
2.041666666666666519e+00 1.011085032262186267e+00 -6.489166684988611176e-04
2.062500000000000000e+00 1.005643686024333849e+00 -6.211272678391017727e-04
2.083333333333333037e+00 9.980938371259139297e-01 1.361986506034485725e-03
2.104166666666666519e+00 1.003084463920157487e+00 -2.019751460070409038e-03
2.125000000000000000e+00 1.002775050146488711e+00 1.002172436804676969e-04
2.145833333333333037e+00 9.950059574079825886e-01 -2.874226785489349362e-04
2.166666666666666519e+00 9.976378978545081821e-01 -6.230256119198107536e-04
2.187500000000000000e+00 9.862044354779231359e-01 -7.807687857516667921e-04
2.208333333333333037e+00 9.826776902364388055e-01 7.435073706227782035e-05
2.229166666666666519e+00 9.846102934567382281e-01 -1.164478735420537876e-04
2.250000000000000000e+00 9.932047524653034865e-01 -2.230685976870325129e-03
2.270833333333333037e+00 9.991742851227783939e-01 -6.297361067651556250e-04
2.291666666666666519e+00 1.008313989195130045e+00 -1.756598409934359627e-04
2.312500000000000000e+00 1.018492174672378736e+00 3.316477283162301465e-06
2.333333333333333037e+00 1.026639717385113837e+00 -6.061622929221852476e-04
2.354166666666666519e+00 1.025212848643892505e+00 6.989255406317230991e-05
2.375000000000000000e+00 1.025101407376306284e+00 -8.511852574184770133e-04
2.395833333333333037e+00 1.018104189421017214e+00 -1.242839224277066893e-03
2.416666666666666519e+00 1.005442570575510119e+00 1.596315032456455119e-03
2.437500000000000000e+00 9.966004982403599000e-01 4.706410248187917927e-05
2.458333333333333037e+00 9.924263908422131797e-01 2.694276656810206273e-03
2.479166666666666519e+00 9.914374514394383997e-01 -5.469859574215685076e-04
2.500000000000000000e+00 9.950519809267328597e-01 8.705053449989450355e-04
2.520833333333333037e+00 9.889302520494863691e-01 5.221903791589798879e-04
2.541666666666666519e+00 9.882562105860702717e-01 -6.809816881501618447e-04
2.562500000000000000e+00 9.855546547377544986e-01 1.488362709613890019e-03
2.583333333333333037e+00 9.905289641882966123e-01 1.222827900316176110e-03
2.604166666666666519e+00 9.978497266206393101e-01 9.401270302270722757e-04
2.625000000000000000e+00 9.987746749964989679e-01 6.305897756504940050e-04
2.645833333333333037e+00 1.007996141909532462e+00 1.748168154890063209e-04
2.666666666666666519e+00 1.014158985086523801e+00 -6.313612234575133320e-04
2.687500000000000000e+00 1.021629025968820770e+00 -3.312185511515937505e-04
2.708333333333333037e+00 1.025216612879946032e+00 -2.003992659299591497e-03
2.729166666666666519e+00 1.023574401206072348e+00 9.148086678147976294e-04
2.750000000000000000e+00 1.015841945591841045e+00 1.362853743257751668e-05
2.770833333333333037e+00 1.006120853663011294e+00 -1.456682327104789594e-03
2.791666666666666519e+00 9.910004277203667833e-01 -1.564942778566671684e-04
2.812500000000000000e+00 9.926635577850511094e-01 -1.290856394759821784e-03
2.833333333333333037e+00 9.857590489337594297e-01 -5.819002159421342866e-04
2.854166666666666519e+00 9.862023397935424374e-01 1.893510162540496628e-03
2.875000000000000000e+00 9.965457217717506033e-01 3.809527955740655506e-04
2.895833333333333037e+00 9.977959744914985940e-01 9.917677328673542118e-04
2.916666666666666519e+00 1.007303350595323721e+00 3.932935202430980757e-04
2.937500000000000000e+00 1.003027109408567652e+00 -2.047848629600885432e-03
2.958333333333333037e+00 1.008590341894074260e+00 1.396710617314181389e-04
2.979166666666666519e+00 1.004314971367230802e+00 -9.712962447363908403e-04
3.000000000000000000e+00 1.002373632860870334e+00 3.147292989501937303e-04
3.020833333333333037e+00 9.959602690620946719e-01 1.407879110058849956e-03
3.041666666666666519e+00 9.961858992816031710e-01 -1.010996972388291315e-03
3.062500000000000000e+00 9.991188077775000620e-01 5.275801313427769734e-04
3.083333333333333037e+00 1.006881097138954795e+00 -4.365797428685609183e-04
3.104166666666666519e+00 1.019179610649542100e+00 -4.454527595081467402e-04
3.125000000000000000e+00 1.019045602898772218e+00 -1.115333149101524024e-04
3.145833333333333037e+00 1.020725617678085451e+00 7.617161097270583412e-04
3.166666666666666519e+00 1.011502009736298335e+00 6.779770856876823903e-04
3.187500000000000000e+00 1.006333029294968595e+00 -9.608507870041212325e-04
3.208333333333333037e+00 9.913180991441773449e-01 -6.009214772444727159e-05
3.229166666666666519e+00 9.829510033941323277e-01 2.519322347698815974e-03
3.250000000000000000e+00 9.823113520473599758e-01 -1.940439258655772548e-03
3.270833333333333037e+00 9.808487220818221664e-01 3.144398932770881114e-04
3.291666666666666519e+00 9.837724073966434002e-01 1.824543164599231031e-03
3.312500000000000000e+00 1.000066814257422498e+00 1.187133516450819548e-03
3.333333333333333037e+00 1.009500619558499235e+00 4.243310196964882150e-04
3.354166666666666519e+00 1.019850662197565150e+00 -1.714573232360811635e-06
3.375000000000000000e+00 1.020462643823043525e+00 2.248236063808766241e-03
3.395833333333333037e+00 1.020629579621411542e+00 1.948953322667247101e-03
3.416666666666666519e+00 1.015910399477360615e+00 2.897293390683754991e-04
3.437500000000000000e+00 1.009596584437696620e+00 5.289268703599936958e-04
3.458333333333333037e+00 1.002439255912713323e+00 -3.881630418305255514e-04
3.479166666666666519e+00 9.984405083277777537e-01 4.422436065447004662e-04
3.500000000000000000e+00 9.927557108274480679e-01 2.716669378363267481e-03
3.520833333333333037e+00 9.819317267236520319e-01 -2.453092599553640708e-04
3.541666666666666519e+00 9.868263437727053944e-01 -4.695447588273898290e-04
3.562500000000000000e+00 9.802634500466858025e-01 -1.072775668953504340e-03
3.583333333333333037e+00 9.894307836091263963e-01 3.230130874016739302e-04
3.604166666666666519e+00 9.958735925592407945e-01 8.205377867401088049e-04
3.625000000000000000e+00 1.009917312504436726e+00 1.201023761595892752e-03
3.645833333333333037e+00 1.016260706510263123e+00 1.422366687258924678e-03
3.666666666666666519e+00 1.021881205489002298e+00 1.941756341178629396e-03
3.687500000000000000e+00 1.025460137031531715e+00 4.872583735281233109e-05
3.708333333333333037e+00 1.024027161610161718e+00 -7.900480986508057408e-04
3.729166666666666519e+00 1.016999123887752932e+00 -1.650107762504384064e-04
3.750000000000000000e+00 1.000560205016551185e+00 -2.293746183766877302e-03
3.770833333333333037e+00 9.981526231436189667e-01 -3.032206081877119306e-04
3.791666666666666519e+00 9.954837681456718546e-01 -3.723492227625969518e-04
3.812500000000000000e+00 9.885769496086169728e-01 -5.519486764132520377e-04
3.833333333333333037e+00 9.898525633318783212e-01 -9.621141215161047120e-04
3.854166666666666519e+00 9.927994688428072312e-01 2.800963771405356214e-04
3.875000000000000000e+00 9.991278838442902988e-01 -1.912608116394701597e-04
3.895833333333333037e+00 1.005407439574268480e+00 6.494073837667887041e-04
3.916666666666666519e+00 9.985888524131236732e-01 -8.502354063507380722e-04
3.937500000000000000e+00 9.952116160020282321e-01 6.698142414657723117e-04
3.958333333333333037e+00 1.003150462310667512e+00 8.393698252075641394e-04
3.979166666666666519e+00 9.968098888990754025e-01 -2.288305365572570289e-04
4.000000000000000000e+00 1.002959462198635521e+00 3.765420079868911515e-04
4.020833333333333037e+00 1.012231461564432555e+00 1.610319662521043482e-03
4.041666666666666075e+00 1.014184002974757970e+00 -3.097800555858673706e-03
4.062500000000000000e+00 1.009545706519007879e+00 -4.505032274900588472e-04
4.083333333333333037e+00 1.014442603310250712e+00 5.300837873802127743e-04
4.104166666666666075e+00 1.008488170945578632e+00 -1.043324200421167497e-03
4.125000000000000000e+00 1.009451454582824148e+00 -1.605805412531640438e-04
4.145833333333333037e+00 1.007331570236283502e+00 -6.112661696429596853e-04
4.166666666666666075e+00 1.006691716364228384e+00 -1.860964628814758265e-05
4.187500000000000000e+00 1.004336548203878410e+00 -1.826537506337794214e-03
4.208333333333333037e+00 9.974767991294006819e-01 -1.794028451384183749e-03
4.229166666666666075e+00 9.979259970108135258e-01 -1.649751972348700337e-03
4.250000000000000000e+00 9.989188612568455916e-01 1.354593387955594155e-03
4.270833333333333037e+00 9.981238876998229648e-01 1.223925436139730724e-03
4.291666666666666075e+00 1.001276982620028955e+00 -4.691134885044719602e-04
4.312500000000000000e+00 1.003709392007314127e+00 1.387736065121400551e-03
4.333333333333333037e+00 1.006629870203518573e+00 -1.264188576278508277e-03
4.354166666666666075e+00 1.007443462647998889e+00 7.348580530497868029e-04
4.375000000000000000e+00 9.992063125847021610e-01 -1.028468741082199127e-03
4.395833333333333037e+00 9.958630540395796427e-01 -1.479830885628058207e-03
4.416666666666666075e+00 9.851776887075038847e-01 1.818965986446877386e-03
4.437500000000000000e+00 9.918435021832369136e-01 1.417910185844322010e-03
4.458333333333333037e+00 9.983898709562861740e-01 2.992533258131421206e-04
4.479166666666666075e+00 1.006227245366660084e+00 -1.047488959888839052e-03
4.500000000000000000e+00 1.012584518363865760e+00 -1.413665381492980582e-03
4.520833333333333037e+00 1.018787818769073317e+00 9.789605009765177217e-04
4.541666666666666075e+00 1.016257457716856827e+00 2.306900610142975389e-03
4.562500000000000000e+00 1.013608881194507871e+00 1.796339773001735850e-03
4.583333333333333037e+00 1.010331298125589861e+00 -1.498053285786697967e-03
4.604166666666666075e+00 1.010371301205181593e+00 1.723872680879455889e-03
4.625000000000000000e+00 1.006257583147995183e+00 2.661391614608111297e-03
4.645833333333333037e+00 1.005429657762525464e+00 3.251199718193521662e-04
4.666666666666666075e+00 1.008382649111181584e+00 -1.496866100026683012e-05
4.687500000000000000e+00 1.014019450284318724e+00 5.412750967581750642e-05
4.708333333333333037e+00 1.012386939077300152e+00 9.036765894433863118e-04
4.729166666666666075e+00 1.000788838063027875e+00 1.285189505648488091e-03
4.750000000000000000e+00 9.890199928424310283e-01 -2.947577839110624570e-04
4.770833333333333037e+00 9.779757533495069266e-01 1.431555633685951739e-03
4.791666666666666075e+00 9.682657403671549590e-01 -1.699497835176805652e-03
4.812500000000000000e+00 9.706054156657011323e-01 2.902366635434892287e-04
4.833333333333333037e+00 9.750823603080738255e-01 6.296396940487964961e-04
4.854166666666666075e+00 9.942580097753025425e-01 -7.678299691450990623e-04
4.875000000000000000e+00 1.009766042808258657e+00 -6.632577980725954184e-04
4.895833333333333037e+00 1.025545403943621592e+00 -3.044753473584915077e-03
4.916666666666666075e+00 1.034202282069313972e+00 -3.190473693088643971e-04
4.937500000000000000e+00 1.038680977600741517e+00 -8.052868087899394550e-05
4.958333333333333037e+00 1.037692707807694292e+00 9.808035498342815468e-04
4.979166666666666075e+00 1.030336035728256938e+00 3.204320406303858264e-04
5.000000000000000000e+00 1.013825662982074549e+00 1.600286882312634492e-04
5.020833333333333037e+00 1.003419439675588887e+00 1.767628329082355804e-03
5.041666666666666075e+00 9.961983751815323140e-01 -1.398324160985147790e-03
5.062500000000000000e+00 9.915151337548533395e-01 1.096691520552798248e-03
5.083333333333333037e+00 9.828149778696860794e-01 6.257009133412679350e-04
5.104166666666666075e+00 9.815634172079067410e-01 5.795638274541785881e-04
5.125000000000000000e+00 9.750348319320384372e-01 -2.543139776207722479e-03
5.145833333333333037e+00 9.805352491441178264e-01 -1.227103859120466179e-03
5.166666666666666075e+00 9.946812933116874200e-01 -8.649304479497241628e-04
5.187500000000000000e+00 1.004233252540836174e+00 -1.391719662300428505e-03
5.208333333333333037e+00 1.016762750494274226e+00 -1.461752684378857378e-03
5.229166666666666075e+00 1.018409417194086508e+00 8.506736139324932002e-04
5.250000000000000000e+00 1.021477479852190617e+00 -1.917764907580418558e-03
5.270833333333333037e+00 1.019891405054538236e+00 2.067271745560331220e-03
5.291666666666666075e+00 1.020091524725903032e+00 -1.618976735520559007e-03
5.312500000000000000e+00 1.013413303037426827e+00 -7.085321649013669740e-04
5.333333333333333037e+00 1.004767198534990413e+00 5.962672484825424189e-04
5.354166666666666075e+00 9.973318883464269424e-01 1.766714068624138882e-03
5.375000000000000000e+00 9.896129454007551729e-01 6.463809400020261971e-04
5.395833333333333037e+00 9.859279958246113251e-01 1.751440792111823557e-03
5.416666666666666075e+00 9.869124232089806492e-01 -1.090856596576023465e-03
5.437500000000000000e+00 9.912625816792772770e-01 1.038696848553695385e-03
5.458333333333333037e+00 9.932940171143019858e-01 2.268838491390466096e-04
5.479166666666666075e+00 1.004209665940666074e+00 -1.820202235743097229e-04
5.500000000000000000e+00 1.014604691065994491e+00 8.682400799045719405e-04
5.520833333333333037e+00 1.026235475846195344e+00 -9.390097792872591611e-04
5.541666666666666075e+00 1.038455756448217970e+00 4.055546579592151334e-04
5.562500000000000000e+00 1.032836286807670811e+00 8.524658747498872757e-04
5.583333333333333037e+00 1.021702897374462182e+00 -6.871521820494600982e-05
5.604166666666666075e+00 1.008485461030584673e+00 1.147219734299402202e-03
5.625000000000000000e+00 9.861141436834391927e-01 -1.281012658549610236e-03
5.645833333333333037e+00 9.780202473843500055e-01 -2.580569701110215137e-04
5.666666666666666075e+00 9.721102982825289285e-01 -7.501409768881901838e-04
5.687500000000000000e+00 9.789293098158988737e-01 1.066005984288664324e-03
5.708333333333333037e+00 9.831902972907260452e-01 1.818885903496230208e-03
5.729166666666666075e+00 9.952721106340913781e-01 -9.971098717269571228e-05
5.750000000000000000e+00 1.009217279809925927e+00 9.509506818942795069e-05
5.770833333333333037e+00 1.030152366298105804e+00 2.596233490816513933e-04
5.791666666666666075e+00 1.029038995319286220e+00 -2.313072901552079303e-03
5.812500000000000000e+00 1.019649976115401202e+00 -1.551549218045975096e-04
5.833333333333333037e+00 1.017555256150393772e+00 -7.635892656023005260e-04
5.854166666666666075e+00 1.001839873561795491e+00 -1.104201963742940020e-03
5.875000000000000000e+00 9.919155784604731796e-01 2.738115562834593443e-04
5.895833333333333037e+00 9.898339856583667773e-01 -8.563679008679982770e-04
5.916666666666666075e+00 9.867752417512625218e-01 -8.066619272618111378e-04
5.937500000000000000e+00 9.930451697325508587e-01 -3.035056794481721791e-04
5.958333333333333037e+00 1.000290278069540184e+00 -9.695024187293532899e-04
5.979166666666666075e+00 1.015701447209389929e+00 2.913376052869862424e-04
6.000000000000000000e+00 1.026776771685190770e+00 3.028303041802743109e-03
6.020833333333333037e+00 1.026961480798436632e+00 -1.778800153348865593e-03
6.041666666666666075e+00 1.018014574549057416e+00 -7.280262426421088779e-04
6.062500000000000000e+00 1.007379874446005408e+00 1.210379942655033601e-03
6.083333333333333037e+00 1.001223859659723159e+00 -8.762812368125200277e-04
6.104166666666666075e+00 9.855873640647248024e-01 -2.098124654041174286e-04
6.125000000000000000e+00 9.903869028048821743e-01 3.465804564142219331e-04
6.145833333333333037e+00 9.929304559221402426e-01 1.626538175860811663e-03
6.166666666666666075e+00 1.000775333740997475e+00 3.765059759807472435e-04
6.187500000000000000e+00 1.007609192149435229e+00 -3.851560967603386270e-03
6.208333333333333037e+00 1.014514746776053578e+00 -7.035843760560147155e-04
6.229166666666666075e+00 1.016189082450387415e+00 2.411802958369712853e-04
6.250000000000000000e+00 1.015797979470336010e+00 -8.307396140262093701e-04
6.270833333333333037e+00 1.002159603191967285e+00 7.071078533819915961e-04
6.291666666666666075e+00 9.891935574067494130e-01 2.386410704820608557e-04
6.312500000000000000e+00 9.829320838358170942e-01 -1.052323077354732185e-03
6.333333333333333037e+00 9.883062596975716874e-01 -2.320681026940116156e-03
6.354166666666666075e+00 9.936090980112446402e-01 -1.278471346872788296e-03
6.375000000000000000e+00 1.011612652031060433e+00 1.619959975997815578e-03
6.395833333333333037e+00 1.019716658780203566e+00 5.649007275045652863e-04
6.416666666666666075e+00 1.012289191370599806e+00 8.249439940101599552e-04
6.437500000000000000e+00 1.012683198965668607e+00 8.227310651877473382e-05
6.458333333333333037e+00 1.009295193205588026e+00 -3.994822031593763608e-04
6.479166666666666075e+00 1.002564869924725599e+00 3.168691584492331769e-04
6.500000000000000000e+00 9.969201034254889793e-01 -1.430807463014330738e-03
6.520833333333333037e+00 9.921186339348319061e-01 -6.042552713953015710e-04
6.541666666666666075e+00 9.981336378611613824e-01 6.948774913522644259e-04
6.562500000000000000e+00 1.003118759575618357e+00 1.008835918140935485e-03
6.583333333333333037e+00 1.013921279320649793e+00 8.927446385401982586e-04
6.604166666666666075e+00 1.020735058438413612e+00 8.264954125433727344e-04
6.625000000000000000e+00 1.019083830620859832e+00 6.708414708364694864e-05
6.645833333333333037e+00 1.010095857965699784e+00 4.335407006270185866e-04
6.666666666666666075e+00 1.001133118504209163e+00 -1.611220733407468233e-03
6.687500000000000000e+00 9.912199698872377063e-01 -4.834172318492658432e-04
6.708333333333333037e+00 9.937887426968680105e-01 -1.577658562494605810e-03
6.729166666666666075e+00 9.956579667415912382e-01 5.968687105086617440e-04
6.750000000000000000e+00 9.935506656926536007e-01 -6.175418968613929742e-04
6.770833333333333037e+00 9.935194137675541493e-01 -1.139267987766465857e-03
6.791666666666666075e+00 1.000375530318179829e+00 1.441203266066200380e-03
6.812500000000000000e+00 1.005253723453067183e+00 -4.279558211020933188e-04
6.833333333333333037e+00 1.015684600015535066e+00 -2.002343200275342929e-04
6.854166666666666075e+00 1.020531290533260638e+00 5.875674137374642045e-04
6.875000000000000000e+00 1.013144894506988081e+00 -1.066329174170821186e-03
6.895833333333333037e+00 1.000126757403156263e+00 -1.734935944216943297e-03
6.916666666666666075e+00 1.002262739440381356e+00 -3.215718725305632508e-04
6.937500000000000000e+00 9.971752006527592194e-01 -1.288363005839931455e-03
6.958333333333333037e+00 9.963983817411397048e-01 -1.377619146946969632e-04
6.979166666666666075e+00 9.972048577990948459e-01 4.111390409797194907e-04
7.000000000000000000e+00 1.000696120452294169e+00 -6.949042643171534370e-04
7.020833333333333037e+00 1.006159898331818292e+00 1.234641747645439346e-03
7.041666666666666075e+00 1.002538458720872994e+00 -6.274460462923137690e-04
7.062500000000000000e+00 1.009369502648642669e+00 2.587359361728550338e-03
7.083333333333333037e+00 1.011340308218958262e+00 -8.437829492877000216e-05
7.104166666666666075e+00 1.005298959644171486e+00 3.950367891068925987e-04
7.125000000000000000e+00 9.961658160303339393e-01 -1.882790089369329499e-03
7.145833333333333037e+00 1.002582699183311332e+00 2.752025917104099651e-03
7.166666666666666075e+00 1.003726031360822946e+00 6.151218063695521260e-04
7.187500000000000000e+00 1.010734566397020640e+00 -1.064915576060306246e-04
7.208333333333333037e+00 1.018834779944060909e+00 -1.222277234876354172e-03
7.229166666666666075e+00 1.018760642210431167e+00 1.298933187915751264e-03
7.250000000000000000e+00 1.008307965631803693e+00 -8.174153029763899002e-04
7.270833333333333037e+00 1.001440097120100070e+00 -5.070480282568825799e-04
7.291666666666666075e+00 9.939889428893795564e-01 -1.752533815176843908e-03
7.312500000000000000e+00 9.864124894507709795e-01 -1.457802181137739803e-03
7.333333333333333037e+00 9.867733875442261660e-01 1.632729514840083190e-03
7.354166666666666075e+00 9.907617795029932672e-01 1.070353126587497228e-03
7.375000000000000000e+00 9.944672654808202061e-01 -1.545212066345140771e-03
7.395833333333333037e+00 1.006073140984411918e+00 -8.084012759582599739e-04
7.416666666666666075e+00 1.019257629225911010e+00 -1.842579439428977369e-03
7.437500000000000000e+00 1.018618489889519418e+00 1.036999998234594414e-04
7.458333333333333037e+00 1.022431501458571201e+00 1.128878690781224474e-04
7.479166666666666075e+00 1.016126170487403835e+00 -2.124718514743875178e-04
7.500000000000000000e+00 1.001572629380926394e+00 5.079307373896214473e-04
7.520833333333333037e+00 1.000227770017302564e+00 1.144284038879803643e-03
7.541666666666666075e+00 1.012675383354097791e+00 -1.218128627564268093e-03
7.562500000000000000e+00 1.006974830341298643e+00 3.395460070447527796e-04
7.583333333333333037e+00 1.004364108071596817e+00 1.923980555268025834e-03
7.604166666666666075e+00 9.934378154892641311e-01 -1.235827846009933709e-04
7.625000000000000000e+00 9.884448256451280335e-01 -6.564359458295946845e-04
7.645833333333333037e+00 9.821209528477043982e-01 1.329916322457545255e-03
7.666666666666666075e+00 9.805463934073262999e-01 1.072840558694375873e-04
7.687500000000000000e+00 9.968901657953420647e-01 -1.620269383914846447e-04
7.708333333333333037e+00 9.997201705924891879e-01 1.184948951109769189e-03
7.729166666666666075e+00 1.007056157506091454e+00 -9.062061892216006045e-05
7.750000000000000000e+00 1.019401735889256422e+00 -2.969899106535350006e-04
7.770833333333333037e+00 1.025972623804156880e+00 1.568645811011765918e-05
7.791666666666666075e+00 1.031140737194333967e+00 1.332200645133205718e-03
7.812500000000000000e+00 1.029245923883773228e+00 1.245744938995893645e-03
7.833333333333333037e+00 1.015472365162588986e+00 -2.156013787635131459e-04
7.854166666666666075e+00 1.000363554445230285e+00 3.228923810018587658e-03
7.875000000000000000e+00 9.921015613307531122e-01 -3.572259950418053901e-05
7.895833333333333037e+00 9.929878819241064747e-01 -3.185699578302769990e-04
7.916666666666666075e+00 9.958100623403038920e-01 1.660992991269796956e-03
7.937500000000000000e+00 9.962166476305401863e-01 -1.991189366320527277e-03
7.958333333333333037e+00 9.910373775755147996e-01 3.042936888782982966e-03
7.979166666666666075e+00 9.871837056006149691e-01 -4.268756049560600810e-04
8.000000000000000000e+00 9.902242154523167583e-01 -3.846490298114169895e-04
8.020833333333332149e+00 9.985723313366587917e-01 -1.666591851994832577e-03
8.041666666666666075e+00 1.010216110514736476e+00 -1.376055885193458190e-03
8.062500000000000000e+00 1.016354934979776692e+00 2.613706955316392544e-04
8.083333333333332149e+00 1.016968923263031233e+00 2.168470998043874574e-03
8.104166666666666075e+00 1.014475515808968664e+00 7.995403293645244290e-04
8.125000000000000000e+00 1.007064072776497676e+00 5.309742089608975512e-04
8.145833333333332149e+00 1.004057784389019492e+00 -1.616592594417460324e-04
8.166666666666666075e+00 9.938637853868378391e-01 1.131286801219247642e-03
8.187500000000000000e+00 9.858367652391704095e-01 -6.036366999730579828e-04
8.208333333333332149e+00 9.874144401307233254e-01 2.164534981501487366e-03
8.229166666666666075e+00 9.954491098866847798e-01 -3.479280915801445922e-03
8.250000000000000000e+00 1.008236328794123837e+00 -4.170966391217570293e-04
8.270833333333332149e+00 1.029807500616831017e+00 -1.386186333976270656e-04
8.291666666666666075e+00 1.041870984685526746e+00 1.515795508834108648e-03
8.312500000000000000e+00 1.030863261737728243e+00 -2.605155946493902300e-04
8.333333333333332149e+00 1.015357406499721282e+00 5.338960791999715176e-04
8.354166666666666075e+00 9.990111897993764201e-01 1.685704074978252882e-03
8.375000000000000000e+00 9.909503977464315660e-01 5.482390033531065908e-05
8.395833333333332149e+00 9.749506496622259988e-01 2.215649115022802571e-03
8.416666666666666075e+00 9.726762096195622487e-01 -1.770132934725414690e-03
8.437500000000000000e+00 9.744404927723486765e-01 5.014432364545408057e-04
8.458333333333332149e+00 9.812824332681922002e-01 1.008946059098653420e-03
8.479166666666666075e+00 9.926646990564277351e-01 3.792843175930531163e-04
8.500000000000000000e+00 1.003746155322682299e+00 -1.557860273381833768e-03
8.520833333333332149e+00 1.020987003323262643e+00 2.234669186294558881e-04
8.541666666666666075e+00 1.018020658226614250e+00 -8.265725150407177840e-05
8.562500000000000000e+00 1.001921523827955074e+00 -2.327860349214946195e-03
8.583333333333332149e+00 1.005533057176977385e+00 1.551619032568487579e-03
8.604166666666666075e+00 1.004360086035106736e+00 4.712765566460158130e-04
8.625000000000000000e+00 1.008107436234101151e+00 -1.027900552414619034e-03
8.645833333333332149e+00 1.013888154609406955e+00 -9.362676965082130428e-04
8.666666666666666075e+00 1.014241495062463638e+00 1.829564854057217412e-03
8.687500000000000000e+00 1.015689916848763641e+00 2.002835606901548667e-03
8.708333333333332149e+00 1.011169619430501987e+00 -1.304846114582384510e-03
8.729166666666666075e+00 1.010893982618070064e+00 1.481612210181543817e-03
8.750000000000000000e+00 1.009635776042188349e+00 -7.072282558183610275e-04
8.770833333333332149e+00 9.968588157367715974e-01 -1.346098389110691801e-03
8.791666666666666075e+00 9.917087997689492118e-01 1.700301493829859800e-03
8.812500000000000000e+00 9.869865279377759704e-01 -1.524887550160545265e-04
8.833333333333332149e+00 9.889629610340286980e-01 1.238803920380256510e-03
8.854166666666666075e+00 1.003982220053471819e+00 1.259940152775369804e-03
8.875000000000000000e+00 1.007801799704685974e+00 5.627313493849863454e-04
8.895833333333332149e+00 1.004352069657219682e+00 -9.304702756534135883e-04
8.916666666666666075e+00 9.988291737286112415e-01 1.736095021818322539e-03
8.937500000000000000e+00 9.927190055412185021e-01 -3.960584843793210174e-04
8.958333333333332149e+00 9.864650131706048652e-01 -1.052068223391046083e-03
8.979166666666666075e+00 9.859948958785008655e-01 -1.321052327834114316e-03
9.000000000000000000e+00 9.924883895975707970e-01 -6.252826383749089320e-04
9.020833333333332149e+00 9.929766745154160468e-01 1.211989780224349578e-04
9.041666666666666075e+00 1.003905897688961657e+00 1.471120253108924684e-03
9.062500000000000000e+00 1.007488118227941598e+00 -3.674564480944193714e-03
9.083333333333332149e+00 1.021841545779952343e+00 2.240266587432533912e-03
9.104166666666666075e+00 1.028353346882134645e+00 3.954251745305509573e-04
9.125000000000000000e+00 1.027147714258290101e+00 3.790219476094191576e-04
9.145833333333332149e+00 1.017887589883414989e+00 1.281208679709209099e-03
9.166666666666666075e+00 1.006620237033534648e+00 -7.385893399877558295e-04
9.187500000000000000e+00 9.965291260575852572e-01 -5.666571954567842543e-04
9.208333333333332149e+00 9.941731444608905566e-01 -9.949759834128838343e-04
9.229166666666666075e+00 9.948624263097034515e-01 -4.916268441864704011e-04
9.250000000000000000e+00 9.942042416104691638e-01 -4.679651445214183070e-04
9.270833333333332149e+00 9.976022389531314927e-01 -1.587749300518956352e-03
9.291666666666666075e+00 9.921156447996649641e-01 2.022964977578413544e-03
9.312500000000000000e+00 9.946381024966445272e-01 1.497158932722677908e-03
9.333333333333332149e+00 9.975542110084921754e-01 -1.143579105862568097e-03
9.354166666666666075e+00 9.978347328862314791e-01 -7.815124316240916599e-04
9.375000000000000000e+00 1.001144425527454418e+00 3.611383818740744600e-04
9.395833333333332149e+00 1.004542757270745268e+00 3.604678308152973131e-04
9.416666666666666075e+00 1.006324167260753688e+00 -1.715833160125619736e-03
9.437500000000000000e+00 1.008736755964104281e+00 -7.392435228197025664e-04
9.458333333333332149e+00 1.013820724814939345e+00 -5.986777091360058175e-04
9.479166666666666075e+00 1.006319946934164378e+00 1.669579384197511507e-03
9.500000000000000000e+00 9.961151628312965300e-01 -5.748183118456656618e-04
9.520833333333332149e+00 9.894155798750712272e-01 -2.019968778849060790e-03
9.541666666666666075e+00 9.815503309830605483e-01 -1.487095496571837162e-03
9.562500000000000000e+00 9.810446970010308076e-01 4.684592869799027409e-04
9.583333333333332149e+00 9.951486014801461666e-01 -3.110916593400348418e-03
9.604166666666666075e+00 1.003127998169188295e+00 7.333204266612468932e-04
9.625000000000000000e+00 1.010951193170284590e+00 -1.777509419406861487e-03
9.645833333333332149e+00 1.004479486606160599e+00 6.200368968372698374e-04
9.666666666666666075e+00 1.010980032004307860e+00 2.388910257072122869e-03
9.687500000000000000e+00 1.012505684272472228e+00 -7.008249604286251495e-04
9.708333333333332149e+00 1.014597214792824387e+00 -6.245176805504602758e-04
9.729166666666666075e+00 1.010844260971689890e+00 -4.652143584395771543e-04
9.750000000000000000e+00 1.004721344192566868e+00 -2.291335701535883885e-03
9.770833333333332149e+00 9.975572202909446240e-01 2.964043814322920049e-04
9.791666666666666075e+00 1.000795811106668598e+00 -1.180557065591149096e-03
9.812500000000000000e+00 1.006374944233805246e+00 1.140174637789598787e-03
9.833333333333332149e+00 9.975084657816745137e-01 4.497377035572297488e-04
9.854166666666666075e+00 9.916133564094760100e-01 -1.699043347444818049e-03
9.875000000000000000e+00 9.853538560781239797e-01 2.087072496283886853e-04
9.895833333333332149e+00 9.790932636290656799e-01 -5.888338158508420081e-05
9.916666666666666075e+00 9.879799925757362100e-01 -3.497359789404384757e-04
9.937500000000000000e+00 9.879285534514146150e-01 -7.430680439540823931e-04
9.958333333333332149e+00 9.915236759408647682e-01 -9.237656770999974924e-04
9.979166666666666075e+00 9.877918189651943015e-01 -1.909556481047786211e-03
1.000000000000000000e+01 9.828190863016168510e-01 5.020852981628829348e-04
1.002083333333333215e+01 9.879440678871427295e-01 2.239064798838077096e-03
1.004166666666666607e+01 9.970282246112528446e-01 -3.468560507111927409e-03
1.006250000000000000e+01 1.014542649930840090e+00 6.548408961556518139e-04
1.008333333333333215e+01 1.022685883907523463e+00 2.759481707561095044e-03
1.010416666666666607e+01 1.033028276861563732e+00 6.112492742957733932e-04
1.012500000000000000e+01 1.031350877732860383e+00 -4.241037267917330809e-04
1.014583333333333215e+01 1.016567627978692823e+00 1.646385937450794339e-04
1.016666666666666607e+01 9.940301470005421525e-01 2.301144345088394780e-05
1.018750000000000000e+01 9.723730103185980189e-01 1.483188371804621247e-03
1.020833333333333215e+01 9.448737881770680191e-01 -5.303978134673048529e-04
1.022916666666666607e+01 9.111768958539390173e-01 1.943742862599106549e-03
1.025000000000000000e+01 8.899590809025148541e-01 -2.573956643898318310e-04
1.027083333333333215e+01 8.793724527200604824e-01 -1.168718469984464121e-03
1.029166666666666607e+01 8.783335325001501159e-01 8.176279362147522312e-04
1.031250000000000000e+01 8.683740388633151008e-01 -1.534700944581748059e-03
1.033333333333333215e+01 8.556149445172815948e-01 -5.762813337594660220e-04
1.035416666666666607e+01 8.424324740542238343e-01 -5.265015934578720028e-04
1.037500000000000000e+01 8.327526591427960589e-01 -7.326817956036100934e-05
1.039583333333333215e+01 8.221838238319607584e-01 -7.307042444772393315e-04
1.041666666666666607e+01 8.145175580118989567e-01 4.211411852270191460e-04
1.043750000000000000e+01 8.070917073375412087e-01 -5.963776886068778305e-04
1.045833333333333215e+01 7.962913899199728363e-01 -1.726829110756706361e-03
1.047916666666666607e+01 7.905132470393850808e-01 9.471812532500307113e-04
1.050000000000000000e+01 7.857286703853090248e-01 -3.362098397793766998e-04
1.052083333333333215e+01 7.868499748437235430e-01 4.358712349774491616e-05
1.054166666666666607e+01 7.951456792217486136e-01 1.539607252962194072e-03
1.056250000000000000e+01 8.017878179639286174e-01 2.957499350265081956e-04
1.058333333333333215e+01 8.129613185221528093e-01 1.543399617786511387e-03
1.060416666666666607e+01 8.273596112778804912e-01 -5.030821266360861987e-05
1.062500000000000000e+01 8.471257090111383725e-01 3.697752362585821046e-05
1.064583333333333215e+01 8.678271394372302217e-01 1.293631449706818606e-03
1.066666666666666607e+01 8.891911125968466889e-01 4.752543847360550674e-04
1.068750000000000000e+01 9.033204725316180683e-01 -1.513541207410355860e-05
1.070833333333333215e+01 9.204357472393829287e-01 -1.074388306071788696e-03
1.072916666666666607e+01 9.389278504520572888e-01 -1.237925181932463198e-03
1.075000000000000000e+01 9.674786731350499824e-01 -1.506464644997238889e-03
1.077083333333333215e+01 9.943280509007870194e-01 -1.287722188352853972e-03
1.079166666666666607e+01 1.010564886999616219e+00 5.333445115342782010e-04
1.081250000000000000e+01 1.014045953833218938e+00 6.222446230124133474e-04
1.083333333333333215e+01 1.007922900774268715e+00 -1.096009812326209773e-03
1.085416666666666607e+01 1.001599743481145222e+00 1.197454206862085110e-03
1.087500000000000000e+01 9.872936429978316220e-01 2.162703000508367577e-04
1.089583333333333215e+01 9.821818918526599163e-01 1.645151862269962325e-04
1.091666666666666607e+01 9.792163374085451899e-01 -1.254444882504012751e-03
1.093750000000000000e+01 9.793640036045798691e-01 -1.337385538009960980e-03
1.095833333333333215e+01 9.841366218055960235e-01 -2.249009231177276271e-03
1.097916666666666607e+01 9.951443626812985777e-01 1.786997299652668368e-03
1.100000000000000000e+01 1.006095004398326775e+00 -1.450185504948522713e-04
1.102083333333333215e+01 1.009967845708628076e+00 -1.818724662543749543e-03
1.104166666666666607e+01 1.004953475269794838e+00 3.273963551417472624e-04
1.106250000000000000e+01 9.943638642661071225e-01 5.555152333830596463e-04
1.108333333333333215e+01 9.898451300011669174e-01 3.416123142854275252e-04
1.110416666666666607e+01 9.884102891304769045e-01 1.055143836929434966e-03
1.112500000000000000e+01 9.925825666421594917e-01 2.734309956701151656e-04
1.114583333333333215e+01 9.939399775155008943e-01 -1.291687164844431204e-03
1.116666666666666607e+01 9.991314760332883349e-01 -1.485368917236954724e-03
1.118750000000000000e+01 9.978773802267544291e-01 7.296662719424308033e-05
1.120833333333333215e+01 9.904935631170747046e-01 1.000653662122554920e-03
1.122916666666666607e+01 9.921248086524221410e-01 -2.033835063297777506e-03
1.125000000000000000e+01 9.890683652559861816e-01 1.077063383419416941e-03
1.127083333333333215e+01 9.869342166970461738e-01 1.088772724288561856e-03
1.129166666666666607e+01 9.932072626728889464e-01 -4.666672449074686330e-06
1.131250000000000000e+01 9.966500445393620122e-01 -3.041924327979074342e-04
1.133333333333333215e+01 1.006953334134448763e+00 1.184119526933491602e-03
1.135416666666666607e+01 1.016052756418244662e+00 6.367577776811466413e-04
1.137500000000000000e+01 1.020386792432595335e+00 5.568259567375998523e-05
1.139583333333333215e+01 1.016857424124025355e+00 3.336205337500663557e-04
1.141666666666666607e+01 1.006893398313789101e+00 1.671456567436499030e-03
1.143750000000000000e+01 1.001508516718124353e+00 8.739278931274207986e-04
1.145833333333333215e+01 9.916027910426850056e-01 -2.410041629598350370e-03
1.147916666666666607e+01 9.890296703107707144e-01 1.317040545050304648e-04
1.150000000000000000e+01 9.850955981226440228e-01 1.302902570934430255e-03
1.152083333333333215e+01 9.763096885910736988e-01 8.940074173593445068e-04
1.154166666666666607e+01 9.694506681210072196e-01 -9.547289193818315816e-04
1.156250000000000000e+01 9.675525281243773090e-01 1.234975365779459211e-04
1.158333333333333215e+01 9.808337687125184834e-01 -1.447372894494717383e-03
1.160416666666666607e+01 9.892126788521475866e-01 1.676314912527242988e-04
1.162500000000000000e+01 9.976372897575174203e-01 5.255115581984273851e-05
1.164583333333333215e+01 1.006059079694737290e+00 8.435328235499261985e-04
1.166666666666666607e+01 1.018077920529514291e+00 2.070612421820725751e-04
1.168750000000000000e+01 1.020939068836558050e+00 -2.028712591155330640e-03
1.170833333333333215e+01 1.030943930395461061e+00 -3.914092984292466201e-03
1.172916666666666607e+01 1.030025299879094414e+00 7.470614058037022007e-04
1.175000000000000000e+01 1.026988955659360325e+00 -2.350413440426909334e-03
1.177083333333333215e+01 1.015083698302641224e+00 8.299745908394474958e-04
1.179166666666666607e+01 9.978073851513183934e-01 -3.200415192395339318e-04
1.181250000000000000e+01 9.814876209282420438e-01 -1.905073112505188725e-03
1.183333333333333215e+01 9.752990337333423687e-01 6.159992787737496311e-04
1.185416666666666607e+01 9.730308989337578263e-01 2.764540823888868163e-04
1.187500000000000000e+01 9.709189964413047491e-01 5.370270410834149157e-04
1.189583333333333215e+01 9.687651218318692470e-01 -8.244794471597876370e-04
1.191666666666666607e+01 9.904475699044220649e-01 1.580633034829079849e-03
1.193750000000000000e+01 9.965477526151246268e-01 -4.016323224812527401e-05
1.195833333333333215e+01 1.010725289345967060e+00 -2.643633821353553581e-03
1.197916666666666607e+01 1.016365866153552400e+00 -3.300541896210145093e-04
1.200000000000000000e+01 1.015106318663645535e+00 5.722940962920651346e-04
1.202083333333333215e+01 1.017242069222079603e+00 -8.460457305148203150e-04
1.204166666666666607e+01 1.015908911941084458e+00 -7.862533915021443923e-04
1.206250000000000000e+01 1.020345259893556289e+00 6.114314864079072867e-04
1.208333333333333215e+01 1.021797687815334532e+00 -6.896075516940077107e-04
1.210416666666666607e+01 1.026232657847991447e+00 1.178276948876812863e-03
1.212500000000000000e+01 1.017487855258124796e+00 -6.400539975698068358e-04
1.214583333333333215e+01 9.993914858528207823e-01 -5.698660888190346281e-04
1.216666666666666607e+01 9.878227319024442954e-01 2.655487848573882814e-05
1.218750000000000000e+01 9.788851178710454848e-01 -2.225441134724784591e-04
1.220833333333333215e+01 9.659789744075267803e-01 -3.122590961080409441e-03
1.222916666666666607e+01 9.707194724828822618e-01 -2.141146335192785442e-04
1.225000000000000000e+01 9.729917774443714862e-01 4.043874262074451803e-04
1.227083333333333215e+01 9.844771833619445633e-01 -6.814539365739445340e-04
1.229166666666666607e+01 1.001216585689191252e+00 -8.361361010193066540e-04
1.231250000000000000e+01 1.022348790206577540e+00 -1.875384234979011956e-04
1.233333333333333215e+01 1.035725821450740325e+00 6.520254459673776974e-04
1.235416666666666607e+01 1.033319390259431536e+00 -5.362246603429643042e-04
1.237500000000000000e+01 1.027976129874154987e+00 8.455781496020420588e-04
1.239583333333333215e+01 1.013330458824169389e+00 4.613512873521871107e-04
1.241666666666666607e+01 1.012353728985028178e+00 -9.060397495791847229e-04
1.243750000000000000e+01 1.006150453088891394e+00 9.919277063710854082e-04
1.245833333333333215e+01 1.007194099704262102e+00 1.546777113448581957e-03
1.247916666666666607e+01 1.004826522065063621e+00 5.015932245064465755e-04
1.452083333333333215e+01 9.922742493433135413e-01 2.676904143179198014e-03
1.454166666666666607e+01 9.899991043159228621e-01 3.112644317151430249e-04
1.456250000000000000e+01 9.992665394679521862e-01 6.084442587098683923e-04
1.458333333333333215e+01 1.003023008849723618e+00 -2.040919078672309044e-04
1.460416666666666607e+01 1.008916557234661227e+00 7.402776342882453134e-04
1.462500000000000000e+01 1.015139491447420772e+00 -3.657501536432858922e-04
1.464583333333333215e+01 1.022515122000493326e+00 -6.839600743164140836e-04
1.466666666666666607e+01 1.018209991294929839e+00 7.738796322221236064e-04
1.468750000000000000e+01 1.005499633289881345e+00 -1.700570618888817639e-05
1.470833333333333215e+01 9.806230986657719084e-01 9.709171397309254671e-04
1.472916666666666607e+01 9.539445930963325049e-01 1.642799931948446220e-04
1.475000000000000000e+01 9.325120596347020729e-01 1.486850044062941727e-03
1.477083333333333215e+01 9.066314662615733155e-01 -8.328964127588141773e-04
1.479166666666666607e+01 8.858601640820293888e-01 -1.173794944298478093e-03
1.481250000000000000e+01 8.739358057444931438e-01 1.381893292845669729e-03
1.483333333333333215e+01 8.522784203146900328e-01 7.768147494829792795e-04
1.485416666666666607e+01 8.381576888408157622e-01 1.983255953290841405e-03
1.487500000000000000e+01 8.126661979098411814e-01 -9.512124197722750989e-04
1.489583333333333215e+01 7.985145894118815812e-01 2.062057660970624540e-03
1.491666666666666607e+01 7.754619011500154535e-01 3.539987422876393489e-04
1.493750000000000000e+01 7.562853355581103942e-01 1.594765035076393337e-03
1.495833333333333215e+01 7.440518638770817761e-01 -5.650144487854536456e-04
1.497916666666666607e+01 7.421918216578324845e-01 3.767018030997906189e-04
1.500000000000000000e+01 7.409078770633183986e-01 -1.221189140024254039e-03
1.502083333333333215e+01 7.419431068321444833e-01 -3.351320644630763454e-04
1.504166666666666607e+01 7.337960529325505687e-01 -9.906813233062691912e-05
1.506250000000000000e+01 7.209632537383837692e-01 -1.572914806044771420e-03
1.508333333333333215e+01 7.049764222121959190e-01 2.770823098144160283e-03
1.510416666666666607e+01 6.969569265895020349e-01 -1.469984539811838809e-03
1.512500000000000000e+01 6.908948658483656802e-01 -1.079371279595882447e-03
1.514583333333333215e+01 6.890357695173299213e-01 -2.066277527269227456e-03
1.516666666666666607e+01 6.939350902763522511e-01 -7.018922569526298222e-04
1.518750000000000000e+01 7.181920637334300306e-01 5.634406852922731364e-04
1.520833333333333215e+01 7.456280253031463134e-01 5.214997344519542530e-04
1.522916666666666607e+01 7.724817600213762514e-01 1.183445696322222413e-04
1.525000000000000000e+01 8.009349221376325101e-01 -2.788817674307571444e-03
1.527083333333333215e+01 8.334177719493596204e-01 1.646077162207414081e-03
1.529166666666666607e+01 8.606820223005342552e-01 -5.968016587471447172e-04
1.531250000000000000e+01 8.797871724818614458e-01 8.083179108734870081e-04
1.533333333333333215e+01 9.110490007470986029e-01 -2.503146643554256148e-04
1.535416666666666607e+01 9.253441328166518431e-01 1.342941993788191119e-03
1.537500000000000000e+01 9.550826972837809237e-01 -7.271938271306620054e-05
1.539583333333333215e+01 9.619393948501689939e-01 1.512378709625811387e-04
1.541666666666666607e+01 9.723527585873789070e-01 2.781527885223708681e-04
1.543750000000000000e+01 9.743886013696916315e-01 -2.243835145110964165e-04
1.545833333333333215e+01 9.854490578507456577e-01 5.270682403590059217e-04
1.547916666666666607e+01 9.901107622036811051e-01 -1.142926823288757101e-03
1.550000000000000000e+01 9.971982317428332854e-01 -2.927227933512492044e-04
1.552083333333333215e+01 9.992662578215756319e-01 9.269053072621354430e-04
1.554166666666666607e+01 1.001560671566675609e+00 1.165892159795438570e-03
1.556250000000000000e+01 1.004387016118811760e+00 1.779701038323104308e-03
1.558333333333333215e+01 1.002155797939486392e+00 -1.601043705436695080e-03
1.560416666666666607e+01 1.002668553517288119e+00 4.348525182080773639e-04
1.562500000000000000e+01 9.986078692995805639e-01 -1.078963440368789451e-03
1.564583333333333215e+01 9.907156673797009594e-01 -1.065725597374241008e-03
1.566666666666666607e+01 9.926865549973784564e-01 1.306166065785214830e-03
1.568750000000000000e+01 9.955233791341548955e-01 2.618169524469051573e-03
1.570833333333333215e+01 1.001707569675390541e+00 1.007757650932551968e-03
1.572916666666666607e+01 1.001273190123958878e+00 5.202508134244470360e-04
1.575000000000000000e+01 9.980622252076785106e-01 -1.386878651577212566e-03
1.577083333333333215e+01 9.977353720026823636e-01 1.816272111555366467e-04
1.579166666666666607e+01 9.982880291544972140e-01 -1.246088467159976515e-03
1.581250000000000000e+01 1.003333512975050690e+00 4.068196286294569158e-04
1.583333333333333215e+01 1.010765034351514657e+00 -7.563513650250797658e-04
1.585416666666666607e+01 1.021234889989558692e+00 1.469157731705943246e-03
1.587500000000000000e+01 1.022879099966727212e+00 2.056317083398946383e-03
1.589583333333333215e+01 1.024533141005261605e+00 3.667906152884798645e-04
1.591666666666666607e+01 1.011338076391740337e+00 -3.458527458738779470e-03
1.593750000000000000e+01 1.007853107969570505e+00 1.291061221737046724e-03
1.595833333333333215e+01 9.963405056101019008e-01 9.889399405847089006e-05
1.597916666666666607e+01 9.791867610245837961e-01 -1.767664534259746857e-03
1.600000000000000000e+01 9.707058567927990822e-01 1.829219444951428117e-03
1.602083333333333215e+01 9.748999052518106945e-01 2.919357718579472863e-03
1.604166666666666430e+01 9.818841173229324593e-01 5.149388366399404275e-04
1.606250000000000000e+01 9.965148826277772098e-01 -6.067866146101312357e-05
1.608333333333333215e+01 1.009927541459691769e+00 1.991046983074317323e-04
1.610416666666666430e+01 1.019035406752675232e+00 -8.144418797716287614e-04
1.612500000000000000e+01 1.021279412764417582e+00 -1.366409774774395534e-03
1.614583333333333215e+01 1.022701838936390439e+00 1.960487112724401335e-03
1.616666666666666430e+01 1.019629706207634712e+00 -9.725907042495995653e-05
1.618750000000000000e+01 1.018581336447696106e+00 -2.988473735877271182e-03
1.620833333333333215e+01 1.014169543617101210e+00 -1.052932671111805147e-03
1.622916666666666430e+01 1.007558357845813601e+00 -2.870939827114591747e-04
1.625000000000000000e+01 9.963093448250821549e-01 -1.248840378327165579e-03
1.627083333333333215e+01 9.855157172331393545e-01 -1.709023466124080359e-03
1.629166666666666430e+01 9.789749460903158784e-01 -9.900520232174576333e-04
1.631250000000000000e+01 9.797978509552361936e-01 -2.348218740688322748e-03
1.633333333333333215e+01 9.777762603846413825e-01 1.814314995998096095e-03
1.635416666666666430e+01 9.790900447486186042e-01 1.582812977670008383e-03
1.637500000000000000e+01 9.899004102888624423e-01 -9.178941854817245340e-04
1.639583333333333215e+01 1.004935970150639735e+00 3.326905805485931545e-04
1.641666666666666430e+01 1.012507154253200037e+00 9.194041257569167836e-04
1.643750000000000000e+01 1.023697569066402524e+00 -5.385750369288595059e-04
1.645833333333333215e+01 1.022883938053892328e+00 2.873298915466740650e-04
1.647916666666666430e+01 1.020450308383071825e+00 1.062603294404873165e-03
1.650000000000000000e+01 1.010499279369791337e+00 -2.801551243658937426e-03
1.652083333333333215e+01 1.007651811197519010e+00 1.329812637489030409e-03
1.654166666666666430e+01 1.009505016027013591e+00 3.617615849427315618e-04
1.656250000000000000e+01 1.008300748535135183e+00 -4.429496024654332176e-04
1.658333333333333215e+01 1.003751484442385378e+00 1.413285846976511623e-04
1.660416666666666430e+01 9.977396921757983872e-01 -2.162575062818327819e-04
1.662500000000000000e+01 9.913996914220191137e-01 1.733747791407087109e-03
1.664583333333333215e+01 9.932461712548409372e-01 2.357795552622459281e-03
1.666666666666666430e+01 9.909706098736453805e-01 7.338991005295194842e-04
1.668750000000000000e+01 9.942710774541035912e-01 -1.201416138574962558e-03
1.670833333333333215e+01 9.945139801724552919e-01 4.991186056933299107e-04
1.672916666666666430e+01 9.966466081222652429e-01 1.826950272875237959e-03
1.675000000000000000e+01 1.004935915934227486e+00 3.885284727763697204e-04
1.677083333333333215e+01 1.002583270023019946e+00 3.502755689881619687e-04
1.679166666666666430e+01 1.003770425696746793e+00 -1.098879284312591353e-03
1.681250000000000000e+01 9.963611189867440654e-01 -1.657934847334202383e-03
1.683333333333333215e+01 9.921297053447791781e-01 4.171840777069306379e-06
1.685416666666666430e+01 9.960727581693770150e-01 -1.357384559136336514e-03
1.687500000000000000e+01 9.957392643598067528e-01 -5.459034756448079718e-04
1.689583333333333215e+01 1.011322899861211599e+00 2.639908026134874484e-03
1.691666666666666430e+01 1.021023129882615343e+00 1.325855380226165627e-04
1.693750000000000000e+01 1.023490303483368224e+00 7.694965067523742682e-04
1.695833333333333215e+01 1.022685820012780411e+00 2.691245213282276918e-03
1.697916666666666430e+01 1.013116379178120807e+00 -2.451938898068326488e-04
1.700000000000000000e+01 9.972804021471082248e-01 3.218345243493819433e-05
1.702083333333333215e+01 9.874377730569429135e-01 -4.882655569913010651e-05
1.704166666666666430e+01 9.870822254968480980e-01 8.210293387836761639e-04
1.706250000000000000e+01 9.861830499468166034e-01 -4.338816814799173666e-04
1.708333333333333215e+01 9.954281251058154645e-01 3.142473409068828518e-03
1.710416666666666430e+01 1.011671054390705482e+00 2.197587540772124107e-03
1.712500000000000000e+01 1.023647307674216522e+00 1.610590700166296104e-03
1.714583333333333215e+01 1.025732990408954937e+00 -9.239818614383552616e-04
1.716666666666666430e+01 1.026250454620353247e+00 -8.644898159853302722e-04
1.718750000000000000e+01 1.003918105037758357e+00 -1.234094123222247814e-04
1.720833333333333215e+01 9.879101938622028012e-01 -3.454828812447422555e-04
1.722916666666666430e+01 9.758734277157520287e-01 6.124761996822495041e-04
1.725000000000000000e+01 9.681833272293025594e-01 6.453480479860030988e-04
1.727083333333333215e+01 9.748580504024303428e-01 -1.047822951792724399e-03
1.729166666666666430e+01 9.941725971226136327e-01 7.458413636162148459e-04
1.731250000000000000e+01 1.003065440579201661e+00 -4.138168159857208970e-04
1.733333333333333215e+01 1.006990106860150780e+00 6.514676546431820859e-04
1.735416666666666430e+01 1.016450375568463738e+00 -1.812783913503554912e-04
1.737500000000000000e+01 1.021527793796140671e+00 1.045866615107091894e-03
1.739583333333333215e+01 1.022288925772486756e+00 -1.365207313329756898e-03
1.741666666666666430e+01 1.008213129356790194e+00 4.521663161621176387e-04
1.743750000000000000e+01 1.004554879429401471e+00 -1.462476767943699180e-03
1.745833333333333215e+01 9.984872081109665842e-01 5.841411668961130218e-05
1.747916666666666430e+01 1.006697472263482274e+00 8.192218514178080781e-04
1.750000000000000000e+01 1.012666389943748690e+00 -9.460653984195780937e-04
1.752083333333333215e+01 1.022723672277923601e+00 1.607256379893120916e-03
1.754166666666666430e+01 1.017955027351268305e+00 -1.187733046526610588e-04
1.756250000000000000e+01 1.009843773240762577e+00 4.503158493866198640e-04
1.758333333333333215e+01 9.933786405297430067e-01 1.713275631918027885e-03
1.760416666666666430e+01 9.872679554666189405e-01 1.037628335828162310e-04
1.762500000000000000e+01 9.811368532467026338e-01 1.111115928114744973e-03
1.764583333333333215e+01 9.794390017525618219e-01 2.860906417122665701e-03
1.766666666666666430e+01 9.786761212568021451e-01 -1.290414971094832946e-03
1.768750000000000000e+01 9.870176905103393850e-01 2.653411412109378466e-04
1.770833333333333215e+01 9.979869622710496602e-01 -1.364781967335510979e-03
1.772916666666666430e+01 1.005712451839519073e+00 2.115621965804134839e-03
1.775000000000000000e+01 1.015690294747268352e+00 1.281709320625342916e-03
1.777083333333333215e+01 1.016767039829235442e+00 6.885679467773915758e-04
1.779166666666666430e+01 1.008878903427724127e+00 8.492878625358264016e-04
1.781250000000000000e+01 1.011209761686877817e+00 -1.669640492139880510e-03
1.783333333333333215e+01 1.003142658205185667e+00 -9.979266852227588504e-04
1.785416666666666430e+01 1.013644326608780455e+00 2.831688386609094304e-03
1.787500000000000000e+01 1.019337651170526771e+00 -1.258672512338864869e-03
1.789583333333333215e+01 1.015803609933994434e+00 2.574701217495389306e-03
1.791666666666666430e+01 1.009134782965190880e+00 5.253328223047032701e-04
1.793750000000000000e+01 1.005019798488905325e+00 -1.487071179065188858e-03
1.795833333333333215e+01 9.970382548369792763e-01 6.333428436908092275e-04
1.797916666666666430e+01 1.001307912761244756e+00 3.260583532561015093e-04
1.800000000000000000e+01 9.945724892842522369e-01 -6.664316384219920193e-04
1.802083333333333215e+01 9.871356356845207847e-01 9.090831487234736236e-04
1.804166666666666430e+01 9.900162965710017637e-01 1.765344573033448888e-03
1.806250000000000000e+01 9.905135565923947061e-01 1.852632622597973717e-03
1.808333333333333215e+01 1.002079848754540148e+00 -1.245322990665530391e-03
1.810416666666666430e+01 1.007214384916992556e+00 7.358013308874189300e-04
1.812500000000000000e+01 1.008201039801528198e+00 -5.158027509974200597e-04
1.814583333333333215e+01 9.956167968126483636e-01 -1.150916122539693545e-03
1.816666666666666430e+01 9.959782540995956168e-01 -1.093363324495158148e-03
1.818750000000000000e+01 1.006576797213604602e+00 1.048753107545119219e-03
1.820833333333333215e+01 1.014705428057507186e+00 6.270843850508913200e-04
1.822916666666666430e+01 1.024352178295243831e+00 -4.281157831481231368e-04
1.825000000000000000e+01 1.016266357660298603e+00 -6.672579961326976887e-04
1.827083333333333215e+01 1.006372836146817162e+00 -2.682940277449184698e-03
1.829166666666666430e+01 1.003625926769309062e+00 -7.466735261692026074e-04
1.831250000000000000e+01 9.956526129769579514e-01 1.446571443435355449e-04
1.833333333333333215e+01 9.971968634764120099e-01 1.063353521342738899e-03
1.835416666666666430e+01 1.002395053925041468e+00 -9.402985261231906972e-04
1.837500000000000000e+01 1.004146332675526443e+00 4.715783351540699738e-04
1.839583333333333215e+01 1.002078919674773694e+00 -7.024770589053547318e-04
1.841666666666666430e+01 1.009788232180682366e+00 3.284793205314790821e-04
1.843750000000000000e+01 1.015758141300581396e+00 -4.458448676332726099e-04
1.845833333333333215e+01 1.010511280488802788e+00 -4.593275228956473968e-04
1.847916666666666430e+01 1.004691352704169649e+00 9.420142928528537534e-04
1.850000000000000000e+01 9.868253960007833392e-01 -1.584267655188248804e-03
1.852083333333333215e+01 9.816009426285607908e-01 -1.663372787390122272e-03
1.854166666666666430e+01 9.836952419877246223e-01 -6.705663888690627543e-04
1.856250000000000000e+01 9.947812970146001632e-01 1.051171901775971437e-03
1.858333333333333215e+01 1.006815287805193471e+00 -9.538854870081492137e-04
1.860416666666666430e+01 1.012886464385289953e+00 -3.351245994835978120e-04
1.862500000000000000e+01 1.018250522163817395e+00 -8.467796030280800310e-04
1.864583333333333215e+01 1.012761490489860750e+00 2.008539019811590460e-03
1.866666666666666430e+01 1.010390760248891073e+00 1.896653106488189729e-04
1.868750000000000000e+01 1.010831706096964488e+00 -2.607125680830171821e-03
1.870833333333333215e+01 1.017381171380969507e+00 1.524120001413499861e-03
1.872916666666666430e+01 1.015027992176054550e+00 5.010792426503607195e-04
1.875000000000000000e+01 1.010426536946092968e+00 7.389566940351561999e-04
1.877083333333333215e+01 1.008852871050679001e+00 -1.856515770575404905e-03
1.879166666666666430e+01 1.016465734626424089e+00 1.877473249713691728e-03
1.881250000000000000e+01 1.006237565285488245e+00 1.495711542824292289e-03
1.883333333333333215e+01 9.938161414161748031e-01 -2.676920487047527259e-04
1.885416666666666430e+01 9.804657320278049593e-01 4.244427516520005422e-04
1.887500000000000000e+01 9.654075890999385123e-01 -4.305745621837366439e-05
1.889583333333333215e+01 9.675774710262755596e-01 1.470565167737074080e-03
1.891666666666666430e+01 9.812547128701281096e-01 6.829248972978773941e-04
1.893750000000000000e+01 1.002657153338821105e+00 -1.569537739945276681e-03
1.895833333333333215e+01 1.018307665017302854e+00 -1.636512728038617796e-03
1.897916666666666430e+01 1.026443005216770565e+00 -5.567965775714146586e-04
1.900000000000000000e+01 1.028272723604936045e+00 2.367960194371677236e-04
1.902083333333333215e+01 1.029392381244224719e+00 -9.218283518431160273e-04
1.904166666666666430e+01 1.022490395862736712e+00 1.054709210986223313e-03
1.906250000000000000e+01 1.018490153199993031e+00 -7.570393992584166249e-04
1.908333333333333215e+01 1.011988890243374684e+00 -7.597116854521618996e-05
1.910416666666666430e+01 9.982069972761959953e-01 5.116378043944721545e-04
1.912500000000000000e+01 9.961549048812292639e-01 1.606961102084030531e-03
1.914583333333333215e+01 9.964781067570743778e-01 -7.782971401355646707e-04
1.916666666666666430e+01 9.967284008475829626e-01 1.272741117574935008e-03
1.918750000000000000e+01 9.999392406400950950e-01 1.100850338072278077e-03
1.920833333333333215e+01 9.963841353935227740e-01 5.850637987047375261e-05
1.922916666666666430e+01 9.893606555922130896e-01 -2.272571960599843732e-03
1.925000000000000000e+01 9.913067745624917215e-01 -1.012286734252945816e-03
1.927083333333333215e+01 1.001824139652251588e+00 1.094030140544876911e-03
1.929166666666666430e+01 1.010428766637103681e+00 5.119610946649328070e-04
1.931250000000000000e+01 1.007959956093240628e+00 -1.457758097533705637e-04
1.933333333333333215e+01 1.004554007553191797e+00 -1.548648190024224779e-03
1.935416666666666430e+01 1.000880274915371348e+00 4.132154985590154490e-03
1.937500000000000000e+01 9.999617895888637253e-01 -3.015067551677582853e-05
1.939583333333333215e+01 1.004059331723791582e+00 -2.195624655745190973e-03
1.941666666666666430e+01 1.007802382169697530e+00 1.661197351435250149e-03
1.943750000000000000e+01 1.011524893728166452e+00 6.344912506179443057e-04
1.945833333333333215e+01 1.013191222302190608e+00 -1.083193082116863095e-03
1.947916666666666430e+01 1.011632994376714834e+00 -2.801059715865359453e-03
1.950000000000000000e+01 1.003282311152467798e+00 -8.267202625091838505e-04
1.952083333333333215e+01 1.010907709921958109e+00 -8.397796147834846701e-04
1.954166666666666430e+01 1.006975054474843256e+00 2.696504221672213421e-04
1.956250000000000000e+01 9.987512315235994587e-01 -3.704072089008687775e-04
1.958333333333333215e+01 9.914455902492789185e-01 6.017525478322023396e-04
1.960416666666666430e+01 9.956626014005814929e-01 1.037056037729710807e-03
1.962500000000000000e+01 9.996240060670905647e-01 -9.012812871070106707e-04
1.964583333333333215e+01 1.004358251209525266e+00 1.579892794294479640e-03
1.966666666666666430e+01 1.006314994713371380e+00 6.863084389854538390e-04
1.968750000000000000e+01 9.992899078584542849e-01 -1.543680756093160052e-03
1.970833333333333215e+01 9.972077746237034690e-01 -2.473547288458236883e-03
1.972916666666666430e+01 9.953064439272235608e-01 9.022792047767188824e-04
1.975000000000000000e+01 9.979544839407136214e-01 -6.988341637040376957e-04
1.977083333333333215e+01 1.009719081080145298e+00 -1.544053722257588464e-03
1.979166666666666430e+01 1.011102252148454728e+00 5.258947009712814031e-04
1.981250000000000000e+01 1.022255912338309258e+00 -7.485565539844980798e-04
1.983333333333333215e+01 1.016184103024750263e+00 4.494696816533890913e-04
1.985416666666666430e+01 1.015815038714338092e+00 -7.742072214544887081e-04
1.987500000000000000e+01 1.013006548275824592e+00 -2.197214775672962778e-03
1.989583333333333215e+01 1.007877482555524340e+00 -1.445313589333609627e-03
1.991666666666666430e+01 9.933189612475765706e-01 8.815150153786920594e-04
1.993750000000000000e+01 9.849868898763193270e-01 1.093838405065569600e-03
1.995833333333333215e+01 9.851778391408537727e-01 -1.275469640810069933e-03
1.997916666666666430e+01 9.944567288040927489e-01 4.934498653481182197e-04
2.000000000000000000e+01 1.003762459077979674e+00 -1.849619719831349630e-04
2.002083333333333215e+01 1.013075791134236514e+00 2.878107921274706562e-04
2.004166666666666430e+01 1.008402350788471846e+00 1.694003903468702761e-03
2.006250000000000000e+01 1.000200292148343717e+00 2.243109883339524865e-03
2.008333333333333215e+01 9.976351840695936168e-01 3.347572619326056199e-03
2.010416666666666430e+01 9.975156788281739351e-01 -1.919560215405662768e-04
2.012500000000000000e+01 9.990685614536268799e-01 -5.761985415737926356e-04
2.014583333333333215e+01 1.004769117976425319e+00 -1.226353710447111852e-04
2.016666666666666430e+01 1.009951936884292634e+00 -1.759912541143725294e-03
2.018750000000000000e+01 1.015428231680271631e+00 -3.109627305969803971e-03
2.020833333333333215e+01 1.022827632179381441e+00 2.278767760754380183e-03
2.022916666666666430e+01 1.024468582470112965e+00 1.248415337073041198e-04
2.025000000000000000e+01 1.023941791351219210e+00 -6.470043221290753275e-04
2.027083333333333215e+01 1.014556150213892893e+00 -6.366383103145580383e-04
2.029166666666666430e+01 1.002698890549696298e+00 -2.291469121738258768e-03
2.031250000000000000e+01 9.969348325730564842e-01 -1.126132877525612246e-03
2.033333333333333215e+01 9.892511135120370946e-01 5.743660994263517913e-04
2.035416666666666430e+01 9.866571520074527424e-01 -8.192994634800886220e-04
2.037500000000000000e+01 9.982505128530745342e-01 1.832651914003501168e-03
2.039583333333333215e+01 9.999556049971720650e-01 -1.914236440628696656e-03
2.041666666666666430e+01 9.992781366715328684e-01 -5.276320824121881773e-04
2.043750000000000000e+01 9.994823160782276839e-01 5.267773857047214998e-04
2.045833333333333215e+01 1.003240362198004831e+00 7.232689627767291103e-04
2.047916666666666430e+01 9.969326570017840172e-01 3.247438473896827873e-04
2.050000000000000000e+01 9.907210867184361724e-01 2.367586665273178683e-05
2.052083333333333215e+01 9.946940211527877107e-01 -2.109079325669709168e-04
2.054166666666666430e+01 9.986957333097794542e-01 2.013883598970700028e-03
2.056250000000000000e+01 9.990980800344504420e-01 -1.983187724659959180e-03
2.058333333333333215e+01 1.010396257851733592e+00 -1.731176274091630971e-03
2.060416666666666430e+01 1.028133340956496555e+00 1.072970919796935796e-03
2.062500000000000000e+01 1.039850817050515630e+00 1.291552195542027080e-03
2.064583333333333215e+01 1.040391971897149270e+00 2.126679270112720628e-03
2.066666666666666430e+01 1.034815964389270482e+00 2.185429638711454837e-03
2.068750000000000000e+01 1.025387740600448794e+00 -4.639774744664945964e-04
2.070833333333333215e+01 1.003665399886090714e+00 -1.054469342599770971e-03
2.072916666666666430e+01 1.000179072556374393e+00 2.612051842104178272e-03
2.075000000000000000e+01 9.908239821065505382e-01 -4.317880659223001776e-04
2.077083333333333215e+01 9.749532463227876811e-01 -2.175694900562071682e-03
2.079166666666666430e+01 9.765406772413843806e-01 1.773941876727089327e-04
2.081250000000000000e+01 9.686098134414538041e-01 -2.746422645433625048e-03
2.083333333333333215e+01 9.805235503903708683e-01 8.619618723004618529e-04
2.085416666666666430e+01 9.876520152398658992e-01 -1.875309554361591867e-04
2.087500000000000000e+01 9.994254772775040818e-01 3.593204442037752663e-04
2.089583333333333215e+01 1.005017049609142621e+00 8.175202211919565349e-04
2.091666666666666430e+01 1.010665359182561840e+00 -1.902399022919507368e-03
2.093750000000000000e+01 1.021979264396570386e+00 -1.147510523727521877e-03
2.095833333333333215e+01 1.027706340925908624e+00 -7.344103205063276518e-04
2.097916666666666430e+01 1.025218562795326083e+00 2.882953294563672881e-04
2.100000000000000000e+01 1.010739097394347086e+00 3.282959940613666282e-04
2.102083333333333215e+01 1.007394300594463665e+00 7.695926787240765484e-04
2.104166666666666430e+01 9.995626424697471313e-01 7.500549053360311847e-04
2.106250000000000000e+01 9.973650266573262924e-01 -6.183742825578064563e-04
2.108333333333333215e+01 9.977338630801753094e-01 -9.288606277956329644e-04
2.110416666666666430e+01 1.006640506905074339e+00 2.750328139533966864e-04
2.112500000000000000e+01 1.000757474014531967e+00 -3.027582098356898705e-04
2.114583333333333215e+01 1.004961886544579519e+00 6.602697812701575127e-04
2.116666666666666430e+01 1.006100484995294808e+00 -4.102174588644944084e-04
2.118750000000000000e+01 1.001109377481718798e+00 -1.920646587103216982e-03
2.120833333333333215e+01 1.001310533533461555e+00 -1.845799725922488534e-03
2.122916666666666430e+01 1.006840033652520505e+00 -1.452642618351855913e-03
2.125000000000000000e+01 1.001901748556017324e+00 -1.575276968229343509e-03
2.127083333333333215e+01 1.006325237522045501e+00 1.382815367282971527e-03
2.129166666666666430e+01 1.007908252607270905e+00 -1.834259485388857989e-03
2.131250000000000000e+01 1.011636802575820893e+00 -4.366766742414648428e-04
2.133333333333333215e+01 1.006879050755201455e+00 -2.301521330884958270e-03
2.135416666666666430e+01 9.963439125357606008e-01 3.911966443741408782e-05
2.137500000000000000e+01 9.836324438956758343e-01 -9.559396510599080222e-05
2.139583333333333215e+01 9.742750519213481120e-01 -4.417283712113794620e-04
2.141666666666666430e+01 9.826859285082405471e-01 1.009430908994204523e-03
2.143750000000000000e+01 9.960233861801777167e-01 9.738294859315875605e-04
2.145833333333333215e+01 1.011207298772798691e+00 -2.998021707893833415e-03
2.147916666666666430e+01 1.023002052894017799e+00 -3.347852702500704104e-04
2.150000000000000000e+01 1.031448907749119126e+00 1.937167802627324468e-03
2.152083333333333215e+01 1.033726645466769289e+00 1.017996824159113529e-03
2.154166666666666430e+01 1.024944971711359898e+00 3.559630001109632068e-04
2.156250000000000000e+01 1.020469860186492994e+00 -8.242115453571926056e-04
2.158333333333333215e+01 1.006117307817302242e+00 9.513005007803724405e-04
2.160416666666666430e+01 9.930357085891888813e-01 -9.025836548452971161e-04
2.162500000000000000e+01 9.836636907337994451e-01 1.012914701841045526e-03
2.164583333333333215e+01 9.839461134090573546e-01 1.876618716782124142e-03
2.166666666666666430e+01 9.871038453353188080e-01 1.801080862187451684e-03
2.168750000000000000e+01 9.956343558234084234e-01 -1.709323591643873222e-03
2.170833333333333215e+01 9.948536740564539738e-01 -8.753757233885617935e-04
2.172916666666666430e+01 9.955366526353162104e-01 -1.925826989926410215e-03
2.175000000000000000e+01 9.958171611520156841e-01 1.997959446082157105e-04
2.177083333333333215e+01 9.984355935874493770e-01 -7.817684007979126132e-04
2.179166666666666430e+01 1.015140058907378684e+00 -1.059638006384727580e-04
2.181250000000000000e+01 1.012172712465860602e+00 1.758816506557596231e-04
2.183333333333333215e+01 1.017534612657025050e+00 1.306468030675236522e-03
2.185416666666666430e+01 1.018071768147143841e+00 2.288446159156134801e-04
2.187500000000000000e+01 1.016207010929859988e+00 -7.801369502554571797e-04
2.189583333333333215e+01 1.014083226047427067e+00 2.024092899764394190e-04
2.191666666666666430e+01 1.011520947470601950e+00 8.717990791238870545e-04
2.193750000000000000e+01 1.002955018524947395e+00 2.473184286903420091e-03
2.195833333333333215e+01 1.004122128766106847e+00 8.333097114558701965e-04
2.197916666666666430e+01 1.004363886554510810e+00 -1.230327674518928585e-03
2.200000000000000000e+01 1.005213057626799689e+00 1.151241599436371096e-03
2.202083333333333215e+01 1.008761033876197200e+00 5.565305713583663938e-04
2.204166666666666430e+01 1.005124346840544636e+00 -6.301466194054940661e-04
2.206250000000000000e+01 9.925046150611215312e-01 9.328861432092393473e-04
2.208333333333333215e+01 9.817331362600646427e-01 6.978919878861347291e-04
2.210416666666666430e+01 9.791704723941873079e-01 2.532737317835564040e-03
2.212500000000000000e+01 9.829157236428911482e-01 -3.704500960411999822e-05
2.214583333333333215e+01 9.921344159528099338e-01 -1.055263058389708944e-03
2.216666666666666430e+01 1.002732931776835645e+00 -7.810168094351474261e-04
2.218750000000000000e+01 1.010211591437927714e+00 -6.911721869836030688e-05
2.220833333333333215e+01 1.012165022324555519e+00 -3.978318465027035652e-04
2.222916666666666430e+01 1.012260213501339434e+00 1.438110516037438948e-03
2.225000000000000000e+01 1.020673365801323396e+00 1.640879549308857117e-03
2.227083333333333215e+01 1.015408283396434408e+00 8.555108591899372684e-04
2.229166666666666430e+01 1.014531215798289088e+00 -1.150675450692817360e-03
2.231250000000000000e+01 1.019665748836317665e+00 1.066094023731762284e-03
2.233333333333333215e+01 1.023937887124886315e+00 -1.030177048383115019e-04
2.235416666666666430e+01 1.020623925714624791e+00 -1.564820881440629440e-03
2.237500000000000000e+01 1.018389575980990225e+00 -1.857749747342371592e-04
2.239583333333333215e+01 1.000276477395517061e+00 -8.950045707108811397e-04
2.241666666666666430e+01 9.876831440938991236e-01 3.992616142369286112e-04
2.243750000000000000e+01 9.740184614740516889e-01 -1.811447869774218894e-03
2.245833333333333215e+01 9.614095342272311884e-01 3.859663689954778362e-03
2.247916666666666430e+01 9.669472540409381756e-01 -2.675493034730630406e-04
2.250000000000000000e+01 9.762818002309255894e-01 2.419139866145707078e-03
2.252083333333333215e+01 9.906974867806507268e-01 2.907452121198710613e-04
2.254166666666666430e+01 1.010633538043730351e+00 -1.873139582002656799e-03
2.256250000000000000e+01 1.021461069660343890e+00 -1.551239505575597276e-03
2.258333333333333215e+01 1.029968465227249608e+00 -2.799956250569249523e-04
2.260416666666666430e+01 1.029425458435576424e+00 -6.409708966530734426e-04
2.262500000000000000e+01 1.032871819668788271e+00 -2.041488948079004891e-04
2.264583333333333215e+01 1.021195412917930589e+00 -6.974502432819314505e-04
2.266666666666666430e+01 1.019023725455882490e+00 -1.027015874461490081e-05
2.268750000000000000e+01 1.005250751284467725e+00 -1.560407666979461662e-03
2.270833333333333215e+01 9.999239876521724968e-01 -2.070077480180885533e-03
2.272916666666666430e+01 9.941054414093112301e-01 -2.062035822184955737e-04
2.275000000000000000e+01 9.936626080586101750e-01 2.478336440394925209e-03
2.277083333333333215e+01 9.891045576188255417e-01 -2.667732139036128013e-03
2.279166666666666430e+01 9.895887363697772887e-01 -9.508500976879863268e-04
2.281250000000000000e+01 9.941642462236242039e-01 -1.750323953314249182e-03
2.283333333333333215e+01 1.000808778250316333e+00 -3.590167557942539837e-04
2.285416666666666430e+01 1.004302465122471677e+00 4.021122037339370440e-04
2.287500000000000000e+01 1.008795697059834851e+00 1.000234583651533806e-03
2.289583333333333215e+01 1.009554458855203452e+00 1.524999310698110224e-03
2.291666666666666430e+01 1.016158482349501124e+00 7.714361124116709189e-04
2.293750000000000000e+01 9.978076248474867516e-01 -7.932039740159184046e-04
2.295833333333333215e+01 9.945442367595985766e-01 1.042081813650440683e-03
2.297916666666666430e+01 9.917623523839712574e-01 1.769435604158264407e-03
2.300000000000000000e+01 9.980736255569070403e-01 -1.268241953409512176e-03
2.302083333333333215e+01 9.907569174541243084e-01 -2.275869443478148978e-03
2.304166666666666430e+01 1.003304220078485631e+00 -1.981172291275199934e-03
2.306250000000000000e+01 1.019646161866192502e+00 1.292453415167697252e-04
2.308333333333333215e+01 1.019083289949541227e+00 2.498944664621286730e-03
2.310416666666666430e+01 1.015982517884660652e+00 1.681063298283353856e-04
2.312500000000000000e+01 1.010067012585318169e+00 -6.352569815735759507e-04
2.314583333333333215e+01 1.003773956665565681e+00 1.309099297122017511e-03
2.316666666666666430e+01 9.941142612289342040e-01 -6.499802223183772298e-04
2.318750000000000000e+01 9.808412237585144577e-01 -1.810386722505915214e-04
2.320833333333333215e+01 9.850832270994570594e-01 -1.021365955376590980e-03
2.322916666666666430e+01 9.899886191592999207e-01 -7.399183451205563729e-04
2.325000000000000000e+01 9.983970106314327131e-01 3.459756299394729740e-04
2.327083333333333215e+01 1.012051615824671069e+00 -1.232676590817088653e-03
2.329166666666666430e+01 1.020998957432797782e+00 5.383401685519032280e-04
2.331250000000000000e+01 1.019872636466856441e+00 -9.039226930415129955e-04
2.333333333333333215e+01 1.010637337686729254e+00 -1.175655785821081442e-03
2.335416666666666430e+01 1.000426741338706682e+00 -1.207715756311091276e-03
2.337500000000000000e+01 9.943929153440480562e-01 -1.223989594049257031e-03
2.339583333333333215e+01 9.871094406040367142e-01 1.031514016888621663e-03
2.341666666666666430e+01 9.972432800393550290e-01 1.913502114492327813e-03
2.343750000000000000e+01 9.982017615308602654e-01 -9.550750078362639181e-05
2.345833333333333215e+01 1.007631653756689616e+00 -3.849633328464942836e-04
2.347916666666666430e+01 1.018184875073499196e+00 -1.280014904625090657e-03
2.350000000000000000e+01 1.012939042628772990e+00 -1.965613337781561137e-03
2.352083333333333215e+01 1.011340994010208272e+00 -5.349895067564640859e-04
2.354166666666666430e+01 9.999798272582177683e-01 -8.575518252449332779e-04
2.356250000000000000e+01 9.903923455704773948e-01 -9.522215861442368283e-04
2.358333333333333215e+01 9.777866593879119828e-01 1.222539515820315415e-03
2.360416666666666430e+01 9.840902842464288591e-01 2.092663662581711534e-03
2.362500000000000000e+01 9.893267627612450932e-01 1.973271717147786705e-04
2.364583333333333215e+01 1.002532753620408279e+00 -1.961912754558440154e-03
2.366666666666666430e+01 1.012912093010207126e+00 5.860426429155452888e-04
2.368750000000000000e+01 1.016612321265200958e+00 1.780364599145208427e-04
2.370833333333333215e+01 1.020787114121605388e+00 1.398227707502093086e-03
2.372916666666666430e+01 1.014465620434831461e+00 -5.778325544121876199e-04
2.375000000000000000e+01 1.000458436004476370e+00 5.873037347715226626e-04
2.377083333333333215e+01 9.896283924543943789e-01 5.554872306097821547e-04
2.379166666666666430e+01 9.842263659817945820e-01 -9.875669084830788287e-05
2.381250000000000000e+01 9.852243427620270833e-01 1.201206266996428023e-03
2.383333333333333215e+01 9.906373149539781098e-01 -1.136306639709974350e-03
2.385416666666666430e+01 9.968087678001892327e-01 -8.893332540173338237e-04
2.387500000000000000e+01 1.002483365940153304e+00 2.027450261566800911e-04
2.389583333333333215e+01 1.010705643647686669e+00 1.548672097378000264e-03
2.391666666666666430e+01 1.008975981151696066e+00 -1.925305807464501064e-03
2.393750000000000000e+01 1.002766566032032625e+00 -1.288505696590501546e-03
2.395833333333333215e+01 1.002997592020202777e+00 1.604217403324409419e-04
2.397916666666666430e+01 1.003424314015602059e+00 1.208548428359687609e-04
2.400000000000000000e+01 1.005700338768271251e+00 2.518931008284139295e-03
2.402083333333333215e+01 9.988491692059490168e-01 -6.740518892034260074e-04
2.404166666666666430e+01 9.980477694553144818e-01 -1.077507301893730401e-03
2.406250000000000000e+01 9.882078439613101173e-01 2.429560264141236378e-04
2.408333333333333215e+01 9.912955186112293315e-01 -8.562260617713480983e-04
2.410416666666666430e+01 9.846607901853910993e-01 -1.625193088482600190e-03
2.412500000000000000e+01 9.882407303580735825e-01 9.979541796970941257e-04
2.414583333333333215e+01 9.923094284952930222e-01 5.137401111641609359e-04
2.416666666666666430e+01 1.002218633618924049e+00 4.848012909345698337e-05
2.418750000000000000e+01 1.005413888864824079e+00 -1.581964474799190789e-03
2.420833333333333215e+01 1.007714050181998333e+00 -2.122830328662528212e-03
2.422916666666666430e+01 9.984168974093879934e-01 -6.602195829688944874e-04
2.425000000000000000e+01 9.990314720692348160e-01 4.760893954748419629e-04
2.427083333333333215e+01 9.965868604947114573e-01 4.228662066453215003e-04
2.429166666666666430e+01 9.928794562657958789e-01 1.156317297057257503e-03
2.431250000000000000e+01 9.974770063977700385e-01 -5.294641743419395375e-04
2.433333333333333215e+01 1.004547897433246018e+00 -2.383187997841911085e-04
2.435416666666666430e+01 1.023651596252215468e+00 -1.357061130180078532e-05
2.437500000000000000e+01 1.023325481559015815e+00 2.432563779911983356e-04
2.439583333333333215e+01 1.016007886785138314e+00 1.109120585076747798e-03
2.441666666666666430e+01 1.010856605965582355e+00 4.379017045966340023e-04
2.443750000000000000e+01 9.906244498591805225e-01 1.363356885147049870e-03
2.445833333333333215e+01 9.798633940319250168e-01 -1.210564277646841843e-03
2.447916666666666430e+01 9.741700613934533015e-01 2.489015944602856784e-04
2.450000000000000000e+01 9.659828298815532621e-01 1.852127842383807744e-03
2.452083333333333215e+01 9.730926319120174472e-01 1.899522384577032388e-03
2.454166666666666430e+01 9.694898913777915128e-01 -1.464203817811500453e-03
2.456250000000000000e+01 9.675314441950582101e-01 -8.291946387668141854e-04
2.458333333333333215e+01 9.532166838134877862e-01 -1.327281708483291599e-03
2.460416666666666430e+01 9.360423940782268692e-01 -6.850695076731959723e-04
2.462500000000000000e+01 9.106279554864007419e-01 -1.496942089122336268e-03
2.464583333333333215e+01 8.960115488289239760e-01 2.909490448429900820e-05
2.466666666666666430e+01 8.756504343708528815e-01 -1.210360508147576486e-03
2.468750000000000000e+01 8.601907705397680015e-01 9.802854589748778626e-04
2.470833333333333215e+01 8.532750051040571826e-01 -2.218990571392647718e-03
2.472916666666666430e+01 8.462631356941673344e-01 -7.222782877680724179e-04
2.475000000000000000e+01 8.289275967364699849e-01 5.440730332019814812e-04
2.477083333333333215e+01 8.184234520736912710e-01 -1.605567885241563882e-03
2.479166666666666430e+01 7.966897868566595875e-01 2.256652556668398466e-05
2.481250000000000000e+01 7.850816279223358229e-01 -1.859032200863547628e-03
2.483333333333333215e+01 7.759721996324164817e-01 6.361611482491047204e-04
2.485416666666666430e+01 7.742406816999868324e-01 -1.088407231523838515e-03
2.487500000000000000e+01 7.782034105870834217e-01 -1.518619459537638489e-04
2.489583333333333215e+01 7.857458761425923921e-01 -1.596937231490083925e-03
2.491666666666666430e+01 7.969930452338230831e-01 5.009382393474368696e-04
2.493750000000000000e+01 8.184899936059168990e-01 -1.464996711560050341e-03
2.495833333333333215e+01 8.356625449301404718e-01 -9.267751912201355538e-04
2.497916666666666430e+01 8.461036876860782430e-01 1.685602521812318635e-03
2.500000000000000000e+01 8.599883515411009816e-01 -2.119811398033326767e-04
2.502083333333333215e+01 8.832987480472903608e-01 3.995194513757139676e-04
2.504166666666666430e+01 9.035284808708711202e-01 -1.699529677008118373e-03
2.506250000000000000e+01 9.278903154566776612e-01 9.967897588750169579e-04
2.508333333333333215e+01 9.550849725817630587e-01 2.855682509919623899e-03
2.510416666666666430e+01 9.726988033069731143e-01 1.179959318340177091e-03
2.512500000000000000e+01 9.847662530282462745e-01 -1.658744107368115023e-03
2.514583333333333215e+01 9.859611908604084540e-01 -1.603685531781780813e-03
2.516666666666666430e+01 9.915790542144684583e-01 1.135620075333992679e-03
2.518750000000000000e+01 9.985729700621737148e-01 1.053185625040177270e-03
2.520833333333333215e+01 9.920564444519904823e-01 1.468515061973570688e-03
2.522916666666666430e+01 9.895283665858910505e-01 -1.982164035804943555e-04
2.525000000000000000e+01 9.953509813381314908e-01 -2.936368217970588483e-04
2.527083333333333215e+01 9.933693954370540480e-01 -1.153062190360156294e-03
2.529166666666666430e+01 9.918074602219620894e-01 2.860174027304813516e-04
2.531250000000000000e+01 1.000642039664470184e+00 -1.119414934149681002e-03
2.533333333333333215e+01 1.005593316313731611e+00 9.160431033020181214e-06
2.535416666666666430e+01 1.001157424545282559e+00 7.837780106433507327e-04
2.537500000000000000e+01 1.007199406075835135e+00 6.395512550798455138e-04
2.539583333333333215e+01 1.000191240360909672e+00 8.984308596101286048e-04
2.541666666666666430e+01 1.000907528647985822e+00 8.981657546341752750e-04
2.543750000000000000e+01 9.928205885629952654e-01 3.203822124699045546e-05
2.545833333333333215e+01 9.862337224164579030e-01 4.682599216680189541e-05
2.547916666666666430e+01 9.741630515134914736e-01 1.287612130051237185e-03
2.550000000000000000e+01 9.711091180482539498e-01 1.389585428688636928e-04
2.552083333333333215e+01 9.763194538488519925e-01 1.561062692512669384e-03
2.554166666666666430e+01 9.890186400584075610e-01 1.289905562526323744e-03
2.556250000000000000e+01 1.000756967513164897e+00 2.202088809947604260e-03
2.558333333333333215e+01 1.007165221455719850e+00 2.350129852675476622e-04
2.560416666666666430e+01 1.008630637769982297e+00 -3.296266665616603780e-04
2.562500000000000000e+01 1.006180240260465819e+00 5.081899499272303370e-04
2.564583333333333215e+01 1.004359301668010129e+00 1.562054433439251724e-03
2.566666666666666430e+01 1.006059590405109727e+00 1.191985931955654961e-04
2.568750000000000000e+01 1.004208178507748572e+00 1.699322967167098651e-03
2.570833333333333215e+01 1.000477788987143235e+00 -8.946030001079031610e-04
2.572916666666666430e+01 9.966770083927528612e-01 -9.658846199065374222e-04
2.575000000000000000e+01 1.003809522546181832e+00 -2.116227104384509755e-03
2.577083333333333215e+01 1.011927689015200249e+00 2.167330367914381117e-03
2.579166666666666430e+01 1.010439662355829604e+00 -7.773555261659169076e-04
2.581250000000000000e+01 9.952235886212962290e-01 1.216517430712801872e-03
2.583333333333333215e+01 9.757433237301497142e-01 3.819370340322269597e-04
2.585416666666666430e+01 9.621839530991759259e-01 -1.878826397243766851e-03
2.587500000000000000e+01 9.556424992591402434e-01 -4.717641797199000997e-04
2.589583333333333215e+01 9.669820127980263136e-01 -4.610872063386087412e-04
2.591666666666666430e+01 9.797504969462615954e-01 8.868522248671670272e-04
2.593750000000000000e+01 9.996009988134322288e-01 1.453303979656470069e-03
2.595833333333333215e+01 1.012945714351545679e+00 -7.127660167141158624e-04
2.597916666666666430e+01 1.029224344230716737e+00 3.669841451208775496e-04
