0.000000000000000000e+00 1.001107661654690117e+00 6.570204490853375151e-04
2.083333333333333218e-02 1.000227187725207578e+00 6.938887544964724959e-04
4.166666666666666435e-02 9.882060923502723471e-01 6.122419792940375806e-06
6.250000000000000000e-02 9.842976343746855372e-01 1.786798577340872191e-03
8.333333333333332871e-02 9.819794619560193727e-01 1.216021006467541419e-03
1.041666666666666574e-01 9.932831312261874990e-01 2.405563050433374647e-04
1.250000000000000000e-01 1.004691815556350232e+00 -9.208838042664911324e-04
1.458333333333333148e-01 1.013507352311280307e+00 4.484181131260119913e-04
1.666666666666666574e-01 1.015234757390370612e+00 -9.347527532271339423e-04
1.875000000000000000e-01 1.010356511346028219e+00 -6.271747826175977716e-04
2.083333333333333148e-01 1.005473373186027253e+00 -1.807084865296362808e-03
2.291666666666666574e-01 1.007520373432443606e+00 -3.634541919317114977e-04
2.500000000000000000e-01 1.001331081406456658e+00 3.277380068561109466e-04
2.708333333333333148e-01 9.977683561540531265e-01 2.285395834506783028e-04
2.916666666666666297e-01 9.812675619303202756e-01 8.685808672599793889e-05
3.125000000000000000e-01 9.853064988092294918e-01 2.857700637986707970e-04
3.333333333333333148e-01 9.987439733949668996e-01 -1.049088645531092009e-03
3.541666666666666297e-01 1.015732176565835143e+00 3.695344225839433861e-05
3.750000000000000000e-01 1.020307484912156726e+00 -1.910663873224592514e-04
3.958333333333333148e-01 1.005859955532290906e+00 -1.906004764870775862e-03
4.166666666666666297e-01 9.907710735669570390e-01 4.125705141919921146e-04
4.375000000000000000e-01 9.817874455517441312e-01 5.502379930732032845e-04
4.583333333333333148e-01 9.875598835654710861e-01 1.274715533900406465e-04
4.791666666666666297e-01 1.000834202305095344e+00 2.249199776088466778e-04
5.000000000000000000e-01 1.011870889238678961e+00 6.840201710297130972e-04
5.208333333333332593e-01 1.015437807171852835e+00 -1.016065865186949017e-03
5.416666666666666297e-01 1.012101246314659475e+00 1.372722777160366057e-04
5.625000000000000000e-01 1.005368039038951000e+00 4.505381609916513813e-04
5.833333333333332593e-01 9.863105930371039998e-01 8.101664132161087587e-04
6.041666666666666297e-01 9.824820491555087409e-01 5.935861589876558365e-04
6.250000000000000000e-01 9.853333539446204048e-01 -5.405768448344866256e-04
6.458333333333332593e-01 1.003699319626988329e+00 5.362202594255777123e-04
6.666666666666666297e-01 1.011119183940418775e+00 1.892516043787500438e-04
6.875000000000000000e-01 1.018175598680481464e+00 -2.187673912855513624e-03
7.083333333333332593e-01 1.003033715835471185e+00 4.888493161940397772e-04
7.291666666666666297e-01 9.984090945390702299e-01 -1.139222309611585783e-03
7.500000000000000000e-01 9.921045566213121392e-01 -5.181146814874570353e-04
7.708333333333332593e-01 1.000396222829617932e+00 3.506163177381169289e-03
7.916666666666666297e-01 1.010293349500740234e+00 8.880729201939319617e-04
8.125000000000000000e-01 1.005265180011983617e+00 -5.341818549248991037e-04
8.333333333333332593e-01 9.940755240032184137e-01 -1.199592617629983808e-03
8.541666666666666297e-01 9.909186048396708690e-01 -2.084224917749101080e-03
8.750000000000000000e-01 9.863865061286374303e-01 1.050053012711907221e-04
8.958333333333332593e-01 1.000721185874010155e+00 7.106462626270531333e-04
9.166666666666666297e-01 1.005283397566406389e+00 7.430078555265707933e-05
9.375000000000000000e-01 1.007771094814638779e+00 -1.115358573168724095e-04
9.583333333333332593e-01 1.012861950601007921e+00 -1.755793932105401828e-03
9.791666666666666297e-01 1.013638086058101795e+00 -9.338154404656419903e-04
1.000000000000000000e+00 1.008471779496104004e+00 -4.631110060483248640e-04
1.020833333333333259e+00 1.003038998077807387e+00 -4.241863895084061137e-04
1.041666666666666519e+00 9.914976018793467682e-01 -1.067666672113183569e-03
1.062500000000000000e+00 9.893152386269713494e-01 -4.742149600638049687e-04
1.083333333333333259e+00 9.906678565599318365e-01 -2.024814462612764283e-03
1.104166666666666519e+00 9.919518645047572525e-01 1.451443855118372556e-03
1.125000000000000000e+00 9.913097162947971386e-01 2.907518876856478047e-03
1.145833333333333259e+00 9.979166798303875652e-01 -1.223779746663308365e-03
1.166666666666666519e+00 1.011716016540110674e+00 1.792155481640144137e-03
1.187500000000000000e+00 1.028697784225269141e+00 2.843681005416443149e-03
1.208333333333333259e+00 1.031900171791827692e+00 -1.088556823109317539e-03
1.229166666666666519e+00 1.021490875065645731e+00 1.412339730845731242e-03
1.250000000000000000e+00 9.906969918652980267e-01 1.464957219660768112e-03
1.270833333333333259e+00 9.726215949363119506e-01 -1.229218345985439104e-03
1.291666666666666519e+00 9.615035624559364891e-01 -3.630862138044423982e-04
1.312500000000000000e+00 9.807024962362167475e-01 1.169253332216925066e-03
1.333333333333333259e+00 9.964673835449465722e-01 -1.582912423656416493e-03
1.354166666666666519e+00 1.014825088560745936e+00 1.464157773579745131e-04
1.375000000000000000e+00 1.024865047159671194e+00 5.372349460362559927e-04
1.395833333333333259e+00 1.032886074697889178e+00 -1.314796702472542395e-03
1.416666666666666519e+00 1.031221116342921684e+00 -2.385174800071052266e-03
1.437500000000000000e+00 1.012101659354996519e+00 -5.522295142259030302e-05
1.458333333333333259e+00 9.947786300683855165e-01 9.012389246323957207e-05
1.479166666666666519e+00 9.731333826004450183e-01 -1.576324929988117806e-03
1.500000000000000000e+00 9.712783048309326928e-01 3.783495724132336126e-04
1.520833333333333259e+00 9.768333181182242697e-01 -3.978818529004560386e-04
1.541666666666666519e+00 9.883577636458136251e-01 2.095582460867630430e-03
1.562500000000000000e+00 1.002540121512934812e+00 -9.141142634125598273e-04
1.583333333333333259e+00 1.015208945722539280e+00 1.401858410913854559e-03
1.604166666666666519e+00 1.032134825416204604e+00 5.194721510308915585e-04
1.625000000000000000e+00 1.034328961141975922e+00 -3.888028344940815248e-04
1.645833333333333259e+00 1.020154264533533528e+00 -4.322492298728529588e-04
1.666666666666666519e+00 9.917240285875855710e-01 -2.867458259251853738e-04
1.687500000000000000e+00 9.740543987723969677e-01 8.306581382696976270e-04
1.708333333333333259e+00 9.683827386831900252e-01 -1.731265912460909192e-03
1.729166666666666519e+00 9.842444736858577681e-01 -2.611273320360633530e-04
1.750000000000000000e+00 9.986536401362815507e-01 2.656383827509652823e-03
1.770833333333333259e+00 1.013390359928855844e+00 -1.592990201798794546e-03
1.791666666666666519e+00 1.011793737524260717e+00 2.690466546407760482e-03
1.812500000000000000e+00 1.009740372699878375e+00 -1.321389908961938774e-03
1.833333333333333259e+00 1.011998132391058070e+00 -7.469872873384625486e-04
1.854166666666666519e+00 1.007700731050375609e+00 1.088649707412555744e-03
1.875000000000000000e+00 1.015000552688171132e+00 1.444757090027829448e-03
1.895833333333333259e+00 1.007746367434219303e+00 -5.964971203779718912e-04
1.916666666666666519e+00 9.972149520537815226e-01 1.244763882260491302e-03
1.937500000000000000e+00 9.847668976146296549e-01 -8.131747102252980105e-04
1.958333333333333259e+00 9.811989428022591664e-01 2.358269406062709142e-03
1.979166666666666519e+00 9.825144501456595236e-01 -3.563427116952139900e-04
2.000000000000000000e+00 9.951823558406069914e-01 3.857294233937475988e-04
2.020833333333333037e+00 1.013080732200577705e+00 -1.460869317359970553e-04
2.041666666666666519e+00 1.027401495512768159e+00 1.150739723856120892e-03
2.062500000000000000e+00 1.034609615652144710e+00 2.928464603366462242e-04
2.083333333333333037e+00 1.006486744659335297e+00 -2.356557391022092915e-04
2.104166666666666519e+00 9.815498469061553211e-01 1.236830300377265773e-03
2.125000000000000000e+00 9.743384049954645354e-01 -3.867297224427582755e-04
2.145833333333333037e+00 9.826448106488150369e-01 -3.896416396427639182e-04
2.166666666666666519e+00 1.002743619303668732e+00 1.954180445012489338e-03
2.187500000000000000e+00 1.013506507887462993e+00 1.052534048043095695e-04
2.208333333333333037e+00 1.016690995826925237e+00 4.836629002865468555e-04
2.229166666666666519e+00 1.008867208532371773e+00 5.303896713126208829e-05
2.250000000000000000e+00 9.936195708441569741e-01 1.663588409016871991e-04
2.270833333333333037e+00 9.962360497528570669e-01 -2.764537474154005843e-04
2.291666666666666519e+00 9.921307205233392823e-01 1.804503986097268781e-03
2.312500000000000000e+00 9.969369116839149614e-01 -1.914576270500477839e-04
2.333333333333333037e+00 9.985608962316244730e-01 2.038012292757233022e-03
2.354166666666666519e+00 1.003399194201311628e+00 3.401579433037504353e-04
2.375000000000000000e+00 1.010346056201118614e+00 1.274739510657458804e-03
2.395833333333333037e+00 1.016243084027377286e+00 5.180825243255935807e-04
2.416666666666666519e+00 1.007378170260176953e+00 -1.585559083044477168e-04
2.437500000000000000e+00 9.983980031087451579e-01 5.459527881644734041e-04
2.458333333333333037e+00 9.884185148088300288e-01 1.361390864958466696e-03
2.479166666666666519e+00 9.842680670913334096e-01 8.263872649481702158e-04
2.500000000000000000e+00 9.839861612273201885e-01 -1.560070333986606400e-05
2.520833333333333037e+00 9.895787451674076252e-01 -4.204037153475869044e-04
2.541666666666666519e+00 9.956996960904266336e-01 7.130973858247930059e-04
2.562500000000000000e+00 1.015380528997752219e+00 9.711382924302380901e-04
2.583333333333333037e+00 1.026473696571435612e+00 8.082093066781998163e-04
2.604166666666666519e+00 1.027472980972827132e+00 -1.461284267158017907e-03
2.625000000000000000e+00 1.014235188422601075e+00 -1.259517680070492687e-03
2.645833333333333037e+00 9.893906220783267313e-01 -3.489751666371949078e-03
2.666666666666666519e+00 9.713566007880186648e-01 -3.621498527878320279e-04
2.687500000000000000e+00 9.790823364347013280e-01 4.538609661173319092e-04
2.708333333333333037e+00 9.954547628507627310e-01 1.822186970495347441e-03
2.729166666666666519e+00 1.007389416790749337e+00 6.243916136058766863e-05
2.750000000000000000e+00 1.012419627912357178e+00 -6.142322843158459691e-04
2.770833333333333037e+00 1.008518289784620769e+00 -3.500913795830514798e-04
2.791666666666666519e+00 1.003419566281173791e+00 -5.628061096244484128e-04
2.812500000000000000e+00 9.969933583001587829e-01 -8.720777565440350661e-04
2.833333333333333037e+00 9.923805591175330898e-01 2.061080248229325948e-04
2.854166666666666519e+00 1.002828087789695566e+00 1.043246886931321416e-03
2.875000000000000000e+00 1.007826555498511967e+00 -6.795905453793129897e-04
2.895833333333333037e+00 1.014324911895899017e+00 -9.627596834819306549e-04
2.916666666666666519e+00 1.001726612638852654e+00 7.550694190070836179e-04
2.937500000000000000e+00 9.909270574997485204e-01 6.354366182823153932e-04
2.958333333333333037e+00 9.739037075885383921e-01 3.584234952196213532e-04
2.979166666666666519e+00 9.797685218046301436e-01 5.303275305037945730e-04
3.000000000000000000e+00 9.962388195198986773e-01 1.196870800644447277e-03
3.020833333333333037e+00 1.019426652118817334e+00 2.853229525817023915e-04
3.041666666666666519e+00 1.024524160595761790e+00 8.225060866867563809e-04
3.062500000000000000e+00 1.010122686534051351e+00 -1.817121115251745097e-04
3.083333333333333037e+00 9.903946683276865226e-01 -4.145415111401129157e-04
3.104166666666666519e+00 9.868297253345333919e-01 1.233059183086183692e-04
3.125000000000000000e+00 9.919798629995137951e-01 -1.443867576684639757e-04
3.145833333333333037e+00 1.007112709609237156e+00 -8.844116720709885825e-04
3.166666666666666519e+00 1.012009665450099183e+00 7.192913056727751183e-04
3.187500000000000000e+00 1.001831497039484375e+00 -1.492126257664698257e-03
3.208333333333333037e+00 9.927700352258106431e-01 2.260743770794267776e-03
3.229166666666666519e+00 9.891034013315480600e-01 2.842618017926695518e-05
3.250000000000000000e+00 9.813020278796603657e-01 4.921137056296117848e-04
3.270833333333333037e+00 9.932730502557002294e-01 -5.668995314075163470e-04
3.291666666666666519e+00 1.001062090028462803e+00 -9.871266152274146485e-04
3.312500000000000000e+00 1.015973877533560055e+00 3.458363083335579862e-04
3.333333333333333037e+00 1.020644768162744631e+00 4.662984631270876510e-04
3.354166666666666519e+00 1.009176100046717872e+00 6.659108948016187858e-04
3.375000000000000000e+00 9.955131662354733679e-01 -1.783125781049810536e-03
3.395833333333333037e+00 9.909819460905323618e-01 1.829956263112388851e-03
3.416666666666666519e+00 9.846009763462497677e-01 -5.397328262726088345e-04
3.437500000000000000e+00 9.916615256390688415e-01 -1.074353294691057911e-03
3.458333333333333037e+00 9.949330127859318251e-01 -1.408571263866119664e-03
3.479166666666666519e+00 9.983327132023142036e-01 -2.443431231904422563e-03
3.500000000000000000e+00 9.840808720424644163e-01 -7.401116149670238127e-04
3.520833333333333037e+00 9.873276752242663434e-01 9.730074550508203924e-04
3.541666666666666519e+00 1.003259822743515439e+00 -8.226662854563655770e-04
3.562500000000000000e+00 1.025166723041310624e+00 -4.408561667467375067e-04
3.583333333333333037e+00 1.032583517630927261e+00 8.242514425990253753e-04
3.604166666666666519e+00 1.023674072456839612e+00 2.183604160719055266e-03
3.625000000000000000e+00 9.981798604275896603e-01 -8.639328942703361491e-04
3.645833333333333037e+00 9.749016911114666284e-01 -1.223325593774390700e-03
3.666666666666666519e+00 9.589575617535328611e-01 7.578277528735701072e-04
3.687500000000000000e+00 9.629343941002099783e-01 1.311518154851886930e-05
3.708333333333333037e+00 9.884519111659886281e-01 2.007687741385897739e-03
3.729166666666666519e+00 1.011369294655474871e+00 -1.312017373301753182e-03
3.750000000000000000e+00 1.036310644057952146e+00 4.047051984240485767e-05
3.770833333333333037e+00 1.036294038522423522e+00 -8.983586042564081818e-04
3.791666666666666519e+00 1.019205220833073744e+00 -9.619553807190381247e-04
3.812500000000000000e+00 9.962726635398451158e-01 -7.009136657004419848e-04
3.833333333333333037e+00 9.769925891953459285e-01 3.156884926653221704e-04
3.854166666666666519e+00 9.737647021645867706e-01 9.573258939444319066e-04
3.875000000000000000e+00 9.883223316316644969e-01 -1.308135910269663015e-03
3.895833333333333037e+00 9.969206166178314898e-01 -3.507984298449789312e-04
3.916666666666666519e+00 9.994012502759350713e-01 -1.063325436694628756e-03
3.937500000000000000e+00 1.009716314655879188e+00 -2.424193439682801937e-04
3.958333333333333037e+00 1.015659257496262180e+00 -3.796068998518932459e-04
3.979166666666666519e+00 1.015073812237741402e+00 -1.618452295190066876e-03
4.000000000000000000e+00 1.008097386040751831e+00 -1.277691811253336062e-03
4.020833333333333037e+00 9.852889672778958330e-01 -9.135931748302230856e-04
4.041666666666666075e+00 9.772710897984980827e-01 -4.907116112352571903e-04
4.062500000000000000e+00 9.847483923576462184e-01 -2.203543355562487195e-04
4.083333333333333037e+00 1.003194984039937010e+00 1.942947963222039446e-03
4.104166666666666075e+00 1.029675945210749566e+00 8.015486141195133979e-04
4.125000000000000000e+00 1.031725064974138295e+00 1.464308412857487016e-03
4.145833333333333037e+00 1.016948467733499673e+00 -1.582746585124936460e-03
4.166666666666666075e+00 9.917675059989180530e-01 -8.931379266806733965e-04
4.187500000000000000e+00 9.761986953471376571e-01 -4.812339674119992146e-04
4.208333333333333037e+00 9.692531697187931616e-01 5.708525410381843626e-04
4.229166666666666075e+00 9.769615459344391795e-01 5.899504233998375440e-04
4.250000000000000000e+00 9.978823392247826440e-01 -1.744866392679114133e-03
4.270833333333333037e+00 1.011649397511763526e+00 1.502461577222004643e-03
4.291666666666666075e+00 1.026998337234384051e+00 1.115338707428533945e-04
4.312500000000000000e+00 1.026447211912697721e+00 -2.519418713523197389e-03
4.333333333333333037e+00 1.010954703212903594e+00 -2.639643916738948644e-04
4.354166666666666075e+00 1.001940209530069126e+00 1.731483004310134521e-03
4.375000000000000000e+00 9.930947815203944318e-01 5.979857295294210866e-05
4.395833333333333037e+00 9.857599963657656117e-01 -2.375224517920049728e-03
4.416666666666666075e+00 9.880892024259811945e-01 -2.375378955268899340e-04
4.437500000000000000e+00 9.809400048697652919e-01 1.232974509319004468e-03
4.458333333333333037e+00 9.711707800249113065e-01 -2.233336052835627628e-03
4.479166666666666075e+00 9.738076462365827801e-01 -1.318701701831016511e-03
4.500000000000000000e+00 9.788809880283205755e-01 1.895726062696888618e-03
4.520833333333333037e+00 9.859749032323698037e-01 8.302621683678777049e-05
4.541666666666666075e+00 9.873011183561565263e-01 1.270275268479362620e-03
4.562500000000000000e+00 9.807156411492590209e-01 -2.256600952993894835e-03
4.583333333333333037e+00 9.652291279974946070e-01 2.216953085462847108e-04
4.604166666666666075e+00 9.487357930374206161e-01 -1.372796588160048138e-03
4.625000000000000000e+00 9.395376520770321038e-01 -1.023294491528270456e-03
4.645833333333333037e+00 9.264000013837669911e-01 1.106750981039074291e-03
4.666666666666666075e+00 9.291842761796653694e-01 -4.899923649268644096e-04
4.687500000000000000e+00 9.433626000109937015e-01 5.147839496261623132e-04
4.708333333333333037e+00 9.685568485323865495e-01 -1.035462302173214199e-03
4.729166666666666075e+00 9.942523182902639478e-01 -7.969280020943868628e-04
4.750000000000000000e+00 1.000137370624950339e+00 -4.384518883123092296e-05
4.770833333333333037e+00 9.875379717937931012e-01 1.528462109210908292e-03
4.791666666666666075e+00 9.825972497584882781e-01 2.374816704934472420e-03
4.812500000000000000e+00 9.832120353465843010e-01 -1.737484458002516415e-03
4.833333333333333037e+00 9.974733688889524386e-01 3.323078905272848228e-05
4.854166666666666075e+00 1.011603765540210143e+00 1.334694809786646360e-03
4.875000000000000000e+00 1.006527246667357600e+00 1.036846031538295101e-03
4.895833333333333037e+00 9.990199754678896760e-01 1.406741281613415728e-03
4.916666666666666075e+00 9.874726712894714709e-01 8.915819696550895262e-04
4.937500000000000000e+00 9.828076388877723391e-01 1.445058016971548882e-03
4.958333333333333037e+00 9.839594089686800604e-01 -5.623386988413370214e-04
4.979166666666666075e+00 9.900260491755134007e-01 1.167268357235166313e-03
5.000000000000000000e+00 1.001914589018795487e+00 -6.301148628577701025e-05
5.020833333333333037e+00 1.014633680054333187e+00 9.968688258406668314e-05
5.041666666666666075e+00 1.024284940101151342e+00 -7.259414742294567234e-04
5.062500000000000000e+00 1.019188330325563330e+00 -3.566264877458799501e-04
5.083333333333333037e+00 1.014044000192399819e+00 9.771407731590955967e-04
5.104166666666666075e+00 9.989359639934634050e-01 -7.678458699452402666e-04
5.125000000000000000e+00 9.836478601895484175e-01 1.328823194062499820e-03
5.145833333333333037e+00 9.775828572111125991e-01 6.588708067611407878e-05
5.166666666666666075e+00 9.769863082639343999e-01 2.486813842107268727e-04
5.187500000000000000e+00 9.812966637765787592e-01 9.824246601379615451e-07
5.208333333333333037e+00 9.909179765522347916e-01 -7.626856477775663487e-05
5.229166666666666075e+00 1.004212717200550165e+00 -4.326432495960605331e-04
5.250000000000000000e+00 1.020309140076566479e+00 -1.585028003245564181e-04
5.270833333333333037e+00 1.029730988187919527e+00 -5.380073538648107861e-04
5.291666666666666075e+00 1.027467933534584210e+00 -1.224843278340054112e-03
5.312500000000000000e+00 1.015394802784684192e+00 1.759923965504110949e-03
5.333333333333333037e+00 9.968127780780500213e-01 1.211610183550185585e-03
5.354166666666666075e+00 9.895197892523756034e-01 -3.847209659417847455e-04
5.375000000000000000e+00 9.799315375471321365e-01 1.609785389637122924e-05
5.395833333333333037e+00 9.743870128740476089e-01 -2.182533446034945479e-03
5.416666666666666075e+00 9.711286110602335153e-01 2.034497426718910335e-03
5.437500000000000000e+00 9.801457201440487710e-01 4.052481019985379050e-04
5.458333333333333037e+00 9.973698153927772481e-01 -3.395168690274676018e-04
5.479166666666666075e+00 1.031247509336570056e+00 1.154089327282795769e-03
5.500000000000000000e+00 1.044971648927532248e+00 -1.931815845621083494e-03
5.520833333333333037e+00 1.039890352938681373e+00 2.470670106983029104e-03
5.541666666666666075e+00 1.014497986552070241e+00 -8.763102925945201634e-04
5.562500000000000000e+00 9.933428661003497195e-01 1.438974635839368769e-03
5.583333333333333037e+00 9.684979632298151841e-01 1.033492880354638151e-03
5.604166666666666075e+00 9.571075812570638552e-01 -6.807420910909728947e-04
5.625000000000000000e+00 9.603730829015421078e-01 -8.660235326703015837e-04
5.645833333333333037e+00 9.838499855785141079e-01 3.421193448271863855e-04
5.666666666666666075e+00 1.013336657292959853e+00 -6.421791821642926484e-04
5.687500000000000000e+00 1.032036453011139221e+00 1.721267799434049841e-03
5.708333333333333037e+00 1.039341811362987977e+00 -1.153465535391847395e-03
5.729166666666666075e+00 1.016585125549620550e+00 -9.595967502061388075e-04
5.750000000000000000e+00 9.993894477970977075e-01 2.445471382695300639e-03
5.770833333333333037e+00 9.879453117652091665e-01 -5.782651464545795908e-04
5.791666666666666075e+00 9.925955433191163690e-01 -6.111505768399840650e-04
5.812500000000000000e+00 9.973683968360876895e-01 -5.364955083456751303e-04
5.833333333333333037e+00 9.955530760787465461e-01 8.403471062981397472e-04
5.854166666666666075e+00 9.847951027979221506e-01 -1.405876972007300517e-03
5.875000000000000000e+00 9.849392521194811900e-01 4.207953489565123122e-05
5.895833333333333037e+00 9.951225025555571202e-01 1.769699391148123451e-03
5.916666666666666075e+00 1.007508612301503348e+00 -8.429987024822713226e-04
5.937500000000000000e+00 1.020359447978431033e+00 2.751509057299579217e-03
5.958333333333333037e+00 1.021962818729301059e+00 1.448794113178563411e-04
5.979166666666666075e+00 1.015303660549224496e+00 1.151543819986307685e-03
6.000000000000000000e+00 9.937049442550034417e-01 -7.964777554904864387e-04
6.020833333333333037e+00 9.884442630324838941e-01 1.125315186198158233e-03
6.041666666666666075e+00 9.780537482877010858e-01 -2.886120918087952742e-05
6.062500000000000000e+00 9.824608335566131778e-01 5.524518587519590017e-04
6.083333333333333037e+00 9.940395230667965487e-01 -5.078544239523556094e-04
6.104166666666666075e+00 1.005884280113941598e+00 -1.693979679308508450e-04
6.125000000000000000e+00 1.015458253411816170e+00 7.248299601156095971e-04
6.145833333333333037e+00 1.010648429343440124e+00 3.380923001170199876e-03
6.166666666666666075e+00 1.007908035957080228e+00 -2.249909208361385135e-04
6.187500000000000000e+00 1.001154885995093613e+00 -1.055185506590768183e-03
6.208333333333333037e+00 1.003705681765524993e+00 9.890206779893321708e-04
6.229166666666666075e+00 9.990636552292322392e-01 1.641276085202486882e-03
6.250000000000000000e+00 9.858000533168723711e-01 8.183959314119717198e-04
6.270833333333333037e+00 9.788065217160097919e-01 8.729361993612170341e-04
6.291666666666666075e+00 9.925302699224370917e-01 4.084203218894363256e-04
6.312500000000000000e+00 1.012023023489131424e+00 -1.452788973632564542e-03
6.333333333333333037e+00 1.027161206286791861e+00 -7.333486650320556048e-06
6.354166666666666075e+00 1.019845973441707354e+00 -2.721175527336416227e-04
6.375000000000000000e+00 1.003374008910871806e+00 -1.145867739698185772e-04
6.395833333333333037e+00 9.740097584168002642e-01 2.722510777417479276e-04
6.416666666666666075e+00 9.681030462832824757e-01 4.859764898820699108e-04
6.437500000000000000e+00 9.830922093044814902e-01 9.369694316916806192e-04
6.458333333333333037e+00 1.000108858995908845e+00 1.938225266756516199e-04
6.479166666666666075e+00 1.012671849491532772e+00 -2.094227716707062342e-03
6.500000000000000000e+00 1.018001610597108808e+00 1.972299729270730884e-03
6.520833333333333037e+00 1.012484453555487107e+00 2.114103240525550421e-03
6.541666666666666075e+00 1.006177311231407634e+00 5.366743220613861371e-04
6.562500000000000000e+00 9.973279109087702654e-01 -1.844000842946015226e-03
6.583333333333333037e+00 9.878485138509555119e-01 2.068907636895120881e-03
6.604166666666666075e+00 9.873327047834988823e-01 -3.104536915794462153e-03
6.625000000000000000e+00 9.930609406032705477e-01 2.048428240517139332e-03
6.645833333333333037e+00 1.006811863361531723e+00 -9.693345863218033641e-04
6.666666666666666075e+00 1.001752189282268724e+00 -1.072151499552282923e-03
6.687500000000000000e+00 9.999885270052918385e-01 -7.002390601837020587e-04
6.708333333333333037e+00 9.897219107726444864e-01 -1.650733556234415663e-03
6.729166666666666075e+00 9.933021053347668161e-01 -5.668203670853695723e-05
6.750000000000000000e+00 9.984194670616522993e-01 -1.397017698474528613e-03
6.770833333333333037e+00 1.011431385299248920e+00 -1.885404294296881328e-04
6.791666666666666075e+00 1.017133645407336529e+00 1.824005857888651681e-03
6.812500000000000000e+00 1.013147669400751516e+00 1.768945641698605126e-03
6.833333333333333037e+00 1.001234283973733152e+00 1.008725835067691241e-03
6.854166666666666075e+00 9.924363895238516031e-01 1.510677521423590703e-03
6.875000000000000000e+00 9.797925974997071519e-01 9.537924126176044364e-04
6.895833333333333037e+00 9.876117799097954286e-01 1.235703656474354799e-03
6.916666666666666075e+00 9.950739908439159009e-01 -1.483128464505881899e-03
6.937500000000000000e+00 1.001772983991312760e+00 2.124974773982182992e-03
6.958333333333333037e+00 1.007000276391844862e+00 1.116354035975753800e-03
6.979166666666666075e+00 1.013757903044431696e+00 1.073614122967343851e-03
7.000000000000000000e+00 1.009788918892701837e+00 1.540307659713455396e-03
7.020833333333333037e+00 1.002937036691627037e+00 -1.570532285264803884e-03
7.041666666666666075e+00 1.007117682661798685e+00 3.900985455256330940e-04
7.062500000000000000e+00 1.008707859552217201e+00 7.604866004874674722e-04
7.083333333333333037e+00 1.005207169408890433e+00 1.242103163837046621e-03
7.104166666666666075e+00 9.921189093158175876e-01 -1.011648718501958208e-03
7.125000000000000000e+00 9.694348652183701898e-01 -5.556099231481492718e-04
7.145833333333333037e+00 9.646667418896631707e-01 -2.040202022968920243e-03
7.166666666666666075e+00 9.847713560711907066e-01 1.853002251022996521e-03
7.187500000000000000e+00 1.017773146244325355e+00 -3.164098145106861376e-04
7.208333333333333037e+00 1.043756053898742264e+00 1.182875206469233536e-03
7.229166666666666075e+00 1.040707098092253480e+00 -9.453274651971320473e-04
7.250000000000000000e+00 1.019742491085394498e+00 1.133102376208708399e-04
7.270833333333333037e+00 9.912396954497644241e-01 -4.368832119549997191e-04
7.291666666666666075e+00 9.682705299898236584e-01 -2.089923928713298146e-03
7.312500000000000000e+00 9.603908035807798838e-01 6.121109063490259882e-05
7.333333333333333037e+00 9.694676461730636907e-01 6.176476695792595820e-04
7.354166666666666075e+00 9.937576899756893622e-01 -1.948956709897155769e-03
7.375000000000000000e+00 1.021398636801915227e+00 -1.474889799460338919e-03
7.395833333333333037e+00 1.038612770034015975e+00 -7.482166108779097873e-04
7.416666666666666075e+00 1.033171355181150552e+00 -1.015188014585041926e-03
7.437500000000000000e+00 1.015469332863692342e+00 -6.134344101461911480e-04
7.458333333333333037e+00 9.841151801217267181e-01 -1.262034493132934646e-04
7.479166666666666075e+00 9.728398018564691219e-01 1.025842393854021779e-03
7.500000000000000000e+00 9.794184445558775653e-01 -7.090126672597658539e-04
7.520833333333333037e+00 9.936550754887650827e-01 9.442912614636297074e-04
7.541666666666666075e+00 1.001825884253787269e+00 -9.789459980946175338e-04
7.562500000000000000e+00 1.005777796828384085e+00 -1.197519138200810738e-04
7.583333333333333037e+00 1.005350548795219012e+00 -2.293977068750686305e-05
7.604166666666666075e+00 1.008586192842022999e+00 -7.676668250710184970e-05
7.625000000000000000e+00 1.010039400249984842e+00 -1.789013890554918542e-03
7.645833333333333037e+00 1.011596514465337604e+00 3.950033008580336349e-04
7.666666666666666075e+00 9.986864040357439354e-01 -2.859526471158969300e-03
7.687500000000000000e+00 9.902552952357797089e-01 7.085634110196736444e-04
7.708333333333333037e+00 9.845005820581893552e-01 -8.571989138845792196e-04
7.729166666666666075e+00 9.892120506557675608e-01 2.922164214818260934e-04
7.750000000000000000e+00 9.953707288877249315e-01 -8.213304156643014796e-04
7.770833333333333037e+00 9.999654295004115623e-01 6.493390991356230756e-04
7.791666666666666075e+00 1.005076594773235632e+00 -6.182484908650276141e-04
7.812500000000000000e+00 1.009010085000069390e+00 1.265202558181507519e-03
7.833333333333333037e+00 1.017085465947601852e+00 -1.459360321541424874e-04
7.854166666666666075e+00 1.015020316353059782e+00 -1.540083432044573979e-03
7.875000000000000000e+00 1.011667423440478109e+00 2.819067628357023285e-03
7.895833333333333037e+00 9.952962960297171424e-01 1.255030047301465774e-03
7.916666666666666075e+00 9.891442594257385812e-01 6.304077970561279510e-04
7.937500000000000000e+00 9.834550459172933801e-01 4.122017465166951463e-04
7.958333333333333037e+00 9.799309910147032676e-01 2.345412632658480353e-04
7.979166666666666075e+00 9.847028681627401081e-01 1.479189010903776474e-03
8.000000000000000000e+00 1.007332620630293274e+00 2.199195764451743369e-03
8.020833333333332149e+00 1.030274791874160156e+00 -1.235618224711828965e-03
8.041666666666666075e+00 1.040114633629151131e+00 2.368590541453098781e-03
8.062500000000000000e+00 1.029404995748837370e+00 -8.521402804351953936e-04
8.083333333333332149e+00 9.951794006611424104e-01 -1.583562392560476043e-03
8.104166666666666075e+00 9.609017833959151433e-01 2.661811519742865971e-03
8.125000000000000000e+00 9.528922750234296579e-01 8.657549870347490103e-04
8.145833333333332149e+00 9.742016830229500712e-01 1.204090336208423406e-03
8.166666666666666075e+00 1.004077494201328635e+00 3.045878335395164785e-04
8.187500000000000000e+00 1.024942038846379688e+00 4.183663387563370402e-04
8.208333333333332149e+00 1.031662728858133926e+00 1.540244604196636862e-04
8.229166666666666075e+00 1.021699500103759428e+00 -8.620696508988143691e-04
8.250000000000000000e+00 1.007036570615408966e+00 -1.376832150522781014e-03
8.270833333333332149e+00 9.932382103665512441e-01 7.477989115261194893e-04
8.291666666666666075e+00 9.825159922222045372e-01 -2.452973253596509029e-04
8.312500000000000000e+00 9.747634984105886247e-01 4.405035315965212181e-04
8.333333333333332149e+00 9.878863287281068883e-01 -4.725778984186290547e-03
8.354166666666666075e+00 1.008917779064105291e+00 -1.722224779489444247e-04
8.375000000000000000e+00 1.017743622186652708e+00 2.059728495673627396e-03
8.395833333333332149e+00 1.017121128959203258e+00 8.083520740997988084e-04
8.416666666666666075e+00 1.007171743790161056e+00 5.943529624153884089e-04
8.437500000000000000e+00 1.005279923225868899e+00 -1.403322015182102353e-03
8.458333333333332149e+00 9.978730722522682894e-01 -9.090516737714294040e-04
8.479166666666666075e+00 9.988581186736130713e-01 1.968509261530552654e-03
8.500000000000000000e+00 9.951580291105206477e-01 -2.253399015551952635e-03
8.520833333333332149e+00 9.989029299894006675e-01 2.838196580835697217e-04
8.541666666666666075e+00 9.931518371951048030e-01 1.002402653518291893e-04
8.562500000000000000e+00 9.966909214284290774e-01 -1.644987611665888068e-04
8.583333333333332149e+00 1.002054901845919055e+00 7.166692145989363508e-04
8.604166666666666075e+00 1.000644668592624242e+00 -1.424614428860241852e-03
8.625000000000000000e+00 1.004667835808602083e+00 1.337411811260408832e-03
8.645833333333332149e+00 1.016239965913139365e+00 1.356333619451749158e-03
8.666666666666666075e+00 1.013389974600002352e+00 -3.652854832254348420e-04
8.687500000000000000e+00 1.010443834799915397e+00 9.362505645232251116e-05
8.708333333333332149e+00 9.927264969245884751e-01 1.373560118571079403e-03
8.729166666666666075e+00 9.752482422147662477e-01 -5.270860777721942444e-04
8.750000000000000000e+00 9.788340636420514995e-01 -1.460823955170340374e-03
8.770833333333332149e+00 9.969152668074855450e-01 -1.452179812808815048e-04
8.791666666666666075e+00 1.013137649321386169e+00 1.470045840188856975e-03
8.812500000000000000e+00 1.018212393420686146e+00 8.206142512834646314e-04
8.833333333333332149e+00 1.014965746510744227e+00 -9.620745451448009826e-04
8.854166666666666075e+00 1.008047381212908045e+00 2.254946232423722923e-03
8.875000000000000000e+00 1.004299201726462032e+00 1.315082660441147270e-03
8.895833333333332149e+00 1.001442470456850975e+00 2.383593953791724352e-04
8.916666666666666075e+00 9.945321917591930516e-01 -5.749767659704870621e-04
8.937500000000000000e+00 9.857918574887819529e-01 -2.192767268547722234e-03
8.958333333333332149e+00 9.858898651774495869e-01 1.564787402334229293e-03
8.979166666666666075e+00 9.881451215632113261e-01 4.732509571330191468e-04
9.000000000000000000e+00 9.991985010312206539e-01 2.858694839692602400e-04
9.020833333333332149e+00 1.011141627094093387e+00 -1.268336942175389255e-03
9.041666666666666075e+00 1.012337800620561445e+00 1.000792592651745519e-03
9.062500000000000000e+00 1.017173239354201453e+00 5.458243097209043975e-04
9.083333333333332149e+00 1.008146066148814191e+00 3.589057067728730274e-03
9.104166666666666075e+00 1.002039013015077362e+00 -3.086591460671263038e-04
9.125000000000000000e+00 9.896592841167904941e-01 1.034024062891337244e-03
9.145833333333332149e+00 9.881921086117353425e-01 -5.580343500837118068e-04
9.166666666666666075e+00 9.859049242544151159e-01 2.962123539465184863e-03
9.187500000000000000e+00 9.920627272486313153e-01 -1.791746183764882962e-03
9.208333333333332149e+00 1.009224345460861816e+00 2.673128610182207154e-03
9.229166666666666075e+00 1.011638667278364379e+00 7.212917460371975030e-04
9.250000000000000000e+00 1.014123834783033695e+00 -1.022724317710919451e-03
9.270833333333332149e+00 1.002576731572065505e+00 -1.112401192137799436e-03
9.291666666666666075e+00 1.004296098599547493e+00 -1.484466423407145106e-03
9.312500000000000000e+00 9.971728577953843375e-01 1.646633664256259583e-03
9.333333333333332149e+00 1.002188020819708036e+00 -6.074203015670221221e-04
9.354166666666666075e+00 9.981096492298087153e-01 -9.264723647345024906e-04
9.375000000000000000e+00 9.985568873812922241e-01 9.825876921951675474e-04
9.395833333333332149e+00 9.985710937182747937e-01 -2.346461778455936203e-03
9.416666666666666075e+00 1.007053841269264449e+00 -6.510817315275867385e-04
9.437500000000000000e+00 1.008212866456892343e+00 3.970032479121409505e-04
9.458333333333332149e+00 1.007720847545150233e+00 9.703782937824938139e-04
9.479166666666666075e+00 9.965763579688367013e-01 4.402842885434516524e-04
9.500000000000000000e+00 9.946240904600602839e-01 1.152119449192145996e-03
9.520833333333332149e+00 9.923813462611297265e-01 -2.155716932773948154e-03
9.541666666666666075e+00 9.954467010263967630e-01 -3.665082028812233043e-04
9.562500000000000000e+00 1.001845650899297002e+00 -1.652728951386391986e-03
9.583333333333332149e+00 1.009449753768836944e+00 1.475744727762670410e-03
9.604166666666666075e+00 1.014159207013524355e+00 2.765936279309115856e-04
9.625000000000000000e+00 1.019333197759167531e+00 3.202480457939203330e-04
9.645833333333332149e+00 1.008591740065585274e+00 -1.086622275998368019e-04
9.666666666666666075e+00 9.915190392438848477e-01 -1.612419952855666900e-03
9.687500000000000000e+00 9.779834432291794055e-01 -8.668189262154974675e-05
9.708333333333332149e+00 9.696895091139435818e-01 -2.598773818676115149e-03
9.729166666666666075e+00 9.855366720228146971e-01 1.990661209622302929e-03
9.750000000000000000e+00 1.014211050577731754e+00 -1.329048729864026901e-04
9.770833333333332149e+00 1.022689904440130970e+00 1.601323828738260291e-03
9.791666666666666075e+00 1.024211377720606109e+00 9.771536128527578274e-04
9.812500000000000000e+00 1.012838985188361018e+00 1.041022173054997370e-03
9.833333333333332149e+00 9.984235637840980226e-01 -1.374184238084863972e-04
9.854166666666666075e+00 9.963158641757861034e-01 2.358567531972340743e-04
9.875000000000000000e+00 9.995465541732390102e-01 5.782924135378233414e-04
9.895833333333332149e+00 9.927033718638390569e-01 -1.099338208275348950e-04
9.916666666666666075e+00 9.902919032412570433e-01 1.203745018381218628e-03
9.937500000000000000e+00 9.890943672248090346e-01 2.162510049879381308e-03
9.958333333333332149e+00 9.956189961504118280e-01 -1.442296863793028020e-03
9.979166666666666075e+00 9.996895821461839748e-01 3.084542696336659787e-03
1.000000000000000000e+01 1.004758568545040642e+00 7.055196292395604597e-04
1.002083333333333215e+01 1.007762412835498500e+00 1.420089202563288655e-03
1.004166666666666607e+01 1.019869677879099878e+00 -1.364795297157070028e-03
1.006250000000000000e+01 1.019847180716103585e+00 7.288698904896126485e-04
1.008333333333333215e+01 1.019328500139567328e+00 1.217755749647325822e-03
1.010416666666666607e+01 9.937077873060993216e-01 -1.394827635043553509e-03
1.012500000000000000e+01 9.781753685738004966e-01 4.893342911648148480e-05
1.014583333333333215e+01 9.700601152662218229e-01 2.003106858082433824e-03
1.016666666666666607e+01 9.835696971509809705e-01 8.225669507104221964e-05
1.018750000000000000e+01 1.004499464980087131e+00 -9.293519020564833559e-04
1.020833333333333215e+01 1.018911765151926163e+00 4.413045964312208198e-04
1.022916666666666607e+01 1.020363669987666810e+00 -5.261568462025369240e-04
1.025000000000000000e+01 1.016620539539219603e+00 -3.630458293427027395e-04
1.027083333333333215e+01 1.001896674483162775e+00 2.913527564167171704e-03
1.029166666666666607e+01 9.930955165338740676e-01 1.284006718964526882e-03
1.031250000000000000e+01 9.807079939730918294e-01 9.533783425882628310e-04
1.033333333333333215e+01 9.826792223106640689e-01 2.099360720145220080e-04
1.035416666666666607e+01 9.957790855417351095e-01 1.233798332323201219e-03
1.037500000000000000e+01 1.012026506521481517e+00 -2.244263187079914741e-03
1.039583333333333215e+01 1.022307233046917174e+00 -9.540329899264631246e-04
1.041666666666666607e+01 1.017162818175320282e+00 9.604651369721477899e-04
1.043750000000000000e+01 1.000330694014846200e+00 -3.597074720220151602e-05
1.045833333333333215e+01 9.908875528842209235e-01 -1.674401006014344462e-03
1.047916666666666607e+01 9.876552951606953901e-01 -2.487400202539754787e-03
1.050000000000000000e+01 9.872076668680481726e-01 1.139181209280020575e-03
1.052083333333333215e+01 9.911566686868648057e-01 1.665200941461074120e-04
1.054166666666666607e+01 9.975436521382337052e-01 -1.926741426562788824e-03
1.056250000000000000e+01 1.002977103371306633e+00 4.056833550297688743e-04
1.058333333333333215e+01 1.015417533911299852e+00 -2.162448482065296564e-04
1.060416666666666607e+01 1.023584542066316105e+00 7.685191915363759037e-04
1.062500000000000000e+01 1.020938300851404357e+00 1.309532763160475323e-03
1.064583333333333215e+01 1.000376782903457329e+00 6.714304535357652455e-04
1.066666666666666607e+01 9.795346354032926639e-01 4.090102352373660606e-04
1.068750000000000000e+01 9.722935057899046996e-01 -3.584196359876857586e-04
1.070833333333333215e+01 9.735636040255657431e-01 -1.648993982640272176e-03
1.072916666666666607e+01 9.923409847131807737e-01 -2.474043243278016210e-03
1.075000000000000000e+01 1.007819892796907313e+00 -7.793068394824752970e-04
1.077083333333333215e+01 1.017379274348711560e+00 -2.218747638294147218e-03
1.079166666666666607e+01 1.019727178402159096e+00 -1.279756011146586804e-04
1.081250000000000000e+01 1.021498873510074290e+00 9.161539156787326622e-04
1.083333333333333215e+01 1.011808152704137376e+00 -1.004558289844125710e-03
1.085416666666666607e+01 9.929289396993098427e-01 -3.623467071800818987e-04
1.087500000000000000e+01 9.826284566729591718e-01 -1.751361793124962460e-04
1.089583333333333215e+01 9.822375944758438004e-01 8.135119876330020169e-04
1.091666666666666607e+01 9.905593827697999343e-01 8.980703770567066571e-04
1.093750000000000000e+01 9.947265111998956355e-01 5.432942096539863843e-04
1.095833333333333215e+01 9.989807948882912791e-01 -1.922884962076215924e-03
1.097916666666666607e+01 1.010480640473717218e+00 5.895427050113217571e-04
1.100000000000000000e+01 1.015248003059705972e+00 6.702899855280532821e-04
1.102083333333333215e+01 1.022237202763441433e+00 -6.225418195783867124e-04
1.104166666666666607e+01 1.011821038459125521e+00 2.868750765897160352e-04
1.106250000000000000e+01 9.988385039365839102e-01 4.001739117722168419e-05
1.108333333333333215e+01 9.790744707058232077e-01 -7.931405402250715715e-06
1.110416666666666607e+01 9.756089554058846591e-01 -1.194541016670396807e-04
1.112500000000000000e+01 9.819977320892910866e-01 1.153740119724956615e-03
1.114583333333333215e+01 1.006531663282979938e+00 8.775622268327265096e-05
1.116666666666666607e+01 1.022484944230785286e+00 -3.409980865648471046e-04
1.118750000000000000e+01 1.028220595126066117e+00 1.426060741808882594e-03
1.120833333333333215e+01 1.006759088446230299e+00 -9.440726799917832689e-04
1.122916666666666607e+01 9.907101767825310379e-01 8.586356151642164495e-05
1.125000000000000000e+01 9.779010268624622748e-01 -2.756915481301194185e-03
1.127083333333333215e+01 9.787186911298011438e-01 -6.864126552388419853e-04
1.129166666666666607e+01 9.929020817344229588e-01 1.418034893563720504e-03
1.131250000000000000e+01 1.007869056870078772e+00 5.348692734458243515e-04
1.133333333333333215e+01 1.023696105597478034e+00 1.580659382810774933e-04
1.135416666666666607e+01 1.023395586551371750e+00 -7.626724935705493863e-04
1.137500000000000000e+01 1.010944418523788579e+00 4.978274943651086803e-05
1.139583333333333215e+01 9.856083105848562065e-01 2.309053397548834196e-05
1.141666666666666607e+01 9.774589039082703934e-01 4.011427833429738769e-04
1.143750000000000000e+01 9.896804845832155584e-01 1.727060718304341668e-03
1.145833333333333215e+01 1.006609045276064318e+00 -8.206846477249853198e-04
1.147916666666666607e+01 1.014219881024889469e+00 2.390165693067246365e-04
1.150000000000000000e+01 1.008327114321886819e+00 5.265328652885913681e-05
1.152083333333333215e+01 9.902874741537567305e-01 1.902159025142973262e-04
1.154166666666666607e+01 9.840488140728779198e-01 -4.028571176216336333e-04
1.156250000000000000e+01 9.931127283719183296e-01 -2.889547056971545334e-04
1.158333333333333215e+01 1.000278921173849422e+00 4.614562093304702293e-04
1.160416666666666607e+01 1.018890635119527266e+00 -2.723480849546440702e-04
1.162500000000000000e+01 1.023115748931826108e+00 1.818331866197836835e-03
1.164583333333333215e+01 1.011220912447230891e+00 -3.178234396162186548e-04
1.166666666666666607e+01 9.973425114566312200e-01 -2.018207411465989425e-04
1.168750000000000000e+01 9.809310511129430976e-01 3.123590201940286415e-03
1.170833333333333215e+01 9.752687263982841026e-01 2.216812040165126350e-04
1.172916666666666607e+01 9.786188848479960845e-01 -1.242998903624547300e-03
1.175000000000000000e+01 1.000399618116693423e+00 6.031780504652408227e-04
1.177083333333333215e+01 1.021450392264250162e+00 2.113528323270031081e-05
1.179166666666666607e+01 1.022433551148859809e+00 -2.146245697003640752e-03
1.181250000000000000e+01 1.022419391028274394e+00 9.474722946213638567e-04
1.183333333333333215e+01 1.006768177376248907e+00 9.359621357810274074e-04
1.185416666666666607e+01 1.001800798533302617e+00 3.894666569498509518e-04
1.187500000000000000e+01 9.972915107967617043e-01 2.981863498228821767e-04
1.189583333333333215e+01 9.984110851835010791e-01 -1.667983025446432123e-03
1.191666666666666607e+01 9.875627877106055719e-01 1.287750039270948521e-03
1.193750000000000000e+01 9.810787000678348191e-01 7.095299960413218796e-04
1.195833333333333215e+01 9.834480040763244890e-01 -2.914168175047257146e-04
1.197916666666666607e+01 1.005077218314177623e+00 7.098174028961696169e-04
1.200000000000000000e+01 1.012224962344526746e+00 1.970135607213074989e-03
1.202083333333333215e+01 1.021380138084043709e+00 8.942524295435256426e-04
1.204166666666666607e+01 1.022690426153059384e+00 6.947945784863648108e-04
1.206250000000000000e+01 1.007363033788654105e+00 2.099490294168439037e-03
1.208333333333333215e+01 9.931429966439531132e-01 -1.427916930267907351e-04
1.210416666666666607e+01 9.881116846338859894e-01 1.460037044288457417e-03
1.212500000000000000e+01 9.803264466411026890e-01 9.332026828987137609e-04
1.214583333333333215e+01 9.840549123250934560e-01 -3.538539494258316292e-04
1.216666666666666607e+01 9.969089299966138462e-01 1.033392702815844099e-03
1.218750000000000000e+01 1.007255121164386980e+00 6.059178529756597013e-04
1.220833333333333215e+01 1.012250498984168745e+00 -2.948710653153140300e-03
1.222916666666666607e+01 1.006844559674026529e+00 7.211711264491722567e-04
1.225000000000000000e+01 1.002827155851278240e+00 1.146361651721259462e-03
1.227083333333333215e+01 9.934740419859344751e-01 -2.797083739147813389e-03
1.229166666666666607e+01 9.972794096242276751e-01 -1.924255210865449817e-04
1.231250000000000000e+01 9.995173207538038396e-01 4.111860096656463383e-04
1.233333333333333215e+01 1.004883088454224804e+00 -1.029273684059441507e-03
1.235416666666666607e+01 9.984676869194876181e-01 -7.436022405481132480e-05
1.237500000000000000e+01 9.952736469893609383e-01 1.133681153116839835e-03
1.239583333333333215e+01 9.946275949037894915e-01 -2.915010275500523948e-05
1.241666666666666607e+01 9.996299766973244516e-01 1.812180309799420750e-03
1.243750000000000000e+01 1.006028347467379014e+00 1.449961815488850754e-03
1.245833333333333215e+01 1.004211069043195792e+00 1.139179608367249085e-03
1.247916666666666607e+01 1.000930225024725173e+00 9.429440112874817219e-04
1.452083333333333215e+01 9.995694488378982223e-01 -7.625625849686978788e-04
1.454166666666666607e+01 9.902744696240057820e-01 -3.273125608385780115e-04
1.456250000000000000e+01 9.945470051343441309e-01 -1.445234009849061339e-03
1.458333333333333215e+01 9.939051916014405297e-01 -2.445648109692370991e-03
1.460416666666666607e+01 9.931691489788023741e-01 2.224253600669110734e-04
1.462500000000000000e+01 9.955845431058069073e-01 9.842790987147761669e-04
1.464583333333333215e+01 1.000398427557036785e+00 -4.770359088482044882e-04
1.466666666666666607e+01 1.005450524126205059e+00 -1.654897085373567816e-03
1.468750000000000000e+01 1.013484714323753755e+00 3.049213923473126147e-04
1.470833333333333215e+01 1.003977146866086745e+00 -7.537081053063807634e-04
1.472916666666666607e+01 1.000079379280526259e+00 2.742303208166002094e-04
1.475000000000000000e+01 9.902863567481532403e-01 -2.969292357020995778e-04
1.477083333333333215e+01 9.947334324788417170e-01 1.432072542158346158e-03
1.479166666666666607e+01 9.940408430990428368e-01 1.045717079683961730e-03
1.481250000000000000e+01 1.000935063626408494e+00 3.175951789373608028e-04
1.483333333333333215e+01 1.006075216891531232e+00 7.197886615941244967e-04
1.485416666666666607e+01 1.015167490390149085e+00 6.413070801729686644e-04
1.487500000000000000e+01 1.005546197159035815e+00 1.366282957077341988e-03
1.489583333333333215e+01 9.968054006101945141e-01 -3.671508093125567564e-04
1.491666666666666607e+01 9.831059866193648800e-01 -3.399532506876891294e-04
1.493750000000000000e+01 9.829104173677083445e-01 -3.982625765036091497e-04
1.495833333333333215e+01 9.963151041914561912e-01 -9.807637575168959461e-04
1.497916666666666607e+01 1.005345409694046621e+00 1.993737203247444249e-03
1.500000000000000000e+01 1.008424192391768948e+00 5.005602057505970526e-05
1.502083333333333215e+01 1.003926668914073561e+00 1.413242770052533992e-03
1.504166666666666607e+01 9.989839914244005303e-01 -1.881644044056403082e-03
1.506250000000000000e+01 1.003202338533223825e+00 2.308842943407549315e-03
1.508333333333333215e+01 1.018636662305465901e+00 5.857000062043872437e-04
1.510416666666666607e+01 1.020226558284593521e+00 2.709584885153144807e-04
1.512500000000000000e+01 1.006838815707789214e+00 -1.715946644340910095e-05
1.514583333333333215e+01 9.804850626571546268e-01 8.882460733663011319e-05
1.516666666666666607e+01 9.752071287678337752e-01 1.864927712015570583e-03
1.518750000000000000e+01 9.781234705339700852e-01 -1.161292670662540227e-03
1.520833333333333215e+01 9.982869390354229822e-01 2.266365040179470648e-03
1.522916666666666607e+01 1.012280773323628758e+00 -1.616052942583068005e-03
1.525000000000000000e+01 1.021883563636343695e+00 2.573397022450199956e-03
1.527083333333333215e+01 1.017257695501831760e+00 -4.846540526338321327e-04
1.529166666666666607e+01 1.005529027734935354e+00 6.739808947933075044e-04
1.531250000000000000e+01 9.958117817941432026e-01 -5.860284236199693377e-04
1.533333333333333215e+01 9.926170217462321199e-01 1.797321622452874561e-04
1.535416666666666607e+01 9.935442069181689151e-01 -1.644986203464441667e-03
1.537500000000000000e+01 9.985733484435472818e-01 2.155335394085465138e-04
1.539583333333333215e+01 9.958252748359760487e-01 -4.666527526405025647e-04
1.541666666666666607e+01 1.002336037020412629e+00 2.792729138332787479e-04
1.543750000000000000e+01 9.914868172971239568e-01 8.458487525476177105e-04
1.545833333333333215e+01 9.857613555525474025e-01 5.891456254778332756e-04
1.547916666666666607e+01 9.914490133286533169e-01 5.856637827417094679e-05
1.550000000000000000e+01 1.011153086881421137e+00 1.864371856851571550e-04
1.552083333333333215e+01 1.023668924668740710e+00 2.229602326971429765e-03
1.554166666666666607e+01 1.030298149974124167e+00 1.004461133465175656e-03
1.556250000000000000e+01 1.004362147366531177e+00 1.697607889021575389e-03
1.558333333333333215e+01 9.868527907660120668e-01 -1.880411187542715534e-03
1.560416666666666607e+01 9.725984984778190956e-01 -5.075103549226602428e-04
1.562500000000000000e+01 9.743135392766532066e-01 1.736050599275941204e-03
1.564583333333333215e+01 9.907442545449295368e-01 3.070195676293891395e-04
1.566666666666666607e+01 1.010916079224158715e+00 -2.336717996926145568e-04
1.568750000000000000e+01 1.021214126672929101e+00 -5.403209661847420799e-04
1.570833333333333215e+01 1.023614132006746669e+00 4.296363861288475419e-04
1.572916666666666607e+01 1.007621104967933334e+00 -2.288300130201386133e-04
1.575000000000000000e+01 9.898062016543976993e-01 -7.006137725132866251e-04
1.577083333333333215e+01 9.814786482916125765e-01 2.416268310538571482e-03
1.579166666666666607e+01 9.801398598426156461e-01 1.009852593720304359e-03
1.581250000000000000e+01 9.949059298987864564e-01 -4.614615102139298401e-05
1.583333333333333215e+01 1.009203454345331652e+00 -6.463945256933071410e-04
1.585416666666666607e+01 1.017450266783645363e+00 -4.423063603890086781e-04
1.587500000000000000e+01 1.007143926262596523e+00 -3.518875847308179108e-04
1.589583333333333215e+01 9.981056964580279356e-01 -6.390569904607372323e-04
1.591666666666666607e+01 9.962369326234176148e-01 5.920765126037930452e-04
1.593750000000000000e+01 1.002273760139950065e+00 1.525938977201061455e-04
1.595833333333333215e+01 1.009681679267132148e+00 -2.739579116862852094e-03
1.597916666666666607e+01 9.987566605501124739e-01 -8.941131865224634725e-04
1.600000000000000000e+01 9.942046517206537537e-01 1.385399250720379402e-03
1.602083333333333215e+01 9.906227457274520143e-01 2.719838501415320969e-04
1.604166666666666430e+01 9.979044536280740063e-01 8.753458269139335153e-04
1.606250000000000000e+01 1.002727892001749943e+00 8.234835901655230758e-04
1.608333333333333215e+01 1.013880330885109426e+00 2.068599890340723456e-05
1.610416666666666430e+01 1.010363180018521323e+00 -1.558251454955404810e-03
1.612500000000000000e+01 1.004441575109922047e+00 -9.676601690772178993e-04
1.614583333333333215e+01 1.006444341158660993e+00 1.367856765828233054e-03
1.616666666666666430e+01 1.003609570472034918e+00 -3.613711929937375071e-04
1.618750000000000000e+01 9.970741299566522331e-01 5.952923912062403405e-04
1.620833333333333215e+01 9.935608294413633690e-01 -5.757929866511561677e-04
1.622916666666666430e+01 9.805187284373888534e-01 5.204480588019016769e-04
1.625000000000000000e+01 9.829158510179483166e-01 1.004368265770562516e-03
1.627083333333333215e+01 9.927444187700903422e-01 9.907770850647132799e-04
1.629166666666666430e+01 1.002686780995857729e+00 7.057821857439123972e-04
1.631250000000000000e+01 1.010323129930081665e+00 -2.175338499617239692e-03
1.633333333333333215e+01 1.018588741764986372e+00 -1.569203352947046290e-03
1.635416666666666430e+01 1.023100493238012110e+00 1.796377190161538415e-04
1.637500000000000000e+01 1.017626172704198861e+00 1.593301738630397823e-03
1.639583333333333215e+01 1.005203209264210695e+00 3.640010936853494360e-04
1.641666666666666430e+01 9.867087141234575087e-01 1.182051315939349704e-03
1.643750000000000000e+01 9.732268881536900729e-01 1.666347183219832415e-03
1.645833333333333215e+01 9.705164444198577378e-01 6.375188223949846897e-04
1.647916666666666430e+01 9.745036511037111771e-01 -6.433351834290008085e-04
1.650000000000000000e+01 9.942873733359767208e-01 -1.201729305052782418e-03
1.652083333333333215e+01 1.013784363476469164e+00 1.868042943450101126e-04
1.654166666666666430e+01 1.028081373201418680e+00 8.421790682555430107e-04
1.656250000000000000e+01 1.031905255572809654e+00 -9.882501169555908075e-04
1.658333333333333215e+01 1.018468297410225487e+00 2.844639592963548989e-06
1.660416666666666430e+01 1.004773637465794067e+00 1.242571272387927792e-03
1.662500000000000000e+01 9.843648113011229661e-01 1.501470146425174911e-03
1.664583333333333215e+01 9.777495508730600360e-01 -7.049967471240797768e-04
1.666666666666666430e+01 9.823560647952420677e-01 -3.471780922099283045e-03
1.668750000000000000e+01 9.910147493286622922e-01 -1.476273093562915396e-03
1.670833333333333215e+01 9.993248209051147635e-01 3.670143589896346023e-04
1.672916666666666430e+01 9.920191191107075035e-01 -1.159321669653840458e-03
1.675000000000000000e+01 9.915179581469327763e-01 -6.720236903550995834e-04
1.677083333333333215e+01 1.006841885670249903e+00 -5.755338133493914660e-05
1.679166666666666430e+01 1.021515119397732319e+00 -1.021399890901583283e-03
1.681250000000000000e+01 1.034618875240412184e+00 -2.253563302223890268e-04
1.683333333333333215e+01 1.026611943106878089e+00 4.859601794117932179e-04
1.685416666666666430e+01 1.003114710764077433e+00 1.328261995818802920e-03
1.687500000000000000e+01 9.806319503347109556e-01 -5.276789623756799729e-04
1.689583333333333215e+01 9.722491177901586568e-01 -1.249029040348456588e-03
1.691666666666666430e+01 9.806557921004899203e-01 -3.922442285186383132e-03
1.693750000000000000e+01 9.913163814298565635e-01 -8.904519831500117900e-05
1.695833333333333215e+01 1.004206316294768753e+00 9.848343249220011669e-04
1.697916666666666430e+01 1.006894806964319100e+00 1.838332030039934112e-03
1.700000000000000000e+01 1.012158293028925904e+00 -3.156417326327581397e-04
1.702083333333333215e+01 1.009831176439921263e+00 -1.618177404041635375e-03
1.704166666666666430e+01 1.015713231608428080e+00 6.270127240552231468e-04
1.706250000000000000e+01 1.013678903190702307e+00 4.245312098432804117e-04
1.708333333333333215e+01 1.005684842731846773e+00 -1.207399202078770443e-03
1.710416666666666430e+01 1.001184929890626130e+00 -1.553177984122631192e-04
1.712500000000000000e+01 9.965268192296237171e-01 -9.287734002932865340e-05
1.714583333333333215e+01 9.792039973167184774e-01 -1.182200449122063979e-03
1.716666666666666430e+01 9.762439035643343255e-01 -3.476562079106620441e-03
1.718750000000000000e+01 9.801500004751554362e-01 -2.626517136237054278e-03
1.720833333333333215e+01 9.941056651650906906e-01 -1.398577525857662126e-03
1.722916666666666430e+01 1.005600082420490038e+00 -1.976261261055658038e-04
1.725000000000000000e+01 1.023133214770001409e+00 -1.893104912570890436e-03
1.727083333333333215e+01 1.018761008726203787e+00 7.296491644258329412e-04
1.729166666666666430e+01 1.015714090307073159e+00 -7.972574548133611267e-04
1.731250000000000000e+01 1.009647980845483017e+00 -3.475586399222650074e-04
1.733333333333333215e+01 1.003152966424381454e+00 1.912681378914904504e-03
1.735416666666666430e+01 9.914481519120136310e-01 4.866986163378671172e-04
1.737500000000000000e+01 9.810971416149842916e-01 -7.435407293002444624e-05
1.739583333333333215e+01 9.762335351664289673e-01 6.488607260773876582e-05
1.741666666666666430e+01 9.884646431729010585e-01 1.258888210904562151e-03
1.743750000000000000e+01 1.003034632380718216e+00 4.376357615842610621e-04
1.745833333333333215e+01 1.010235880933255448e+00 1.890317146828880733e-03
1.747916666666666430e+01 1.011593845378975676e+00 4.341892885279125805e-04
1.750000000000000000e+01 1.008469585664814705e+00 5.353443729484330844e-04
1.752083333333333215e+01 1.011745285404555661e+00 3.068555080807917559e-05
1.754166666666666430e+01 1.009249273941305702e+00 -2.172539903617361841e-04
1.756250000000000000e+01 1.009614051983326544e+00 -2.149283092555146803e-03
1.758333333333333215e+01 9.958453837533491892e-01 9.421188283258296204e-04
1.760416666666666430e+01 9.793425087358486048e-01 4.094320036952407206e-04
1.762500000000000000e+01 9.763586873080893902e-01 -4.878825771116389971e-04
1.764583333333333215e+01 9.890092955561500254e-01 -9.648164709023827207e-05
1.766666666666666430e+01 1.001187296145376271e+00 -5.801646201931628683e-04
1.768750000000000000e+01 1.013298078843856587e+00 -4.144970574078352562e-06
1.770833333333333215e+01 1.013093129842578710e+00 -2.827147414656977498e-04
1.772916666666666430e+01 1.014510633742991441e+00 7.909630678274144708e-04
1.775000000000000000e+01 1.009359767098827243e+00 8.747916690845964098e-04
1.777083333333333215e+01 1.006138612995836734e+00 -4.402897898746569588e-04
1.779166666666666430e+01 9.966470208437224754e-01 9.533498220658748548e-05
1.781250000000000000e+01 9.832260941627730677e-01 6.809672264978236305e-04
1.783333333333333215e+01 9.846473643111594010e-01 8.194172343960211659e-04
1.785416666666666430e+01 9.997735468783830459e-01 -6.646570530249535985e-04
1.787500000000000000e+01 1.009938827331476441e+00 1.157413640113182877e-03
1.789583333333333215e+01 1.014305759864315482e+00 4.109060186177288855e-04
1.791666666666666430e+01 1.004345530787277507e+00 -4.622667965951902783e-04
1.793750000000000000e+01 1.001935383978511895e+00 3.499304568090218486e-03
1.795833333333333215e+01 9.975367881017496163e-01 1.020965469838025020e-03
1.797916666666666430e+01 9.973459495504448657e-01 6.391850347171647035e-04
1.800000000000000000e+01 1.001237963381860441e+00 1.320029530497742430e-03
1.802083333333333215e+01 1.000328543113245594e+00 -2.119325475697257438e-04
1.804166666666666430e+01 9.963661907230514370e-01 5.924497478898625540e-04
1.806250000000000000e+01 1.004383257640324656e+00 -1.491438389128325306e-04
1.808333333333333215e+01 1.007788942652256825e+00 -2.545082128127071613e-03
1.810416666666666430e+01 1.007258346148228068e+00 -8.756506356582964600e-04
1.812500000000000000e+01 1.006591638040260639e+00 1.710166436288632335e-03
1.814583333333333215e+01 9.957713917410494497e-01 -1.597408602559619636e-03
1.816666666666666430e+01 9.941530904774320554e-01 -1.473079160628072118e-04
1.818750000000000000e+01 9.918109648591069138e-01 -8.290221115456226789e-04
1.820833333333333215e+01 9.933473615570808102e-01 -9.764972794423771143e-04
1.822916666666666430e+01 9.951845909187508887e-01 -3.733891025757415873e-04
1.825000000000000000e+01 1.008741150931284025e+00 1.514968628798179866e-04
1.827083333333333215e+01 1.011366852247556958e+00 5.079283882080426905e-04
1.829166666666666430e+01 1.011440138025584856e+00 -2.206103694332212008e-03
1.831250000000000000e+01 1.004966789893585011e+00 -8.479100168844826407e-04
1.833333333333333215e+01 9.909794332276382622e-01 -4.549587699571103205e-04
1.835416666666666430e+01 9.891271574804176847e-01 -9.747933384371076058e-04
1.837500000000000000e+01 9.934384703948168083e-01 2.748792622411445202e-03
1.839583333333333215e+01 1.004921307971211375e+00 2.489747408640996529e-03
1.841666666666666430e+01 1.006972628836351635e+00 1.156349924970868193e-04
1.843750000000000000e+01 1.001802212884035148e+00 1.857523727390570116e-03
1.845833333333333215e+01 9.875343963651624923e-01 -2.107603860399458542e-04
1.847916666666666430e+01 9.881175273656698232e-01 -1.431987869898773257e-03
1.850000000000000000e+01 9.976789964989108972e-01 1.065125004925260386e-03
1.852083333333333215e+01 1.014972596843333408e+00 -1.255493827810374172e-03
1.854166666666666430e+01 1.010792988570069273e+00 -1.265842708094306376e-03
1.856250000000000000e+01 1.011383554138328700e+00 2.214842231332082249e-03
1.858333333333333215e+01 9.953887489814833289e-01 -1.442261468617358263e-03
1.860416666666666430e+01 9.955705667675128767e-01 7.327743902420619194e-04
1.862500000000000000e+01 1.002946550057132180e+00 -8.774362837036100765e-04
1.864583333333333215e+01 9.990778858444780974e-01 -6.241820175473171504e-04
1.866666666666666430e+01 1.004738237725128380e+00 -4.163633423120204698e-04
1.868750000000000000e+01 9.984531803820859697e-01 -2.249438792347346514e-04
1.870833333333333215e+01 9.947729981391377763e-01 1.328013678711721874e-03
1.872916666666666430e+01 9.966919099102062862e-01 1.171437188972119012e-04
1.875000000000000000e+01 9.925880930121114831e-01 -2.319797245034145930e-03
1.877083333333333215e+01 1.000087426868479623e+00 -3.097370973514319077e-04
1.879166666666666430e+01 1.010730939803110129e+00 -8.803257791931482076e-04
1.881250000000000000e+01 1.017681492809668464e+00 2.071837170905665038e-04
1.883333333333333215e+01 1.019394550494148177e+00 -1.382252272851822509e-04
1.885416666666666430e+01 1.007074104894319921e+00 -1.757373791742161424e-03
1.887500000000000000e+01 9.938673270549417404e-01 2.743518501414742971e-03
1.889583333333333215e+01 9.811308450306752693e-01 -1.215707726152016020e-03
1.891666666666666430e+01 9.812179867094907859e-01 5.152352461716780494e-04
1.893750000000000000e+01 9.923288333141085937e-01 2.959094295985388763e-03
1.895833333333333215e+01 1.007820481300569115e+00 -3.760236884031366474e-04
1.897916666666666430e+01 1.020150819478644832e+00 2.715644400381657646e-03
1.900000000000000000e+01 1.014132816751083688e+00 -4.839497731038859877e-04
1.902083333333333215e+01 1.009977063147732945e+00 -4.730394967799495562e-04
1.904166666666666430e+01 9.997308435582200614e-01 1.436299065299488946e-03
1.906250000000000000e+01 9.957269275120163021e-01 9.755687016160311236e-04
1.908333333333333215e+01 9.920371642307225235e-01 -1.478989971049875490e-03
1.910416666666666430e+01 9.961223148696733976e-01 1.276649920945796329e-03
1.912500000000000000e+01 1.012047863656482249e+00 -1.743390709963735198e-03
1.914583333333333215e+01 1.016681814040857113e+00 8.558233373750596604e-04
1.916666666666666430e+01 1.005383341249387774e+00 -1.879094503495785419e-03
1.918750000000000000e+01 9.883087067133653481e-01 1.261709599022347097e-03
1.920833333333333215e+01 9.723739876161632267e-01 -7.257915210018326497e-04
1.922916666666666430e+01 9.818678716895171688e-01 -4.524549962188139057e-04
1.925000000000000000e+01 9.982580629157570273e-01 -5.738066609597991009e-04
1.927083333333333215e+01 1.021710361310896431e+00 -6.781969504515520395e-04
1.929166666666666430e+01 1.028814341820819322e+00 2.933015602558497860e-04
1.931250000000000000e+01 1.021361583332701883e+00 -1.359608064375440522e-03
1.933333333333333215e+01 1.005788939461903064e+00 -8.685298683001930770e-04
1.935416666666666430e+01 9.841007239478473112e-01 -1.107423227823626106e-04
1.937500000000000000e+01 9.810656543315412481e-01 -6.955659301228998012e-04
1.939583333333333215e+01 9.799656564873275855e-01 -2.955304395173532096e-03
1.941666666666666430e+01 9.899103053586395529e-01 1.334247519736920162e-04
1.943750000000000000e+01 9.974620936938847215e-01 5.053603612485183492e-04
1.945833333333333215e+01 1.005894739005071203e+00 -3.520496482364015721e-04
1.947916666666666430e+01 1.011962454679391943e+00 5.136294180679600637e-04
1.950000000000000000e+01 1.005099250486478191e+00 5.243696683005755850e-04
1.952083333333333215e+01 1.000567936127098712e+00 -4.784938209320138561e-04
1.954166666666666430e+01 1.000314761091952276e+00 -7.577928218872065922e-04
1.956250000000000000e+01 1.006510979594694488e+00 -1.808329497672370558e-03
1.958333333333333215e+01 1.007140625078501994e+00 2.709692179584166421e-04
1.960416666666666430e+01 1.000681080941967727e+00 5.158758393212383819e-05
1.962500000000000000e+01 9.949606694315028532e-01 -2.567660119937630828e-03
1.964583333333333215e+01 9.859301402416711380e-01 1.071269319264951843e-03
1.966666666666666430e+01 9.940203790060337941e-01 1.698208946167272665e-03
1.968750000000000000e+01 9.962326973065069868e-01 -1.218517002856998833e-03
1.970833333333333215e+01 1.001867506749685388e+00 -2.334121007615023828e-03
1.972916666666666430e+01 1.003903007694504135e+00 -3.195698038683097379e-03
1.975000000000000000e+01 1.000419063405733944e+00 1.229431801021550318e-03
1.977083333333333215e+01 1.006127810392235755e+00 2.478883785909388651e-03
1.979166666666666430e+01 1.014809217243740846e+00 -1.433255565874146185e-03
1.981250000000000000e+01 1.014079920132521906e+00 1.802326349587613343e-03
1.983333333333333215e+01 1.010343663981961626e+00 -2.430088744151660493e-04
1.985416666666666430e+01 9.975449649317701395e-01 5.088237938713148674e-04
1.987500000000000000e+01 9.908630287042301532e-01 -1.718332465714049559e-04
1.989583333333333215e+01 9.865318070365308722e-01 -9.805377671094450513e-04
1.991666666666666430e+01 9.917588595822406372e-01 5.797224942369087405e-04
1.993750000000000000e+01 9.888878230734158281e-01 -1.426254150672000330e-03
1.995833333333333215e+01 9.954349963484403485e-01 9.646450333171443766e-04
1.997916666666666430e+01 1.003434714655411897e+00 -4.457121577290050051e-04
2.000000000000000000e+01 1.010943718566973848e+00 4.648349391703797732e-04
2.002083333333333215e+01 1.016190598944054280e+00 1.574106591897789275e-03
2.004166666666666430e+01 1.012150377597951012e+00 1.082574838902028783e-03
2.006250000000000000e+01 1.002372578257419322e+00 1.413439572362774855e-03
2.008333333333333215e+01 9.988463608131163962e-01 -7.925938801967691684e-04
2.010416666666666430e+01 9.978609984321327175e-01 3.631077947957947081e-04
2.012500000000000000e+01 9.924400989937757211e-01 -9.990217760838823822e-04
2.014583333333333215e+01 9.836774300876548471e-01 -9.252923090344250610e-05
2.016666666666666430e+01 9.755583599287984686e-01 -1.643099431979529429e-04
2.018750000000000000e+01 9.875355825229698015e-01 4.816821580167595491e-04
2.020833333333333215e+01 1.004364040883426012e+00 -1.178369916604577686e-03
2.022916666666666430e+01 1.024852031037682076e+00 1.784084334586899219e-03
2.025000000000000000e+01 1.034827788814267180e+00 -9.204559395678223437e-04
2.027083333333333215e+01 1.023856261906821663e+00 -3.228586936544572015e-04
2.029166666666666430e+01 1.006090890192055110e+00 -1.282610324512238262e-03
2.031250000000000000e+01 9.882802976366346082e-01 -1.708628865320350977e-03
2.033333333333333215e+01 9.812384702884705545e-01 -2.076061601154781909e-03
2.035416666666666430e+01 9.778238921242292658e-01 2.226059430084140894e-03
2.037500000000000000e+01 9.776607689496596976e-01 -4.770508636002755281e-05
2.039583333333333215e+01 9.917109301745735683e-01 1.320330350015035820e-04
2.041666666666666430e+01 1.006693557856672916e+00 2.831018394114975280e-03
2.043750000000000000e+01 1.011255776350274971e+00 2.746234304314986471e-04
2.045833333333333215e+01 1.010931485953641129e+00 -4.296557827956910391e-04
2.047916666666666430e+01 1.008940516886409178e+00 3.927273469024250758e-04
2.050000000000000000e+01 1.008031391458133808e+00 -1.218078151141483703e-03
2.052083333333333215e+01 1.004735411459983796e+00 -1.625924860904800519e-03
2.054166666666666430e+01 1.007371752418835698e+00 2.029466943526097699e-03
2.056250000000000000e+01 9.955924927242127964e-01 3.258374571282957651e-04
2.058333333333333215e+01 9.879755916664836324e-01 3.287721813625846343e-04
2.060416666666666430e+01 9.816920094319667722e-01 9.954884578570551059e-04
2.062500000000000000e+01 9.814004148119004345e-01 1.044378575268052698e-03
2.064583333333333215e+01 9.970654031885500812e-01 4.172464641292461811e-04
2.066666666666666430e+01 1.014722254844516280e+00 -1.763439703038469997e-03
2.068750000000000000e+01 1.018294702049869382e+00 -2.495911730347172459e-03
2.070833333333333215e+01 1.015834134830194913e+00 -9.801611189583152133e-04
2.072916666666666430e+01 1.012598235055894413e+00 -1.403178742698796494e-03
2.075000000000000000e+01 1.005209495259585362e+00 -1.451157727865431133e-03
2.077083333333333215e+01 1.001701971788181211e+00 -4.709101727648446964e-04
2.079166666666666430e+01 9.915948032956469760e-01 2.089294646573110377e-03
2.081250000000000000e+01 9.899769053372393657e-01 -3.278286605058393192e-04
2.083333333333333215e+01 9.940427719056584843e-01 1.053742752151548383e-03
2.085416666666666430e+01 9.929096902843604910e-01 3.944618777482577338e-04
2.087500000000000000e+01 9.925820879184736878e-01 9.518364071287813838e-05
2.089583333333333215e+01 9.977203815021986610e-01 6.449449473590151798e-04
2.091666666666666430e+01 1.005684114324943090e+00 -4.000988793297556470e-04
2.093750000000000000e+01 1.004743564188975702e+00 1.144357713329917251e-04
2.095833333333333215e+01 1.019932388588878025e+00 -6.968944727906608823e-04
2.097916666666666430e+01 1.017808589652322571e+00 3.920695119603043806e-04
2.100000000000000000e+01 1.007578241551298603e+00 -1.604605221835826668e-03
2.102083333333333215e+01 9.896275592159707868e-01 2.371129328136045277e-03
2.104166666666666430e+01 9.786116498501564731e-01 2.026113773669232371e-03
2.106250000000000000e+01 9.860751783176631147e-01 6.680508163875634566e-04
2.108333333333333215e+01 9.896163984319769069e-01 -9.671934299784604779e-04
2.110416666666666430e+01 1.000031617667389350e+00 2.215100544649848888e-03
2.112500000000000000e+01 1.002803356222481623e+00 -2.312410341142491846e-03
2.114583333333333215e+01 1.012607634686498503e+00 -6.007912313526983256e-04
2.116666666666666430e+01 1.016746038890454118e+00 9.872021564230374583e-04
2.118750000000000000e+01 1.011149274378187579e+00 -3.833366089233164096e-04
2.120833333333333215e+01 1.001227237200824627e+00 -1.692831931757141591e-05
2.122916666666666430e+01 9.930114110341945466e-01 -2.830529518349243333e-03
2.125000000000000000e+01 9.797498317000490342e-01 1.873444228880133530e-03
2.127083333333333215e+01 9.910162243259496018e-01 -1.577291519453049239e-04
2.129166666666666430e+01 1.003562405672347557e+00 9.603171975721077908e-04
2.131250000000000000e+01 1.004107839654334589e+00 -1.362689912763501978e-03
2.133333333333333215e+01 1.007372699179329700e+00 7.735203526853328499e-04
2.135416666666666430e+01 1.003234220100306828e+00 1.015039274584452096e-03
2.137500000000000000e+01 1.004752422086089947e+00 -3.458094091715626620e-04
2.139583333333333215e+01 1.002345287009258845e+00 1.012963964473726983e-03
2.141666666666666430e+01 9.946306506670846703e-01 -2.702673502101521439e-03
2.143750000000000000e+01 9.904188679401102480e-01 -4.900752442251609005e-04
2.145833333333333215e+01 9.926990832416562327e-01 -6.988715920002325785e-04
2.147916666666666430e+01 1.003419599732825240e+00 5.289636286545898892e-04
2.150000000000000000e+01 1.013295468150844592e+00 -1.397419996075978431e-03
2.152083333333333215e+01 1.009943028710497792e+00 -1.841535160672783718e-03
2.154166666666666430e+01 9.971999665735288287e-01 1.641980888694092840e-03
2.156250000000000000e+01 9.799345888897249557e-01 7.698318404087653747e-04
2.158333333333333215e+01 9.824088518535236680e-01 1.174036746877967722e-03
2.160416666666666430e+01 9.890377426835520458e-01 -8.191120367317250702e-04
2.162500000000000000e+01 1.005147198509032336e+00 -8.742115749833708751e-05
2.164583333333333215e+01 1.015244224580415855e+00 -1.328115790667280121e-04
2.166666666666666430e+01 1.016027677950798180e+00 1.433399224372813754e-04
2.168750000000000000e+01 1.011623789130047246e+00 -1.866661626050283591e-03
2.170833333333333215e+01 9.994521867051143760e-01 -6.916343217827561471e-04
2.172916666666666430e+01 9.907214242484649880e-01 -2.903626372788922641e-04
2.175000000000000000e+01 9.820378490019899820e-01 -2.453926463730099844e-05
2.177083333333333215e+01 9.851347332557959247e-01 -8.784808225876060547e-04
2.179166666666666430e+01 9.971144637206459382e-01 -6.396520296489573284e-04
2.181250000000000000e+01 1.012465382315499429e+00 -6.661623317961584559e-04
2.183333333333333215e+01 1.019891756215533851e+00 1.339641777888742709e-03
2.185416666666666430e+01 1.006761996309659013e+00 2.391861150548947937e-04
2.187500000000000000e+01 9.912705244601440757e-01 7.869881505659801152e-04
2.189583333333333215e+01 9.947125572649085923e-01 -7.106624897484044084e-04
2.191666666666666430e+01 9.959197409006566026e-01 -2.637669384584900422e-03
2.193750000000000000e+01 1.010534565070030366e+00 -5.464192458337931288e-04
2.195833333333333215e+01 1.013633738832091291e+00 2.060240738324020052e-03
2.197916666666666430e+01 1.000379615844978920e+00 -3.130719481164826747e-04
2.200000000000000000e+01 9.931832753905667222e-01 3.265945353242797342e-04
2.202083333333333215e+01 9.915520218227775739e-01 9.664964046731998543e-04
2.204166666666666430e+01 9.832256805156125434e-01 -8.241978978915871822e-04
2.206250000000000000e+01 1.004036290601001191e+00 1.164921860890237538e-03
2.208333333333333215e+01 1.004463865011030688e+00 1.505002238512738878e-04
2.210416666666666430e+01 1.013682771629454082e+00 2.109827554817993080e-03
2.212500000000000000e+01 1.022120102321166124e+00 -4.572030793426406321e-04
2.214583333333333215e+01 1.009452460946398622e+00 5.542527898591961474e-04
2.216666666666666430e+01 9.922832341090296326e-01 1.693776218621073854e-03
2.218750000000000000e+01 9.817644638388675071e-01 1.723442928754141462e-03
2.220833333333333215e+01 9.747104312396720482e-01 1.578068322260757755e-03
2.222916666666666430e+01 9.881624766671195381e-01 4.086455288371504640e-04
2.225000000000000000e+01 1.010307107164350127e+00 -9.196233492680067154e-04
2.227083333333333215e+01 1.027837040425068516e+00 6.832489510650796246e-05
2.229166666666666430e+01 1.018842847467981372e+00 -9.111787930381300745e-04
2.231250000000000000e+01 1.007535242083414495e+00 -4.856869413048855847e-04
2.233333333333333215e+01 9.906232673092323360e-01 -1.839520223233135406e-03
2.235416666666666430e+01 9.910847943246757774e-01 -2.674274962849303681e-03
2.237500000000000000e+01 9.846211444574645144e-01 2.977351080050467274e-04
2.239583333333333215e+01 9.860451422803639954e-01 -2.588862782850196494e-03
2.241666666666666430e+01 9.960616836469942115e-01 4.426380665043190598e-04
2.243750000000000000e+01 1.008384957591999864e+00 -7.709306296564043476e-04
2.245833333333333215e+01 1.016204803921686661e+00 8.753770511282326066e-04
2.247916666666666430e+01 1.015453618678587855e+00 -8.786467628485854784e-04
2.250000000000000000e+01 1.002195661840756813e+00 1.847169487796007431e-03
2.252083333333333215e+01 9.904467685075952765e-01 -3.465438784615675863e-04
2.254166666666666430e+01 9.808058754542792190e-01 6.411853843413764954e-04
2.256250000000000000e+01 9.955208923314474712e-01 2.202594323522516929e-03
2.258333333333333215e+01 9.999200660791153217e-01 5.123117196283671990e-04
2.260416666666666430e+01 1.012232914004437934e+00 1.174966800937059025e-03
2.262500000000000000e+01 1.016732666195385937e+00 9.424579565402806374e-04
2.264583333333333215e+01 1.013579681291724377e+00 -1.382343878435127768e-04
2.266666666666666430e+01 1.005964311929401056e+00 1.452583510635461128e-03
2.268750000000000000e+01 9.946433425468695910e-01 -4.869782991901886815e-04
2.270833333333333215e+01 9.841111707380625351e-01 1.880625254415869366e-03
2.272916666666666430e+01 9.821341429353063202e-01 -3.156667473517907330e-03
2.275000000000000000e+01 9.950295733212334293e-01 1.252623458633713707e-03
2.277083333333333215e+01 1.010119712688703597e+00 9.179102694969661644e-04
2.279166666666666430e+01 1.014196765802517941e+00 2.106652405429210693e-03
2.281250000000000000e+01 1.010816576883939666e+00 6.427669813483887461e-04
2.283333333333333215e+01 1.002592761891507811e+00 1.424758724351890028e-03
2.285416666666666430e+01 1.002099685118565509e+00 8.365221240756547235e-04
2.287500000000000000e+01 9.984028804669506929e-01 -1.181652190358240722e-03
2.289583333333333215e+01 1.004428261263989874e+00 -1.303705954591300809e-03
2.291666666666666430e+01 1.000372984352930317e+00 -7.023419118485085821e-04
2.293750000000000000e+01 9.876579921376562599e-01 -5.914994650976933190e-04
2.295833333333333215e+01 9.835439774037317839e-01 5.406454149712338871e-04
2.297916666666666430e+01 9.884281006221943278e-01 3.427983792310453364e-04
2.300000000000000000e+01 1.000367716027795506e+00 -4.440304802102326242e-04
2.302083333333333215e+01 1.014618182318721695e+00 2.892816268013075585e-03
2.304166666666666430e+01 1.017747656952595170e+00 -9.817442298541464562e-04
2.306250000000000000e+01 1.023644435619333493e+00 -1.024366289348940259e-04
2.308333333333333215e+01 1.019528245772133079e+00 8.819184972344429460e-04
2.310416666666666430e+01 1.002630916553330476e+00 -3.155895478267133720e-04
2.312500000000000000e+01 9.820782549573300324e-01 -9.771886985245441248e-04
2.314583333333333215e+01 9.707498024146479221e-01 -3.768432970063252652e-04
2.316666666666666430e+01 9.657304493953858815e-01 7.031017344828189956e-04
2.318750000000000000e+01 9.858004872002595897e-01 1.085423256457969735e-03
2.320833333333333215e+01 1.011913858008919975e+00 7.943897324326693651e-04
2.322916666666666430e+01 1.031847736275326888e+00 -1.457654883092978368e-03
2.325000000000000000e+01 1.025959302503245851e+00 1.158281964900446373e-03
2.327083333333333215e+01 1.005609380593111002e+00 -1.882866064959997770e-05
2.329166666666666430e+01 9.729756238879323504e-01 1.951708983390483109e-03
2.331250000000000000e+01 9.512818569067534868e-01 -1.296181929423758207e-03
2.333333333333333215e+01 9.407119065201158259e-01 7.395412121966479747e-04
2.335416666666666430e+01 9.370893148766908931e-01 -4.140821166585613618e-04
2.337500000000000000e+01 9.451459106417741118e-01 2.331064740260301396e-04
2.339583333333333215e+01 9.566664267574380709e-01 -5.096387653501317696e-04
2.341666666666666430e+01 9.673477372446210865e-01 5.151818269937239212e-05
2.343750000000000000e+01 9.654580762023303731e-01 2.185507817844803055e-04
2.345833333333333215e+01 9.594062813109741628e-01 -7.601795233695568272e-04
2.347916666666666430e+01 9.598515829219251838e-01 -8.355465953076339708e-04
2.350000000000000000e+01 9.614509301737150793e-01 2.182773357182718509e-04
2.352083333333333215e+01 9.612412131478967892e-01 9.366979881093111769e-04
2.354166666666666430e+01 9.600001842813209452e-01 1.742773577536154946e-04
2.356250000000000000e+01 9.626032214657758157e-01 2.447063059434721331e-04
2.358333333333333215e+01 9.722117583436612476e-01 2.250428197024803220e-04
2.360416666666666430e+01 9.851784035017577823e-01 -2.399600290986717412e-04
2.362500000000000000e+01 1.010283305903405759e+00 -7.734272814041303918e-04
2.364583333333333215e+01 1.022317253776974466e+00 -5.795536632364578456e-04
2.366666666666666430e+01 1.016204213507164944e+00 -1.067243391192878709e-03
2.368750000000000000e+01 1.001402512471255335e+00 -2.229456185398437482e-04
2.370833333333333215e+01 9.916923963595583036e-01 5.264699454905288504e-05
2.372916666666666430e+01 9.816290514576268000e-01 5.025721348744445786e-04
2.375000000000000000e+01 9.877636684038632042e-01 2.613982638327630166e-04
2.377083333333333215e+01 9.971301824827230043e-01 -8.082024149059883079e-04
2.379166666666666430e+01 1.006910435150146554e+00 1.588393397132874772e-03
2.381250000000000000e+01 1.012812436654223491e+00 7.808057611953575896e-04
2.383333333333333215e+01 1.015119407285732800e+00 -4.491303897078489493e-04
2.385416666666666430e+01 1.014824473356054524e+00 -4.245536913235240743e-04
2.387500000000000000e+01 9.973120268182495973e-01 1.486124159296761888e-03
2.389583333333333215e+01 9.823760637479146407e-01 -1.557735809902344387e-03
2.391666666666666430e+01 9.793592553141131640e-01 -4.459496285310860734e-04
2.393750000000000000e+01 9.900532465043725416e-01 -2.027120491609261423e-03
2.395833333333333215e+01 1.004794319046749207e+00 -9.475142197508274475e-04
2.397916666666666430e+01 1.012764225636348492e+00 -2.698558082853514620e-03
2.400000000000000000e+01 1.008463296510471618e+00 -4.656281439678840498e-04
2.402083333333333215e+01 9.970516429558322624e-01 -1.017445383358336463e-03
2.404166666666666430e+01 1.001939080408423388e+00 1.947115638549366725e-04
2.406250000000000000e+01 9.996592018048505723e-01 -6.616976996180932123e-04
2.408333333333333215e+01 1.007677401595942435e+00 2.473619786681783769e-04
2.410416666666666430e+01 9.983276824972616703e-01 1.167762214579751677e-03
2.412500000000000000e+01 1.001149550164051938e+00 1.392533807302793027e-03
2.414583333333333215e+01 1.002558474795944399e+00 -1.333588597752535538e-03
2.416666666666666430e+01 1.000604134447589555e+00 -3.168357911488975994e-04
2.418750000000000000e+01 9.975781212715599811e-01 -2.100011965635190016e-03
2.420833333333333215e+01 9.883490175992240001e-01 -6.874053000194719218e-04
2.422916666666666430e+01 9.886765393860931228e-01 -1.307076420479022917e-04
2.425000000000000000e+01 9.881271457535114600e-01 -1.368400953006907849e-04
2.427083333333333215e+01 1.006249370997702730e+00 -1.814100475020701615e-04
2.429166666666666430e+01 1.023975969642019423e+00 -1.771197333411119205e-03
2.431250000000000000e+01 1.030206251797844086e+00 2.069301968504791943e-03
2.433333333333333215e+01 1.016916315937996584e+00 -7.235941684441552554e-04
2.435416666666666430e+01 9.989367854003902147e-01 -2.410938778495794362e-03
2.437500000000000000e+01 9.748937323605189054e-01 -9.222267042525473949e-04
2.439583333333333215e+01 9.622538569230962846e-01 8.393908736294668086e-04
2.441666666666666430e+01 9.619224620131424652e-01 -1.836779350005070472e-03
2.443750000000000000e+01 9.814928144715575620e-01 -1.214004105744019525e-03
2.445833333333333215e+01 1.011597804783479715e+00 8.457676542052096260e-04
2.447916666666666430e+01 1.041363741469655935e+00 -1.974645791196167309e-03
2.450000000000000000e+01 1.049952964893298146e+00 -4.816194278877561900e-05
2.452083333333333215e+01 1.036347708937983114e+00 1.678557975645212199e-03
2.454166666666666430e+01 1.003236115477232238e+00 -1.705631517244784968e-03
2.456250000000000000e+01 9.719329473220051918e-01 -1.310245422617534422e-04
2.458333333333333215e+01 9.616374669642572259e-01 1.349778717812711876e-03
2.460416666666666430e+01 9.645802433663718256e-01 1.378389943683482532e-03
2.462500000000000000e+01 9.753771842425443817e-01 -8.068770979286763508e-04
2.464583333333333215e+01 9.918485289726584053e-01 2.125453137509888263e-03
2.466666666666666430e+01 1.018029126867306067e+00 3.236146271964801448e-04
2.468750000000000000e+01 1.027098212294988100e+00 1.198960129289583921e-04
2.470833333333333215e+01 1.031704109645152245e+00 6.513660839534623570e-05
2.472916666666666430e+01 1.023724439487295745e+00 5.362089157466017443e-04
2.475000000000000000e+01 1.007778353419407802e+00 1.374300449070216680e-04
2.477083333333333215e+01 9.797192600689124120e-01 -1.839532485504313895e-03
2.479166666666666430e+01 9.763698614367314343e-01 -3.666051065061391636e-03
2.481250000000000000e+01 9.806842118833213329e-01 6.464410551017903041e-04
2.483333333333333215e+01 9.854521570423077081e-01 3.057837766322641943e-03
2.485416666666666430e+01 9.932458829601297223e-01 -6.907673361882119348e-04
2.487500000000000000e+01 9.954722325826611540e-01 -4.979643146602632771e-04
2.489583333333333215e+01 1.001501862722805170e+00 4.090245858803655092e-04
2.491666666666666430e+01 1.017891975665167870e+00 -2.691224186255296432e-04
2.493750000000000000e+01 1.028088136013589615e+00 -6.804662462477251053e-05
2.495833333333333215e+01 1.017126918230382149e+00 5.419301567365725431e-04
2.497916666666666430e+01 1.000807125659385344e+00 2.503581480161983148e-04
2.500000000000000000e+01 9.844149045882085725e-01 1.280597920454656143e-03
2.502083333333333215e+01 9.751156605297782720e-01 2.182608576452101275e-03
2.504166666666666430e+01 9.742876559091645516e-01 2.382268759564469367e-04
2.506250000000000000e+01 9.866253099382989999e-01 -2.138983950178678477e-03
2.508333333333333215e+01 1.005734519516207737e+00 -1.156452907553201081e-03
2.510416666666666430e+01 1.019998337719474346e+00 -1.489147024471049012e-03
2.512500000000000000e+01 1.026089141176510733e+00 1.645952082600980423e-04
2.514583333333333215e+01 1.017626886394188634e+00 7.398966999534109653e-04
2.516666666666666430e+01 9.973903960208218011e-01 7.686870301995549822e-04
2.518750000000000000e+01 9.865341516922347953e-01 2.715925659239275367e-04
2.520833333333333215e+01 9.792960649607699297e-01 -1.699571224921219651e-03
2.522916666666666430e+01 9.820871562115343067e-01 -7.204843577652226888e-04
2.525000000000000000e+01 9.982949322096144051e-01 1.330791421687869524e-03
2.527083333333333215e+01 1.004329496441621172e+00 4.629701936663304165e-04
2.529166666666666430e+01 1.013569521707832211e+00 -9.448966432944793997e-04
2.531250000000000000e+01 1.020806636093935182e+00 -8.947358344185352618e-04
2.533333333333333215e+01 1.020840609383862674e+00 1.632225984339587873e-03
2.535416666666666430e+01 1.007739449714208924e+00 1.084713455217196356e-03
2.537500000000000000e+01 9.912962304042328698e-01 1.261503846850132039e-04
2.539583333333333215e+01 9.708671797727288499e-01 -9.157744687986408075e-04
2.541666666666666430e+01 9.728721058602850524e-01 1.328269222548699498e-03
2.543750000000000000e+01 9.842706965326161184e-01 5.174469287946927053e-04
2.545833333333333215e+01 1.005923591589214405e+00 -4.868526028515285375e-04
2.547916666666666430e+01 1.020893541630348178e+00 2.120051314345288047e-03
2.550000000000000000e+01 1.023749718428187183e+00 6.797166542948572488e-04
2.552083333333333215e+01 1.017188841904768326e+00 -1.058931611635075638e-03
2.554166666666666430e+01 1.008213533103981208e+00 1.244148695700437568e-04
2.556250000000000000e+01 1.004863424149717632e+00 -1.218060605417130684e-03
2.558333333333333215e+01 1.000313454727679296e+00 -1.863126091121542274e-03
2.560416666666666430e+01 9.851164698195759017e-01 -5.769587784748351871e-04
2.562500000000000000e+01 9.739487844460342769e-01 1.305114896673160649e-03
2.564583333333333215e+01 9.732609325996059990e-01 -1.324190459452845986e-04
2.566666666666666430e+01 9.860415686350255671e-01 -1.438674545324680840e-03
2.568750000000000000e+01 1.006704060636150366e+00 1.577032037592843465e-03
2.570833333333333215e+01 1.025541520223003156e+00 8.039851852279086483e-04
2.572916666666666430e+01 1.033111647079854034e+00 4.290222394725600949e-04
2.575000000000000000e+01 1.031435678466205319e+00 1.175814861501930471e-05
2.577083333333333215e+01 1.012157004854442155e+00 1.626255523310591537e-03
2.579166666666666430e+01 9.892163920476813033e-01 2.445115329050222925e-04
2.581250000000000000e+01 9.710833373734184537e-01 -9.051903325983725072e-04
2.583333333333333215e+01 9.603543504821447918e-01 -1.715791494481721559e-03
2.585416666666666430e+01 9.784599445516722893e-01 -6.054277333977880994e-04
2.587500000000000000e+01 1.004305263256443315e+00 2.189418713285545479e-03
2.589583333333333215e+01 1.021438960563336940e+00 -2.254947356298438437e-03
2.591666666666666430e+01 1.023699544669401273e+00 3.588111596161947772e-04
2.593750000000000000e+01 1.016779953273215797e+00 -1.433962834778254548e-03
2.595833333333333215e+01 1.001344156910683569e+00 -9.618510267020430327e-05
2.597916666666666430e+01 1.002831071988895317e+00 2.479638733711829078e-04
