0.000000000000000000e+00 1.020870935810657132e+00 -1.360095050283252898e-04
2.083333333333333218e-02 1.013612610704151207e+00 -1.758606833655939434e-03
4.166666666666666435e-02 1.001715430989913225e+00 -1.059797137157732563e-03
6.250000000000000000e-02 9.779855149909461032e-01 -2.141696780739963356e-03
8.333333333333332871e-02 9.672158516386627491e-01 -6.055180702060418250e-05
1.041666666666666574e-01 9.527389541445933085e-01 8.883265964217125195e-04
1.250000000000000000e-01 9.597616339389067885e-01 1.985826228717022315e-03
1.458333333333333148e-01 9.757790836041435600e-01 -1.415438543946892719e-03
1.666666666666666574e-01 1.004290230476860613e+00 -7.293509135612442603e-04
1.875000000000000000e-01 1.026753505657943988e+00 1.929045748494944952e-03
2.083333333333333148e-01 1.040742586004891335e+00 -4.366438066010960958e-04
2.291666666666666574e-01 1.045759958683560864e+00 3.819152046633231593e-04
2.500000000000000000e-01 1.033109864489469842e+00 1.253379010573227727e-04
2.708333333333333148e-01 1.008911495526428670e+00 -1.534655429158198131e-03
2.916666666666666297e-01 9.971221500644436020e-01 -4.255638745510721905e-04
3.125000000000000000e-01 9.860730059693886274e-01 1.936068616100223346e-03
3.333333333333333148e-01 9.851348462004863027e-01 8.698821400863794443e-04
3.541666666666666297e-01 9.854524796951291687e-01 2.256074734210625730e-03
3.750000000000000000e-01 9.825933434728449933e-01 3.899278205326579144e-04
3.958333333333333148e-01 9.882138344886745029e-01 -1.074386562871360940e-03
4.166666666666666297e-01 9.894505603240689728e-01 5.095394237719726334e-04
4.375000000000000000e-01 9.944010075272432525e-01 -2.950177701697696050e-04
4.583333333333333148e-01 9.993373377408317770e-01 2.637694946470247985e-04
4.791666666666666297e-01 9.973066184231325071e-01 1.518770524146458023e-03
5.000000000000000000e-01 9.998305478652089739e-01 2.840578467412092824e-03
5.208333333333332593e-01 1.006419135671168696e+00 3.727322777350240202e-04
5.416666666666666297e-01 1.010497931737492694e+00 -6.424848333399917630e-04
5.625000000000000000e-01 1.012380185245456143e+00 6.989211367748629456e-04
5.833333333333332593e-01 1.006648690285678160e+00 3.540774091198741055e-04
6.041666666666666297e-01 1.003978770145660393e+00 -1.138467317502277882e-04
6.250000000000000000e-01 1.000770760691634731e+00 -5.635631680005396930e-04
6.458333333333332593e-01 9.977538285075755464e-01 -4.706460560031964038e-04
6.666666666666666297e-01 9.929650150954053567e-01 -4.798099174238345328e-04
6.875000000000000000e-01 9.950153509176998812e-01 -1.512997204950451008e-03
7.083333333333332593e-01 1.002459400963099156e+00 8.023880957575315860e-04
7.291666666666666297e-01 1.005826808918045545e+00 4.593634858131239005e-04
7.500000000000000000e-01 1.004774303659403456e+00 1.731547276176209561e-04
7.708333333333332593e-01 1.010563123688560827e+00 -2.660589584206346156e-03
7.916666666666666297e-01 1.010789563647017220e+00 -3.429727474420899195e-04
8.125000000000000000e-01 1.007605376787363394e+00 1.413046512646021170e-03
8.333333333333332593e-01 9.983751722580374022e-01 6.747474937779224767e-04
8.541666666666666297e-01 9.860886454226285291e-01 -1.097637362911334930e-03
8.750000000000000000e-01 9.761447593218205432e-01 -3.295684197262357821e-04
8.958333333333332593e-01 9.821232184609426374e-01 7.442806339807865384e-04
9.166666666666666297e-01 9.889288798875963682e-01 -4.788708568779177972e-04
9.375000000000000000e-01 9.991999254572013767e-01 7.399258231558979377e-04
9.583333333333332593e-01 1.013702456514306460e+00 -1.949292585303832566e-03
9.791666666666666297e-01 1.021999951060850620e+00 2.037252668254984961e-04
1.000000000000000000e+00 1.030570940937960422e+00 8.619153474635413278e-04
1.020833333333333259e+00 1.024070907680463716e+00 -2.215823280734515507e-03
1.041666666666666519e+00 1.018250284579538478e+00 7.714715699846238714e-04
1.062500000000000000e+00 1.007430013167121441e+00 -9.591474254739510309e-04
1.083333333333333259e+00 9.932972029412379111e-01 -7.508557104688477410e-04
1.104166666666666519e+00 9.853931743199492166e-01 -7.766899062282102070e-04
1.125000000000000000e+00 9.818534571795886068e-01 -3.145278225487513259e-04
1.145833333333333259e+00 9.940811409070305915e-01 5.775536396243769735e-04
1.166666666666666519e+00 9.996026776191971885e-01 -5.735211374615062753e-04
1.187500000000000000e+00 1.006030328128799001e+00 -1.039421312240411920e-03
1.208333333333333259e+00 9.989332747542489788e-01 8.140947559498051833e-05
1.229166666666666519e+00 9.983496292795981386e-01 3.703925710582317218e-05
1.250000000000000000e+00 9.917165590937502273e-01 8.091812600226083407e-06
1.270833333333333259e+00 9.930126712811163658e-01 -3.093002571108403268e-03
1.291666666666666519e+00 9.937611270368391647e-01 1.093823314611654931e-03
1.312500000000000000e+00 9.991356409194629418e-01 5.472806310685191964e-04
1.333333333333333259e+00 1.006288107792201680e+00 -5.459911133576479322e-04
1.354166666666666519e+00 1.018851718501403880e+00 2.081041616356770093e-04
1.375000000000000000e+00 1.024877752488242866e+00 2.126421482888701548e-03
1.395833333333333259e+00 1.032057420709846296e+00 -9.180460644258002512e-04
1.416666666666666519e+00 1.034252262999890482e+00 -2.337738578710987834e-04
1.437500000000000000e+00 1.023100794619743903e+00 8.458625638541154845e-04
1.458333333333333259e+00 1.006010416637431515e+00 -9.051594029728686139e-04
1.479166666666666519e+00 9.913459443852599140e-01 7.101745542049456555e-04
1.500000000000000000e+00 9.738544658571158807e-01 -1.379263736994890393e-03
1.520833333333333259e+00 9.644679786061562954e-01 4.886862659977480282e-04
1.541666666666666519e+00 9.649981208014799527e-01 -1.275743677384981846e-03
1.562500000000000000e+00 9.729031183529270876e-01 -2.421005030746836879e-03
1.583333333333333259e+00 9.815353076497181917e-01 -9.460478870407068282e-04
1.604166666666666519e+00 1.001177072095026599e+00 -7.876480619049716593e-04
1.625000000000000000e+00 1.017652747687960435e+00 -1.402968067230405368e-03
1.645833333333333259e+00 1.031566714910404636e+00 1.983155347639190338e-04
1.666666666666666519e+00 1.041476845633964476e+00 -7.255002412732238556e-04
1.687500000000000000e+00 1.030221507821294846e+00 1.966140650273684627e-03
1.708333333333333259e+00 1.013229072615564164e+00 -5.420135219216514486e-04
1.729166666666666519e+00 1.007281363036262478e+00 2.672186177412241696e-04
1.750000000000000000e+00 9.973877059702972447e-01 3.083062486825851028e-04
1.770833333333333259e+00 9.893782567412744422e-01 -1.302214764218291619e-03
1.791666666666666519e+00 9.889297758448700737e-01 7.849618159496753742e-04
1.812500000000000000e+00 9.894262352208595956e-01 1.212483664230348769e-03
1.833333333333333259e+00 9.953474589828121832e-01 3.808397038600419776e-05
1.854166666666666519e+00 1.000369532155073182e+00 1.012609518180758103e-03
1.875000000000000000e+00 1.007779088461048245e+00 3.929818329076680580e-04
1.895833333333333259e+00 1.002910907097136928e+00 -2.141872001484929327e-03
1.916666666666666519e+00 9.957997195946006741e-01 9.146067076950432917e-04
1.937500000000000000e+00 9.904255702717535970e-01 -3.489789775346791630e-03
1.958333333333333259e+00 9.793262692710127393e-01 1.374954190892323056e-05
1.979166666666666519e+00 9.800369863438980200e-01 -1.463034585282851473e-03
2.000000000000000000e+00 9.833556452061049669e-01 -2.392482260138549185e-03
2.020833333333333037e+00 9.997788121204576051e-01 -1.026226382312632381e-03
2.041666666666666519e+00 9.964847325507677489e-01 -1.809370855675752074e-03
2.062500000000000000e+00 1.007418425898842118e+00 2.779657811402528765e-04
2.083333333333333037e+00 1.021042473035172371e+00 -4.563065168318011160e-04
2.104166666666666519e+00 1.024993338037556656e+00 -2.100337491557679407e-03
2.125000000000000000e+00 1.029040317240391023e+00 -2.181672312805566557e-03
2.145833333333333037e+00 1.029657168988524329e+00 -1.176640571889040095e-03
2.166666666666666519e+00 1.020779419299559843e+00 1.696169108734613086e-03
2.187500000000000000e+00 1.006731311202905044e+00 -4.431356022122275593e-04
2.208333333333333037e+00 9.874049521917325212e-01 8.429308326911546167e-04
2.229166666666666519e+00 9.761796796744562910e-01 1.327027631043542228e-03
2.250000000000000000e+00 9.579703151461947952e-01 2.652072931641467099e-04
2.270833333333333037e+00 9.506312367953861919e-01 -3.729380201135357956e-04
2.291666666666666519e+00 9.521194717587425638e-01 5.919461125765082153e-04
2.312500000000000000e+00 9.694709555595548700e-01 1.167167339529112278e-03
2.333333333333333037e+00 9.913945243716624223e-01 1.077860728238296635e-03
2.354166666666666519e+00 1.014896205693369025e+00 -1.902589826444127212e-03
2.375000000000000000e+00 1.034351922509412658e+00 -1.110633739937727385e-03
2.395833333333333037e+00 1.035694288766885851e+00 -6.490276570907461181e-04
2.416666666666666519e+00 1.029747412058609868e+00 1.905482425953294997e-03
2.437500000000000000e+00 1.018043674052833580e+00 6.581908087243795768e-04
2.458333333333333037e+00 1.006360113622992047e+00 -1.272872286259799047e-03
2.479166666666666519e+00 9.981556343795304764e-01 1.133164309340616390e-04
2.500000000000000000e+00 9.941026350481965146e-01 8.685466584166673127e-04
2.520833333333333037e+00 9.988138425796868614e-01 4.189596338067853734e-04
2.541666666666666519e+00 9.907156080461809733e-01 6.804759606117712729e-04
2.562500000000000000e+00 9.958167540499228698e-01 2.858876092164292252e-04
2.583333333333333037e+00 9.895762978286477551e-01 4.420170080944503554e-04
2.604166666666666519e+00 9.826399259365168337e-01 -1.391605566310208982e-03
2.625000000000000000e+00 9.711472448814633118e-01 1.031544909266253343e-03
2.645833333333333037e+00 9.703428381586974849e-01 2.835328297151957686e-04
2.666666666666666519e+00 9.727200908228692544e-01 6.008744521187136091e-04
2.687500000000000000e+00 9.902817582421795661e-01 7.499968054219309250e-04
2.708333333333333037e+00 1.004657068787550456e+00 1.110775121613770096e-03
2.729166666666666519e+00 1.018773086961331842e+00 1.395063198079847869e-03
2.750000000000000000e+00 1.025202251068677350e+00 -3.037128812901763314e-03
2.770833333333333037e+00 1.028301738306199420e+00 2.409054917999463221e-03
2.791666666666666519e+00 1.020028073111833855e+00 -2.672909878423200720e-03
2.812500000000000000e+00 1.009864910505750224e+00 -1.162797455401512860e-03
2.833333333333333037e+00 1.008530239222175995e+00 1.747999177047829386e-03
2.854166666666666519e+00 1.000233802310387610e+00 5.897806227501618034e-04
2.875000000000000000e+00 9.954958917279980168e-01 1.347914066628557242e-03
2.895833333333333037e+00 9.963351298348168683e-01 1.733352604478591600e-03
2.916666666666666519e+00 9.933285455994764757e-01 -5.531267871521696475e-04
2.937500000000000000e+00 9.976292420129593275e-01 1.948508083218606756e-03
2.958333333333333037e+00 9.928427022915349287e-01 -4.932185973135650575e-04
2.979166666666666519e+00 9.908562138824185128e-01 -6.754419176659882691e-04
3.000000000000000000e+00 9.826990875507880530e-01 -3.745754014302280182e-04
3.020833333333333037e+00 9.760723211247969155e-01 -1.113026891511825550e-03
3.041666666666666519e+00 9.825079001919835298e-01 -7.099409066114117537e-04
3.062500000000000000e+00 9.900853813214370858e-01 -1.366801646518157973e-03
3.083333333333333037e+00 1.009527478417071578e+00 -3.034184867831839260e-04
3.104166666666666519e+00 1.022700338807090104e+00 -1.202164484508361306e-03
3.125000000000000000e+00 1.029235459075305004e+00 -1.355360785993859740e-03
3.145833333333333037e+00 1.035493526038263612e+00 9.441124809505491242e-04
3.166666666666666519e+00 1.031897816900765763e+00 2.396564502359232345e-04
3.187500000000000000e+00 1.022006028814679279e+00 -1.378746837773885776e-03
3.208333333333333037e+00 9.962832881401016971e-01 2.927081971312834197e-03
3.229166666666666519e+00 9.797467347071777688e-01 -5.968004999720511513e-04
3.250000000000000000e+00 9.733862267059839590e-01 5.173470048058495443e-04
3.270833333333333037e+00 9.701365971906633634e-01 1.905974450888991674e-03
3.291666666666666519e+00 9.918527715000630129e-01 -6.379415987402608720e-04
3.312500000000000000e+00 1.002925261191293771e+00 -3.140989540880473937e-03
3.333333333333333037e+00 1.017136908548142316e+00 1.755803138383747177e-03
3.354166666666666519e+00 1.020794942825413720e+00 3.570777379742244833e-03
3.375000000000000000e+00 1.011620968734287640e+00 1.035764960836827635e-03
3.395833333333333037e+00 1.002554301263978154e+00 -1.892081808300428210e-03
3.416666666666666519e+00 9.879596344558913001e-01 1.455957977844162757e-03
3.437500000000000000e+00 9.871448823701295394e-01 2.121334215612568600e-04
3.458333333333333037e+00 9.897280890891136940e-01 6.318373114375282207e-04
3.479166666666666519e+00 9.985477635102519844e-01 -9.586303164322450190e-04
3.500000000000000000e+00 1.008859159560056673e+00 -1.959423008192906056e-03
3.520833333333333037e+00 1.016922674826387540e+00 -9.542449659098486666e-04
3.541666666666666519e+00 1.016940407219116382e+00 -6.092317570226869500e-04
3.562500000000000000e+00 1.011034083894397417e+00 3.523371502926361224e-04
3.583333333333333037e+00 9.988858702961148639e-01 -1.977734225893116801e-03
3.604166666666666519e+00 9.846799566559916173e-01 -1.842311189797120417e-03
3.625000000000000000e+00 9.816756675049206349e-01 -2.851038897052857201e-04
3.645833333333333037e+00 9.948257330866284720e-01 6.160405748827230132e-04
3.666666666666666519e+00 1.004036857170697461e+00 5.009097908253131240e-04
3.687500000000000000e+00 1.017398003834115050e+00 -8.246254912460350070e-04
3.708333333333333037e+00 1.024201230336821533e+00 -1.116308693917941654e-04
3.729166666666666519e+00 1.018537585120890876e+00 3.336085815743398421e-04
3.750000000000000000e+00 1.007698126011097539e+00 -3.908433843580876596e-04
3.770833333333333037e+00 9.958781864327954647e-01 -2.425997738647446209e-03
3.791666666666666519e+00 9.869493250763049508e-01 1.005020271296293071e-04
3.812500000000000000e+00 9.808574972427253069e-01 4.661950230011440035e-05
3.833333333333333037e+00 9.672869012935494393e-01 -2.428312589642589924e-04
3.854166666666666519e+00 9.727062828587852428e-01 4.388436904116269164e-04
3.875000000000000000e+00 9.868761086886852496e-01 2.707723167088101263e-04
3.895833333333333037e+00 1.003378891435418252e+00 7.307132161853224057e-05
3.916666666666666519e+00 1.020326224104030288e+00 1.594970431548464957e-03
3.937500000000000000e+00 1.034998910353954082e+00 -1.044738077712754117e-03
3.958333333333333037e+00 1.039283851416204829e+00 3.579350412747515551e-04
3.979166666666666519e+00 1.034887346170256350e+00 -8.093342345756521835e-04
4.000000000000000000e+00 1.016182516482263098e+00 -1.469472465361673337e-03
4.020833333333333037e+00 1.002888487401094375e+00 1.301061304598043460e-03
4.041666666666666075e+00 9.906565990669632393e-01 3.547014329287584531e-04
4.062500000000000000e+00 9.795328179972414562e-01 5.640163601295537571e-04
4.083333333333333037e+00 9.748775102565109263e-01 1.331533902501007499e-03
4.104166666666666075e+00 9.803079928810023436e-01 1.342350728061298499e-03
4.125000000000000000e+00 9.932493881800390501e-01 -7.645750711268419148e-04
4.145833333333333037e+00 1.004345135468572403e+00 -2.869079722420374030e-03
4.166666666666666075e+00 1.015792410903765264e+00 -1.420351794418650852e-04
4.187500000000000000e+00 1.006030505708028100e+00 -9.654083566325647988e-04
4.208333333333333037e+00 1.001234969460788715e+00 -8.309315516085128035e-04
4.229166666666666075e+00 9.951603284724529486e-01 2.108723634597915297e-03
4.250000000000000000e+00 1.002566440766049283e+00 -5.348449751582241667e-04
4.270833333333333037e+00 1.007801900353786362e+00 -4.715924055484259575e-04
4.291666666666666075e+00 1.011970262833705725e+00 9.286797206933003566e-04
4.312500000000000000e+00 1.010175505115294525e+00 -6.777598583823172119e-05
4.333333333333333037e+00 1.014343578290135550e+00 -9.844658190580842828e-04
4.354166666666666075e+00 1.005404449372248044e+00 2.477565467069414110e-03
4.375000000000000000e+00 1.002506057549791052e+00 -1.421477366266170588e-03
4.395833333333333037e+00 9.951877805626802020e-01 6.417544381221623783e-04
4.416666666666666075e+00 9.992876891896639302e-01 4.793884042509847631e-04
4.437500000000000000e+00 1.001274388975485152e+00 1.831274905587727559e-03
4.458333333333333037e+00 1.007422056120040432e+00 -1.257212598933683855e-03
4.479166666666666075e+00 1.007793714207265046e+00 1.416488434227542413e-04
4.500000000000000000e+00 1.009504691245838526e+00 -3.451895621354071565e-04
4.520833333333333037e+00 9.984771290403936517e-01 -1.846600912607219503e-03
4.541666666666666075e+00 9.933683877892240943e-01 -1.375385908327314641e-04
4.562500000000000000e+00 9.861700951800801418e-01 -4.465426458565425311e-04
4.583333333333333037e+00 9.834108550826782258e-01 3.974304403057950198e-04
4.604166666666666075e+00 9.878679996861924328e-01 -5.360885465469395362e-04
4.625000000000000000e+00 9.967605986118545092e-01 -3.891537555309319179e-04
4.645833333333333037e+00 1.008659599197994972e+00 1.554600962057174325e-03
4.666666666666666075e+00 1.008433839572522972e+00 2.386757213948140222e-03
4.687500000000000000e+00 1.013229979019931504e+00 1.082810188764110918e-03
4.708333333333333037e+00 1.016176709200701689e+00 5.321389684296187576e-04
4.729166666666666075e+00 1.018810804039133711e+00 -1.661880779607555507e-03
4.750000000000000000e+00 1.024451031281723212e+00 -9.266979373907352187e-04
4.770833333333333037e+00 1.016927768217684269e+00 1.118706327326826145e-03
4.791666666666666075e+00 1.012121515608704447e+00 9.725052150621581052e-04
4.812500000000000000e+00 1.001261820039761608e+00 -7.017670124767056816e-05
4.833333333333333037e+00 9.811407705857765338e-01 1.373571220695017680e-03
4.854166666666666075e+00 9.661297338501179111e-01 -1.214668982963065455e-03
4.875000000000000000e+00 9.695228877021813130e-01 -1.336712549696770624e-03
4.895833333333333037e+00 9.677556055495248888e-01 -1.460193762176063620e-03
4.916666666666666075e+00 9.857803555078101798e-01 7.438634858850709910e-04
4.937500000000000000e+00 9.990044688913181092e-01 -1.573096398764951950e-04
4.958333333333333037e+00 1.013260060886215452e+00 5.854294477344535927e-05
4.979166666666666075e+00 1.026895442404038850e+00 6.697354447440313947e-04
5.000000000000000000e+00 1.034920497127840955e+00 7.033884202343369070e-04
5.020833333333333037e+00 1.024617597645715916e+00 -2.079315998302970220e-03
5.041666666666666075e+00 1.013263252418463267e+00 1.933243021045518047e-04
5.062500000000000000e+00 1.005877922653880097e+00 1.492295492431385852e-03
5.083333333333333037e+00 1.002342402130623089e+00 1.824098391554713420e-04
5.104166666666666075e+00 1.000734123968808120e+00 1.386976805762919816e-04
5.125000000000000000e+00 1.000380379190503266e+00 2.902011301113047604e-03
5.145833333333333037e+00 9.934643695214641079e-01 -1.080599139938419589e-03
5.166666666666666075e+00 9.787309106248042179e-01 -9.362848963845738903e-05
5.187500000000000000e+00 9.756522525300451720e-01 -4.513136451486698996e-04
5.208333333333333037e+00 9.772560199490122335e-01 4.120946897364350151e-04
5.229166666666666075e+00 9.832470709551525134e-01 -8.165158073435551528e-04
5.250000000000000000e+00 1.006674391953011005e+00 -4.483532744726593714e-05
5.270833333333333037e+00 1.025366466244531871e+00 -4.867647878968260600e-04
5.291666666666666075e+00 1.028250903371335401e+00 1.232181544319865601e-03
5.312500000000000000e+00 1.034147419365511800e+00 8.130209349670134431e-04
5.333333333333333037e+00 1.028716229872914889e+00 1.794632817795388481e-03
5.354166666666666075e+00 1.008541459917725591e+00 6.399149149321476217e-04
5.375000000000000000e+00 9.901891764742420943e-01 -8.667286294037410263e-04
5.395833333333333037e+00 9.727994225793542560e-01 4.371176028190346217e-05
5.416666666666666075e+00 9.656279295835801246e-01 1.132546681659747177e-05
5.437500000000000000e+00 9.747316436448120180e-01 -6.830796279561047145e-04
5.458333333333333037e+00 9.890204085696651104e-01 1.567795103073530696e-03
5.479166666666666075e+00 1.004623994537165110e+00 -9.566808929448085983e-04
5.500000000000000000e+00 1.012838319448867042e+00 -2.513052857236640282e-04
5.520833333333333037e+00 1.012113701617499251e+00 -1.796846806310800030e-04
5.541666666666666075e+00 1.008885104151167278e+00 -2.698385730047852225e-03
5.562500000000000000e+00 1.006231989743734845e+00 4.721596403785668384e-06
5.583333333333333037e+00 1.006661334292525245e+00 2.245969583686084712e-03
5.604166666666666075e+00 1.000278245979448366e+00 9.396664236812448442e-04
5.625000000000000000e+00 1.002830280201617352e+00 -3.431063507653130942e-04
5.645833333333333037e+00 9.946035553268685048e-01 -1.922080162615425738e-03
5.666666666666666075e+00 1.001653211957879597e+00 -5.144765723659589212e-04
5.687500000000000000e+00 9.990421867720824523e-01 1.988071900982917722e-03
5.708333333333333037e+00 1.001263481248902742e+00 -5.083601097553590081e-04
5.729166666666666075e+00 1.000996070685693740e+00 -9.249264648911063652e-04
5.750000000000000000e+00 1.000134122598323128e+00 -1.741619773259472969e-03
5.770833333333333037e+00 9.950192984447676636e-01 -1.427787516799159100e-04
5.791666666666666075e+00 9.897939984886172660e-01 -4.335483084032842101e-04
5.812500000000000000e+00 9.926157448166136321e-01 1.159386607979236714e-03
5.833333333333333037e+00 9.947462556348809493e-01 -3.104189410799170325e-04
5.854166666666666075e+00 9.953808275198116062e-01 9.932947908002352257e-04
5.875000000000000000e+00 9.998869399575832650e-01 -8.714670041487104649e-04
5.895833333333333037e+00 9.940524215883899117e-01 2.024838942846219226e-03
5.916666666666666075e+00 1.005408798332853459e+00 2.097189332525004665e-03
5.937500000000000000e+00 1.009745464961704142e+00 -9.019084514464194031e-04
5.958333333333333037e+00 1.014380848164334603e+00 -6.699187289520392254e-05
5.979166666666666075e+00 1.015621992241515281e+00 1.841646439805689215e-03
6.000000000000000000e+00 1.003061111078991319e+00 5.104248154542656265e-04
6.020833333333333037e+00 1.001845165703782792e+00 1.237479561881714646e-03
6.041666666666666075e+00 1.003449668946590823e+00 2.605619485169789100e-04
6.062500000000000000e+00 1.006411958483633518e+00 -1.290814696238032442e-03
6.083333333333333037e+00 1.002682766497870581e+00 5.684826109275954281e-05
6.104166666666666075e+00 9.893378804756310929e-01 1.506645098056271252e-03
6.125000000000000000e+00 9.828885190934988358e-01 2.948750800190015359e-03
6.145833333333333037e+00 9.742981443587406254e-01 1.934403724747131570e-03
6.166666666666666075e+00 9.782979785796598327e-01 5.860702261259531989e-04
6.187500000000000000e+00 9.842416806837586130e-01 1.083316093686477813e-03
6.208333333333333037e+00 9.973584907498685981e-01 1.077966420881855706e-03
6.229166666666666075e+00 1.008230874575153146e+00 1.749563465560587247e-03
6.250000000000000000e+00 1.016377050496358736e+00 6.044324820353831965e-04
6.270833333333333037e+00 1.023270460443312491e+00 2.202524398521081995e-03
6.291666666666666075e+00 1.028588199012801851e+00 6.329008973092472927e-05
6.312500000000000000e+00 1.020557297825183785e+00 7.374432019150167772e-04
6.333333333333333037e+00 1.009030008608883255e+00 8.314360006446041207e-04
6.354166666666666075e+00 9.985276119940323936e-01 -2.988480973492327287e-04
6.375000000000000000e+00 9.913415712318339734e-01 2.622665007424190321e-04
6.395833333333333037e+00 9.889072332836070789e-01 4.455639709380758732e-04
6.416666666666666075e+00 9.867952773438413150e-01 9.228964002506084624e-04
6.437500000000000000e+00 9.893817652136956964e-01 -4.924648404759319814e-04
6.458333333333333037e+00 9.899335781807537815e-01 3.545253407102946243e-04
6.479166666666666075e+00 9.845806047243443881e-01 -4.131309995513653935e-04
6.500000000000000000e+00 9.886509082977206209e-01 -1.059345105431516981e-03
6.520833333333333037e+00 9.910055295238557882e-01 2.218687837180629945e-03
6.541666666666666075e+00 9.953538466425626563e-01 -7.928391422356713099e-04
6.562500000000000000e+00 1.006270292705923941e+00 1.202195152679093196e-03
6.583333333333333037e+00 1.008423493293927109e+00 -6.333598742535792581e-04
6.604166666666666075e+00 1.015846029235059955e+00 -1.036094214971357919e-05
6.625000000000000000e+00 1.014195255923825201e+00 -8.839317036702767959e-04
6.645833333333333037e+00 1.020943081949499120e+00 -9.175957086683053524e-04
6.666666666666666075e+00 1.023005852127788273e+00 -5.727523850228632496e-04
6.687500000000000000e+00 1.014368907589419111e+00 3.017064965907658510e-04
6.708333333333333037e+00 1.005677447189402551e+00 -1.975404106375287967e-03
6.729166666666666075e+00 9.940051509117088235e-01 5.473222029264189839e-04
6.750000000000000000e+00 9.882602863796027259e-01 -4.997767812529926986e-04
6.770833333333333037e+00 9.867615094006927379e-01 -1.542883961655118052e-03
6.791666666666666075e+00 9.893062829723110463e-01 -1.655177488053240263e-03
6.812500000000000000e+00 9.886932904310533621e-01 -1.235100072109266735e-03
6.833333333333333037e+00 9.871886282192953166e-01 1.044743135797825996e-04
6.854166666666666075e+00 9.993474986647895575e-01 5.896098650641171807e-04
6.875000000000000000e+00 1.003744007359014923e+00 -4.026966083693462413e-04
6.895833333333333037e+00 1.018120351899372000e+00 -1.677057889206969151e-03
6.916666666666666075e+00 1.019100910022709305e+00 -8.655150276149084845e-04
6.937500000000000000e+00 1.013086640408239258e+00 1.219281902683316560e-03
6.958333333333333037e+00 1.000962892300810481e+00 -8.382156642568140605e-04
6.979166666666666075e+00 9.994634007052420888e-01 -1.121049465690700025e-03
7.000000000000000000e+00 9.949454947694242879e-01 -1.280340761289527115e-03
7.020833333333333037e+00 9.974946431359612564e-01 2.679343928291244483e-03
7.041666666666666075e+00 1.002544882592209197e+00 5.433251999831668465e-04
7.062500000000000000e+00 1.000702923121776555e+00 -9.224027744018296719e-04
7.083333333333333037e+00 1.005427283797177829e+00 9.279355843650006824e-04
7.104166666666666075e+00 1.006460815163591649e+00 -1.771107617528755842e-03
7.125000000000000000e+00 1.007833767611777898e+00 2.633068762235771915e-04
7.145833333333333037e+00 1.002465058898307726e+00 -1.192409640898623412e-03
7.166666666666666075e+00 9.983416316585811412e-01 -3.391354673398629897e-03
7.187500000000000000e+00 9.973916218744064421e-01 -2.163569740147503243e-04
7.208333333333333037e+00 9.941194120529238676e-01 -2.468680016733604092e-03
7.229166666666666075e+00 9.889471049253277801e-01 1.541320354755103218e-03
7.250000000000000000e+00 1.000958522710095666e+00 4.278911096698651624e-04
7.270833333333333037e+00 1.008937561220348611e+00 -8.501276596393544515e-05
7.291666666666666075e+00 1.008324134838943786e+00 -8.977368985324895136e-04
7.312500000000000000e+00 1.012000002507905672e+00 -4.150467025211012121e-04
7.333333333333333037e+00 1.005699925912906245e+00 -2.863895902364495174e-04
7.354166666666666075e+00 1.001138030609414198e+00 -1.311679112990957955e-04
7.375000000000000000e+00 9.941113435891401062e-01 8.866790200048342953e-04
7.395833333333333037e+00 9.950188973838253181e-01 7.896250985404089763e-04
7.416666666666666075e+00 9.849821703152491503e-01 1.472847064998184103e-05
7.437500000000000000e+00 9.803621932239878767e-01 -1.058832042332780296e-03
7.458333333333333037e+00 9.942417041743459860e-01 -2.037278324776865997e-03
7.479166666666666075e+00 1.012043622608294946e+00 -1.860987762674442625e-03
7.500000000000000000e+00 1.026882807330609548e+00 2.148753319823493418e-03
7.520833333333333037e+00 1.042352192218980234e+00 4.808576677448199487e-04
7.541666666666666075e+00 1.032211913905851208e+00 1.160920437843946393e-03
7.562500000000000000e+00 1.017924757967064053e+00 -1.152237459217761656e-03
7.583333333333333037e+00 9.976130484015512945e-01 -2.567610117179734919e-05
7.604166666666666075e+00 9.774397296048130679e-01 2.507331085745624332e-05
7.625000000000000000e+00 9.555853614652631833e-01 5.573215127454164914e-04
7.645833333333333037e+00 9.465770600570390103e-01 -1.334903912799458112e-03
7.666666666666666075e+00 9.524149320620807213e-01 1.042950832771623844e-05
7.687500000000000000e+00 9.730123922028842687e-01 -2.412869386592351659e-03
7.708333333333333037e+00 9.975596932728454380e-01 -6.103338766591367894e-04
7.729166666666666075e+00 1.028511538722350682e+00 6.257066714960323513e-04
7.750000000000000000e+00 1.046008587607662355e+00 -4.816273698293859623e-04
7.770833333333333037e+00 1.056847271370185748e+00 -2.800749102718865153e-04
7.791666666666666075e+00 1.046915374231135010e+00 -6.360029092794127099e-04
7.812500000000000000e+00 1.028776997833105167e+00 1.383373741013816955e-03
7.833333333333333037e+00 1.009724917825325585e+00 3.311025978886815999e-04
7.854166666666666075e+00 9.910611455195098562e-01 -1.398359335301455281e-03
7.875000000000000000e+00 9.767101618877656044e-01 5.117104458769036681e-05
7.895833333333333037e+00 9.636507618344548609e-01 1.208949244685747970e-03
7.916666666666666075e+00 9.664039305187487328e-01 3.324662712143612022e-04
7.937500000000000000e+00 9.711456479088470539e-01 -4.685032264720239651e-04
7.958333333333333037e+00 9.839327707532160572e-01 -1.202040835998806562e-03
7.979166666666666075e+00 9.955885581176936450e-01 3.997166207848774347e-04
8.000000000000000000e+00 1.002592375738144748e+00 -3.356154161864741635e-04
8.020833333333332149e+00 1.008754069149413901e+00 3.459416388158334564e-04
8.041666666666666075e+00 1.013160578493482955e+00 -4.815491640135667866e-04
8.062500000000000000e+00 1.013011491812607856e+00 -7.317797810906271835e-04
8.083333333333332149e+00 1.015010258095467188e+00 -1.299121951178452711e-03
8.104166666666666075e+00 1.017043020768499062e+00 3.043112831460859986e-05
8.125000000000000000e+00 1.017176833170212014e+00 2.640431077508635302e-03
8.145833333333332149e+00 1.007255019557198095e+00 -6.250701211848525484e-05
8.166666666666666075e+00 1.002626077619126255e+00 -7.858022814616749804e-04
8.187500000000000000e+00 9.972096146221524071e-01 6.077116511773564310e-04
8.208333333333332149e+00 9.916791357698544473e-01 1.225272683177432284e-03
8.229166666666666075e+00 9.937519765541548145e-01 -6.640975205171015293e-04
8.250000000000000000e+00 9.885256364058764289e-01 1.843992397182445163e-03
8.270833333333332149e+00 9.793573246402864640e-01 2.132023291680651671e-03
8.291666666666666075e+00 9.769887735145259544e-01 -6.224844799753574990e-04
8.312500000000000000e+00 9.823082185845560810e-01 1.749049311606927243e-03
8.333333333333332149e+00 9.942174057125692244e-01 -1.635874432307900738e-04
8.354166666666666075e+00 1.001019428759865493e+00 -7.745926877346504241e-04
8.375000000000000000e+00 1.016480340973122232e+00 1.534618197491838818e-03
8.395833333333332149e+00 1.022637359866337414e+00 2.737627285430966912e-03
8.416666666666666075e+00 1.018342377480028205e+00 7.657310491208181623e-04
8.437500000000000000e+00 1.021292828565285360e+00 -1.009370289318759373e-03
8.458333333333332149e+00 1.014857747467185822e+00 1.405949435428089722e-03
8.479166666666666075e+00 9.992430166230148458e-01 3.720486128444352330e-04
8.500000000000000000e+00 9.875568741508117254e-01 6.038834530719257255e-04
8.520833333333332149e+00 9.764703069018609849e-01 7.988137230479924614e-04
8.541666666666666075e+00 9.776540160080277042e-01 -2.119310958517452593e-03
8.562500000000000000e+00 9.854515764185487470e-01 2.866207788152381748e-04
8.583333333333332149e+00 9.939695765670211181e-01 -1.953699893288077390e-04
8.604166666666666075e+00 1.007520716650174286e+00 -1.623754080581738804e-03
8.625000000000000000e+00 1.005521238982086896e+00 -1.917314143095897585e-03
8.645833333333332149e+00 1.007439845189518346e+00 -2.856872217740127028e-03
8.666666666666666075e+00 1.003184045098105992e+00 -1.505250605559277496e-03
8.687500000000000000e+00 1.009306012443065503e+00 -1.131655784102500017e-03
8.708333333333332149e+00 1.004146365378054906e+00 -7.802613572082821346e-04
8.729166666666666075e+00 9.993069203363426078e-01 1.295139846407760342e-03
8.750000000000000000e+00 1.008312679447681548e+00 -1.091478821370130657e-03
8.770833333333332149e+00 1.001436811617868683e+00 6.146399595578286973e-05
8.791666666666666075e+00 9.996664149200215066e-01 -1.119765356082659232e-03
8.812500000000000000e+00 9.961397300866879911e-01 -7.741339731389208821e-04
8.833333333333332149e+00 9.863651577629695133e-01 -1.095594670735774946e-03
8.854166666666666075e+00 9.848735192391471216e-01 5.468699262776520855e-04
8.875000000000000000e+00 9.937431987998710525e-01 1.191354449254588329e-03
8.895833333333332149e+00 9.996010327312004895e-01 5.270549592298612307e-04
8.916666666666666075e+00 1.010255416664800565e+00 1.167453552386902866e-03
8.937500000000000000e+00 1.020421614475788052e+00 -9.865103426347392786e-04
8.958333333333332149e+00 1.018212980648383281e+00 7.085040694193477573e-04
8.979166666666666075e+00 1.007058525420861050e+00 5.663241788156322173e-04
9.000000000000000000e+00 9.881622796031831468e-01 -2.188651609131835474e-03
9.020833333333332149e+00 9.774315760315899215e-01 -4.769868140538890391e-05
9.041666666666666075e+00 9.805249937957158934e-01 1.545513094837592302e-03
9.062500000000000000e+00 9.890599626567690983e-01 2.504152249422194644e-03
9.083333333333332149e+00 1.003262906213812977e+00 -4.315045709713513969e-04
9.104166666666666075e+00 1.008787517731929206e+00 -1.814585576076757113e-03
9.125000000000000000e+00 1.022701924648807825e+00 9.808782113679894322e-04
9.145833333333332149e+00 1.014853055693534678e+00 1.305593297154007591e-05
9.166666666666666075e+00 1.015262592363419758e+00 2.203925670672130649e-04
9.187500000000000000e+00 1.005678508515065017e+00 -4.747792935455943421e-04
9.208333333333332149e+00 9.912115184900445186e-01 1.869357633896382093e-03
9.229166666666666075e+00 9.860919551604504507e-01 2.363764449002780238e-04
9.250000000000000000e+00 9.849597428207946814e-01 2.157894964824446076e-03
9.270833333333332149e+00 9.942540433744890827e-01 -1.512540392161452986e-03
9.291666666666666075e+00 1.003343209058378704e+00 -8.760765304062663721e-04
9.312500000000000000e+00 1.006008189915926776e+00 6.521735490867585153e-04
9.333333333333332149e+00 1.006089251180563693e+00 4.636731564136206121e-04
9.354166666666666075e+00 1.000063465040309074e+00 -1.955283991754308982e-04
9.375000000000000000e+00 1.000669125386450142e+00 -9.398363400964812424e-04
9.395833333333332149e+00 1.000827652994267458e+00 2.041154738550004892e-03
9.416666666666666075e+00 1.001388214293336798e+00 7.302717211843008649e-04
9.437500000000000000e+00 1.002650946731956427e+00 9.631806930847691597e-04
9.458333333333332149e+00 1.010490774251834312e+00 -4.973720152121310824e-04
9.479166666666666075e+00 1.009040490812104673e+00 -1.012164030858421580e-03
9.500000000000000000e+00 1.014184513810359123e+00 -2.232319292418935824e-03
9.520833333333332149e+00 1.015909838876697835e+00 7.489656479277537497e-04
9.541666666666666075e+00 1.014740778077296790e+00 -6.844700658539294713e-05
9.562500000000000000e+00 1.001893046098446316e+00 2.669040871689288587e-04
9.583333333333332149e+00 9.815083361879667345e-01 1.314144715997066270e-03
9.604166666666666075e+00 9.683786845340406346e-01 -3.322391834811548724e-04
9.625000000000000000e+00 9.625311392850663950e-01 -2.503052933934929686e-04
9.645833333333332149e+00 9.733380025958005000e-01 -4.400932761278759789e-05
9.666666666666666075e+00 9.941949102852279951e-01 1.299992835430931280e-03
9.687500000000000000e+00 1.014144430359960714e+00 -1.266854496210926282e-03
9.708333333333332149e+00 1.033927608790078390e+00 -4.834164691211264610e-04
9.729166666666666075e+00 1.046072110464383753e+00 -1.219255869908733434e-04
9.750000000000000000e+00 1.042556326946448175e+00 1.459676897249725502e-03
9.770833333333332149e+00 1.031958885191368802e+00 -2.704432023295944270e-03
9.791666666666666075e+00 1.009283905350046417e+00 -3.577536538024755799e-04
9.812500000000000000e+00 9.916599427264829458e-01 -4.659276559483201152e-04
9.833333333333332149e+00 9.735673931321845442e-01 2.989655482676820087e-04
9.854166666666666075e+00 9.678201867604412367e-01 -8.564183708067653507e-04
9.875000000000000000e+00 9.809572319847108535e-01 5.883735055652353999e-04
9.895833333333332149e+00 9.942770172915805782e-01 -5.128844206410120574e-04
9.916666666666666075e+00 1.007901907443547351e+00 -1.183225228923069725e-03
9.937500000000000000e+00 1.008415463782671440e+00 6.742643218313511136e-04
9.958333333333332149e+00 1.005130997587595498e+00 1.154600511737768898e-03
9.979166666666666075e+00 1.003560227029547613e+00 5.532608548836031285e-05
1.000000000000000000e+01 1.002944260518850106e+00 -1.052974260537423536e-04
1.002083333333333215e+01 1.007396583031260118e+00 -1.577701761762258237e-03
1.004166666666666607e+01 1.006495508751582557e+00 -1.252611288961803316e-03
1.006250000000000000e+01 1.006462206434188822e+00 -6.981265285236384595e-04
1.008333333333333215e+01 1.006448950936462916e+00 -1.876628442053264846e-03
1.010416666666666607e+01 1.000774310539074508e+00 -3.395426598684923359e-04
1.012500000000000000e+01 9.998689119990680219e-01 -1.354156759225980718e-03
1.014583333333333215e+01 1.000271860482093711e+00 -5.793611364368211761e-04
1.016666666666666607e+01 9.948693984718323113e-01 -1.258064138534958605e-03
1.018750000000000000e+01 1.001993136672624241e+00 6.001571131591624132e-04
1.020833333333333215e+01 1.004525231187185508e+00 5.868068327481683203e-04
1.022916666666666607e+01 1.013788111258910662e+00 5.173232405183771131e-04
1.025000000000000000e+01 1.020230229258462629e+00 -6.718543844898655594e-04
1.027083333333333215e+01 1.015260910515934922e+00 4.616088903270341190e-04
1.029166666666666607e+01 9.994755663828148728e-01 -6.071390383560577121e-05
1.031250000000000000e+01 9.832943536564769937e-01 -8.012795192225380218e-04
1.033333333333333215e+01 9.768518706484821124e-01 1.148296946017537349e-03
1.035416666666666607e+01 9.715593336890657739e-01 5.211799920938323030e-04
1.037500000000000000e+01 9.789733431562009924e-01 2.271037281911148669e-04
1.039583333333333215e+01 9.918916472126723116e-01 -3.632357487988223193e-04
1.041666666666666607e+01 1.002388979077914133e+00 -1.027374898184996383e-03
1.043750000000000000e+01 1.014663367254395432e+00 -1.136840360067470704e-03
1.045833333333333215e+01 1.025420112732141842e+00 -3.773281786055657379e-04
1.047916666666666607e+01 1.036383949844231767e+00 -2.316003655113840906e-04
1.050000000000000000e+01 1.041219419437231952e+00 1.063865004318238034e-03
1.052083333333333215e+01 1.021956002441597899e+00 -5.405872030395825358e-05
1.054166666666666607e+01 1.002012509990419353e+00 1.300958815252654943e-03
1.056250000000000000e+01 9.852456874986099677e-01 5.825559594743984866e-04
1.058333333333333215e+01 9.760418026093999888e-01 4.701161288350091450e-04
1.060416666666666607e+01 9.687651493245968970e-01 -1.161324986493769522e-03
1.062500000000000000e+01 9.745457758433887507e-01 -6.119503745365208235e-04
1.064583333333333215e+01 9.860692504319606977e-01 -1.423098221326477139e-03
1.066666666666666607e+01 1.000794853727267730e+00 -4.025164930659540122e-04
1.068750000000000000e+01 1.011453217646549385e+00 -1.498633850999178110e-03
1.070833333333333215e+01 1.019276438476210522e+00 1.986016860220839175e-03
1.072916666666666607e+01 1.022496871199729762e+00 2.341920810426382409e-04
1.075000000000000000e+01 1.018310965737359242e+00 1.202035768905625754e-03
1.077083333333333215e+01 9.958223370862230306e-01 1.111015412486617915e-03
1.079166666666666607e+01 9.884786937498688530e-01 -1.692954357006724083e-03
1.081250000000000000e+01 9.866286015538168197e-01 1.528077990765905163e-03
1.083333333333333215e+01 9.938742533056695860e-01 6.161846739034981986e-04
1.085416666666666607e+01 1.007039425423730927e+00 1.665976939703618090e-03
1.087500000000000000e+01 1.013733956601864161e+00 -3.854691867283941862e-04
1.089583333333333215e+01 1.019251489230451613e+00 8.605350090443451882e-04
1.091666666666666607e+01 1.011187852048981428e+00 1.540641094349468922e-03
1.093750000000000000e+01 1.003199987495239309e+00 -6.298719473091235607e-04
1.095833333333333215e+01 9.997298662948651549e-01 -9.666815340379055280e-04
1.097916666666666607e+01 9.952995874783553409e-01 2.366643805658147273e-03
1.100000000000000000e+01 9.945350308725846578e-01 -4.692535938011045747e-04
1.102083333333333215e+01 9.818368763436274849e-01 3.283565220242151781e-03
1.104166666666666607e+01 9.856364061375930685e-01 -8.822748713631138823e-04
1.106250000000000000e+01 9.827936743437167832e-01 -1.560387958478589568e-03
1.108333333333333215e+01 9.991125902865514163e-01 7.421653226794603340e-04
1.110416666666666607e+01 1.012213349220962177e+00 -5.332632179746661422e-05
1.112500000000000000e+01 1.018497379654382362e+00 -8.874724294467725661e-04
1.114583333333333215e+01 1.027187786530969094e+00 4.889310869197919596e-04
1.116666666666666607e+01 1.025547122074267792e+00 -2.378513859109417788e-03
1.118750000000000000e+01 1.020409070636315141e+00 2.032829797912290813e-03
1.120833333333333215e+01 1.009711259463359045e+00 -8.496560002895112108e-04
1.122916666666666607e+01 9.954004278105551551e-01 -1.802294491038920537e-03
1.125000000000000000e+01 9.734150629543029121e-01 -2.269941970747457825e-03
1.127083333333333215e+01 9.744795052486765474e-01 -1.494778703758341959e-04
1.129166666666666607e+01 9.763805705674361013e-01 1.934706597832988855e-03
1.131250000000000000e+01 9.918964936030263413e-01 -6.718968187598634619e-04
1.133333333333333215e+01 1.013971126078641261e+00 8.848884233883148203e-05
1.135416666666666607e+01 1.021104230381792988e+00 1.385099798636412307e-03
1.137500000000000000e+01 1.024180310938087368e+00 -9.081768762953682048e-04
1.139583333333333215e+01 1.003448266268436750e+00 1.046426695367897418e-03
1.141666666666666607e+01 9.936726786454415095e-01 -1.679051168133813060e-03
1.143750000000000000e+01 9.874140028724448515e-01 -7.226371253637082787e-04
1.145833333333333215e+01 9.952475747492099956e-01 -9.188341582473768913e-04
1.147916666666666607e+01 9.999920576017543583e-01 -2.174970627360653906e-03
1.150000000000000000e+01 1.010329405182310181e+00 2.655679272580464476e-03
1.152083333333333215e+01 1.016173593142963183e+00 -4.906158945801656051e-04
1.154166666666666607e+01 1.018740955119107561e+00 -2.536739127374776077e-04
1.156250000000000000e+01 1.011830282701738470e+00 -7.318190391344741794e-04
1.158333333333333215e+01 9.899452218509739998e-01 1.001777739952090703e-04
1.160416666666666607e+01 9.738942243406916166e-01 9.305584701843625309e-04
1.162500000000000000e+01 9.551047425283282211e-01 1.020161209154010415e-03
1.164583333333333215e+01 9.636527842474704730e-01 7.347508260765468454e-04
1.166666666666666607e+01 9.816457040458247407e-01 5.761591489983266135e-04
1.168750000000000000e+01 1.013170464241325508e+00 1.324906281614720086e-03
1.170833333333333215e+01 1.034688810741765774e+00 -2.018379208120761777e-03
1.172916666666666607e+01 1.043982739727181697e+00 -1.134854957718578542e-04
1.175000000000000000e+01 1.033351334379087660e+00 7.487833400849446246e-04
1.177083333333333215e+01 1.022534657198682417e+00 -1.732800501580576170e-03
1.179166666666666607e+01 9.969539083101268684e-01 -1.120363645058908069e-03
1.181250000000000000e+01 9.782786206595519563e-01 -3.417713723936738422e-03
1.183333333333333215e+01 9.656838955853197515e-01 8.379185996743636561e-04
1.185416666666666607e+01 9.632329793462308665e-01 -9.278615168562086421e-04
1.187500000000000000e+01 9.759747003989454051e-01 -4.725552021612386411e-04
1.189583333333333215e+01 9.923005814312373385e-01 5.657897704879763989e-04
1.191666666666666607e+01 1.008751724996042709e+00 -1.734573681079583461e-03
1.193750000000000000e+01 1.018461312539352681e+00 3.719736091093557790e-04
1.195833333333333215e+01 1.023795786553682197e+00 -6.236302535809223912e-05
1.197916666666666607e+01 1.015176423945291839e+00 -1.687263737017546782e-05
1.200000000000000000e+01 9.994792770101335044e-01 1.099099103657265580e-03
1.202083333333333215e+01 9.944340242991281942e-01 -1.061387899746155951e-04
1.204166666666666607e+01 9.920074854418815535e-01 2.066673649455120967e-03
1.206250000000000000e+01 9.897084953683169539e-01 4.021492467519801510e-04
1.208333333333333215e+01 9.936101392841091284e-01 9.302459286064814316e-04
1.210416666666666607e+01 1.001957229454688791e+00 5.147801484501158620e-04
1.212500000000000000e+01 1.008145555995666021e+00 -3.001597769567889828e-03
1.214583333333333215e+01 1.004984136487551138e+00 2.796642019310039470e-03
1.216666666666666607e+01 1.009547236277910764e+00 -7.287182563901118846e-04
1.218750000000000000e+01 1.001220729429057599e+00 -8.013026181377329955e-04
1.220833333333333215e+01 9.906628162389576886e-01 -3.809834436444831779e-04
1.222916666666666607e+01 9.802649456244300064e-01 -2.919874860779425802e-05
1.225000000000000000e+01 9.827619436246732842e-01 1.614102526091080276e-03
1.227083333333333215e+01 9.864707241058233711e-01 -4.213908156568358038e-04
1.229166666666666607e+01 1.004197526643200167e+00 1.282957014300414086e-03
1.231250000000000000e+01 1.016796797737088198e+00 -2.390188640981491097e-03
1.233333333333333215e+01 1.014047216829417231e+00 1.761566085027623505e-05
1.235416666666666607e+01 1.011159611056170249e+00 2.716268113414240762e-04
1.237500000000000000e+01 1.002080545125806799e+00 1.968285194737878774e-03
1.239583333333333215e+01 9.955695603948041539e-01 3.461359950289116284e-03
1.241666666666666607e+01 9.908435271743002426e-01 -1.928929518810246679e-04
1.243750000000000000e+01 9.831655587013801156e-01 -1.589694275577890371e-03
1.245833333333333215e+01 9.906285211163424753e-01 9.427976485077678784e-04
1.247916666666666607e+01 9.911714452582717216e-01 -4.980537059572484257e-04
1.452083333333333215e+01 9.964308395650096628e-01 -1.698326848438962535e-03
1.454166666666666607e+01 9.904393758637272116e-01 -1.970735633120135246e-03
1.456250000000000000e+01 9.839848496068698269e-01 -1.459309867015926932e-03
1.458333333333333215e+01 9.862289304256837141e-01 1.751752508025910865e-04
1.460416666666666607e+01 9.943750792309520303e-01 5.399152783727899580e-04
1.462500000000000000e+01 1.000644781785238191e+00 5.863827034203193721e-04
1.464583333333333215e+01 1.009674888496392642e+00 1.823795076857526328e-04
1.466666666666666607e+01 1.018138878113116208e+00 2.198834378655877095e-04
1.468750000000000000e+01 1.011668561263753929e+00 -7.704673306414455865e-04
1.470833333333333215e+01 1.002666761399871209e+00 2.588110784616320503e-03
1.472916666666666607e+01 9.861947087353624131e-01 9.791139484035184682e-04
1.475000000000000000e+01 9.786181705169842981e-01 9.853882571342496757e-04
1.477083333333333215e+01 9.810708382839541386e-01 2.001712986666667748e-03
1.479166666666666607e+01 9.852375278761446031e-01 3.991557967827359232e-04
1.481250000000000000e+01 1.002864828393166707e+00 -1.128473998586167161e-03
1.483333333333333215e+01 1.015225346021914277e+00 1.130161555236945393e-04
1.485416666666666607e+01 1.021167085802852315e+00 1.619992401992012326e-04
1.487500000000000000e+01 1.009023259691933072e+00 -7.085257481989105932e-05
1.489583333333333215e+01 1.000820060421814262e+00 -1.326394970206064630e-03
1.491666666666666607e+01 9.910120534019569716e-01 -3.056746324434805786e-03
1.493750000000000000e+01 9.941214077058250220e-01 -4.379513520907660565e-04
1.495833333333333215e+01 9.875678642816855257e-01 -3.766673875633645024e-04
1.497916666666666607e+01 9.955793954011985525e-01 -1.255807489616320421e-03
1.500000000000000000e+01 1.005631336902625295e+00 6.467197119294871774e-04
1.502083333333333215e+01 1.008258748364716295e+00 -2.047462653539709222e-03
1.504166666666666607e+01 1.009987403060905731e+00 -6.109007317073750784e-04
1.506250000000000000e+01 1.003910557377819757e+00 2.015950347346071470e-03
1.508333333333333215e+01 9.956634304066696028e-01 3.703753797323567146e-04
1.510416666666666607e+01 9.875367677341234662e-01 -1.869010727892709807e-03
1.512500000000000000e+01 9.804747590975856353e-01 -1.230337377016814111e-04
1.514583333333333215e+01 9.913697065324543756e-01 8.233716647685594963e-05
1.516666666666666607e+01 9.927923249257450955e-01 -6.874654231764380698e-04
1.518750000000000000e+01 1.002588351837965686e+00 -1.051920569666728962e-03
1.520833333333333215e+01 1.006445392922172388e+00 1.531009735926665370e-03
1.522916666666666607e+01 1.008494511669114635e+00 -3.866361687685237222e-04
1.525000000000000000e+01 1.014568933258155115e+00 2.212184932586011739e-03
1.527083333333333215e+01 1.018023593893345513e+00 3.482162705892845279e-04
1.529166666666666607e+01 1.012681178765565848e+00 -1.332874714519203087e-03
1.531250000000000000e+01 1.007335054510170691e+00 -1.549871509723428371e-03
1.533333333333333215e+01 9.923014051191553220e-01 -1.467189712547021640e-03
1.535416666666666607e+01 9.855699829319751748e-01 -8.753970940819661567e-04
1.537500000000000000e+01 9.743374408749501114e-01 -5.155545966225383650e-04
1.539583333333333215e+01 9.755362831715452820e-01 1.647005194071740012e-03
1.541666666666666607e+01 9.831046762303331521e-01 -1.515339820851916916e-03
1.543750000000000000e+01 9.967650860732282236e-01 9.308045444033990166e-04
1.545833333333333215e+01 1.010229007962931469e+00 -1.900488991807170553e-03
1.547916666666666607e+01 1.012847378333158854e+00 -9.342754464208984392e-04
1.550000000000000000e+01 1.021014374682019277e+00 1.913530523761006880e-03
1.552083333333333215e+01 1.016877513714950609e+00 -4.772034111627784033e-04
1.554166666666666607e+01 1.002970836962874479e+00 1.016298329327249749e-04
1.556250000000000000e+01 9.935395217660415446e-01 -1.416176795701609096e-03
1.558333333333333215e+01 9.875764173054062400e-01 1.493565151412182355e-03
1.560416666666666607e+01 9.894414600916564551e-01 2.562857851414374641e-04
1.562500000000000000e+01 9.977821859343543043e-01 -4.518858808396673875e-04
1.564583333333333215e+01 1.015380632225704405e+00 2.628918800153013345e-03
1.566666666666666607e+01 1.019290480641972474e+00 -1.149072741197381146e-04
1.568750000000000000e+01 1.016954745812177707e+00 8.028329202033288601e-04
1.570833333333333215e+01 1.008741915587121785e+00 -7.477766593430324469e-04
1.572916666666666607e+01 1.002894957735856352e+00 2.221250805292575813e-03
1.575000000000000000e+01 9.899326442935234560e-01 -1.652632003729137241e-03
1.577083333333333215e+01 9.888000517480950435e-01 -1.244573223144443148e-03
1.579166666666666607e+01 9.840938180518443712e-01 6.982681303411554475e-04
1.581250000000000000e+01 9.813200148986909177e-01 1.438626996853977326e-03
1.583333333333333215e+01 9.824775009181043739e-01 5.539893690042043198e-04
1.585416666666666607e+01 9.871768225352445247e-01 6.501058985659835532e-04
1.587500000000000000e+01 9.937654681843567372e-01 -4.777418777968372304e-04
1.589583333333333215e+01 1.008827211144280422e+00 6.563828973321109107e-04
1.591666666666666607e+01 1.017802984187586413e+00 -9.280254501068961647e-04
1.593750000000000000e+01 1.022870842757684473e+00 -1.442489630282956176e-03
1.595833333333333215e+01 1.033588156161379112e+00 -1.448269313305599422e-03
1.597916666666666607e+01 1.033416890559460066e+00 9.547101319030790612e-04
1.600000000000000000e+01 1.025479276131896933e+00 1.852654143640143853e-03
1.602083333333333215e+01 1.006390343000471699e+00 -2.594084295760525527e-04
1.604166666666666430e+01 9.849930844288532494e-01 -3.098032663035418365e-03
1.606250000000000000e+01 9.710350835113563672e-01 -4.800801582105213689e-04
1.608333333333333215e+01 9.639054734512746414e-01 2.618089070064663799e-03
1.610416666666666430e+01 9.679650335143369366e-01 1.345425046028036987e-03
1.612500000000000000e+01 9.842465282457915077e-01 -4.508409742136530946e-04
1.614583333333333215e+01 9.981477669871278158e-01 2.630630363960906687e-05
1.616666666666666430e+01 1.006241185224824530e+00 -1.967105001057774336e-04
1.618750000000000000e+01 1.022263478053574204e+00 1.298213108163354893e-03
1.620833333333333215e+01 1.024235477182063869e+00 1.010925958486617524e-04
1.622916666666666430e+01 1.030783274200334887e+00 3.084512715780967675e-03
1.625000000000000000e+01 1.018673140403339783e+00 -2.951659275639928015e-04
1.627083333333333215e+01 1.004505536997082116e+00 -8.395397969835315111e-04
1.629166666666666430e+01 9.982824786922012139e-01 7.910257886927203955e-04
1.631250000000000000e+01 9.909130350257041586e-01 4.132196810793762080e-04
1.633333333333333215e+01 9.824266159943346732e-01 4.005727007706821777e-04
1.635416666666666430e+01 9.874081517746395864e-01 8.928915111993887413e-04
1.637500000000000000e+01 1.001449416676884585e+00 2.537806902984355998e-04
1.639583333333333215e+01 1.010241771122931231e+00 -9.608413182982538953e-04
1.641666666666666430e+01 1.020895727334164338e+00 -1.511064921611158813e-03
1.643750000000000000e+01 1.025160269323531770e+00 -2.093353069622206058e-03
1.645833333333333215e+01 1.023793795406779505e+00 -6.873810863598702478e-04
1.647916666666666430e+01 1.010134418563833458e+00 -5.783366209513628522e-04
1.650000000000000000e+01 9.896816879047305449e-01 -8.939379678823788748e-04
1.652083333333333215e+01 9.703759694487096299e-01 -7.774340183740856974e-04
1.654166666666666430e+01 9.604467796985722838e-01 5.373091681519372815e-04
1.656250000000000000e+01 9.695486757058499050e-01 1.931273627863343625e-03
1.658333333333333215e+01 9.896803807909488881e-01 -2.604362391670144382e-04
1.660416666666666430e+01 1.013180389424771510e+00 1.064986569135975732e-03
1.662500000000000000e+01 1.033826178592138767e+00 1.037556725127314556e-03
1.664583333333333215e+01 1.042069999574190220e+00 3.082183119920203491e-04
1.666666666666666430e+01 1.034404149556160002e+00 -2.038022408305460633e-03
1.668750000000000000e+01 1.023072025891972325e+00 5.742771120778413017e-05
1.670833333333333215e+01 9.989011544536252618e-01 -1.413833297383329740e-03
1.672916666666666430e+01 9.842447778820405668e-01 -1.859223539535166886e-03
1.675000000000000000e+01 9.738304019719806748e-01 -1.218888363831289019e-04
1.677083333333333215e+01 9.771282269686204502e-01 -6.126831860804666163e-04
1.679166666666666430e+01 9.942479551814209504e-01 -5.407225422565697156e-04
1.681250000000000000e+01 1.011840913529489905e+00 -1.626047313265040250e-03
1.683333333333333215e+01 1.022837156249013280e+00 -6.062144137509534137e-04
1.685416666666666430e+01 1.023211333772465537e+00 -3.304999907463832166e-05
1.687500000000000000e+01 1.007867045961372776e+00 8.705868549216345866e-04
1.689583333333333215e+01 9.997548614946966117e-01 3.128062464795864831e-05
1.691666666666666430e+01 9.847034733034664145e-01 -1.262831405175535117e-03
1.693750000000000000e+01 9.788384840692768707e-01 -1.291517983601901155e-03
1.695833333333333215e+01 9.839258813079063692e-01 2.369010898889378249e-03
1.697916666666666430e+01 9.905698185110841658e-01 2.603060604191219873e-04
1.700000000000000000e+01 1.001090472111953567e+00 -1.129131407590305922e-03
1.702083333333333215e+01 1.013200695357000969e+00 1.286380306400859925e-03
1.704166666666666430e+01 1.018598937825840212e+00 -6.220331559811719338e-05
1.706250000000000000e+01 1.021727412082539699e+00 -4.132574556761097915e-04
1.708333333333333215e+01 1.016248446660682259e+00 -1.028906309344275027e-03
1.710416666666666430e+01 1.000558201267399694e+00 -3.615644038743571174e-03
1.712500000000000000e+01 9.965200245411568458e-01 -3.969407559786846860e-04
1.714583333333333215e+01 9.938277330667917298e-01 -1.191033200203521058e-03
1.716666666666666430e+01 9.920836928649833242e-01 -9.100726149867374758e-04
1.718750000000000000e+01 1.006679642378568884e+00 9.295160314676049118e-04
1.720833333333333215e+01 1.018887463764268864e+00 3.907377950252797637e-04
1.722916666666666430e+01 1.019938433715545933e+00 -8.164231170272737625e-04
1.725000000000000000e+01 1.014300190799352075e+00 -1.005800192259099319e-03
1.727083333333333215e+01 9.989404582489620488e-01 -1.324081341416269127e-03
1.729166666666666430e+01 9.841182726454792418e-01 7.578118023208240892e-04
1.731250000000000000e+01 9.732782138998977706e-01 2.303299820038554394e-03
1.733333333333333215e+01 9.696215760986720555e-01 -1.710692610067257331e-03
1.735416666666666430e+01 9.702369280924137973e-01 -8.382715772802879417e-05
1.737500000000000000e+01 9.862021119847942385e-01 1.141670460209882366e-03
1.739583333333333215e+01 1.005445822958352942e+00 -2.072162418425691453e-03
1.741666666666666430e+01 1.025048764706868898e+00 -4.500881256576973188e-04
1.743750000000000000e+01 1.039539774849604470e+00 1.273856576401246254e-03
1.745833333333333215e+01 1.038122126040328164e+00 1.886406415676445065e-03
1.747916666666666430e+01 1.029147313851805912e+00 9.356201569689457254e-04
1.750000000000000000e+01 1.016975550610009771e+00 -1.687934608052443937e-04
1.752083333333333215e+01 1.005772538373873592e+00 9.013005650067123760e-04
1.754166666666666430e+01 1.002833936291495309e+00 2.656570090281727757e-04
1.756250000000000000e+01 1.003115396103703816e+00 9.744103520926808469e-04
1.758333333333333215e+01 9.956150895891010544e-01 -1.629046697765960993e-03
1.760416666666666430e+01 9.879864596850614911e-01 -1.720107056780761316e-03
1.762500000000000000e+01 9.810005895764564166e-01 2.049750311595355343e-03
1.764583333333333215e+01 9.687578600283602848e-01 3.318900916068300813e-04
1.766666666666666430e+01 9.659456834558243221e-01 2.095170568027092308e-03
1.768750000000000000e+01 9.729849179505074552e-01 -3.090675527464528303e-04
1.770833333333333215e+01 9.880075185728627307e-01 1.090220172142872040e-03
1.772916666666666430e+01 1.002944568928066493e+00 8.711997280252418898e-04
1.775000000000000000e+01 1.019402309216614899e+00 -7.609060279394876331e-04
1.777083333333333215e+01 1.033117771684540331e+00 2.278927078189879520e-03
1.779166666666666430e+01 1.035098003814464374e+00 -7.079386851632044628e-04
1.781250000000000000e+01 1.030589133109188982e+00 -4.441307989759671381e-04
1.783333333333333215e+01 1.014321649407505133e+00 2.264988976705155886e-03
1.785416666666666430e+01 1.003258205612652665e+00 2.774035940162918219e-03
1.787500000000000000e+01 9.921791477085237787e-01 -9.219584530062132277e-04
1.789583333333333215e+01 9.930959178493437012e-01 -2.920393863305081254e-04
1.791666666666666430e+01 9.960272625625027354e-01 -2.903739771623238194e-03
1.793750000000000000e+01 9.972105121165006913e-01 -1.694920702605795309e-03
1.795833333333333215e+01 9.958390931791969436e-01 1.552976952248626271e-03
1.797916666666666430e+01 9.925677640414666270e-01 7.560069337778106474e-04
1.800000000000000000e+01 9.925555816637737783e-01 -7.771025760928865038e-04
1.802083333333333215e+01 9.902509581305121156e-01 2.184195595046575268e-04
1.804166666666666430e+01 9.837765327086237521e-01 1.270979663114881354e-04
1.806250000000000000e+01 9.825815309861831714e-01 -7.966551787429275314e-04
1.808333333333333215e+01 9.834104390392820472e-01 1.916983082745726211e-03
1.810416666666666430e+01 9.870538252091858311e-01 2.417897754354707295e-04
1.812500000000000000e+01 9.993125993252243155e-01 -1.401119634739182804e-03
1.814583333333333215e+01 1.010779704798758116e+00 1.204440655451799805e-03
1.816666666666666430e+01 1.026223968884193205e+00 4.003002966964764415e-04
1.818750000000000000e+01 1.029806418931532352e+00 -1.111719677658247604e-03
1.820833333333333215e+01 1.036493030049469466e+00 -1.245711575746780804e-03
1.822916666666666430e+01 1.033602682578068199e+00 -5.150465736233073976e-04
1.825000000000000000e+01 1.025935379019506710e+00 2.613386245109893197e-04
1.827083333333333215e+01 1.007840636004867951e+00 -6.879979165081910424e-04
1.829166666666666430e+01 9.945473482294548973e-01 1.180551057094353503e-03
1.831250000000000000e+01 9.729808056504278824e-01 1.331595899977368108e-03
1.833333333333333215e+01 9.560702091420295590e-01 -3.900885354315398947e-04
1.835416666666666430e+01 9.509432232712775601e-01 -2.288800283919156103e-03
1.837500000000000000e+01 9.546168924734518280e-01 -5.753307462480111755e-04
1.839583333333333215e+01 9.682397670432938419e-01 -7.594233042454226479e-04
1.841666666666666430e+01 9.861743850707286319e-01 1.805313106508769699e-03
1.843750000000000000e+01 1.007071825296226519e+00 4.779192383829572433e-04
1.845833333333333215e+01 1.026860813372295178e+00 1.260876688246762283e-03
1.847916666666666430e+01 1.035559201642059168e+00 -2.722175634093812685e-04
1.850000000000000000e+01 1.042468598437411798e+00 1.241900583598666129e-03
1.852083333333333215e+01 1.040792586780795670e+00 1.364557964706967488e-04
1.854166666666666430e+01 1.029665124346488714e+00 -2.574021580875450617e-04
1.856250000000000000e+01 1.006360311492064952e+00 8.003894058600319805e-04
1.858333333333333215e+01 9.899223169687708657e-01 -9.344757906565138257e-04
1.860416666666666430e+01 9.765088126777545785e-01 1.459469032058648835e-03
1.862500000000000000e+01 9.717089433570051948e-01 -1.302450096840380685e-03
1.864583333333333215e+01 9.759911613753096127e-01 2.588692278491986059e-04
1.866666666666666430e+01 9.841569614527783116e-01 -1.884710745830233455e-03
1.868750000000000000e+01 9.880585160469305128e-01 -3.759943172895994254e-04
1.870833333333333215e+01 9.962500577204399521e-01 -4.045508776283118150e-04
1.872916666666666430e+01 1.002387699673828347e+00 -1.266993917029435356e-03
1.875000000000000000e+01 1.008732739986298643e+00 3.151733702152597662e-03
1.877083333333333215e+01 1.005225922159348917e+00 -5.436643190113188981e-04
1.879166666666666430e+01 9.936458720738163830e-01 1.248232913059763808e-03
1.881250000000000000e+01 9.944042757873519101e-01 -1.799289695477444872e-03
1.883333333333333215e+01 1.004694185320033961e+00 3.132160342704848376e-04
1.885416666666666430e+01 1.012006363766082551e+00 -1.178870300881885644e-03
1.887500000000000000e+01 1.021028517438594019e+00 1.255446241516914880e-03
1.889583333333333215e+01 1.022253556297261223e+00 1.107153384910347562e-03
1.891666666666666430e+01 1.016192387280362208e+00 7.475316297750163796e-04
1.893750000000000000e+01 9.961224451275837444e-01 1.169720334156831290e-03
1.895833333333333215e+01 9.878281137530141587e-01 -1.494437713467705858e-03
1.897916666666666430e+01 9.773551410852242549e-01 2.849841283888072431e-04
1.900000000000000000e+01 9.841792573694205792e-01 3.584802604853797904e-04
1.902083333333333215e+01 9.834857278396911262e-01 4.155974259640968119e-04
1.904166666666666430e+01 9.900990917563731175e-01 1.311443266248679814e-03
1.906250000000000000e+01 1.002774327489095452e+00 3.455305077901750684e-03
1.908333333333333215e+01 1.016259746270095965e+00 -6.703133840433537225e-04
1.910416666666666430e+01 1.020445233480060887e+00 7.711071501194978212e-04
1.912500000000000000e+01 1.012213381425662861e+00 7.359875749728605684e-04
1.914583333333333215e+01 1.005018102305190508e+00 5.240900052642448285e-04
1.916666666666666430e+01 9.927038663944638408e-01 -1.409492143442652758e-03
1.918750000000000000e+01 9.811406010852307125e-01 1.119947802015404219e-03
1.920833333333333215e+01 9.853361059906119435e-01 1.419950814394430917e-03
1.922916666666666430e+01 9.928471205598391469e-01 3.427931092902950037e-04
1.925000000000000000e+01 1.012205876898726764e+00 9.689533958246636727e-04
1.927083333333333215e+01 1.014581051904478892e+00 7.472756144208899157e-05
1.929166666666666430e+01 1.019343494994747079e+00 5.322437101231845998e-04
1.931250000000000000e+01 1.017126379377115919e+00 -1.558887505721145636e-03
1.933333333333333215e+01 1.008209338531200538e+00 -2.487113460453186861e-04
1.935416666666666430e+01 9.960703650040272361e-01 1.562525309756755774e-03
1.937500000000000000e+01 9.795664795905025812e-01 1.556411978292457517e-04
1.939583333333333215e+01 9.774813954936620863e-01 -4.049886995276310306e-04
1.941666666666666430e+01 9.788909112624264441e-01 2.007349021061471429e-03
1.943750000000000000e+01 9.948019055178163317e-01 1.022419072375243491e-03
1.945833333333333215e+01 1.014222033180300464e+00 -9.570044087203969513e-04
1.947916666666666430e+01 1.025627454720346776e+00 -8.497759457936297084e-04
1.950000000000000000e+01 1.024625600982792983e+00 5.761988170851216643e-04
1.952083333333333215e+01 1.028773010419249401e+00 -1.529515053915253347e-04
1.954166666666666430e+01 1.012194497953767147e+00 -7.285700305740740602e-06
1.956250000000000000e+01 9.965074169075865962e-01 1.587727417405931148e-03
1.958333333333333215e+01 9.889740675615563692e-01 -1.302599747631766813e-03
1.960416666666666430e+01 9.784152645027854867e-01 1.584798856216549376e-03
1.962500000000000000e+01 9.692687510008042295e-01 -4.622989621193934707e-04
1.964583333333333215e+01 9.742275638748020272e-01 -9.969307778391579226e-04
1.966666666666666430e+01 9.827743866745924928e-01 9.335091172162501708e-04
1.968750000000000000e+01 9.996179625081422770e-01 -6.038269496022961175e-04
1.970833333333333215e+01 1.020359127905462904e+00 -2.014697168920522290e-03
1.972916666666666430e+01 1.039082065453115433e+00 2.417128658655491851e-03
1.975000000000000000e+01 1.041744507062370095e+00 4.175898760278023308e-04
1.977083333333333215e+01 1.034687053807196833e+00 -1.555794729075855236e-04
1.979166666666666430e+01 1.024611743334275848e+00 3.475629999659635930e-04
1.981250000000000000e+01 1.008231382732960091e+00 2.039214086561564471e-03
1.983333333333333215e+01 9.882944471351891025e-01 1.195070194275800425e-03
1.985416666666666430e+01 9.753172009859863989e-01 -1.046657071619383050e-03
1.987500000000000000e+01 9.712517992199291017e-01 -2.753411412851252196e-03
1.989583333333333215e+01 9.729281442109654066e-01 1.606866520397410908e-03
1.991666666666666430e+01 9.898863620092518412e-01 3.217859160093412916e-04
1.993750000000000000e+01 1.003166587973133961e+00 -3.115951387541098221e-03
1.995833333333333215e+01 1.014436420318540977e+00 -2.008552163458714266e-03
1.997916666666666430e+01 1.011881996867801892e+00 2.186149123713741478e-04
2.000000000000000000e+01 1.004352306217757507e+00 -9.379530119802881229e-04
2.002083333333333215e+01 9.930847041343429105e-01 4.470922355996232605e-04
2.004166666666666430e+01 9.946647742168072126e-01 -5.459189897547927182e-04
2.006250000000000000e+01 9.887795205431461065e-01 5.860545670453673906e-04
2.008333333333333215e+01 1.004210484813911952e+00 9.630334073804239843e-05
2.010416666666666430e+01 1.011937283602637461e+00 9.255252093099016180e-05
2.012500000000000000e+01 1.016662105281949335e+00 -8.453670057542172242e-05
2.014583333333333215e+01 1.022385752710871065e+00 2.264970239850698595e-03
2.016666666666666430e+01 1.013598535263966927e+00 5.221018152452515902e-04
2.018750000000000000e+01 1.009004507807003348e+00 -1.522268663672967943e-03
2.020833333333333215e+01 9.987908179047905177e-01 1.291045630958580302e-03
2.022916666666666430e+01 9.887692702733056338e-01 -9.996981150180012901e-05
2.025000000000000000e+01 9.807754281919371930e-01 -1.138599731167871595e-03
2.027083333333333215e+01 9.789053951541071275e-01 -9.410166520583418143e-04
2.029166666666666430e+01 9.818161850813659219e-01 1.728451169097781339e-03
2.031250000000000000e+01 9.881658115677965926e-01 9.345442181964969380e-04
2.033333333333333215e+01 9.822223147930828624e-01 -4.630807835067920434e-04
2.035416666666666430e+01 9.839630814690607519e-01 8.244301560735032078e-04
2.037500000000000000e+01 9.942584239511236266e-01 -8.159841036153827254e-04
2.039583333333333215e+01 1.006254087166863043e+00 -1.627626995995805868e-03
2.041666666666666430e+01 1.022240983008630977e+00 8.441689254981749090e-04
2.043750000000000000e+01 1.030576735619592066e+00 7.503173815224460337e-04
2.045833333333333215e+01 1.035493936445546881e+00 -1.913933708113549174e-03
2.047916666666666430e+01 1.021677468674363265e+00 -1.695080784207137229e-03
2.050000000000000000e+01 1.013157044705693233e+00 -2.138036393729422647e-05
2.052083333333333215e+01 1.001858235912958639e+00 1.895611174498441041e-03
2.054166666666666430e+01 9.854288291106728659e-01 -8.506135605580913278e-04
2.056250000000000000e+01 9.751446128796252832e-01 -3.049292292450790428e-05
2.058333333333333215e+01 9.638086607147040574e-01 -1.505792905490630764e-03
2.060416666666666430e+01 9.629128211640313184e-01 1.819598231627073820e-03
2.062500000000000000e+01 9.750958990778808566e-01 -5.371909626098644299e-04
2.064583333333333215e+01 9.914667542910822196e-01 4.913169107367528279e-04
2.066666666666666430e+01 1.006991235186855072e+00 3.947435248205545397e-05
2.068750000000000000e+01 1.023363099603935789e+00 5.941963125011170662e-04
2.070833333333333215e+01 1.022193335293688721e+00 1.079407030451654762e-03
2.072916666666666430e+01 1.019531066866367519e+00 -1.514699645413443820e-03
2.075000000000000000e+01 1.003478715510156549e+00 -2.067318388863954338e-03
2.077083333333333215e+01 1.001371656774080021e+00 1.081804392480096395e-03
2.079166666666666430e+01 9.941070474461725093e-01 -1.615704155813315083e-03
2.081250000000000000e+01 9.871051080051578275e-01 1.472323821130492368e-03
2.083333333333333215e+01 9.856719031916134632e-01 1.415193446421557410e-03
2.085416666666666430e+01 9.990715890181415260e-01 -2.080719298170434061e-03
2.087500000000000000e+01 1.010059625085768520e+00 2.788684343013513901e-03
2.089583333333333215e+01 1.017044457927600565e+00 1.723871497288819582e-03
2.091666666666666430e+01 1.015917645905435318e+00 -8.810226734908724149e-04
2.093750000000000000e+01 1.007063305079845428e+00 9.469841642325130043e-04
2.095833333333333215e+01 9.860782137838857153e-01 1.107091546367678031e-03
2.097916666666666430e+01 9.723603478610409745e-01 -1.361941278766303203e-03
2.100000000000000000e+01 9.734709053189081196e-01 1.221330305447809695e-03
2.102083333333333215e+01 9.806562487050293209e-01 1.028205867183729473e-03
2.104166666666666430e+01 9.958781634066897759e-01 -6.389302177644274992e-06
2.106250000000000000e+01 1.006113162791252957e+00 -7.474513658571754976e-04
2.108333333333333215e+01 1.018576927639393226e+00 -1.362775602917527633e-03
2.110416666666666430e+01 1.026312362285413560e+00 -3.707692895703867259e-04
2.112500000000000000e+01 1.017965955277934542e+00 1.601878030000347198e-03
2.114583333333333215e+01 1.008730248342436520e+00 4.286487429811799499e-04
2.116666666666666430e+01 1.000658123063550287e+00 8.830346028280617091e-05
2.118750000000000000e+01 9.908248029319097760e-01 -1.598703888902920384e-03
2.120833333333333215e+01 9.824708668148633972e-01 -1.073202446167543763e-03
2.122916666666666430e+01 9.907371495754700996e-01 2.431641314921786684e-04
2.125000000000000000e+01 9.993151741089902895e-01 -2.267933240231513256e-03
2.127083333333333215e+01 1.000215677312793705e+00 -4.234100435930955911e-04
2.129166666666666430e+01 1.001403424957248323e+00 1.016296842797260016e-03
2.131250000000000000e+01 1.002962172028815102e+00 -2.522672260311123135e-04
2.133333333333333215e+01 1.003936156804817070e+00 -2.008130801374033870e-03
2.135416666666666430e+01 1.004831243366686166e+00 9.513988164746683658e-04
2.137500000000000000e+01 1.007090270115780894e+00 1.208528264610601822e-03
2.139583333333333215e+01 1.000983273427657361e+00 -1.977271584133495543e-03
2.141666666666666430e+01 1.000990810205706794e+00 -9.964665994968402961e-04
2.143750000000000000e+01 9.943435516914453931e-01 -3.539416512947837616e-04
2.145833333333333215e+01 9.876732598605594271e-01 2.168200044153547040e-03
2.147916666666666430e+01 9.888111881016278248e-01 5.280891460135558792e-04
2.150000000000000000e+01 9.970624430519926529e-01 -1.053633872374651846e-04
2.152083333333333215e+01 1.008027290002125875e+00 -4.956541885396083995e-04
2.154166666666666430e+01 1.012740658534504457e+00 -1.276803542180669467e-03
2.156250000000000000e+01 1.013460071154560271e+00 2.844433661381747490e-03
2.158333333333333215e+01 1.008222816739191563e+00 -2.147926083609071686e-04
2.160416666666666430e+01 1.004516354491059804e+00 -2.216118838911213494e-04
2.162500000000000000e+01 9.968407171316577831e-01 1.660287960509365494e-03
2.164583333333333215e+01 9.908152205074292063e-01 1.417757718211985502e-03
2.166666666666666430e+01 9.896117397655570525e-01 1.662638003631265130e-04
2.168750000000000000e+01 9.934645952924097134e-01 8.015654081437327463e-04
2.170833333333333215e+01 1.008226018495614662e+00 -7.788255957163764268e-04
2.172916666666666430e+01 1.011084153472431968e+00 1.570129874950671779e-03
2.175000000000000000e+01 1.015834393519351009e+00 -2.775094638321494895e-05
2.177083333333333215e+01 1.010362506093716917e+00 -5.628247893931119300e-04
2.179166666666666430e+01 9.996448275362210811e-01 2.134234795162421195e-03
2.181250000000000000e+01 9.868252913442674412e-01 3.814599536974544317e-05
2.183333333333333215e+01 9.848853681395641768e-01 5.840530393021327966e-04
2.185416666666666430e+01 9.830465429457951876e-01 -1.763575960389638340e-03
2.187500000000000000e+01 9.868988356243052484e-01 1.814646885980665189e-03
2.189583333333333215e+01 9.905567143087625759e-01 9.918874266132385493e-04
2.191666666666666430e+01 9.945045414425165431e-01 -3.195903731357865049e-04
2.193750000000000000e+01 1.004246164448307388e+00 -2.190320137398491396e-03
2.195833333333333215e+01 1.016368324119287347e+00 -2.602416184854245817e-04
2.197916666666666430e+01 1.028073858414507269e+00 1.579427780600000438e-03
2.200000000000000000e+01 1.037671102378392218e+00 1.046054899652478854e-03
2.202083333333333215e+01 1.026632708033630159e+00 5.186914181877133514e-04
2.204166666666666430e+01 1.018534842918895178e+00 2.718287153912194842e-03
2.206250000000000000e+01 1.001941073733461973e+00 5.872945529163748268e-04
2.208333333333333215e+01 9.887807735310539803e-01 1.541296546933082750e-03
2.210416666666666430e+01 9.743844870428850502e-01 6.284612738436152904e-04
2.212500000000000000e+01 9.617641916498758103e-01 7.565330756654556604e-04
2.214583333333333215e+01 9.604646592876616706e-01 1.881603433966684016e-04
2.216666666666666430e+01 9.752197845088704797e-01 -3.495259458924878152e-04
2.218750000000000000e+01 9.922181576043883622e-01 -5.400786508160783719e-04
2.220833333333333215e+01 1.008662908482235832e+00 1.372489238677434328e-03
2.222916666666666430e+01 1.025769198110090707e+00 1.093291717385718679e-03
2.225000000000000000e+01 1.032556384905787272e+00 1.330049056085776192e-04
2.227083333333333215e+01 1.026954196152517929e+00 9.279502792383549636e-04
2.229166666666666430e+01 1.030040904065086860e+00 -2.807873352279425475e-03
2.231250000000000000e+01 1.016498192495340458e+00 -9.977714396330879081e-04
2.233333333333333215e+01 1.014028024902370539e+00 -3.024931819300470150e-04
2.235416666666666430e+01 1.007550364300192403e+00 -1.680746549835405936e-05
2.237500000000000000e+01 9.959135331104042033e-01 -1.020116689774565295e-04
2.239583333333333215e+01 9.796663866816197608e-01 1.678088668853980336e-03
2.241666666666666430e+01 9.710968310803467229e-01 -6.329665677562945581e-04
2.243750000000000000e+01 9.713339666249147797e-01 -1.577978139725916881e-03
2.245833333333333215e+01 9.788159427942548785e-01 1.532565791785654241e-03
2.247916666666666430e+01 9.907240299878617984e-01 -3.337304827801849884e-04
2.250000000000000000e+01 1.002390320580884175e+00 -2.241353936485457939e-03
2.252083333333333215e+01 1.012691076381775801e+00 -9.940257062315373054e-05
2.254166666666666430e+01 1.020457296874396791e+00 2.786751027261270570e-03
2.256250000000000000e+01 1.020079104683754290e+00 4.365284692342794623e-04
2.258333333333333215e+01 1.012844354333178654e+00 1.898740039462009505e-03
2.260416666666666430e+01 1.005827873938562877e+00 3.767262899534610599e-04
2.262500000000000000e+01 1.005083122894238512e+00 2.980252781295747574e-04
2.264583333333333215e+01 1.004358253782106303e+00 -9.438363351457795987e-04
2.266666666666666430e+01 1.012830663872493098e+00 1.953599578892184496e-03
2.268750000000000000e+01 1.022721225735955919e+00 9.447975862532157192e-04
2.270833333333333215e+01 1.018244775898663690e+00 -3.128378302101708468e-04
2.272916666666666430e+01 1.003247825877184196e+00 7.996178192783816524e-04
2.275000000000000000e+01 9.845959840148266196e-01 2.410797187587029791e-03
2.277083333333333215e+01 9.593208386026688128e-01 4.787851648290721213e-04
2.279166666666666430e+01 9.475597927340048132e-01 1.422813562997080419e-04
2.281250000000000000e+01 9.571090552611865032e-01 -6.304572571127625702e-04
2.283333333333333215e+01 9.797171497110640503e-01 -8.718250529183080907e-04
2.285416666666666430e+01 1.011242644144545677e+00 -9.246318300383250506e-04
2.287500000000000000e+01 1.034455282652792629e+00 -2.917478510404942962e-03
2.289583333333333215e+01 1.054735623521199317e+00 -7.508932123410251699e-04
2.291666666666666430e+01 1.055079070918036432e+00 2.733945508379649679e-04
2.293750000000000000e+01 1.048978836934364889e+00 -1.767782548485435316e-03
2.295833333333333215e+01 1.017734330540403187e+00 -6.238249226440741339e-04
2.297916666666666430e+01 9.952815137646704446e-01 1.056767008247568983e-03
2.300000000000000000e+01 9.703651985216011910e-01 2.370909079301446022e-05
2.302083333333333215e+01 9.638691555884982831e-01 -1.675968925788853033e-03
2.304166666666666430e+01 9.638811155751525472e-01 2.735735388347477863e-03
2.306250000000000000e+01 9.798769468461115961e-01 5.234029509846059103e-04
2.308333333333333215e+01 9.952347743421445792e-01 1.656409577205159933e-03
2.310416666666666430e+01 1.008089664308042144e+00 -5.559992427663943901e-04
2.312500000000000000e+01 1.018673120738724958e+00 2.033443527801717437e-04
2.314583333333333215e+01 1.022457148819674977e+00 6.312902144314934579e-04
2.316666666666666430e+01 1.011618061249893508e+00 6.362918285625291173e-04
2.318750000000000000e+01 1.005270386503059443e+00 -4.265760643963587592e-05
2.320833333333333215e+01 9.955226217971862024e-01 2.563836560657038266e-04
2.322916666666666430e+01 9.801665481197313623e-01 -1.476483353428360368e-03
2.325000000000000000e+01 9.816566471890670886e-01 -9.285157978163515943e-04
2.327083333333333215e+01 9.968315219991400467e-01 1.944148567363553634e-03
2.329166666666666430e+01 1.012717108566910218e+00 -1.027831339864502310e-03
2.331250000000000000e+01 1.034396597189771505e+00 3.970562356170255795e-04
2.333333333333333215e+01 1.034630139176223818e+00 -2.379453875384609975e-03
2.335416666666666430e+01 1.024593317799808778e+00 -1.319875165406689515e-03
2.337500000000000000e+01 1.006059717735265036e+00 7.894843561258489901e-04
2.339583333333333215e+01 9.930787864955806787e-01 -1.167629971047774847e-03
2.341666666666666430e+01 9.724156925609558355e-01 3.332346254390231781e-04
2.343750000000000000e+01 9.618165877627324889e-01 -6.205471822583883334e-04
2.345833333333333215e+01 9.594243027523403633e-01 -5.879166665018667861e-04
2.347916666666666430e+01 9.712778178911638527e-01 -1.394465923499580090e-03
2.350000000000000000e+01 9.833688309887803625e-01 -1.614040936126321876e-04
2.352083333333333215e+01 1.009667088731044160e+00 -1.774335990120696517e-03
2.354166666666666430e+01 1.028061369104805944e+00 2.049723494689539805e-04
2.356250000000000000e+01 1.035172009293144235e+00 6.836698614914930817e-04
2.358333333333333215e+01 1.038722270456352792e+00 4.862403953177588459e-03
2.360416666666666430e+01 1.026131631092093377e+00 -1.868121305238377257e-03
2.362500000000000000e+01 1.022118335271072764e+00 2.855239944875573484e-03
2.364583333333333215e+01 1.016117141519636835e+00 -6.508177173694226943e-04
2.366666666666666430e+01 1.006344497447263064e+00 1.040694771707222424e-03
2.368750000000000000e+01 9.930568054783367460e-01 -7.732890080010254900e-05
2.370833333333333215e+01 9.831160392647149138e-01 7.998664000741829451e-05
2.372916666666666430e+01 9.711464216691774176e-01 1.171500927531333655e-03
2.375000000000000000e+01 9.772529291620662972e-01 -3.668615374005864110e-03
2.377083333333333215e+01 9.832290196632550439e-01 -1.081767127511383585e-04
2.379166666666666430e+01 9.882129959226867433e-01 -1.617423391574055510e-03
2.381250000000000000e+01 9.913886338927162534e-01 4.226860826904266341e-04
2.383333333333333215e+01 9.983626562783359804e-01 6.264273454961035532e-04
2.385416666666666430e+01 1.010467898235149597e+00 1.829885453482858314e-03
2.387500000000000000e+01 1.013572385688211286e+00 4.547905886123704885e-04
2.389583333333333215e+01 1.019276856686203381e+00 6.844504518494846619e-04
2.391666666666666430e+01 1.027586482759831998e+00 -1.088399499658419985e-03
2.393750000000000000e+01 1.021944624822457737e+00 1.066408760694388799e-03
2.395833333333333215e+01 1.012987289481368958e+00 -1.999049275814031420e-04
2.397916666666666430e+01 1.006996608366165891e+00 -1.016252731723737198e-03
2.400000000000000000e+01 9.938467883504250588e-01 -8.682985039958750770e-04
2.402083333333333215e+01 9.879997684798411672e-01 -1.007072039494109585e-04
2.404166666666666430e+01 9.860149362236990678e-01 4.103967524364243572e-04
2.406250000000000000e+01 9.760951885041574405e-01 7.287102462186536818e-04
2.408333333333333215e+01 9.800353951670529584e-01 6.874126692730261976e-04
2.410416666666666430e+01 9.929379391108499320e-01 1.309684271372833254e-03
2.412500000000000000e+01 1.002943595197112181e+00 2.872265873031737762e-04
2.414583333333333215e+01 1.009365516500632109e+00 -1.018689871500408871e-03
2.416666666666666430e+01 1.012086216736781008e+00 4.025366431855134717e-04
2.418750000000000000e+01 1.011151448182172619e+00 8.861288230811376673e-04
2.420833333333333215e+01 1.010542762465778788e+00 2.569721162196710561e-03
2.422916666666666430e+01 1.003426456934831457e+00 -1.104200359584248532e-04
2.425000000000000000e+01 1.004940533770200872e+00 4.809900547029830704e-04
2.427083333333333215e+01 1.003014659417966747e+00 -1.212186411855365945e-04
2.429166666666666430e+01 9.975356160179927878e-01 -1.038860841558012795e-04
2.431250000000000000e+01 9.920946740031147959e-01 -1.082912441283023688e-03
2.433333333333333215e+01 9.865579331438465438e-01 -6.610348804391990999e-04
2.435416666666666430e+01 9.946991406416925141e-01 1.311284355333285166e-03
2.437500000000000000e+01 1.000769430435126672e+00 -2.946086541441294030e-04
2.439583333333333215e+01 1.003570958513835709e+00 -1.812803427738230453e-03
2.441666666666666430e+01 1.003481004395818221e+00 1.092440411215025433e-03
2.443750000000000000e+01 1.004414556283058868e+00 4.875451031710499724e-04
2.445833333333333215e+01 1.006915364653345080e+00 -1.894298590995799596e-04
2.447916666666666430e+01 1.009273871910093767e+00 -7.780247589861573332e-04
2.450000000000000000e+01 1.004402652823380926e+00 1.158251886839669308e-03
2.452083333333333215e+01 9.946791332352290516e-01 7.654316927753034971e-05
2.454166666666666430e+01 9.840785347477910561e-01 1.817842302506053262e-03
2.456250000000000000e+01 9.810979280450902174e-01 1.750995839768171433e-03
2.458333333333333215e+01 9.844467461998757107e-01 2.007415919913715756e-03
2.460416666666666430e+01 9.937587328695678401e-01 -5.812173494319674942e-04
2.462500000000000000e+01 1.005770518713737127e+00 1.173142506438245572e-03
2.464583333333333215e+01 1.010178035279233111e+00 -6.217364891495404371e-04
2.466666666666666430e+01 1.014543131711247215e+00 1.431309428701070920e-03
2.468750000000000000e+01 1.019880915959568979e+00 1.403234181656243381e-03
2.470833333333333215e+01 1.012675240207274951e+00 1.911128216858760985e-03
2.472916666666666430e+01 1.013217304719309375e+00 5.841645869330137734e-04
2.475000000000000000e+01 1.002906875641739415e+00 -2.217302774684015330e-04
2.477083333333333215e+01 9.882994351502515373e-01 9.260334351757754491e-04
2.479166666666666430e+01 9.818756767265852670e-01 -3.649664641449788143e-05
2.481250000000000000e+01 9.804588757766617979e-01 -8.338749036327820102e-05
2.483333333333333215e+01 9.869805740680438477e-01 -1.368903476224142513e-04
2.485416666666666430e+01 1.000166145386689021e+00 -1.558158104449778930e-03
2.487500000000000000e+01 1.007892534120228945e+00 7.963991824909161937e-04
2.489583333333333215e+01 1.014630785855303197e+00 -2.071847155266215608e-03
2.491666666666666430e+01 1.015880745542125485e+00 1.832948049016758793e-03
2.493750000000000000e+01 1.015132807524909753e+00 -1.860216948481581780e-04
2.495833333333333215e+01 1.010795285898119955e+00 -8.519043080501499578e-04
2.497916666666666430e+01 1.010404825317553490e+00 3.582138642036836368e-06
2.500000000000000000e+01 1.000377551227237927e+00 1.059398648572993946e-03
2.502083333333333215e+01 9.915787218214687782e-01 5.530815327272343681e-04
2.504166666666666430e+01 9.817771992091016697e-01 -2.933177191655091890e-03
2.506250000000000000e+01 9.857341573160661730e-01 -1.438149610207809523e-03
2.508333333333333215e+01 9.890582985061633359e-01 -1.286476301191020848e-03
2.510416666666666430e+01 9.970228863383738815e-01 3.748049192722353309e-04
2.512500000000000000e+01 9.964997000497092250e-01 3.371387748219969917e-04
2.514583333333333215e+01 9.969261480556037558e-01 7.908865914850449468e-05
2.516666666666666430e+01 1.007363275942110059e+00 2.669876983603553487e-03
2.518750000000000000e+01 1.009525652300741871e+00 3.328168984629169594e-04
2.520833333333333215e+01 1.020550531203000322e+00 9.203381492993296638e-04
2.522916666666666430e+01 1.024606284628354347e+00 -5.407787149640516178e-04
2.525000000000000000e+01 1.016740355113808114e+00 1.440120767099451696e-03
2.527083333333333215e+01 1.005757920716082277e+00 1.964245837957557714e-04
2.529166666666666430e+01 1.003711161597832024e+00 1.328623963588117848e-03
2.531250000000000000e+01 9.957473562510901210e-01 -1.032653633371616786e-03
2.533333333333333215e+01 9.923009462898192412e-01 -6.030447818238273121e-04
2.535416666666666430e+01 9.845044475770718950e-01 3.193433624719367787e-04
2.537500000000000000e+01 9.821728226598214206e-01 -8.643046252131130359e-04
2.539583333333333215e+01 9.808441697524438174e-01 -1.276197090948616658e-03
2.541666666666666430e+01 9.856000128999806709e-01 2.536748441520074969e-03
2.543750000000000000e+01 9.932832461659613088e-01 8.824522739790261394e-04
2.545833333333333215e+01 1.001487939426019880e+00 -1.225255553556142294e-03
2.547916666666666430e+01 1.011617463415535045e+00 -8.260719738300712151e-04
2.550000000000000000e+01 1.019251081056967490e+00 5.279270835388148383e-04
2.552083333333333215e+01 1.021222240040782214e+00 -4.474891757581872715e-04
2.554166666666666430e+01 1.023360206681815932e+00 6.717723178812271510e-04
2.556250000000000000e+01 1.023483998767026337e+00 9.884301127602483986e-04
2.558333333333333215e+01 1.014734135939088899e+00 -2.021614774575925672e-03
2.560416666666666430e+01 1.008139733355048584e+00 -2.288455928425219953e-03
2.562500000000000000e+01 9.986464859172520248e-01 2.778793400762433977e-04
2.564583333333333215e+01 9.827304276260834248e-01 1.199489431175685360e-04
2.566666666666666430e+01 9.811115313729975584e-01 -7.423469257984271347e-04
2.568750000000000000e+01 9.812190532880253890e-01 -9.348713786440997859e-04
2.570833333333333215e+01 9.807547738718093155e-01 -3.793537130697530093e-04
2.572916666666666430e+01 9.926468209894613315e-01 -2.320239858925426859e-03
2.575000000000000000e+01 9.990944174248576060e-01 1.569632553626191607e-03
2.577083333333333215e+01 1.013676299309330675e+00 4.205857915389648108e-04
2.579166666666666430e+01 1.024098230734542536e+00 5.793983391857305664e-04
2.581250000000000000e+01 1.029658232961885744e+00 -9.460151201645022922e-04
2.583333333333333215e+01 1.022829439124795847e+00 1.697925875419435161e-03
2.585416666666666430e+01 1.011045604530415254e+00 -5.749913940859403784e-04
2.587500000000000000e+01 9.879371047277305529e-01 4.641018604256709457e-04
2.589583333333333215e+01 9.725081623013128729e-01 -5.512217240855636028e-04
2.591666666666666430e+01 9.724285544490871569e-01 9.894020044556022398e-04
2.593750000000000000e+01 9.830091116453552047e-01 2.659754745382897616e-03
2.595833333333333215e+01 1.002196484717715608e+00 -1.489205402509488369e-03
2.597916666666666430e+01 1.021550042451402351e+00 -5.188267998417951275e-04
