0.000000000000000000e+00 1.022465753534277155e+00 2.545479118592017947e-03
2.083333333333333218e-02 1.009347214550602168e+00 9.812416183368859179e-05
4.166666666666666435e-02 1.002817664190858160e+00 2.209991895550994165e-03
6.250000000000000000e-02 9.834976819763090461e-01 1.832493509203350418e-03
8.333333333333332871e-02 9.753779078181447071e-01 -1.458677403370467690e-03
1.041666666666666574e-01 9.754104623867750901e-01 1.131021425750670896e-03
1.250000000000000000e-01 9.713901591546785230e-01 -1.625900536407717291e-03
1.458333333333333148e-01 9.794984270217543809e-01 7.144279508309788482e-04
1.666666666666666574e-01 9.921904572765772867e-01 7.161009825158257559e-04
1.875000000000000000e-01 1.002870492548094683e+00 -2.111206576974879949e-04
2.083333333333333148e-01 1.011575046692013036e+00 -1.944732649238626416e-03
2.291666666666666574e-01 1.021676348937560652e+00 -4.401160153508422326e-04
2.500000000000000000e-01 1.024180805948863515e+00 -3.983370497019968768e-04
2.708333333333333148e-01 1.024204318799620150e+00 6.027239592574019141e-04
2.916666666666666297e-01 1.011576095426531596e+00 -7.322715847716422110e-05
3.125000000000000000e-01 1.004308568372939803e+00 6.464228835176959740e-04
3.333333333333333148e-01 9.990697243923888360e-01 -3.846648621373496856e-04
3.541666666666666297e-01 9.931930895127858427e-01 -1.998611504498176705e-03
3.750000000000000000e-01 9.808361850055631326e-01 -3.930093906004532718e-05
3.958333333333333148e-01 9.860776336070453674e-01 1.745313346568454996e-03
4.166666666666666297e-01 9.844763782872049118e-01 -1.065503490156233289e-03
4.375000000000000000e-01 9.881304439740621337e-01 -1.277335722523544135e-03
4.583333333333333148e-01 9.909608146081261282e-01 -2.403394652170918067e-03
4.791666666666666297e-01 9.941421401663852464e-01 2.312625900604887118e-03
5.000000000000000000e-01 9.996599405351868084e-01 -1.320592271613431172e-03
5.208333333333332593e-01 1.001992897057115917e+00 1.324022272719207463e-03
5.416666666666666297e-01 1.005151602283337997e+00 1.999257260870779078e-04
5.625000000000000000e-01 1.010138369977519268e+00 -1.589234360538955431e-04
5.833333333333332593e-01 1.016640040817268220e+00 9.512199823459569132e-05
6.041666666666666297e-01 1.019258513603676031e+00 2.322375899091443877e-03
6.250000000000000000e-01 1.020005602029429026e+00 2.128752224590551700e-03
6.458333333333332593e-01 1.010275330357555346e+00 6.442844620362887451e-04
6.666666666666666297e-01 1.002379263501660844e+00 -5.281495387756779359e-04
6.875000000000000000e-01 9.918868111936096632e-01 1.828227997063550624e-03
7.083333333333332593e-01 9.835630790962350822e-01 8.710629729021628336e-04
7.291666666666666297e-01 9.794533594351324535e-01 1.508625637219164299e-04
7.500000000000000000e-01 9.785627869648866328e-01 6.522266591216340078e-04
7.708333333333332593e-01 9.842427350089714144e-01 -9.354060766604600525e-04
7.916666666666666297e-01 9.862161296483886730e-01 9.309421137652923580e-04
8.125000000000000000e-01 9.977842105478667012e-01 -3.247209673892708704e-04
8.333333333333332593e-01 1.001946555711937359e+00 -2.766116630077672975e-04
8.541666666666666297e-01 1.011062146507000881e+00 -1.428762048260929845e-03
8.750000000000000000e-01 1.021460870367403517e+00 1.386052087255483793e-04
8.958333333333332593e-01 1.028353859209851562e+00 5.400147031970086624e-04
9.166666666666666297e-01 1.029292700965030560e+00 -1.823006579720978099e-03
9.375000000000000000e-01 1.026234025015671181e+00 4.063185252384855393e-04
9.583333333333332593e-01 1.013641695372299090e+00 5.639394726599044434e-04
9.791666666666666297e-01 9.957370513412678870e-01 1.637605761725116670e-03
1.000000000000000000e+00 9.776461612089867304e-01 1.428494859394256267e-03
1.020833333333333259e+00 9.672819994992097881e-01 -7.203075586176518105e-04
1.041666666666666519e+00 9.686005317089511069e-01 1.539749886314091543e-03
1.062500000000000000e+00 9.723744691427789189e-01 6.526991191959581910e-04
1.083333333333333259e+00 9.822789652932071292e-01 -2.497323137052937436e-04
1.104166666666666519e+00 1.000227391814738853e+00 -9.432665228915732523e-04
1.125000000000000000e+00 1.014811758924765828e+00 1.133311548348505619e-03
1.145833333333333259e+00 1.027816138758452569e+00 1.044733347086305606e-03
1.166666666666666519e+00 1.026383136092144266e+00 -5.578270926174264208e-04
1.187500000000000000e+00 1.027901831405625410e+00 4.180607054018212025e-04
1.208333333333333259e+00 1.015628204658313827e+00 -4.928526397752180498e-04
1.229166666666666519e+00 1.004749646735760393e+00 -9.460572535260795097e-04
1.250000000000000000e+00 9.946088899215544954e-01 -1.125510600719309721e-03
1.270833333333333259e+00 9.915011226297756330e-01 7.925286320498033631e-04
1.291666666666666519e+00 9.845977529328682198e-01 4.031325206891855093e-04
1.312500000000000000e+00 9.822781140217773377e-01 4.813771174380694780e-04
1.333333333333333259e+00 9.878853417849826624e-01 3.051571765269500323e-04
1.354166666666666519e+00 9.911958355010028754e-01 9.167341485709151142e-05
1.375000000000000000e+00 1.000413349355807835e+00 1.162432105263562759e-03
1.395833333333333259e+00 1.003547720153488143e+00 -2.015019632649616560e-03
1.416666666666666519e+00 1.001121475702661634e+00 1.017661714976995577e-03
1.437500000000000000e+00 1.011701241773577120e+00 -1.401417621870156786e-03
1.458333333333333259e+00 1.003123781495301792e+00 -2.387305392655564306e-04
1.479166666666666519e+00 1.007376178508620379e+00 1.544365553511931023e-04
1.500000000000000000e+00 1.003339845331316704e+00 3.731722676912813569e-05
1.520833333333333259e+00 9.945957344846657611e-01 5.678165675607073750e-04
1.541666666666666519e+00 9.925840366391908143e-01 -1.089037029072310262e-03
1.562500000000000000e+00 9.948217197103182974e-01 2.083580548046087919e-03
1.583333333333333259e+00 1.005035704538789876e+00 1.355429754964560278e-03
1.604166666666666519e+00 1.006608745132714811e+00 6.543152497469831167e-04
1.625000000000000000e+00 1.007691920600094493e+00 8.959423266245543837e-04
1.645833333333333259e+00 1.007381337961521073e+00 -4.798802050236091669e-04
1.666666666666666519e+00 1.008824223602492021e+00 -2.159287454819944913e-03
1.687500000000000000e+00 9.980449167574912961e-01 -1.898841674761483087e-03
1.708333333333333259e+00 9.923742303142302212e-01 5.935849319297819074e-04
1.729166666666666519e+00 9.874464334364467799e-01 -3.233608838242642627e-03
1.750000000000000000e+00 9.862372409961618347e-01 1.927700194763744485e-03
1.770833333333333259e+00 9.885294450463102400e-01 5.335016767278797072e-04
1.791666666666666519e+00 9.901479555462802118e-01 -1.165201413211102094e-03
1.812500000000000000e+00 1.000158740881791575e+00 -6.763848028085664042e-04
1.833333333333333259e+00 1.008288806806215465e+00 -1.977664943946019077e-03
1.854166666666666519e+00 1.016166487297718968e+00 -1.465630166174371348e-04
1.875000000000000000e+00 1.024549212319324498e+00 4.697068779113299690e-04
1.895833333333333259e+00 1.018877080700628657e+00 1.491529710817250448e-03
1.916666666666666519e+00 1.013250327379236815e+00 -1.586283370870362162e-03
1.937500000000000000e+00 1.001695892238691377e+00 1.320312711155329204e-03
1.958333333333333259e+00 9.914325230320747417e-01 2.738561821409221382e-04
1.979166666666666519e+00 9.868163799531497471e-01 -1.080930700981004708e-04
2.000000000000000000e+00 9.800893991639790803e-01 3.749272610227791935e-05
2.020833333333333037e+00 9.811775987309361291e-01 4.530632858610166838e-04
2.041666666666666519e+00 9.884578995843983362e-01 2.275922635335464028e-03
2.062500000000000000e+00 9.949257730349373441e-01 1.838501878428147910e-03
2.083333333333333037e+00 1.001719379054962333e+00 1.020087339421206886e-03
2.104166666666666519e+00 1.004650594057005408e+00 -9.182393649946687681e-04
2.125000000000000000e+00 1.002573099562462211e+00 -2.802966444273792719e-04
2.145833333333333037e+00 1.010016880094265490e+00 1.109542938139021582e-03
2.166666666666666519e+00 1.010483925607244426e+00 4.621625478338006873e-04
2.187500000000000000e+00 1.012049492496843062e+00 -9.745455331823506479e-04
2.208333333333333037e+00 1.006826775252655848e+00 2.274626580431933498e-03
2.229166666666666519e+00 1.013470529531070863e+00 2.952882142583966325e-03
2.250000000000000000e+00 1.001099731236927193e+00 6.645219451159513780e-04
2.270833333333333037e+00 1.002400586473461530e+00 -4.298977144421030198e-04
2.291666666666666519e+00 9.974634755080151738e-01 1.608056342415077792e-05
2.312500000000000000e+00 9.940343808485475607e-01 -1.246881554165646345e-03
2.333333333333333037e+00 9.963914082793389193e-01 -1.454705076868707293e-03
2.354166666666666519e+00 9.931960877809724586e-01 4.283283722204083680e-04
2.375000000000000000e+00 9.870041064086975124e-01 -2.789657874501006731e-04
2.395833333333333037e+00 9.877321074859568562e-01 1.156059196654031897e-03
2.416666666666666519e+00 9.891217224472257374e-01 3.614611650837323484e-03
2.437500000000000000e+00 9.922740548572729358e-01 6.075952194542303406e-04
2.458333333333333037e+00 9.853068433148307603e-01 3.026687552663448973e-05
2.479166666666666519e+00 9.962991878007156910e-01 2.394866424784952003e-04
2.500000000000000000e+00 1.011675648018206308e+00 5.859571452116845965e-04
2.520833333333333037e+00 1.022741442535624490e+00 1.862109494532616710e-03
2.541666666666666519e+00 1.030561142818791964e+00 2.789945028154116680e-04
2.562500000000000000e+00 1.031147522589623389e+00 1.118172877027636672e-03
2.583333333333333037e+00 1.024158475174750116e+00 -1.221006460930814741e-03
2.604166666666666519e+00 1.012149213419728744e+00 -1.103453730810341179e-03
2.625000000000000000e+00 9.936654027785767340e-01 -1.692623224335001672e-04
2.645833333333333037e+00 9.699536301381863623e-01 1.214941657844857779e-03
2.666666666666666519e+00 9.578066292348981214e-01 -1.062077733923277867e-03
2.687500000000000000e+00 9.580044736369733860e-01 1.676858248723869229e-03
2.708333333333333037e+00 9.608981025524387931e-01 -1.063546913047755740e-03
2.729166666666666519e+00 9.725886670345129659e-01 3.116746612695484074e-04
2.750000000000000000e+00 9.908438887487310831e-01 3.774205876371674435e-05
2.770833333333333037e+00 1.008533868891988039e+00 2.048767661549132264e-03
2.791666666666666519e+00 1.029615882622314293e+00 -1.085475950376373327e-03
2.812500000000000000e+00 1.043399065276412907e+00 -9.816466281331495247e-04
2.833333333333333037e+00 1.049621193373718508e+00 -2.451006535506214932e-04
2.854166666666666519e+00 1.043154491234398851e+00 1.001297041577959776e-03
2.875000000000000000e+00 1.031863139798381068e+00 9.512777722602009300e-04
2.895833333333333037e+00 1.015464485752707757e+00 -1.425055328056358062e-03
2.916666666666666519e+00 9.945026920005460846e-01 -8.885823084673234729e-04
2.937500000000000000e+00 9.734081921441852803e-01 -1.482820776675389945e-03
2.958333333333333037e+00 9.585315534613759736e-01 2.218541526682450346e-03
2.979166666666666519e+00 9.495172166859671137e-01 6.246137769843495722e-04
3.000000000000000000e+00 9.537422026628306071e-01 8.962039374782567380e-04
3.020833333333333037e+00 9.758325102491275382e-01 -2.572671686711647948e-03
3.041666666666666519e+00 9.943707867446019977e-01 3.770183978117385890e-04
3.062500000000000000e+00 1.015236086472838251e+00 -1.976630822062002020e-04
3.083333333333333037e+00 1.029003851971721284e+00 1.296061117391283371e-03
3.104166666666666519e+00 1.035987678876270968e+00 -1.903644804340452442e-03
3.125000000000000000e+00 1.042297331247251213e+00 1.863146598436639639e-03
3.145833333333333037e+00 1.032427398054376333e+00 9.712976924388683772e-04
3.166666666666666519e+00 1.016570475850095301e+00 9.056298040465183023e-04
3.187500000000000000e+00 1.006536741272676894e+00 -1.341818856884289049e-03
3.208333333333333037e+00 9.934954962165166714e-01 2.607185462837835043e-03
3.229166666666666519e+00 9.838392364547109414e-01 5.094510376720985797e-04
3.250000000000000000e+00 9.816059056824009144e-01 5.829657107800706103e-04
3.270833333333333037e+00 9.735009714579649920e-01 2.392037366077389500e-04
3.291666666666666519e+00 9.718481936925368325e-01 -1.552865976203162204e-04
3.312500000000000000e+00 9.798280357502076043e-01 4.116951687283088935e-04
3.333333333333333037e+00 9.850421477857689290e-01 4.187965120144422171e-04
3.354166666666666519e+00 9.960781507975846605e-01 1.571276457100710721e-03
3.375000000000000000e+00 1.003438763683467849e+00 8.908509484096116928e-04
3.395833333333333037e+00 1.011439835019927180e+00 -6.785023981846023591e-04
3.416666666666666519e+00 1.015782504878572690e+00 4.564117959102373390e-04
3.437500000000000000e+00 1.023332234576197708e+00 1.423641574189544231e-03
3.458333333333333037e+00 1.023883046173124534e+00 -5.804109333155635679e-04
3.479166666666666519e+00 1.026146686703373945e+00 1.039097947919570043e-04
3.500000000000000000e+00 1.019783324141535052e+00 1.610916123852974965e-03
3.520833333333333037e+00 1.009162158993527569e+00 7.604345444617690089e-04
3.541666666666666519e+00 1.001188860003132008e+00 -4.154515714494395840e-04
3.562500000000000000e+00 9.847390881831519227e-01 9.534481095604133366e-04
3.583333333333333037e+00 9.780832155715094567e-01 1.405466003818167751e-03
3.604166666666666519e+00 9.678154295879942692e-01 1.077561692187562360e-03
3.625000000000000000e+00 9.663818102290863132e-01 4.411270662364983079e-04
3.645833333333333037e+00 9.707875186402039613e-01 2.549438339684909766e-03
3.666666666666666519e+00 9.815178619779563185e-01 -1.505369964055399204e-03
3.687500000000000000e+00 9.904687679354017282e-01 6.240841022157945410e-04
3.708333333333333037e+00 1.015183461465580139e+00 9.995512803973238478e-04
3.729166666666666519e+00 1.024018990347229208e+00 -9.292302104029507778e-04
3.750000000000000000e+00 1.038269042022864186e+00 -7.591437122322111349e-04
3.770833333333333037e+00 1.038170748808214805e+00 -6.963703640472054422e-04
3.791666666666666519e+00 1.036173614946408472e+00 3.500941395578296609e-04
3.812500000000000000e+00 1.025378994016665102e+00 4.374235573786229954e-05
3.833333333333333037e+00 1.006550989372987148e+00 8.221067013081463952e-04
3.854166666666666519e+00 9.885550777065879036e-01 1.700054754737733787e-03
3.875000000000000000e+00 9.709293475749820601e-01 -5.999851232830601209e-04
3.895833333333333037e+00 9.552096703188108773e-01 2.782828817348369211e-04
3.916666666666666519e+00 9.492825424977429094e-01 6.546079368599832301e-04
3.937500000000000000e+00 9.584784203469580710e-01 -2.331848790360362307e-03
3.958333333333333037e+00 9.776786888462906111e-01 -1.566364759785152376e-04
3.979166666666666519e+00 1.002251918492281568e+00 -2.027885245218303233e-03
4.000000000000000000e+00 1.023002740171658376e+00 -9.222322981247012925e-04
4.020833333333333037e+00 1.036843683547413963e+00 -1.124928182896462814e-03
4.041666666666666075e+00 1.039240799534046245e+00 1.391963704583830050e-03
4.062500000000000000e+00 1.039755151261903432e+00 -7.284545764760849825e-04
4.083333333333333037e+00 1.025910613618577161e+00 -7.894183426764793789e-04
4.104166666666666075e+00 1.010091274067525857e+00 9.376383455116737119e-04
4.125000000000000000e+00 9.980844673680331347e-01 -1.693259872897389859e-04
4.145833333333333037e+00 9.854099710427057790e-01 -1.696680977716908626e-03
4.166666666666666075e+00 9.773638133215809543e-01 1.367375219320409374e-03
4.187500000000000000e+00 9.699236252263652158e-01 1.222903800294315420e-03
4.208333333333333037e+00 9.722411970472204512e-01 -4.085471601228441731e-04
4.229166666666666075e+00 9.745148371800798071e-01 -2.059226153866983329e-03
4.250000000000000000e+00 9.878607670668464458e-01 -8.808745375448159744e-04
4.270833333333333037e+00 9.985523221341251476e-01 -1.170561758240555280e-03
4.291666666666666075e+00 1.012427061630336356e+00 1.957668130383590291e-03
4.312500000000000000e+00 1.020075144768618935e+00 -9.211714682854843170e-04
4.333333333333333037e+00 1.023376505687521476e+00 9.273661721109058200e-04
4.354166666666666075e+00 1.028266731073014695e+00 1.515109185336207913e-03
4.375000000000000000e+00 1.013562881375311697e+00 3.513173007870630331e-04
4.395833333333333037e+00 1.002738555519696373e+00 3.776446651679238385e-04
4.416666666666666075e+00 9.945669703746309320e-01 1.566101870019930096e-03
4.437500000000000000e+00 9.904003070775553308e-01 9.657127512381533628e-04
4.458333333333333037e+00 9.856197107641444521e-01 -1.936490293670350754e-03
4.479166666666666075e+00 9.867702056827598600e-01 1.259745714297167253e-03
4.500000000000000000e+00 9.886227955549858892e-01 -2.776694613826473281e-03
4.520833333333333037e+00 9.987392910771997201e-01 -8.794961600721719992e-04
4.541666666666666075e+00 9.958625617210346004e-01 9.559642865977885894e-04
4.562500000000000000e+00 9.957234961112102489e-01 -2.351081242773732198e-03
4.583333333333333037e+00 9.986712113938330804e-01 1.245351324465283427e-03
4.604166666666666075e+00 9.981832181541208104e-01 2.673957072862926873e-03
4.625000000000000000e+00 1.002039767455958019e+00 -3.154481500525535727e-04
4.645833333333333037e+00 1.009098764929385883e+00 -2.329786397127455409e-03
4.666666666666666075e+00 1.007272815934888932e+00 1.981934272282401353e-03
4.687500000000000000e+00 1.009069597468808643e+00 -1.267792287407074059e-03
4.708333333333333037e+00 1.006587138226620715e+00 -1.657165190856188649e-03
4.729166666666666075e+00 1.003193923962532930e+00 -1.508850869042764999e-03
4.750000000000000000e+00 1.000929230387122448e+00 -7.824830659089174797e-04
4.770833333333333037e+00 9.959500417035778153e-01 -9.590392042031606378e-04
4.791666666666666075e+00 9.912141940403614848e-01 2.270115833077178055e-03
4.812500000000000000e+00 9.893655830007955787e-01 -1.299738162348794499e-03
4.833333333333333037e+00 9.929172214998820412e-01 -2.240421123926080588e-03
4.854166666666666075e+00 9.981425693572701929e-01 -2.124139203532840903e-03
4.875000000000000000e+00 9.992766023797942099e-01 -7.107446089520624106e-04
4.895833333333333037e+00 1.002017557284051508e+00 1.937080100986934839e-03
4.916666666666666075e+00 1.000054722324994039e+00 -1.887702355753945399e-03
4.937500000000000000e+00 1.008111673185000834e+00 -4.051137456683802547e-04
4.958333333333333037e+00 1.001511029281904053e+00 7.548511796552531987e-04
4.979166666666666075e+00 1.000220543990721245e+00 -5.365566178905512148e-04
5.000000000000000000e+00 9.996690148838737189e-01 -4.833334940433608160e-04
5.020833333333333037e+00 9.977081607995750279e-01 -6.379510394150709161e-04
5.041666666666666075e+00 9.956121854922042047e-01 2.871166516259591041e-04
5.062500000000000000e+00 9.931675419057643950e-01 -1.081684926325120200e-03
5.083333333333333037e+00 9.958116709210634854e-01 1.653960572799154788e-03
5.104166666666666075e+00 9.980119840414276577e-01 -2.372457352892676143e-03
5.125000000000000000e+00 9.982487973766399625e-01 1.037937682228555394e-03
5.145833333333333037e+00 1.004447737452928369e+00 1.192836948347858429e-03
5.166666666666666075e+00 1.003882291721577280e+00 -8.703303549075378713e-05
5.187500000000000000e+00 1.005251536910990229e+00 -5.206907522401417899e-04
5.208333333333333037e+00 1.000993405187631025e+00 1.414265224713926990e-03
5.229166666666666075e+00 1.000364050690465190e+00 -1.329533520416065207e-03
5.250000000000000000e+00 9.966181549838550868e-01 -4.125890323604214610e-04
5.270833333333333037e+00 9.950262559551446007e-01 -1.217649290003581380e-03
5.291666666666666075e+00 9.950898493074132878e-01 2.139624948746402314e-04
5.312500000000000000e+00 9.947662505207968131e-01 -1.257409194273757802e-03
5.333333333333333037e+00 9.954382532445058551e-01 -9.234941685074434230e-04
5.354166666666666075e+00 1.003838727972953260e+00 7.237602860217369439e-04
5.375000000000000000e+00 1.003887576277381566e+00 -1.433361436146633316e-04
5.395833333333333037e+00 1.011655534621087593e+00 1.947778386282685091e-04
5.416666666666666075e+00 1.017284070669985274e+00 1.899605029994777235e-03
5.437500000000000000e+00 1.013822591984997690e+00 -2.572985905291949767e-03
5.458333333333333037e+00 1.010894198541449684e+00 -8.134567275074128722e-04
5.479166666666666075e+00 9.976606310979342362e-01 -7.179982479878181255e-05
5.500000000000000000e+00 9.874816819003466861e-01 1.664164799776755551e-03
5.520833333333333037e+00 9.815759143975247847e-01 -1.438476045721720628e-03
5.541666666666666075e+00 9.788431984547718567e-01 -2.415451890790947670e-04
5.562500000000000000e+00 9.839132262854906052e-01 5.808493328595705626e-04
5.583333333333333037e+00 9.906547888244431332e-01 -1.436728469306952855e-03
5.604166666666666075e+00 1.004387124493929973e+00 -6.464976310980555425e-04
5.625000000000000000e+00 1.016782131689476509e+00 -8.256411784086088008e-05
5.645833333333333037e+00 1.023194241141902605e+00 -7.445217621647013014e-04
5.666666666666666075e+00 1.019147877149878312e+00 6.393309285052363672e-04
5.687500000000000000e+00 1.015513499213553938e+00 1.033336093886646871e-03
5.708333333333333037e+00 1.011506948499706127e+00 -5.822130462336824004e-04
5.729166666666666075e+00 9.950072061179696670e-01 7.605086070420580225e-04
5.750000000000000000e+00 9.914776955275386161e-01 4.997761587715553178e-04
5.770833333333333037e+00 9.834620306696596481e-01 -6.229209448739897654e-05
5.791666666666666075e+00 9.848119961762055175e-01 -9.763099428505653829e-04
5.812500000000000000e+00 9.811709829248326242e-01 1.967209637588689455e-03
5.833333333333333037e+00 9.869195950596639788e-01 -1.425117776405669624e-03
5.854166666666666075e+00 9.880734077814176120e-01 2.589576783801754195e-04
5.875000000000000000e+00 1.001415524973187088e+00 9.988678559993339860e-04
5.895833333333333037e+00 1.013185159678261948e+00 -3.206080918733668610e-03
5.916666666666666075e+00 1.014064766559169772e+00 -8.836530700222300708e-04
5.937500000000000000e+00 1.023984127426605051e+00 -2.411366231533962866e-03
5.958333333333333037e+00 1.016714701539217502e+00 -3.081328492448173967e-04
5.979166666666666075e+00 1.010332633901589450e+00 7.303198959930611023e-04
6.000000000000000000e+00 9.922369144733663715e-01 -9.247656435151964524e-04
6.020833333333333037e+00 9.910312627183457401e-01 2.521897565384395140e-05
6.041666666666666075e+00 9.794577546101302934e-01 8.400656364371348467e-04
6.062500000000000000e+00 9.799488628660200096e-01 -9.636990981802859941e-04
6.083333333333333037e+00 9.838272682858050233e-01 -4.092686910093375988e-04
6.104166666666666075e+00 9.937987574545176228e-01 -1.354187045938193322e-03
6.125000000000000000e+00 1.008207590646265084e+00 5.890899280843780094e-04
6.145833333333333037e+00 1.009654082507346784e+00 -3.860597157668197409e-04
6.166666666666666075e+00 1.013666076920472392e+00 1.775205466662685243e-03
6.187500000000000000e+00 1.006998031094557655e+00 1.494572854577445268e-03
6.208333333333333037e+00 1.002067790220134924e+00 -1.692666694976486088e-03
6.229166666666666075e+00 9.942356675259369503e-01 2.018813600660590004e-04
6.250000000000000000e+00 9.935546667800390086e-01 2.370460997824400758e-04
6.270833333333333037e+00 9.994581014603129976e-01 1.709673618373144560e-04
6.291666666666666075e+00 9.981076874213338224e-01 4.325373067730416306e-04
6.312500000000000000e+00 1.002815949665562645e+00 -3.022548815022449605e-04
6.333333333333333037e+00 1.005381808792970677e+00 1.171690601899537127e-03
6.354166666666666075e+00 1.012657645180198518e+00 7.961348660391339522e-04
6.375000000000000000e+00 1.014661756948750604e+00 4.930494374013183597e-04
6.395833333333333037e+00 1.005223890482178861e+00 -7.162826897075127248e-04
6.416666666666666075e+00 1.001328294813542019e+00 1.414124127921646476e-03
6.437500000000000000e+00 1.003025012632142055e+00 -1.762518188996860507e-03
6.458333333333333037e+00 9.908443347301822968e-01 1.249550167172402537e-03
6.479166666666666075e+00 9.831075993451147133e-01 7.449074233459437519e-04
6.500000000000000000e+00 9.804254368972395994e-01 -1.063377841950154459e-03
6.520833333333333037e+00 9.830104953932137235e-01 5.445469382133650985e-04
6.541666666666666075e+00 9.891298971013645636e-01 2.924062264970931323e-03
6.562500000000000000e+00 9.979717522974811406e-01 4.220757954905818944e-05
6.583333333333333037e+00 1.017006547878015477e+00 -7.577087897578466342e-04
6.604166666666666075e+00 1.023616141184233053e+00 2.307662420893789315e-04
6.625000000000000000e+00 1.028231632309431376e+00 7.333243081785559584e-04
6.645833333333333037e+00 1.028822760935581115e+00 2.199566766934414868e-03
6.666666666666666075e+00 1.022324836731430819e+00 -2.323447161781591998e-04
6.687500000000000000e+00 1.008348551553509109e+00 1.214128439828799982e-03
6.708333333333333037e+00 9.926574179417533283e-01 2.613306184889626748e-04
6.729166666666666075e+00 9.786032272160549716e-01 1.536554682687068206e-03
6.750000000000000000e+00 9.586730905260129054e-01 5.289521908572049997e-04
6.770833333333333037e+00 9.610274583827617123e-01 -1.235932078525084571e-03
6.791666666666666075e+00 9.696594735453571978e-01 9.271870106027541329e-04
6.812500000000000000e+00 9.806255171113958946e-01 1.412975844438729787e-03
6.833333333333333037e+00 9.946625910115854952e-01 -2.364424958665317655e-04
6.854166666666666075e+00 1.013308657211907660e+00 -2.594827534551796995e-03
6.875000000000000000e+00 1.033128402713770821e+00 -1.139917183240499003e-03
6.895833333333333037e+00 1.038064706256272673e+00 4.695026176495425871e-05
6.916666666666666075e+00 1.036586344430955986e+00 8.722084879048870327e-04
6.937500000000000000e+00 1.032888566136071384e+00 -6.333745849306343352e-04
6.958333333333333037e+00 1.011504029648951697e+00 1.258643589831316212e-03
6.979166666666666075e+00 9.964806854186488705e-01 -6.420040077848689422e-04
7.000000000000000000e+00 9.796686004591987906e-01 -1.701037599183858424e-03
7.020833333333333037e+00 9.708962151023701193e-01 5.481376171335407494e-04
7.041666666666666075e+00 9.666091945372302652e-01 -8.443186680135150984e-04
7.062500000000000000e+00 9.715203829204459574e-01 1.638557913921643563e-03
7.083333333333333037e+00 9.855751662823930559e-01 1.361898931915144070e-03
7.104166666666666075e+00 9.901446910510551813e-01 -5.007241118898736942e-04
7.125000000000000000e+00 1.003916012281032888e+00 -7.769063189855337928e-04
7.145833333333333037e+00 1.008828602547904518e+00 2.721364327037373949e-04
7.166666666666666075e+00 1.017405802107930857e+00 1.416889226857496716e-03
7.187500000000000000e+00 1.021132621553171971e+00 1.646956245467915293e-04
7.208333333333333037e+00 1.016863462536899076e+00 -1.600056835843413237e-04
7.229166666666666075e+00 1.019717405957085932e+00 1.344133610763518496e-03
7.250000000000000000e+00 1.009057439674956091e+00 8.319456893193245524e-04
7.270833333333333037e+00 1.003378817505008236e+00 -8.331638395655580715e-04
7.291666666666666075e+00 9.893518962099678848e-01 -8.136924721472426096e-04
7.312500000000000000e+00 9.882504016591978635e-01 -2.727812392703966166e-03
7.333333333333333037e+00 9.905213493728959318e-01 -3.089471050640788105e-04
7.354166666666666075e+00 9.882150372614898481e-01 -4.800888970692771939e-04
7.375000000000000000e+00 9.915026682374727951e-01 5.819075142358766427e-04
7.395833333333333037e+00 9.995675617555136450e-01 -8.628547040668778541e-04
7.416666666666666075e+00 1.001550052468250795e+00 -5.430587613577892228e-04
7.437500000000000000e+00 1.000356173153548855e+00 -5.049905870496464990e-04
7.458333333333333037e+00 9.982170543735066071e-01 -6.726407530878042050e-04
7.479166666666666075e+00 9.949412811241569177e-01 -3.970696211962750858e-04
7.500000000000000000e+00 9.977477075274659990e-01 -7.565456119499844615e-04
7.520833333333333037e+00 9.993418632812822722e-01 1.437709018930429178e-03
7.541666666666666075e+00 1.004167869194140250e+00 -2.230438376163547474e-04
7.562500000000000000e+00 1.014373481321529269e+00 4.555651809094941516e-04
7.583333333333333037e+00 1.015361870549780665e+00 4.097393684511762548e-04
7.604166666666666075e+00 1.021634027236707043e+00 -1.337008658046544111e-03
7.625000000000000000e+00 1.009534877229648187e+00 -2.533540621586295380e-03
7.645833333333333037e+00 1.001027877990690484e+00 -1.484636347748517814e-03
7.666666666666666075e+00 9.939301640529919490e-01 -4.991099002683913781e-04
7.687500000000000000e+00 9.904294268959867864e-01 -6.001484698855771854e-05
7.708333333333333037e+00 9.844909064849312053e-01 -1.776129938685488269e-03
7.729166666666666075e+00 9.821037105343388696e-01 7.228557765116944665e-04
7.750000000000000000e+00 9.899691396702156032e-01 -4.942482365198694197e-04
7.770833333333333037e+00 9.844845481999674464e-01 9.368903512313436072e-04
7.791666666666666075e+00 9.943059806687120084e-01 -1.235485673011064338e-03
7.812500000000000000e+00 9.955327637675984720e-01 -3.650878688549435980e-03
7.833333333333333037e+00 9.991522945950592760e-01 5.944392404093965920e-04
7.854166666666666075e+00 1.013954912100237804e+00 4.882460423758124544e-04
7.875000000000000000e+00 1.016974727616390739e+00 2.722330820343964002e-03
7.895833333333333037e+00 1.020160897563824554e+00 2.526541459227875087e-05
7.916666666666666075e+00 1.023638068373992294e+00 3.000126616168998840e-04
7.937500000000000000e+00 1.022338109126643912e+00 2.078433023872749454e-03
7.958333333333333037e+00 1.012127453858052251e+00 -3.527790828488770909e-03
7.979166666666666075e+00 1.001496437808953477e+00 -1.896258920567577954e-03
8.000000000000000000e+00 9.931208172582575155e-01 -2.521829246574466311e-03
8.020833333333332149e+00 9.810823838547095832e-01 3.218174239954371880e-04
8.041666666666666075e+00 9.770908635391030161e-01 -4.234990972459581177e-04
8.062500000000000000e+00 9.752628470784059367e-01 5.464978273233041120e-04
8.083333333333332149e+00 9.755111123494779601e-01 -2.090914966944325531e-03
8.104166666666666075e+00 9.850299060014608976e-01 -1.048225743406249822e-03
8.125000000000000000e+00 9.978289719695543347e-01 -1.963855099124798729e-04
8.145833333333332149e+00 9.991546206112926765e-01 -3.923251290505957935e-04
8.166666666666666075e+00 1.016724771470178812e+00 -5.375034632450390558e-04
8.187500000000000000e+00 1.022609595832497664e+00 1.134881555147781605e-03
8.208333333333332149e+00 1.025291159184232193e+00 -1.082951187477658147e-03
8.229166666666666075e+00 1.028889395476135782e+00 -7.849748250242236580e-04
8.250000000000000000e+00 1.029121286775159350e+00 -8.174376954705787641e-04
8.270833333333332149e+00 1.014327290320292896e+00 5.898404956117117223e-04
8.291666666666666075e+00 1.005373817909518630e+00 -1.480327343415888206e-03
8.312500000000000000e+00 9.926497207573533599e-01 -1.496897388082447976e-03
8.333333333333332149e+00 9.753132210143594660e-01 -1.415124262819901502e-03
8.354166666666666075e+00 9.705013708015021168e-01 -2.265037602657244548e-03
8.375000000000000000e+00 9.669732605837594308e-01 -4.939940841623176185e-04
8.395833333333332149e+00 9.673936450395044240e-01 -1.045391815430638492e-03
8.416666666666666075e+00 9.793195890737482756e-01 -2.818925408268738164e-03
8.437500000000000000e+00 9.905459724635271579e-01 -9.394090358636156702e-04
8.458333333333332149e+00 1.006286296671714542e+00 -1.995290128082315194e-04
8.479166666666666075e+00 1.020165633318814047e+00 1.707821506000445095e-03
8.500000000000000000e+00 1.035576742388598870e+00 -3.847908842730926636e-04
8.520833333333332149e+00 1.037998127054186259e+00 1.433410785539263391e-03
8.541666666666666075e+00 1.034005835482254554e+00 -1.164007701024837969e-05
8.562500000000000000e+00 1.021513223271101278e+00 1.403006113968059644e-03
8.583333333333332149e+00 1.005235036932139669e+00 -1.764710023428216895e-03
8.604166666666666075e+00 9.899185137122541445e-01 -1.958526817009646932e-03
8.625000000000000000e+00 9.795946371521910834e-01 -5.348724696660057780e-04
8.645833333333332149e+00 9.668433570927972287e-01 -6.439303833697897130e-04
8.666666666666666075e+00 9.698628719821298372e-01 -2.097234161948062774e-04
8.687500000000000000e+00 9.705053101117532277e-01 3.131020121179466185e-04
8.708333333333332149e+00 9.776938232280855123e-01 -1.701500877687831589e-03
8.729166666666666075e+00 9.851349944061307262e-01 2.165371892262760029e-05
8.750000000000000000e+00 1.005407952134764527e+00 -9.375318941820517732e-04
8.770833333333332149e+00 1.009352424805371795e+00 2.215173598910311070e-03
8.791666666666666075e+00 1.025068306255016326e+00 -4.645467879535665782e-04
8.812500000000000000e+00 1.035138245630568443e+00 -7.956446390110280932e-04
8.833333333333332149e+00 1.032111943198621873e+00 1.982236100535008337e-03
8.854166666666666075e+00 1.026116739862710681e+00 -2.194229507366778163e-03
8.875000000000000000e+00 1.017011985631147697e+00 1.868551882478633767e-03
8.895833333333332149e+00 1.004887906656917851e+00 2.614526451583833850e-04
8.916666666666666075e+00 9.914003783265270542e-01 -7.163633782516811961e-04
8.937500000000000000e+00 9.784692365722390539e-01 -6.909812955141038729e-04
8.958333333333332149e+00 9.692881572623268660e-01 -1.404668870698512018e-04
8.979166666666666075e+00 9.717930699052016452e-01 2.225929923430291460e-04
9.000000000000000000e+00 9.804714614172045373e-01 -1.083237609945833990e-03
9.020833333333332149e+00 9.855448143995961807e-01 2.958165699816807923e-04
9.041666666666666075e+00 9.966428938097985357e-01 7.359343144297765321e-04
9.062500000000000000e+00 1.009658302918066575e+00 -1.454245591875012169e-04
9.083333333333332149e+00 1.006452147112768980e+00 1.747846162383755479e-03
9.104166666666666075e+00 1.015980117819614614e+00 -1.317877288369101235e-03
9.125000000000000000e+00 1.014223519891120917e+00 -5.213246609138652835e-06
9.145833333333332149e+00 1.018337285940134285e+00 1.068682613827921920e-03
9.166666666666666075e+00 1.019546896344226239e+00 4.259072675162089462e-04
9.187500000000000000e+00 1.012929227291869294e+00 1.717416857737148490e-03
9.208333333333332149e+00 1.009207361000886705e+00 1.064657624706212211e-03
9.229166666666666075e+00 1.002233756772915818e+00 -1.480665045096138778e-03
9.250000000000000000e+00 9.895255773755373685e-01 1.655086040536049401e-03
9.270833333333332149e+00 9.805944616309605344e-01 -8.254345267728534176e-04
9.291666666666666075e+00 9.729096698602102133e-01 1.301813935066328592e-03
9.312500000000000000e+00 9.765441448395995039e-01 -3.379090501710283086e-05
9.333333333333332149e+00 9.843622316841028619e-01 1.318011061440022350e-03
9.354166666666666075e+00 9.951493149015244732e-01 -3.060309394139846401e-03
9.375000000000000000e+00 1.006421857754140836e+00 8.306702185652363717e-04
9.395833333333332149e+00 1.008245669783327525e+00 -2.663339520355085871e-04
9.416666666666666075e+00 1.019915923743748065e+00 1.844081331051606936e-03
9.437500000000000000e+00 1.017220174531087373e+00 1.905649134024786423e-03
9.458333333333332149e+00 1.017338054691980354e+00 1.663709842370228236e-03
9.479166666666666075e+00 1.012933975257713781e+00 -2.219977307616658965e-04
9.500000000000000000e+00 1.011591315891742893e+00 3.246917435441311984e-05
9.520833333333332149e+00 1.004711265204338844e+00 -1.086740400443107161e-03
9.541666666666666075e+00 9.939257194100441506e-01 -1.107321104198635565e-04
9.562500000000000000e+00 9.876367936540306758e-01 1.125468699122920518e-04
9.583333333333332149e+00 9.817653511332887772e-01 6.456609947399777208e-04
9.604166666666666075e+00 9.773758908089458242e-01 1.704978809219911788e-03
9.625000000000000000e+00 9.823301671570059401e-01 -1.100970311965614743e-03
9.645833333333332149e+00 9.845087645483102667e-01 2.204752811527345359e-04
9.666666666666666075e+00 9.988772323418816379e-01 7.795545784135141446e-04
9.687500000000000000e+00 1.005998990272396254e+00 -2.021035018437601779e-04
9.708333333333332149e+00 1.014888792253057836e+00 -2.113336955772094662e-03
9.729166666666666075e+00 1.012930908070751368e+00 -5.879413836717794876e-04
9.750000000000000000e+00 1.017276723399348493e+00 -7.772346820271919038e-04
9.770833333333332149e+00 1.012910040840565573e+00 -1.470803368051875129e-03
9.791666666666666075e+00 1.009696587203084084e+00 2.086187455962657043e-04
9.812500000000000000e+00 9.983791787031023324e-01 -5.369808348390071135e-04
9.833333333333332149e+00 9.995228391621212571e-01 -3.717209506873921164e-04
9.854166666666666075e+00 9.896694144777301583e-01 8.806783248378627447e-05
9.875000000000000000e+00 9.936944474642274150e-01 -1.711054850086223304e-04
9.895833333333332149e+00 9.916489834829582684e-01 5.920638262061527412e-04
9.916666666666666075e+00 9.896729819991264554e-01 5.895412391131404873e-04
9.937500000000000000e+00 9.994446621388132224e-01 2.057145403368244266e-04
9.958333333333332149e+00 9.939665674193143285e-01 4.358170082197532387e-04
9.979166666666666075e+00 9.992820190422622151e-01 8.417375527670045406e-04
1.000000000000000000e+01 1.002361843745629644e+00 -5.014725791486012406e-04
1.002083333333333215e+01 1.004587594075727175e+00 1.226709458377139286e-03
1.004166666666666607e+01 1.004874215876725874e+00 1.573289785839966301e-03
1.006250000000000000e+01 1.007299412834645524e+00 -2.221567160758031645e-04
1.008333333333333215e+01 1.007558802027094247e+00 1.623006868889072208e-03
1.010416666666666607e+01 1.007416144357553334e+00 6.603146164786336111e-04
1.012500000000000000e+01 1.005074277285831874e+00 5.575174189236469608e-04
1.014583333333333215e+01 1.005054160052354817e+00 2.179322416907011548e-03
1.016666666666666607e+01 1.004909583490226632e+00 -1.651276982510302633e-03
1.018750000000000000e+01 9.951840898632653420e-01 9.963247097901320893e-04
1.020833333333333215e+01 9.936655313239350917e-01 -8.648540469209302188e-04
1.022916666666666607e+01 9.847219587560955834e-01 1.941850956842417646e-04
1.025000000000000000e+01 9.866878759225271578e-01 -2.768692024935329090e-03
1.027083333333333215e+01 9.853120352601067999e-01 9.785650852916804362e-04
1.029166666666666607e+01 9.953060145977570272e-01 1.405462557473452067e-03
1.031250000000000000e+01 9.915331823488797713e-01 -1.344927277741711242e-03
1.033333333333333215e+01 9.997746367418055558e-01 1.881459094499360850e-03
1.035416666666666607e+01 1.006549515413039719e+00 -8.201223943555141244e-04
1.037500000000000000e+01 1.010578483185692100e+00 -2.880849386228544369e-04
1.039583333333333215e+01 1.014996678128151864e+00 -1.515796917980227450e-03
1.041666666666666607e+01 1.018565572147067888e+00 4.009591540092154768e-04
1.043750000000000000e+01 1.017437215904177572e+00 -6.494503418680087122e-04
1.045833333333333215e+01 1.014898123949552700e+00 -4.352336604541540794e-04
1.047916666666666607e+01 1.005059259824275797e+00 -1.164358960543778246e-04
1.050000000000000000e+01 9.944860444645574615e-01 -1.573577871652019275e-03
1.052083333333333215e+01 9.791613405697795480e-01 3.968774200381560736e-04
1.054166666666666607e+01 9.760782331147267454e-01 -6.155726245878672060e-04
1.056250000000000000e+01 9.768582852548139961e-01 1.411053234232427078e-03
1.058333333333333215e+01 9.768579891134779869e-01 -3.563156469922495496e-04
1.060416666666666607e+01 9.865831983897469515e-01 3.346711904964201059e-04
1.062500000000000000e+01 1.003112820450459797e+00 2.398583021672608508e-04
1.064583333333333215e+01 1.017892442214882287e+00 1.211186102879525158e-03
1.066666666666666607e+01 1.025993560542401983e+00 1.481975096941115901e-03
1.068750000000000000e+01 1.021554922818650013e+00 -2.305038661299943167e-04
1.070833333333333215e+01 1.023626609229857154e+00 -1.529544671881399344e-03
1.072916666666666607e+01 1.014507918593209324e+00 -3.742656612157351957e-04
1.075000000000000000e+01 1.008691199867787214e+00 -8.164451349440279100e-04
1.077083333333333215e+01 9.936447354157854628e-01 4.681448591917563521e-04
1.079166666666666607e+01 9.930000794965985200e-01 -6.958303903409962174e-04
1.081250000000000000e+01 9.817992169726289520e-01 7.782665193737475470e-05
1.083333333333333215e+01 9.770978962001009016e-01 -7.990862664061694086e-05
1.085416666666666607e+01 9.732414807534673917e-01 -7.560189263141477971e-06
1.087500000000000000e+01 9.732043063311426323e-01 -1.523476920022500411e-03
1.089583333333333215e+01 9.850224163196733551e-01 1.015791726545435840e-03
1.091666666666666607e+01 9.953700499928250789e-01 -9.316840209296819303e-04
1.093750000000000000e+01 1.009895571761903366e+00 -2.350991572206585258e-03
1.095833333333333215e+01 1.026518407321514115e+00 -1.287496701699151428e-03
1.097916666666666607e+01 1.032324385936961075e+00 -7.847757050650692968e-04
1.100000000000000000e+01 1.030632283938025751e+00 -8.579234159289103644e-04
1.102083333333333215e+01 1.026928918030127313e+00 1.310642092050459640e-04
1.104166666666666607e+01 1.010064827336006221e+00 -1.026568177783012976e-03
1.106250000000000000e+01 9.968321981329550940e-01 -5.814299408509111968e-05
1.108333333333333215e+01 9.860742131614216310e-01 8.110947582338904390e-04
1.110416666666666607e+01 9.782729697717448270e-01 -1.378047220538042121e-03
1.112500000000000000e+01 9.757860733300602885e-01 -1.096796721638765813e-03
1.114583333333333215e+01 9.786113187302529770e-01 1.523346647251707601e-03
1.116666666666666607e+01 9.800961703232464739e-01 3.206431994070679651e-04
1.118750000000000000e+01 9.862799929219571160e-01 8.588999170822407591e-04
1.120833333333333215e+01 1.002474036283225178e+00 -4.153733899911852558e-04
1.122916666666666607e+01 1.012556330376244595e+00 -2.319420526811723140e-04
1.125000000000000000e+01 1.018142231294772326e+00 -3.635065203942632571e-04
1.127083333333333215e+01 1.027606018235131646e+00 -1.184013496759265486e-03
1.129166666666666607e+01 1.027148933475684256e+00 1.162641362015667725e-03
1.131250000000000000e+01 1.020639579374806205e+00 -1.621622560917398547e-03
1.133333333333333215e+01 1.018105414997678926e+00 -1.016081547992530752e-03
1.135416666666666607e+01 1.003792609094747323e+00 -1.620726678628332199e-03
1.137500000000000000e+01 9.900966351832385381e-01 2.078666375621647348e-03
1.139583333333333215e+01 9.835175275342984413e-01 -1.282492279910077632e-03
1.141666666666666607e+01 9.774118757366073718e-01 1.246757392116046043e-03
1.143750000000000000e+01 9.727452509251328649e-01 -1.839447919298041467e-03
1.145833333333333215e+01 9.774608973591667471e-01 2.328673352484311124e-03
1.147916666666666607e+01 9.849437549495526634e-01 2.922654322576335659e-03
1.150000000000000000e+01 1.000370108332172991e+00 -2.168606495337478668e-04
1.152083333333333215e+01 1.009025298383873670e+00 1.713818031153438535e-03
1.154166666666666607e+01 1.017733296903555296e+00 -1.740916243070483567e-03
1.156250000000000000e+01 1.019840648886210621e+00 -6.963133101182927527e-04
1.158333333333333215e+01 1.017039319160626620e+00 1.431461111916218455e-03
1.160416666666666607e+01 1.012964493505209118e+00 -2.892655396977091470e-05
1.162500000000000000e+01 1.003052570167419111e+00 -7.334185647079682164e-04
1.164583333333333215e+01 1.002413309948921416e+00 -5.133788665922807399e-05
1.166666666666666607e+01 9.916555534868863875e-01 -8.407456610013976615e-04
1.168750000000000000e+01 9.908021879332574722e-01 -9.894335011348758500e-04
1.170833333333333215e+01 9.870668638798982819e-01 1.013214546899502593e-03
1.172916666666666607e+01 9.909842017550117843e-01 -2.493925750961354434e-03
1.175000000000000000e+01 9.958766305046109490e-01 -8.669823485795829241e-04
1.177083333333333215e+01 9.970582643679566370e-01 -1.436310729471633593e-04
1.179166666666666607e+01 9.980531183359245828e-01 9.835067250672415839e-04
1.181250000000000000e+01 1.006885136004916470e+00 5.617721079357658492e-05
1.183333333333333215e+01 1.000621028206660101e+00 -6.742808690729222175e-04
1.185416666666666607e+01 1.002384283772183249e+00 -2.916753621305164662e-03
1.187500000000000000e+01 1.000967731540232997e+00 3.437096077948644229e-03
1.189583333333333215e+01 9.999066395464937251e-01 -1.094386239678371044e-03
1.191666666666666607e+01 1.005973302772216638e+00 7.066034137441737795e-04
1.193750000000000000e+01 1.004339638454207373e+00 -1.697697843140422462e-03
1.195833333333333215e+01 1.004607782141325512e+00 9.913957210410651293e-04
1.197916666666666607e+01 9.983767496274849051e-01 -1.873696898976160005e-03
1.200000000000000000e+01 1.005253281730832615e+00 -8.639963564153800785e-04
1.202083333333333215e+01 1.007161837149135097e+00 -2.797688536849979521e-05
1.204166666666666607e+01 1.005707969332410245e+00 -1.655618542718677701e-03
1.206250000000000000e+01 1.003000725151828032e+00 8.529189699436462695e-04
1.208333333333333215e+01 1.002465662460173323e+00 -6.397341793302638118e-05
1.210416666666666607e+01 9.942227543556435565e-01 1.306538642662268554e-03
1.212500000000000000e+01 9.887379005642494834e-01 9.819806761927991554e-04
1.214583333333333215e+01 9.855522516767782903e-01 -5.901427115290427050e-04
1.216666666666666607e+01 9.854757969732172995e-01 -1.545034499442633335e-03
1.218750000000000000e+01 9.851096139855516354e-01 -5.186340646000480977e-04
1.220833333333333215e+01 9.991129878233332429e-01 1.236458147134679832e-03
1.222916666666666607e+01 1.007853039521791061e+00 -2.077804325293269687e-03
1.225000000000000000e+01 1.014119477417536386e+00 1.244050028881480991e-03
1.227083333333333215e+01 1.024044233876842958e+00 -2.021263989619559616e-03
1.229166666666666607e+01 1.016767200448371433e+00 6.169903523179095335e-04
1.231250000000000000e+01 1.012373666548423978e+00 5.271805788853709852e-04
1.233333333333333215e+01 9.970863228738601203e-01 -1.173610685901450065e-03
1.235416666666666607e+01 9.912000869889938670e-01 -1.852746252057556418e-03
1.237500000000000000e+01 9.858984761578545308e-01 -1.183512175140093327e-04
1.239583333333333215e+01 9.841477559617112236e-01 5.529445389128835944e-04
1.241666666666666607e+01 9.831709156983231557e-01 -1.661796914468704860e-03
1.243750000000000000e+01 9.846866726137729620e-01 4.644544543677601544e-04
1.245833333333333215e+01 9.883983726295884065e-01 2.298197626967504314e-04
1.247916666666666607e+01 9.989329825951073216e-01 -1.648649560635778765e-03
1.452083333333333215e+01 9.998683263971692714e-01 -2.407263585991097857e-03
1.454166666666666607e+01 9.942069932851779201e-01 -1.013626954601676679e-04
1.456250000000000000e+01 9.925426051412643558e-01 -5.148196354776162940e-04
1.458333333333333215e+01 9.783497993254753888e-01 -1.892982719487846556e-03
1.460416666666666607e+01 9.756404171961139404e-01 -1.190954472840798127e-03
1.462500000000000000e+01 9.808423718631448240e-01 2.572436155444566500e-03
1.464583333333333215e+01 9.895408729514392210e-01 7.165270118161661071e-04
1.466666666666666607e+01 9.979476835198924922e-01 5.760537926760337345e-04
1.468750000000000000e+01 1.011606273886955787e+00 -1.054711556656757207e-03
1.470833333333333215e+01 1.020105166650523865e+00 -8.665018327474079401e-05
1.472916666666666607e+01 1.020473349418803188e+00 1.307971645376523060e-03
1.475000000000000000e+01 1.023156975754706544e+00 -1.230788880620608790e-03
1.477083333333333215e+01 1.012398772202425690e+00 -8.281065413460048097e-04
1.479166666666666607e+01 1.007464782092969191e+00 -5.570197675018868748e-04
1.481250000000000000e+01 9.948012673692915309e-01 -7.266615729316877430e-04
1.483333333333333215e+01 9.894437359168615220e-01 6.178722210194954531e-04
1.485416666666666607e+01 9.789640115706209622e-01 -1.027917883705977038e-03
1.487500000000000000e+01 9.739119122070827306e-01 1.244811247076475454e-04
1.489583333333333215e+01 9.779701420304118820e-01 2.717287538062442562e-04
1.491666666666666607e+01 9.849555194021968330e-01 2.799252554535442100e-04
1.493750000000000000e+01 9.936661340415102739e-01 2.064504037719907539e-04
1.495833333333333215e+01 1.004087801685233261e+00 -1.809107013186579118e-03
1.497916666666666607e+01 1.021354855619139190e+00 -1.695311958602255644e-03
1.500000000000000000e+01 1.029570385207698280e+00 -2.312479275855721609e-03
1.502083333333333215e+01 1.026486425458794871e+00 1.571042937950834547e-04
1.504166666666666607e+01 1.023257037305110639e+00 6.398242316378994999e-04
1.506250000000000000e+01 1.014274945155869467e+00 5.539276433123857405e-04
1.508333333333333215e+01 1.006767572524080556e+00 1.865331103599310357e-03
1.510416666666666607e+01 9.953710619642213153e-01 -3.541517543473963201e-04
1.512500000000000000e+01 9.796489438003589401e-01 1.320294063681205776e-03
1.514583333333333215e+01 9.734639730269816216e-01 1.897401448913193839e-04
1.516666666666666607e+01 9.696573351374375704e-01 1.048196639560403055e-03
1.518750000000000000e+01 9.732094607304487832e-01 -9.185111807568302955e-04
1.520833333333333215e+01 9.815500982788529782e-01 -1.312208881431414765e-04
1.522916666666666607e+01 9.940075609236775911e-01 -1.052777599523960607e-03
1.525000000000000000e+01 1.005421165873804368e+00 -1.407484934181524967e-03
1.527083333333333215e+01 1.018642711899045317e+00 -2.720496818656488285e-03
1.529166666666666607e+01 1.034072928994048679e+00 1.210419694134013627e-03
1.531250000000000000e+01 1.039146462246632874e+00 4.304472473344398017e-04
1.533333333333333215e+01 1.033159421393902377e+00 3.567210952345369578e-03
1.535416666666666607e+01 1.022679077113883839e+00 7.623704372239005652e-05
1.537500000000000000e+01 1.005992537420115962e+00 4.870766171538177657e-04
1.539583333333333215e+01 9.890714922743375492e-01 -1.277316755209810832e-03
1.541666666666666607e+01 9.722353924923545776e-01 1.387969323144109309e-03
1.543750000000000000e+01 9.651256632438722782e-01 -8.030230940324721697e-04
1.545833333333333215e+01 9.640807686510938224e-01 2.640624707775669940e-03
1.547916666666666607e+01 9.680088965483550911e-01 3.057592731918721413e-03
1.550000000000000000e+01 9.839264612130280696e-01 -2.404935809024191361e-03
1.552083333333333215e+01 9.966026573865574001e-01 -8.679068132007363443e-04
1.554166666666666607e+01 1.013371051960978209e+00 -1.623171564874859420e-03
1.556250000000000000e+01 1.020482717618427682e+00 -1.010360582418161303e-03
1.558333333333333215e+01 1.031038236404274500e+00 -1.564572709295543058e-03
1.560416666666666607e+01 1.037862625808643857e+00 4.803735020581103394e-04
1.562500000000000000e+01 1.030379910609953376e+00 1.637110361931430570e-03
1.564583333333333215e+01 1.024643766159047731e+00 1.697645222972571843e-04
1.566666666666666607e+01 1.007810845779120612e+00 1.771980183308694652e-03
1.568750000000000000e+01 9.884875169621339941e-01 6.385532172850638937e-04
1.570833333333333215e+01 9.707199223167941593e-01 1.403523819828961065e-03
1.572916666666666607e+01 9.537215785822867886e-01 1.954315142605983317e-03
1.575000000000000000e+01 9.569650786302812406e-01 -9.937210144837390052e-04
1.577083333333333215e+01 9.650106654822964147e-01 2.161218875454404623e-03
1.579166666666666607e+01 9.835006132804886558e-01 -1.051715952630327645e-03
1.581250000000000000e+01 1.004047468600646420e+00 -1.148572504833094213e-03
1.583333333333333215e+01 1.019194506718130278e+00 1.101104769089659464e-03
1.585416666666666607e+01 1.032715962876344706e+00 -1.085303220121370052e-03
1.587500000000000000e+01 1.028874008806405893e+00 -1.291462283307615597e-03
1.589583333333333215e+01 1.033494506651149614e+00 1.027579004001536985e-03
1.591666666666666607e+01 1.026962567339256838e+00 -3.199261583031949878e-04
1.593750000000000000e+01 1.015681352421389905e+00 -7.027040478324125773e-04
1.595833333333333215e+01 1.002658830862525274e+00 -9.382101456265473649e-04
1.597916666666666607e+01 9.903518693909818538e-01 -1.162101348503123081e-03
1.600000000000000000e+01 9.810973060339690521e-01 2.926451641600288467e-04
1.602083333333333215e+01 9.754236371526164850e-01 -1.947764799160677624e-04
1.604166666666666430e+01 9.735305456340467289e-01 -7.948639401377349508e-04
1.606250000000000000e+01 9.756917544461611858e-01 2.644662595289694589e-03
1.608333333333333215e+01 9.807477818632288624e-01 8.215969848390875180e-04
1.610416666666666430e+01 9.884453271141612207e-01 -1.579850987891991349e-03
1.612500000000000000e+01 1.008375255268073145e+00 3.888805486815484686e-04
1.614583333333333215e+01 1.012663515131770886e+00 -8.646945253602560024e-04
1.616666666666666430e+01 1.015433630393422382e+00 -6.556971652921792567e-04
1.618750000000000000e+01 1.028013464926409215e+00 2.391162130246756150e-03
1.620833333333333215e+01 1.024565214690279946e+00 1.635227853987297059e-03
1.622916666666666430e+01 1.016795544774011351e+00 3.740201467512321788e-04
1.625000000000000000e+01 1.011618924594898328e+00 1.398997068254387082e-03
1.627083333333333215e+01 1.003233290694764079e+00 -1.821476450509583022e-03
1.629166666666666430e+01 9.937779001367708087e-01 9.076819309573905216e-04
1.631250000000000000e+01 9.907668239540399213e-01 1.001173213944741647e-03
1.633333333333333215e+01 9.827685473701182062e-01 -8.977473167656007920e-04
1.635416666666666430e+01 9.805676593371855931e-01 -2.098015421122332701e-03
1.637500000000000000e+01 9.779853338259467677e-01 7.437912794817451954e-04
1.639583333333333215e+01 9.810703192781746740e-01 3.586851887070990181e-04
1.641666666666666430e+01 9.871564487276104360e-01 -1.113912414107261445e-04
1.643750000000000000e+01 9.900229770735905488e-01 7.998257745195273100e-05
1.645833333333333215e+01 1.002370433787891812e+00 1.246415794606794871e-04
1.647916666666666430e+01 1.006276492044963389e+00 1.139435623440529944e-03
1.650000000000000000e+01 1.018110274188775755e+00 1.853328591712993497e-03
1.652083333333333215e+01 1.028206518873786557e+00 -5.675982304311954964e-04
1.654166666666666430e+01 1.030822856913307328e+00 1.619840105903978074e-03
1.656250000000000000e+01 1.027158225501002331e+00 -5.740478538165158084e-04
1.658333333333333215e+01 1.018869277063435108e+00 -9.063041448517262372e-04
1.660416666666666430e+01 9.996838585827332313e-01 -3.307092667440037241e-04
1.662500000000000000e+01 9.883367418525964565e-01 7.856820111720567729e-04
1.664583333333333215e+01 9.700846019283109190e-01 6.113477008188498247e-04
1.666666666666666430e+01 9.670158254657554853e-01 -5.662858565176979704e-05
1.668750000000000000e+01 9.652082445473061378e-01 -1.329053931225571659e-03
1.670833333333333215e+01 9.683780954736066482e-01 1.191491067916380887e-03
1.672916666666666430e+01 9.781670500949992686e-01 -4.325254832400801230e-04
1.675000000000000000e+01 9.970205468839271612e-01 -7.733957603901451541e-05
1.677083333333333215e+01 1.013444164651059465e+00 -1.053367187886195249e-03
1.679166666666666430e+01 1.025776190137317467e+00 2.164347312774116561e-03
1.681250000000000000e+01 1.031791147846595313e+00 -5.604103108723633431e-04
1.683333333333333215e+01 1.034644594808358464e+00 -1.745544964286594499e-03
1.685416666666666430e+01 1.029703827178422015e+00 9.738350062183663601e-04
1.687500000000000000e+01 1.020227843653937594e+00 -8.351321612527727307e-05
1.689583333333333215e+01 1.008215399983964256e+00 1.033061002140211234e-03
1.691666666666666430e+01 9.927726970963893782e-01 1.003853915231533653e-03
1.693750000000000000e+01 9.765400214784578647e-01 -2.228547608176985762e-03
1.695833333333333215e+01 9.699652459659739989e-01 -3.625403478202600697e-04
1.697916666666666430e+01 9.671673407987539939e-01 2.876855264880119785e-03
1.700000000000000000e+01 9.671664076745414285e-01 6.022509557347765054e-04
1.702083333333333215e+01 9.774415802737753678e-01 6.063720035322973803e-04
1.704166666666666430e+01 9.889382385205995885e-01 1.247998661412848482e-03
1.706250000000000000e+01 1.009802976918279249e+00 1.541770931269321023e-03
1.708333333333333215e+01 1.021356843215747379e+00 3.233755468162298556e-05
1.710416666666666430e+01 1.029179224051420594e+00 1.100573834232522561e-03
1.712500000000000000e+01 1.031925039338473571e+00 9.512816730218665376e-04
1.714583333333333215e+01 1.026336231923104858e+00 2.988301415886621647e-04
1.716666666666666430e+01 1.014758420062242594e+00 -1.260574154945579617e-05
1.718750000000000000e+01 1.006296268977583841e+00 9.563138519620124163e-04
1.720833333333333215e+01 9.967860315733340082e-01 4.625923524798119992e-04
1.722916666666666430e+01 9.905073226577552070e-01 -1.171069603949721673e-03
1.725000000000000000e+01 9.878932005132704530e-01 -1.629770469332035045e-03
1.727083333333333215e+01 9.846738485600523560e-01 -6.009729685598502887e-05
1.729166666666666430e+01 9.877339421354778271e-01 -1.125739461368553934e-04
1.731250000000000000e+01 9.873110724509327474e-01 1.769208088146503313e-03
1.733333333333333215e+01 9.849196653333134321e-01 -2.931883344557023832e-05
1.735416666666666430e+01 9.923357062264190898e-01 -5.618098881775657156e-05
1.737500000000000000e+01 9.935096393355847821e-01 -5.216465941140012268e-04
1.739583333333333215e+01 9.977911209228232936e-01 2.406986515590557238e-04
1.741666666666666430e+01 1.007199075570390345e+00 4.764862335215611696e-04
1.743750000000000000e+01 1.014584629097167401e+00 1.357882444351076042e-03
1.745833333333333215e+01 1.017964561238269727e+00 -6.408083052278629307e-04
1.747916666666666430e+01 1.015786553146857729e+00 6.334757898038567443e-04
1.750000000000000000e+01 1.014524218116965804e+00 1.129670575012776696e-03
1.752083333333333215e+01 1.005939332959529642e+00 -2.163215644025761122e-03
1.754166666666666430e+01 1.003408045995328068e+00 3.445989267621026573e-04
1.756250000000000000e+01 1.000768756645340041e+00 -1.167213033833412912e-03
1.758333333333333215e+01 9.932547146520370740e-01 -7.073685074491101784e-04
1.760416666666666430e+01 9.914058041282247657e-01 -3.636025724859780900e-04
1.762500000000000000e+01 9.863356295536979124e-01 -4.220036923284969997e-04
1.764583333333333215e+01 9.781939106917068028e-01 -1.121644278436978101e-03
1.766666666666666430e+01 9.717308950435020742e-01 1.822444415563170079e-04
1.768750000000000000e+01 9.824969971853744211e-01 6.472197625069710681e-04
1.770833333333333215e+01 9.914391616003866980e-01 -3.890929615292962416e-04
1.772916666666666430e+01 9.959702579938485290e-01 -1.396070897324878587e-03
1.775000000000000000e+01 1.013669399253632086e+00 -6.006417782388977613e-04
1.777083333333333215e+01 1.024929850276969256e+00 2.012978206256021280e-03
1.779166666666666430e+01 1.025783556541592922e+00 7.027507214971731283e-04
1.781250000000000000e+01 1.027477965818499595e+00 -6.834580657542291705e-04
1.783333333333333215e+01 1.024771884024663349e+00 -1.379760673653701022e-03
1.785416666666666430e+01 1.010969595098218932e+00 2.588535136972910542e-04
1.787500000000000000e+01 9.980201405260538117e-01 2.254613965008160550e-04
1.789583333333333215e+01 9.898285127904054015e-01 2.706477187055912528e-03
1.791666666666666430e+01 9.775956748383120010e-01 -1.991159681090239487e-03
1.793750000000000000e+01 9.706932405844937994e-01 5.011119140355071609e-04
1.795833333333333215e+01 9.787807547286971888e-01 1.231036521496719745e-03
1.797916666666666430e+01 9.773710170774914108e-01 1.321848288581720402e-03
1.800000000000000000e+01 9.862992264006255061e-01 -1.787862756355646822e-03
1.802083333333333215e+01 9.982904025952149540e-01 5.375680428038783756e-04
1.804166666666666430e+01 1.005903450565943213e+00 1.090910735072414344e-04
1.806250000000000000e+01 1.014549488620704709e+00 4.042777221536875219e-04
1.808333333333333215e+01 1.019027207680560876e+00 5.057094510074599137e-04
1.810416666666666430e+01 1.024720096329119201e+00 -9.004985750301905748e-04
1.812500000000000000e+01 1.027415318712116887e+00 5.985392650674544596e-04
1.814583333333333215e+01 1.015552814346614152e+00 -1.113269091175162102e-03
1.816666666666666430e+01 1.006859605544372149e+00 -1.905675676388741361e-03
1.818750000000000000e+01 1.002058529917152052e+00 -7.724464089335081329e-04
1.820833333333333215e+01 9.914315866236801389e-01 2.356621989811527433e-04
1.822916666666666430e+01 9.868465525718965736e-01 2.036476944588048142e-03
1.825000000000000000e+01 9.819072927843481846e-01 -5.392401131495776732e-04
1.827083333333333215e+01 9.809825866975074860e-01 1.807396873138209913e-03
1.829166666666666430e+01 9.810776314262602549e-01 -1.101640793334741301e-03
1.831250000000000000e+01 9.852132948506614474e-01 -8.417324108915790999e-04
1.833333333333333215e+01 9.940517880895712866e-01 -1.869464110925905549e-03
1.835416666666666430e+01 9.964967221871091629e-01 -1.566709265329453401e-04
1.837500000000000000e+01 1.007264198004139910e+00 -1.177477198565563991e-04
1.839583333333333215e+01 1.014861151012028895e+00 9.456446775981501573e-04
1.841666666666666430e+01 1.015496344734577283e+00 -5.743696926442342070e-04
1.843750000000000000e+01 1.017746376259742513e+00 1.148120384525912066e-04
1.845833333333333215e+01 1.018065514066693211e+00 -1.630019919779681368e-03
1.847916666666666430e+01 1.013994811205604751e+00 -3.941724491431753763e-04
1.850000000000000000e+01 1.012640777921002266e+00 2.026602499343207586e-03
1.852083333333333215e+01 1.003052811634633779e+00 -1.399192904200013965e-03
1.854166666666666430e+01 1.001673046659324440e+00 -7.471619631062461058e-05
1.856250000000000000e+01 9.846095726793469005e-01 9.841828163340039792e-04
1.858333333333333215e+01 9.771039739618165854e-01 7.110766954401175413e-04
1.860416666666666430e+01 9.790780612314772258e-01 -3.639130549200990643e-04
1.862500000000000000e+01 9.727587217157551702e-01 -7.540514765317784954e-04
1.864583333333333215e+01 9.864030823880574061e-01 -1.664844368374375234e-03
1.866666666666666430e+01 9.850161609805901941e-01 1.481119203591544373e-03
1.868750000000000000e+01 1.005449507799607956e+00 -2.140821757028565486e-03
1.870833333333333215e+01 1.023565736061903930e+00 -5.662954753561299723e-04
1.872916666666666430e+01 1.032151892720989395e+00 -1.617347153391411651e-03
1.875000000000000000e+01 1.030588206068396184e+00 -8.704326904874456258e-04
1.877083333333333215e+01 1.022460568577283180e+00 -1.796333913016564263e-03
1.879166666666666430e+01 1.013846990364053013e+00 -2.897544567986946049e-04
1.881250000000000000e+01 1.004745251543975426e+00 8.163228319972871136e-04
1.883333333333333215e+01 9.934048199444650562e-01 -9.391604212911793242e-04
1.885416666666666430e+01 9.876330257260230727e-01 -2.485278450146120627e-04
1.887500000000000000e+01 9.792853736817218602e-01 -3.634125600943757940e-06
1.889583333333333215e+01 9.818694601475302930e-01 -6.939437718971022597e-04
1.891666666666666430e+01 9.841751765741600932e-01 1.989762924445927748e-03
1.893750000000000000e+01 9.923295053987644110e-01 -1.343852594669367982e-03
1.895833333333333215e+01 9.926472428258005243e-01 -8.574762690172229142e-04
1.897916666666666430e+01 1.001127627090314665e+00 9.712796188738492169e-04
1.900000000000000000e+01 1.006825094238589235e+00 8.517037642312183889e-05
1.902083333333333215e+01 1.013970246689149146e+00 -3.209624732533823861e-04
1.904166666666666430e+01 1.016287919352468982e+00 1.329123423760991771e-03
1.906250000000000000e+01 1.022441943359720939e+00 -2.801708584261020183e-03
1.908333333333333215e+01 1.020204711110258566e+00 2.903385591530348656e-04
1.910416666666666430e+01 1.005281144585956410e+00 1.502353816142167628e-03
1.912500000000000000e+01 9.894387993071458443e-01 -1.657913926582331703e-03
1.914583333333333215e+01 9.891579333177106248e-01 3.456996124468891297e-03
1.916666666666666430e+01 9.858332919113876880e-01 4.064325160135198647e-04
1.918750000000000000e+01 9.875039077826197609e-01 4.551162065622639682e-04
1.920833333333333215e+01 9.974005609083044233e-01 6.256358951152303461e-04
1.922916666666666430e+01 1.000578713880743376e+00 9.748692491887007137e-05
1.925000000000000000e+01 1.003734688532103458e+00 2.759795155989216986e-03
1.927083333333333215e+01 9.981440761335342859e-01 -1.578525249232837603e-03
1.929166666666666430e+01 9.997931349029127723e-01 -1.145493790305785690e-03
1.931250000000000000e+01 9.952057119822363962e-01 6.864827810900718313e-04
1.933333333333333215e+01 1.001514833583336372e+00 7.401235261176878017e-04
1.935416666666666430e+01 9.984153519443779157e-01 -1.351573444044733502e-03
1.937500000000000000e+01 1.007923692515586334e+00 1.351336635309290709e-03
1.939583333333333215e+01 1.008493028822446513e+00 -1.523391151839626183e-03
1.941666666666666430e+01 1.009860751210234886e+00 -8.346616687537956100e-04
1.943750000000000000e+01 1.004986377243018758e+00 -6.438234645885985681e-04
1.945833333333333215e+01 1.007959644619326633e+00 9.478381427144602319e-05
1.947916666666666430e+01 9.983616173186099507e-01 -2.767058790349318409e-04
1.950000000000000000e+01 9.964484511037819958e-01 3.347903052697853731e-04
1.952083333333333215e+01 9.941265150582991872e-01 7.887582391921108601e-04
1.954166666666666430e+01 9.988317808000005682e-01 8.799556285311950542e-04
1.956250000000000000e+01 9.914061445658517435e-01 -1.259366396913329288e-03
1.958333333333333215e+01 9.875887509260719010e-01 -7.727254288422818205e-04
1.960416666666666430e+01 9.902139674172271144e-01 1.739891822849772398e-03
1.962500000000000000e+01 9.967334050851325289e-01 7.757668513897696648e-04
1.964583333333333215e+01 9.949036417935913645e-01 8.802916248447392690e-04
1.966666666666666430e+01 9.992590164857363400e-01 -1.482167960331485287e-03
1.968750000000000000e+01 1.006350829876891506e+00 -4.384343272225027857e-03
1.970833333333333215e+01 1.014876361756818168e+00 4.667444604527114433e-04
1.972916666666666430e+01 1.021945773911772992e+00 2.875505673590699265e-03
1.975000000000000000e+01 1.016018035576000234e+00 -2.577362187117956255e-03
1.977083333333333215e+01 1.010502834157406271e+00 3.636605904442257093e-04
1.979166666666666430e+01 1.000717190892081110e+00 1.443479723884938544e-04
1.981250000000000000e+01 9.916903161162066160e-01 -2.649126070586289763e-03
1.983333333333333215e+01 9.897340552663622670e-01 1.556877481311118696e-03
1.985416666666666430e+01 9.833905986309421365e-01 2.529886423598064031e-04
1.987500000000000000e+01 9.827655432608725095e-01 -9.900872353063785037e-04
1.989583333333333215e+01 9.814936748701009739e-01 6.672246153549371518e-04
1.991666666666666430e+01 9.929657855923954557e-01 -3.312252102939053236e-04
1.993750000000000000e+01 1.001031234318146446e+00 1.186841998725726146e-03
1.995833333333333215e+01 1.012770191054931157e+00 2.190543996385924813e-03
1.997916666666666430e+01 1.018322320256521696e+00 -3.752970477049960086e-04
2.000000000000000000e+01 1.017961570052025699e+00 7.622201718055756020e-04
2.002083333333333215e+01 1.017706341734038622e+00 2.228374976605047679e-03
2.004166666666666430e+01 1.011973235214161493e+00 -1.644021508336049970e-03
2.006250000000000000e+01 1.002943944652848307e+00 2.473301467833691019e-05
2.008333333333333215e+01 9.930939153338335101e-01 -1.331347394109613303e-03
2.010416666666666430e+01 9.918136892818903982e-01 9.469075433104559569e-04
2.012500000000000000e+01 9.928167860994694394e-01 -1.422969539150641940e-03
2.014583333333333215e+01 9.877331701254445928e-01 4.206172818563583228e-04
2.016666666666666430e+01 9.950791688273068480e-01 -6.412291296840127650e-04
2.018750000000000000e+01 9.939765328770417963e-01 3.364884436933294944e-04
2.020833333333333215e+01 9.976264755933812456e-01 -6.006319701621667647e-04
2.022916666666666430e+01 1.001648819587990680e+00 -2.773421693680056411e-03
2.025000000000000000e+01 1.003864852522373008e+00 -2.195143349160484040e-03
2.027083333333333215e+01 1.009705561463414281e+00 1.467004550296734881e-03
2.029166666666666430e+01 1.012264644903903665e+00 1.529733871638091483e-03
2.031250000000000000e+01 1.003663203311436769e+00 -4.888660319736992058e-04
2.033333333333333215e+01 1.010772871979225052e+00 2.866783001521128085e-04
2.035416666666666430e+01 1.006056769096353110e+00 -1.457124281703903223e-03
2.037500000000000000e+01 1.004294159057617541e+00 -1.312696631860503288e-03
2.039583333333333215e+01 9.926478257043127584e-01 -2.116389484620487173e-03
2.041666666666666430e+01 9.920666195564974421e-01 -5.109747888849033425e-04
2.043750000000000000e+01 9.945001500019805540e-01 2.101279859653438012e-03
2.045833333333333215e+01 9.959429846460100544e-01 -1.603595000926175997e-03
2.047916666666666430e+01 1.000858457598262197e+00 1.037777600584492005e-03
2.050000000000000000e+01 9.975952833972644429e-01 5.743210184085784055e-04
2.052083333333333215e+01 9.984683434418122339e-01 6.858223477825368128e-04
2.054166666666666430e+01 1.000503668902605892e+00 -2.178007432758614133e-03
2.056250000000000000e+01 9.942114770415810820e-01 -1.537020674164854637e-03
2.058333333333333215e+01 9.990898500031057949e-01 1.249975375379261053e-03
2.060416666666666430e+01 1.003487914111234947e+00 -2.331688065916968228e-03
2.062500000000000000e+01 1.007587680093030569e+00 -2.645333636844820623e-04
2.064583333333333215e+01 1.009256958496618006e+00 -5.175199510765493604e-04
2.066666666666666430e+01 1.014634674268090064e+00 -2.187139531180280424e-04
2.068750000000000000e+01 1.014055842133384289e+00 9.806336127238341957e-04
2.070833333333333215e+01 1.009552014886542004e+00 -7.278654867905291759e-04
2.072916666666666430e+01 9.992697332796354193e-01 1.210282176052427869e-03
2.075000000000000000e+01 9.872372759824310506e-01 1.020147002634748650e-03
2.077083333333333215e+01 9.764939508502553656e-01 -2.209298939849182585e-03
2.079166666666666430e+01 9.733504348836077291e-01 3.978112514646105243e-06
2.081250000000000000e+01 9.778462505960568985e-01 -5.965416706423434367e-04
2.083333333333333215e+01 9.843431068552356278e-01 -3.435983835683047079e-05
2.085416666666666430e+01 9.941534564884937364e-01 -1.044190280643604238e-03
2.087500000000000000e+01 1.002278866801378232e+00 -1.978224259053637968e-04
2.089583333333333215e+01 1.012995155980802364e+00 1.624238483714977649e-03
2.091666666666666430e+01 1.018573532084906530e+00 8.494253835019569497e-05
2.093750000000000000e+01 1.024846333675981214e+00 -1.537144662061840300e-03
2.095833333333333215e+01 1.025108881102625880e+00 1.177122926443821029e-04
2.097916666666666430e+01 1.022796485921367626e+00 7.593437013645543219e-04
2.100000000000000000e+01 1.010000158692671013e+00 -2.034695466766809659e-03
2.102083333333333215e+01 9.969873767313521817e-01 -6.968931631366559552e-04
2.104166666666666430e+01 9.813527139530981991e-01 -6.581365859127877175e-04
2.106250000000000000e+01 9.711058008844750677e-01 9.112460243846364502e-04
2.108333333333333215e+01 9.651149838404887715e-01 -4.472999683610812236e-04
2.110416666666666430e+01 9.669115241094620172e-01 -2.812684455377979982e-04
2.112500000000000000e+01 9.739044422793806666e-01 5.507108598754081180e-04
2.114583333333333215e+01 9.892332801860799218e-01 7.796671428780789980e-04
2.116666666666666430e+01 1.010204263258592361e+00 -4.821917304588482257e-04
2.118750000000000000e+01 1.025118354301641332e+00 2.575417408471514409e-03
2.120833333333333215e+01 1.033936153348778753e+00 6.696405362852346369e-04
2.122916666666666430e+01 1.041658490012494109e+00 1.145043913106897487e-03
2.125000000000000000e+01 1.034055911741196043e+00 -2.754270559915297355e-04
2.127083333333333215e+01 1.020105831520139228e+00 -4.088984229214859593e-04
2.129166666666666430e+01 1.007922375066593101e+00 -1.430964476457725985e-03
2.131250000000000000e+01 9.897174642344527262e-01 -2.749309404186048907e-03
2.133333333333333215e+01 9.768438970105463026e-01 1.538689433362573460e-03
2.135416666666666430e+01 9.646174631660520138e-01 -7.303054355466640239e-05
2.137500000000000000e+01 9.612911016410516929e-01 -1.315463381950972592e-03
2.139583333333333215e+01 9.633459392858212400e-01 -3.586269990889048333e-04
2.141666666666666430e+01 9.739691171351591015e-01 9.804109908630865948e-04
2.143750000000000000e+01 9.899970161453086615e-01 1.534989386493727597e-04
2.145833333333333215e+01 1.005512529432275093e+00 1.424510877619286197e-03
2.147916666666666430e+01 1.020074256994073947e+00 -1.920205283124731908e-03
2.150000000000000000e+01 1.033748474424149855e+00 -2.785922263853287962e-05
2.152083333333333215e+01 1.032942731064384390e+00 -3.090195625316401965e-04
2.154166666666666430e+01 1.035336964076511324e+00 1.752649594285664520e-03
2.156250000000000000e+01 1.030431805635639630e+00 6.448356651578497677e-04
2.158333333333333215e+01 1.017004988656708298e+00 8.575963126129065557e-04
2.160416666666666430e+01 1.004069083465478629e+00 1.633818698183815655e-03
2.162500000000000000e+01 9.844433049973050354e-01 8.065726158908798288e-04
2.164583333333333215e+01 9.773238419304451918e-01 -1.916670520744666014e-03
2.166666666666666430e+01 9.647622422063069081e-01 1.784707647674027651e-03
2.168750000000000000e+01 9.673616579668561366e-01 8.192749716389648596e-04
2.170833333333333215e+01 9.697746671545219854e-01 -1.479582039829416306e-04
2.172916666666666430e+01 9.817519287018001695e-01 5.520554157124159603e-04
2.175000000000000000e+01 9.919022167697486569e-01 2.094227428594637799e-03
2.177083333333333215e+01 1.008374523716120130e+00 1.034437591775634168e-03
2.179166666666666430e+01 1.017093489791565553e+00 -8.634907440823885738e-05
2.181250000000000000e+01 1.030768890378211511e+00 7.576144454463917821e-04
2.183333333333333215e+01 1.034257028119383692e+00 -9.742090021127162210e-04
2.185416666666666430e+01 1.030527970043370711e+00 6.240464978864581442e-04
2.187500000000000000e+01 1.025437525708705166e+00 -1.427727733677043198e-05
2.189583333333333215e+01 1.014363076010626363e+00 5.122003821363385048e-04
2.191666666666666430e+01 1.001831734424674103e+00 -2.275253015109863965e-03
2.193750000000000000e+01 9.910236809740162744e-01 -1.852978950948293551e-03
2.195833333333333215e+01 9.770873476018447912e-01 3.428679662773748658e-03
2.197916666666666430e+01 9.719382458000270786e-01 -2.980035511465116481e-04
2.200000000000000000e+01 9.659642235718860492e-01 -1.517764468961553949e-04
2.202083333333333215e+01 9.681471059523381051e-01 6.903515777706891116e-04
2.204166666666666430e+01 9.761671568928205200e-01 -2.944547890466308053e-04
2.206250000000000000e+01 9.902760717506726706e-01 4.560509486613503749e-04
2.208333333333333215e+01 1.007385852015357575e+00 -2.202776201195714642e-03
2.210416666666666430e+01 1.025466460051042361e+00 7.993464501761747397e-06
2.212500000000000000e+01 1.038417335980947209e+00 -6.099203588198278422e-06
2.214583333333333215e+01 1.034133335689972011e+00 -2.265175235272704878e-03
2.216666666666666430e+01 1.032124601686808640e+00 -1.865772535697379168e-03
2.218750000000000000e+01 1.027691891368257782e+00 1.116592998965066936e-03
2.220833333333333215e+01 1.003852312156414239e+00 -1.060267675231511700e-03
2.222916666666666430e+01 9.886137567987263175e-01 -9.452861044965905684e-04
2.225000000000000000e+01 9.794655826791535125e-01 5.211414050717850643e-04
2.227083333333333215e+01 9.725321437337235420e-01 -4.546888817061782505e-04
2.229166666666666430e+01 9.722643628724990661e-01 -2.744935651927181940e-03
2.231250000000000000e+01 9.756388686086501227e-01 -4.992217221098920604e-04
2.233333333333333215e+01 9.795172854211872115e-01 -4.129975598147686685e-04
2.235416666666666430e+01 9.946320080836089650e-01 -4.622705149428189939e-04
2.237500000000000000e+01 1.003825195813594640e+00 1.478568994792254848e-03
2.239583333333333215e+01 1.017968407461994573e+00 4.979438344325077224e-04
2.241666666666666430e+01 1.025214414398565310e+00 -9.819793108792724233e-04
2.243750000000000000e+01 1.032052222234720817e+00 3.246979311603394227e-03
2.245833333333333215e+01 1.027348293617490693e+00 -7.993634701805918722e-05
2.247916666666666430e+01 1.025916283915138560e+00 -1.912970151512107279e-03
2.250000000000000000e+01 1.007959318646773239e+00 -6.770687109874482402e-04
2.252083333333333215e+01 9.946553406157907506e-01 -1.590056213770601546e-03
2.254166666666666430e+01 9.810086360679128870e-01 -1.121116097301128002e-03
2.256250000000000000e+01 9.733847510605293518e-01 -8.286471617829185333e-05
2.258333333333333215e+01 9.791582824873128477e-01 -1.305495811007396489e-03
2.260416666666666430e+01 9.888084509518740850e-01 1.337967967057039067e-03
2.262500000000000000e+01 9.971741329120709096e-01 2.853713155132887023e-04
2.264583333333333215e+01 1.003365230428822086e+00 -5.979031168240926068e-04
2.266666666666666430e+01 1.007588717581463733e+00 -5.202568259674385156e-04
2.268750000000000000e+01 1.007458359860758712e+00 -1.210178743726088730e-04
2.270833333333333215e+01 1.007768078487111030e+00 -6.612827430056213726e-05
2.272916666666666430e+01 1.007559386136546165e+00 -9.990184323214316466e-04
2.275000000000000000e+01 1.004615952439459559e+00 9.045174503677896926e-04
2.277083333333333215e+01 1.001975203252944091e+00 -2.223910259944786999e-03
2.279166666666666430e+01 9.979168241944257334e-01 2.266245738040790440e-04
2.281250000000000000e+01 9.974940650680208520e-01 4.108568545296522505e-04
2.283333333333333215e+01 9.964738848042768993e-01 3.440148577692146150e-04
2.285416666666666430e+01 9.982034671953923244e-01 1.194428851398447386e-03
2.287500000000000000e+01 9.997737962316385341e-01 -1.048946967258037157e-03
2.289583333333333215e+01 1.003373590416606564e+00 8.581933253141592246e-04
2.291666666666666430e+01 1.004246901364772127e+00 -2.472612927497887855e-03
2.293750000000000000e+01 1.005813908222343844e+00 -1.235555007695793815e-03
2.295833333333333215e+01 1.008726597181679452e+00 -1.652319520238810331e-03
2.297916666666666430e+01 1.005451535008409003e+00 8.135339762230920204e-04
2.300000000000000000e+01 9.925750493715553846e-01 -2.913564791200962383e-03
2.302083333333333215e+01 9.941949040068351895e-01 1.061846208800140993e-03
2.304166666666666430e+01 9.912849719927112613e-01 -3.123672494229783237e-05
2.306250000000000000e+01 9.921549041709228911e-01 -7.938055652240129595e-04
2.308333333333333215e+01 9.872228544123410332e-01 -1.783733277564864775e-03
2.310416666666666430e+01 9.928702627739718345e-01 -4.467830905475636094e-04
2.312500000000000000e+01 1.001486198446716269e+00 2.837535247969847751e-03
2.314583333333333215e+01 1.007983808376417656e+00 -2.879171265643035594e-03
2.316666666666666430e+01 1.008622705820885646e+00 -8.169779671580565308e-04
2.318750000000000000e+01 1.015627605710435644e+00 5.087748692483143103e-04
2.320833333333333215e+01 1.014076309619909466e+00 3.603520561855638868e-04
2.322916666666666430e+01 1.009209934061586544e+00 3.037874448474862910e-04
2.325000000000000000e+01 1.003727250615202404e+00 -6.968761906580627158e-04
2.327083333333333215e+01 9.921171004238422686e-01 -1.869429166826414154e-04
2.329166666666666430e+01 9.887896703624209360e-01 -1.525555865636750268e-03
2.331250000000000000e+01 9.800319681416933548e-01 1.106706899720491088e-03
2.333333333333333215e+01 9.882567980334432400e-01 -9.779001967141133945e-04
2.335416666666666430e+01 9.921408967973859294e-01 -8.793356965690969683e-04
2.337500000000000000e+01 9.960689434120553187e-01 8.275558761289938991e-04
2.339583333333333215e+01 9.989443932737478438e-01 -4.656524671839121546e-04
2.341666666666666430e+01 1.006652213305609722e+00 1.076785371565137407e-03
2.343750000000000000e+01 1.011844652432896119e+00 -8.099793487540786268e-04
2.345833333333333215e+01 1.007005848705279094e+00 -1.093765188944723164e-03
2.347916666666666430e+01 1.009456984252917966e+00 -5.911453267508974497e-04
2.350000000000000000e+01 1.008663692991457195e+00 -6.396756988323830514e-04
2.352083333333333215e+01 1.002665272717344624e+00 -7.016786679870345685e-04
2.354166666666666430e+01 1.000471224991063890e+00 2.997293512422877400e-04
2.356250000000000000e+01 1.001495485178130807e+00 1.898492982209902655e-04
2.358333333333333215e+01 9.965844917397361780e-01 -2.429734951983453890e-04
2.360416666666666430e+01 9.944935231223338556e-01 6.631544242959525395e-04
2.362500000000000000e+01 9.893745004547478405e-01 4.358101647860206204e-04
2.364583333333333215e+01 9.868251116114945543e-01 9.784801016408922053e-04
2.366666666666666430e+01 9.929137511126936433e-01 -3.750583942731676619e-04
2.368750000000000000e+01 9.978697846848558761e-01 -5.355797735074999165e-04
2.370833333333333215e+01 1.005629652804372443e+00 -1.169314578423089014e-04
2.372916666666666430e+01 1.012255069860906520e+00 2.185855640094291810e-03
2.375000000000000000e+01 1.015655562675666923e+00 1.824960869206045068e-03
2.377083333333333215e+01 1.008989297160103327e+00 2.555693383057860871e-04
2.379166666666666430e+01 1.007082140134341941e+00 -1.066911405248942074e-03
2.381250000000000000e+01 9.929077763204379181e-01 8.220639925259059112e-04
2.383333333333333215e+01 9.915758476969035451e-01 1.754349827575820255e-03
2.385416666666666430e+01 9.915344573882137746e-01 2.252806401219056235e-03
2.387500000000000000e+01 9.888192649390732392e-01 8.146204303095542143e-04
2.389583333333333215e+01 9.941618735127228934e-01 -1.484190957443867710e-03
2.391666666666666430e+01 1.001106157366674410e+00 -1.346827996258690438e-03
2.393750000000000000e+01 1.004429065568198221e+00 -7.697838155855955995e-04
2.395833333333333215e+01 1.005802894802935832e+00 1.415164144425202272e-03
2.397916666666666430e+01 1.004623139542577093e+00 -5.989018540420262176e-04
2.400000000000000000e+01 1.003295481968468739e+00 6.500710251146845330e-04
2.402083333333333215e+01 1.000397643391281344e+00 -1.896746158872902183e-03
2.404166666666666430e+01 1.003090297429807265e+00 9.839739697449624654e-04
2.406250000000000000e+01 1.004703410853780232e+00 5.830479116807874528e-04
2.408333333333333215e+01 9.977708436855849961e-01 -9.438931294579642160e-04
2.410416666666666430e+01 9.898339186574321991e-01 -3.392350513789754154e-04
2.412500000000000000e+01 9.876171404817999377e-01 -6.436634620944804578e-04
2.414583333333333215e+01 9.872798056101653730e-01 2.303824678331413173e-04
2.416666666666666430e+01 9.929850969387629123e-01 -5.654649599624263960e-04
2.418750000000000000e+01 9.966769237704232731e-01 -1.082448474129226726e-03
2.420833333333333215e+01 1.009620236203791377e+00 -3.858756084532448611e-04
2.422916666666666430e+01 1.018938060629007492e+00 -9.000161513411411270e-04
2.425000000000000000e+01 1.021511444926046508e+00 3.870674815061091265e-04
2.427083333333333215e+01 1.020438569577751808e+00 -5.469838932583519610e-04
2.429166666666666430e+01 1.012159645849320277e+00 -1.068502231737956769e-03
2.431250000000000000e+01 1.002256763482682445e+00 -1.059069839866240295e-03
2.433333333333333215e+01 9.912982980143960621e-01 -6.963403910254393949e-04
2.435416666666666430e+01 9.788634100112153513e-01 -1.767871722703819872e-04
2.437500000000000000e+01 9.772221569522213658e-01 -2.654494801358197871e-04
2.439583333333333215e+01 9.820332144454331225e-01 -1.400150038772560645e-03
2.441666666666666430e+01 9.832673644119259704e-01 -6.620842772348341145e-04
2.443750000000000000e+01 9.867182922470769668e-01 -1.865471344454451617e-04
2.445833333333333215e+01 1.004448738161110466e+00 8.500113718506282145e-04
2.447916666666666430e+01 1.009886700461040787e+00 1.476437061965499070e-03
2.450000000000000000e+01 1.018914454021338178e+00 1.077448998769933865e-04
2.452083333333333215e+01 1.024706097657432258e+00 1.532096183580816933e-03
2.454166666666666430e+01 1.022824926603151274e+00 1.984722918709123495e-03
2.456250000000000000e+01 1.016574115231877906e+00 6.256266046023976641e-04
2.458333333333333215e+01 1.007981827721708079e+00 2.361605411199746690e-03
2.460416666666666430e+01 9.984337516546875069e-01 -1.893034712608137032e-03
2.462500000000000000e+01 9.858921455873139728e-01 3.072908806278280315e-04
2.464583333333333215e+01 9.765301817974227916e-01 -3.326865612494392366e-04
2.466666666666666430e+01 9.792295778327020361e-01 -5.590237583460028192e-04
2.468750000000000000e+01 9.774959924403795464e-01 -1.140589645172846800e-03
2.470833333333333215e+01 9.874553043602558589e-01 -1.178273198517137922e-03
2.472916666666666430e+01 1.001581046826963028e+00 2.510603774204456977e-04
2.475000000000000000e+01 1.008240431970907069e+00 -1.026804220396147597e-03
2.477083333333333215e+01 1.016084457667054686e+00 -1.028775217849447305e-04
2.479166666666666430e+01 1.021353529185369924e+00 -1.156594925110101960e-03
2.481250000000000000e+01 1.022142546247007733e+00 2.806846822022183822e-03
2.483333333333333215e+01 1.021367719207319169e+00 1.878429745416832408e-04
2.485416666666666430e+01 1.011219696774226628e+00 -1.288107901909633490e-03
2.487500000000000000e+01 9.983084928134243752e-01 -2.125191524199615371e-03
2.489583333333333215e+01 9.885953241557002835e-01 -3.201416499971507235e-03
2.491666666666666430e+01 9.861418448702407025e-01 -1.279185571574866821e-03
2.493750000000000000e+01 9.875280326986357604e-01 8.962802064849279557e-04
2.495833333333333215e+01 9.849547010508701295e-01 -8.901142472598834758e-04
2.497916666666666430e+01 9.969454339295721335e-01 -7.724607375985178409e-04
2.500000000000000000e+01 1.001423471017250266e+00 1.141220496782475481e-03
2.502083333333333215e+01 1.006827653426493274e+00 -4.821479689636229784e-04
2.504166666666666430e+01 1.009148872241984796e+00 1.021796882697065126e-04
2.506250000000000000e+01 1.007470426081945591e+00 -3.976130298768296915e-04
2.508333333333333215e+01 1.004714894127442193e+00 6.380314851990127531e-04
2.510416666666666430e+01 1.004774370233890712e+00 -9.502804316691668173e-05
2.512500000000000000e+01 9.949701012947828049e-01 -1.060966346671803236e-03
2.514583333333333215e+01 9.958813765740814894e-01 -7.674942311615916800e-04
2.516666666666666430e+01 9.971214145935098916e-01 1.227343794454673802e-03
2.518750000000000000e+01 9.956867172074818084e-01 7.673546233345765943e-04
2.520833333333333215e+01 9.987335997202083648e-01 7.014551224241303206e-04
2.522916666666666430e+01 9.975531114039546399e-01 2.037677851419094840e-03
2.525000000000000000e+01 1.003444518071516800e+00 -7.856774538076854737e-04
2.527083333333333215e+01 1.004365279680368150e+00 1.020548348082223663e-03
2.529166666666666430e+01 1.000250435044800268e+00 -2.298190543733044135e-03
2.531250000000000000e+01 1.007444610815922292e+00 2.984705906418668570e-04
2.533333333333333215e+01 1.000442643915953500e+00 -6.816707286827458677e-04
2.535416666666666430e+01 9.952660007238404161e-01 -1.058235953467908340e-04
2.537500000000000000e+01 9.911000950921257102e-01 -7.048342507496653834e-04
2.539583333333333215e+01 9.920510507890312191e-01 2.241792046334185884e-03
2.541666666666666430e+01 9.826363934979310821e-01 2.612501702964567331e-05
2.543750000000000000e+01 9.894741681980572245e-01 1.336946869577096192e-03
2.545833333333333215e+01 9.957320247125300838e-01 -6.521794986392932857e-04
2.547916666666666430e+01 1.005682205453306999e+00 2.771420176078689631e-04
2.550000000000000000e+01 1.010389140332861979e+00 -3.338425629863702435e-04
2.552083333333333215e+01 1.018879860967168538e+00 -9.444093248828478414e-04
2.554166666666666430e+01 1.014771436979768238e+00 -2.429395050610038830e-04
2.556250000000000000e+01 1.012937830905580983e+00 7.595905485504113493e-04
2.558333333333333215e+01 1.000355856072352223e+00 1.952283068512586416e-03
2.560416666666666430e+01 9.957733719775806458e-01 1.586863366249152035e-04
2.562500000000000000e+01 9.892236976642853064e-01 -1.525114608243284889e-03
2.564583333333333215e+01 9.891747482497413868e-01 1.485760962664462717e-03
2.566666666666666430e+01 9.960249482829147682e-01 -5.076781322852685820e-04
2.568750000000000000e+01 9.937955491511173411e-01 8.829679162758500253e-04
2.570833333333333215e+01 9.968484093640375132e-01 -1.312178936681926682e-03
2.572916666666666430e+01 9.988950035356930490e-01 1.458840718339908646e-04
2.575000000000000000e+01 1.000472014524341757e+00 5.350324128712927738e-04
2.577083333333333215e+01 9.954729060470655089e-01 1.070629976979373674e-04
2.579166666666666430e+01 1.004923319600416365e+00 1.257933782823209825e-03
2.581250000000000000e+01 1.002660384637961366e+00 -1.028728513646766851e-03
2.583333333333333215e+01 1.003636164172862388e+00 1.629618454105487800e-03
2.585416666666666430e+01 1.009774878896021466e+00 -1.603385748868718695e-03
2.587500000000000000e+01 1.004800742338727071e+00 2.045472445298008538e-03
2.589583333333333215e+01 1.004490494251160104e+00 1.488843888423236565e-03
2.591666666666666430e+01 1.001732165469276348e+00 8.108156834011312529e-04
2.593750000000000000e+01 9.949239648679294445e-01 -1.849557301349678655e-03
2.595833333333333215e+01 9.903470491991760438e-01 7.932050805849407988e-04
2.597916666666666430e+01 9.933635288755267023e-01 -6.723490376156746095e-04
