0.000000000000000000e+00 9.932885050190758403e-01 -1.800729994900854888e-03
2.083333333333333218e-02 9.993767490890994587e-01 -5.097350597451432786e-04
4.166666666666666435e-02 1.004499721332636764e+00 3.027754883381252276e-04
6.250000000000000000e-02 9.975674378001631037e-01 6.584990594605438004e-04
8.333333333333332871e-02 9.918310982469363823e-01 -4.319354544510911696e-04
1.041666666666666574e-01 9.898673101437751587e-01 2.628329032378325236e-05
1.250000000000000000e-01 1.005866571556347067e+00 1.029952668243071983e-03
1.458333333333333148e-01 1.021580623036387747e+00 1.197838825630132518e-03
1.666666666666666574e-01 1.014903899618352812e+00 -2.791253413580441645e-03
1.875000000000000000e-01 9.926758618997900685e-01 -1.501171680279805669e-04
2.083333333333333148e-01 9.812088422680372846e-01 -5.985569938810456937e-04
2.291666666666666574e-01 9.901394732734116744e-01 2.534851499912739751e-04
2.500000000000000000e-01 1.001295126895451748e+00 8.023443340327780825e-04
2.708333333333333148e-01 1.010765634932511592e+00 -9.677965194899114170e-04
2.916666666666666297e-01 1.005773637701685486e+00 -3.645738454239268091e-04
3.125000000000000000e-01 9.887291398359006056e-01 1.614918984867933372e-04
3.333333333333333148e-01 9.821395086061160962e-01 7.136210696432836566e-04
3.541666666666666297e-01 9.717715290727715338e-01 -9.132444884100977519e-04
3.750000000000000000e-01 9.749574418699236134e-01 -4.822561634378617538e-05
3.958333333333333148e-01 9.877615845326559452e-01 -1.472602663829174728e-03
4.166666666666666297e-01 1.005516130957410104e+00 -7.049912835335760594e-06
4.375000000000000000e-01 1.013539059879750903e+00 9.210831922040434833e-05
4.583333333333333148e-01 1.016573009338331390e+00 -1.519376085469741327e-03
4.791666666666666297e-01 1.003503026321341807e+00 1.286443297445018013e-03
5.000000000000000000e-01 1.003605481541533839e+00 7.666722680655989417e-04
5.208333333333332593e-01 1.006416917419818313e+00 -1.146472728074270737e-03
5.416666666666666297e-01 9.961056391128277898e-01 3.282938952364222751e-04
5.625000000000000000e-01 9.743388138372703899e-01 3.256872297718535762e-04
5.833333333333332593e-01 9.298326733049455672e-01 -2.266208795493591596e-03
6.041666666666666297e-01 8.827660976490585565e-01 -5.606754386478160490e-04
6.250000000000000000e-01 8.208480858656305168e-01 3.561628781823652427e-04
6.458333333333332593e-01 7.552466080147757221e-01 -1.891494028085248394e-03
6.666666666666666297e-01 6.839833180067325102e-01 -6.449290242337300718e-04
6.875000000000000000e-01 6.621044038265764264e-01 7.275763694517191783e-04
7.083333333333332593e-01 6.978642706640652005e-01 5.040340611688342047e-04
7.291666666666666297e-01 7.780437289754379426e-01 -1.641832992298512860e-03
7.500000000000000000e-01 8.417571095428382222e-01 1.376577478255967520e-03
7.708333333333332593e-01 9.082119254600204972e-01 6.739641015745472625e-04
7.916666666666666297e-01 9.476298474210285150e-01 7.526436172785404537e-04
8.125000000000000000e-01 9.824046567888126136e-01 2.870259426787608297e-03
8.333333333333332593e-01 9.877613432143755867e-01 -2.482100693450519551e-04
8.541666666666666297e-01 9.920132873650312488e-01 1.228159582601184461e-03
8.750000000000000000e-01 9.988211174002648018e-01 -1.890484826772456921e-03
8.958333333333332593e-01 1.007034894184655860e+00 7.608407493378993884e-04
9.166666666666666297e-01 9.961776170305072231e-01 2.957485251988816247e-03
9.375000000000000000e-01 9.879708660309077795e-01 9.574434193313608550e-04
9.583333333333332593e-01 9.866089922475030916e-01 -4.628621470237041661e-04
9.791666666666666297e-01 1.000441895895766153e+00 -1.971220812826625542e-03
1.000000000000000000e+00 1.005072579675865052e+00 -5.719540718998306593e-04
1.020833333333333259e+00 1.009584381028086231e+00 5.197636686633346804e-04
1.041666666666666519e+00 9.964761388987609658e-01 -2.456150934940318567e-03
1.062500000000000000e+00 9.887581140481884745e-01 2.761133406028689653e-04
1.083333333333333259e+00 9.925331873273169903e-01 -6.277504026529624574e-04
1.104166666666666519e+00 1.000382050453572980e+00 -1.043823073168934383e-03
1.125000000000000000e+00 1.002292836618720706e+00 4.077760404037336292e-04
1.145833333333333259e+00 1.007020131770732352e+00 -7.108812344913549488e-04
1.166666666666666519e+00 1.004914175968085299e+00 -7.422549402345256795e-04
1.187500000000000000e+00 9.992258067449002468e-01 -6.548171084375935692e-04
1.208333333333333259e+00 9.898090635881310329e-01 -1.335141453480186537e-03
1.229166666666666519e+00 9.949317901636427486e-01 3.976404490505196904e-04
1.250000000000000000e+00 1.005241445834281766e+00 -2.253060263050825351e-03
1.270833333333333259e+00 1.012495809433862970e+00 2.253663413222795054e-04
1.291666666666666519e+00 9.998036931307980879e-01 7.389779270968101655e-04
1.312500000000000000e+00 9.781051803148935742e-01 1.233008023006784476e-03
1.333333333333333259e+00 9.662374051702892208e-01 5.318176881399233743e-04
1.354166666666666519e+00 9.850812455402018220e-01 1.553084111173542309e-03
1.375000000000000000e+00 1.003950918257847880e+00 -1.560780613178035583e-03
1.395833333333333259e+00 1.002818582604327213e+00 -4.105341894500388238e-04
1.416666666666666519e+00 9.902381800573631931e-01 -9.975742558257540138e-04
1.437500000000000000e+00 9.807470339834659656e-01 -2.293112254162624902e-03
1.458333333333333259e+00 9.951869940418881511e-01 5.989579131761373597e-04
1.479166666666666519e+00 1.018312643804655471e+00 9.914708065270434398e-04
1.500000000000000000e+00 1.034790725937923872e+00 -6.798464767264894299e-05
1.520833333333333259e+00 1.024065012348440495e+00 1.453674517180437650e-03
1.541666666666666519e+00 1.013361598803439012e+00 -2.724018251008911173e-04
1.562500000000000000e+00 9.960900072266646310e-01 -5.264529812251335416e-04
1.583333333333333259e+00 9.881487876417056615e-01 6.772614906669359751e-04
1.604166666666666519e+00 9.866443161971421016e-01 4.385343450620131692e-04
1.625000000000000000e+00 9.965452465576322139e-01 1.182404776712975801e-03
1.645833333333333259e+00 1.006708062046572261e+00 -8.518406920393576526e-04
1.666666666666666519e+00 1.011575936240685314e+00 -1.829326129036624744e-03
1.687500000000000000e+00 1.015539072683588007e+00 -1.135531684542369574e-03
1.708333333333333259e+00 1.023901279573584233e+00 -1.283339804692064379e-03
1.729166666666666519e+00 1.023176991708124373e+00 4.511311035410436464e-04
1.750000000000000000e+00 1.016677095014351773e+00 9.392614654312824276e-04
1.770833333333333259e+00 9.869504734473578678e-01 1.250707612147926090e-03
1.791666666666666519e+00 9.748324253314774035e-01 -1.014486872991926351e-03
1.812500000000000000e+00 9.648514699773934611e-01 -4.816484337319725320e-04
1.833333333333333259e+00 9.784756038279568413e-01 -8.796368916642158167e-04
1.854166666666666519e+00 1.001598903338523749e+00 4.824319672577949262e-04
1.875000000000000000e+00 1.009699475283284853e+00 2.476558800736398318e-04
1.895833333333333259e+00 1.010323070774731269e+00 4.267834395567526732e-04
1.916666666666666519e+00 9.960348433406365221e-01 -1.009525068082180784e-03
1.937500000000000000e+00 9.881133455238179097e-01 -1.300905810204478147e-03
1.958333333333333259e+00 9.816173565080871244e-01 -3.163195920550465547e-04
1.979166666666666519e+00 9.844402406562403618e-01 -1.345055690855354426e-03
2.000000000000000000e+00 9.880102308902101171e-01 1.967739975899644115e-03
2.020833333333333037e+00 9.949367715612529306e-01 5.830525216552091827e-04
2.041666666666666519e+00 1.015496365816925373e+00 -1.536394448232842940e-03
2.062500000000000000e+00 1.030627971009883348e+00 1.400012596628509142e-03
2.083333333333333037e+00 1.032154014626196936e+00 -3.179563025155849459e-04
2.104166666666666519e+00 1.006561062539331974e+00 9.445634293368327305e-05
2.125000000000000000e+00 9.845557774452768918e-01 1.242749436592721201e-03
2.145833333333333037e+00 9.778319210620397550e-01 5.383583764201424092e-04
2.166666666666666519e+00 9.897485315199258116e-01 -6.231616357507150988e-04
2.187500000000000000e+00 1.014068916144347021e+00 5.391077436967393237e-04
2.208333333333333037e+00 1.015841080311325140e+00 -1.919820505193656256e-03
2.229166666666666519e+00 1.014949953930276649e+00 -1.679125375407420706e-03
2.250000000000000000e+00 1.004679616905556738e+00 7.194905154816030792e-04
2.270833333333333037e+00 1.000906347491764992e+00 -1.031256025142326922e-04
2.291666666666666519e+00 9.852211225249416504e-01 -1.203639438638002060e-03
2.312500000000000000e+00 9.726146881168408198e-01 1.247039283990918589e-04
2.333333333333333037e+00 9.794126820885138418e-01 5.477692731003831620e-04
2.354166666666666519e+00 1.010678141406094133e+00 -1.282636672154084754e-03
2.375000000000000000e+00 1.025020308059760632e+00 1.228043908204339485e-03
2.395833333333333037e+00 1.017518604343200073e+00 1.392171313263743928e-03
2.416666666666666519e+00 9.916458744750653587e-01 6.999101374306054011e-04
2.437500000000000000e+00 9.772181277344380579e-01 -1.465350607089419346e-03
2.458333333333333037e+00 9.887749060067864137e-01 2.482294343821830397e-04
2.479166666666666519e+00 1.000273547878018476e+00 1.260196044652661879e-03
2.500000000000000000e+00 1.000113567455580776e+00 -8.338202450198296031e-04
2.520833333333333037e+00 9.976365864124637772e-01 -9.819820400729139045e-04
2.541666666666666519e+00 9.982531511209356001e-01 -1.302898880332091763e-03
2.562500000000000000e+00 1.016408146367256737e+00 -1.095877143451331418e-03
2.583333333333333037e+00 1.016497682113715939e+00 -7.450252403964221322e-04
2.604166666666666519e+00 1.005890366170335559e+00 7.041644612926268882e-04
2.625000000000000000e+00 1.001861025441501907e+00 1.326991453530387312e-03
2.645833333333333037e+00 9.970406466419445835e-01 -1.669781234958466485e-03
2.666666666666666519e+00 1.001462186028066137e+00 6.746660547444554776e-04
2.687500000000000000e+00 9.953848965240834623e-01 8.697529707885430896e-04
2.708333333333333037e+00 9.957332314524067751e-01 8.468518543097788712e-04
2.729166666666666519e+00 1.011194642713486580e+00 1.321905896250069341e-03
2.750000000000000000e+00 1.018171700912870348e+00 -1.507352190822414074e-03
2.770833333333333037e+00 9.954984239547971514e-01 -1.313557692536715610e-03
2.791666666666666519e+00 9.696966061877269061e-01 1.240670578477033560e-03
2.812500000000000000e+00 9.637224248807036986e-01 1.275372963251175966e-03
2.833333333333333037e+00 9.930064645849073779e-01 -2.119887684386309763e-03
2.854166666666666519e+00 1.009202288041481710e+00 -1.078947875496436438e-03
2.875000000000000000e+00 1.001009165350542851e+00 1.071408972729447160e-03
2.895833333333333037e+00 9.785441749398311462e-01 -1.848109865181949956e-05
2.916666666666666519e+00 9.711642444168476773e-01 1.024439083678418180e-03
2.937500000000000000e+00 9.991444982326072033e-01 1.241841829405301585e-04
2.958333333333333037e+00 1.020216565440051903e+00 8.150670820133045077e-04
2.979166666666666519e+00 1.026793852095349457e+00 -1.388786996888539526e-03
3.000000000000000000e+00 1.021007690341109164e+00 -9.307007302877688595e-04
3.020833333333333037e+00 1.018036722493263824e+00 -8.214330419552905811e-04
3.041666666666666519e+00 1.018689884215815189e+00 4.602529954534654503e-04
3.062500000000000000e+00 1.009879607517650379e+00 8.209481119972524563e-04
3.083333333333333037e+00 9.958373290100084319e-01 3.120062742423392673e-04
3.104166666666666519e+00 9.948735622298180425e-01 -5.204320244271415504e-04
3.125000000000000000e+00 1.005241915559788923e+00 2.488042818655580800e-05
3.145833333333333037e+00 1.001093439032168630e+00 -2.630756578437124307e-04
3.166666666666666519e+00 9.997826781825753795e-01 5.717710850464142043e-05
3.187500000000000000e+00 1.002908515391436772e+00 4.581697596726134677e-04
3.208333333333333037e+00 9.965017186946856231e-01 2.812353702333777691e-04
3.229166666666666519e+00 9.923738319990537127e-01 -1.153352388588368093e-04
3.250000000000000000e+00 9.932237984214707938e-01 -1.633719626372955296e-03
3.270833333333333037e+00 9.864063308556207943e-01 -1.128603296206822900e-03
3.291666666666666519e+00 9.983765918960904040e-01 -3.940533423922330043e-04
3.312500000000000000e+00 1.008513089275921093e+00 -1.890733248462550791e-03
3.333333333333333037e+00 1.004915422884423037e+00 1.276965106532899387e-03
3.354166666666666519e+00 9.842852006720370639e-01 3.210797437747799315e-04
3.375000000000000000e+00 9.874221787628041369e-01 2.233735505265510134e-03
3.395833333333333037e+00 9.985933473756706258e-01 1.152419624707833002e-03
3.416666666666666519e+00 1.009436468996833813e+00 3.815444605104850967e-04
3.437500000000000000e+00 1.004918371980363156e+00 8.361414584011381095e-04
3.458333333333333037e+00 9.960529458154029347e-01 1.624090465985563196e-03
3.479166666666666519e+00 9.972951035107767703e-01 -5.363640663726210525e-04
3.500000000000000000e+00 1.008784663140436022e+00 3.686140038222013630e-04
3.520833333333333037e+00 1.008619739679354144e+00 -6.251709902366716655e-05
3.541666666666666519e+00 1.001822940020343111e+00 2.196022208529378554e-04
3.562500000000000000e+00 9.960678879190880686e-01 2.931033533407683355e-04
3.583333333333333037e+00 1.002799539871492840e+00 3.951816578936114791e-04
3.604166666666666519e+00 1.001686804449869017e+00 1.174018456769603891e-03
3.625000000000000000e+00 1.000442270827010427e+00 2.191013475973902554e-03
3.645833333333333037e+00 1.002544975360612600e+00 -3.609591419672229145e-04
3.666666666666666519e+00 1.012072285858725662e+00 -1.166044764630475884e-03
3.687500000000000000e+00 1.022178391377311923e+00 -5.363545562706863688e-04
3.708333333333333037e+00 1.019777684811347340e+00 1.136520351450073492e-03
3.729166666666666519e+00 1.008804597374446610e+00 -1.092153360328121619e-04
3.750000000000000000e+00 9.887573583930671095e-01 -1.696080061100445433e-03
3.770833333333333037e+00 9.793874972805132195e-01 5.827963590051897340e-04
3.791666666666666519e+00 9.741578061035933711e-01 -4.226961226542687603e-04
3.812500000000000000e+00 9.763513260864166154e-01 -5.415488034417017182e-04
3.833333333333333037e+00 9.895181587009039825e-01 -2.727308980740798371e-04
3.854166666666666519e+00 1.000355520751053939e+00 -1.023760925484226659e-03
3.875000000000000000e+00 9.949257949126851797e-01 -3.464126086196195895e-04
3.895833333333333037e+00 9.890104143619279364e-01 8.012775577258522425e-04
3.916666666666666519e+00 9.905181818563171259e-01 2.512795683565497134e-03
3.937500000000000000e+00 1.004867875933772803e+00 2.113951566151816164e-03
3.958333333333333037e+00 1.027953516819757995e+00 -1.987261403032306896e-03
3.979166666666666519e+00 1.040422714667436077e+00 -1.034112233803825784e-06
4.000000000000000000e+00 1.032313298092601306e+00 1.079150227201078121e-03
4.020833333333333037e+00 1.007881840956883490e+00 1.207248035438944055e-03
4.041666666666666075e+00 1.004483012249006268e+00 -4.578215739663837728e-04
4.062500000000000000e+00 1.007899032916364401e+00 -7.069012942440571932e-04
4.083333333333333037e+00 1.007795008335421905e+00 1.789298401937467831e-03
4.104166666666666075e+00 9.952443158924689781e-01 1.489209321312124495e-03
4.125000000000000000e+00 9.905627410973280034e-01 -8.278005464914379953e-04
4.145833333333333037e+00 9.882897976550012453e-01 6.152888522178661225e-04
4.166666666666666075e+00 9.974686009865960656e-01 3.443030176858672699e-04
4.187500000000000000e+00 9.950872153773456796e-01 -6.296052215648663484e-05
4.208333333333333037e+00 9.869998578585010840e-01 1.027346782115017877e-03
4.229166666666666075e+00 9.745147114376744302e-01 5.226358032520143004e-04
4.250000000000000000e+00 9.703867202383382740e-01 -1.387389319086928911e-03
4.270833333333333037e+00 9.728984830762280600e-01 -1.843944540443886180e-03
4.291666666666666075e+00 9.899177297082529803e-01 1.259291040917261172e-03
4.312500000000000000e+00 1.007683758973862309e+00 -6.901493096607661405e-04
4.333333333333333037e+00 1.009552197404888663e+00 8.097244690687929779e-04
4.354166666666666075e+00 1.000544974900718254e+00 3.554376661534063681e-04
4.375000000000000000e+00 9.999147745251465436e-01 2.910925834811293415e-03
4.395833333333333037e+00 1.007072811953539926e+00 -3.997724580024038590e-04
4.416666666666666075e+00 1.024105371421969446e+00 7.214802916776498444e-04
4.437500000000000000e+00 1.016880560128982314e+00 9.553341643019036371e-04
4.458333333333333037e+00 1.007211084395321254e+00 -1.160121819489796729e-04
4.479166666666666075e+00 1.003941776702830468e+00 2.846910208101589368e-04
4.500000000000000000e+00 1.012413408745014953e+00 -4.633953835468077758e-04
4.520833333333333037e+00 1.018967605463899639e+00 -3.661382953852793977e-04
4.541666666666666075e+00 1.004993508060991969e+00 -8.694982306025689570e-05
4.562500000000000000e+00 9.894495948448247535e-01 6.529089884125807361e-04
4.583333333333333037e+00 9.908413808125197120e-01 1.258244842177907649e-03
4.604166666666666075e+00 1.001978040733879638e+00 -1.536376224301230905e-03
4.625000000000000000e+00 1.011412391415680512e+00 1.147434655708460963e-03
4.645833333333333037e+00 1.009378435579249222e+00 6.239698456183079495e-04
4.666666666666666075e+00 9.979100728663066189e-01 1.167493423816948683e-03
4.687500000000000000e+00 9.970613945196347139e-01 -1.133593269282256013e-03
4.708333333333333037e+00 9.751741275047552948e-01 -1.321797920951661492e-03
4.729166666666666075e+00 9.634209652740504115e-01 -1.321747322435000318e-04
4.750000000000000000e+00 9.607940908353490572e-01 -9.723272367873644993e-04
4.770833333333333037e+00 9.846477213857129929e-01 -4.091580329987530508e-04
4.791666666666666075e+00 1.012430332166085467e+00 -1.584962228159601219e-04
4.812500000000000000e+00 1.031749665790404169e+00 2.029934851668929990e-03
4.833333333333333037e+00 1.024871173394100277e+00 1.110956174756705384e-03
4.854166666666666075e+00 1.018504257878758201e+00 4.590343782495983466e-04
4.875000000000000000e+00 1.013692638263723467e+00 -1.979710234761916047e-03
4.895833333333333037e+00 1.003840064099735807e+00 2.284921204901459602e-03
4.916666666666666075e+00 9.878677964254101163e-01 -2.492664704662629800e-03
4.937500000000000000e+00 9.816815683790504066e-01 -6.254213401547035860e-04
4.958333333333333037e+00 9.987568519590800387e-01 8.493741356662381885e-04
4.979166666666666075e+00 1.018899396643391686e+00 2.952122974133254696e-03
5.000000000000000000e+00 1.022623914660727218e+00 7.803462395259752387e-04
5.020833333333333037e+00 1.005788741622697824e+00 -5.022642791958925211e-04
5.041666666666666075e+00 9.902455362012260176e-01 -1.249591260503261090e-03
5.062500000000000000e+00 9.914007103405025889e-01 2.172345552602367516e-03
5.083333333333333037e+00 9.975500219480900599e-01 -5.763820389813528256e-04
5.104166666666666075e+00 9.889650603746564794e-01 2.364314891054829487e-03
5.125000000000000000e+00 9.768807527978822236e-01 9.371023618116217741e-04
5.145833333333333037e+00 9.805273356026543707e-01 2.901287083956235850e-04
5.166666666666666075e+00 1.000071661936112744e+00 8.133075049203516071e-04
5.187500000000000000e+00 1.018010599359243651e+00 1.469442321348791384e-03
5.208333333333333037e+00 1.015076465315626120e+00 8.443840206364633481e-04
5.229166666666666075e+00 1.002326736089772075e+00 -2.252852423907779171e-03
5.250000000000000000e+00 1.004126651503376433e+00 1.373722369020833386e-03
5.270833333333333037e+00 1.004574531108873403e+00 -2.909910323530267608e-03
5.291666666666666075e+00 9.981799615369795209e-01 2.128644197925981172e-04
5.312500000000000000e+00 9.845099930339418215e-01 -1.157070765804202447e-03
5.333333333333333037e+00 9.734777947469683834e-01 -8.059312724809710197e-04
5.354166666666666075e+00 9.683680034284176674e-01 -8.672596242697059145e-04
5.375000000000000000e+00 9.508852288725171409e-01 -5.984389221903142026e-04
5.395833333333333037e+00 9.266936036180544178e-01 2.050231035539860837e-04
5.416666666666666075e+00 8.951011230353396186e-01 -7.024216794635015785e-04
5.437500000000000000e+00 8.706942456106705475e-01 6.155892568136450476e-04
5.458333333333333037e+00 8.338949501487374905e-01 -6.103438374246720945e-04
5.479166666666666075e+00 8.072639647020151132e-01 -3.546832391179959715e-03
5.500000000000000000e+00 7.785607936168305043e-01 -1.903813844276358537e-03
5.520833333333333037e+00 7.491477218247589720e-01 -1.045317632191670575e-03
5.541666666666666075e+00 7.099816078080206649e-01 -9.011618499306486884e-04
5.562500000000000000e+00 6.559757310681054721e-01 -1.193684725021148347e-03
5.583333333333333037e+00 6.119086528968271654e-01 -7.459140210957197628e-04
5.604166666666666075e+00 5.882543859867916947e-01 4.981855660381978145e-04
5.625000000000000000e+00 5.893147663978626216e-01 -8.635574165687439220e-05
5.645833333333333037e+00 5.984253903804758190e-01 1.447136575316968019e-03
5.666666666666666075e+00 6.086461020112602371e-01 -4.047178690696668388e-04
5.687500000000000000e+00 6.108741271762656577e-01 -1.437676442549648765e-03
5.708333333333333037e+00 6.128667269796327366e-01 5.039630606982680800e-05
5.729166666666666075e+00 6.335726038493733059e-01 -2.497865184066054342e-05
5.750000000000000000e+00 6.610072867070994063e-01 1.136452610903746462e-03
5.770833333333333037e+00 6.954393423847758937e-01 -5.663886339839599741e-04
5.791666666666666075e+00 7.436139666290699779e-01 1.397501726269544716e-03
5.812500000000000000e+00 7.901038765317959234e-01 -1.701687703222115426e-03
5.833333333333333037e+00 8.299212250644706357e-01 -4.801480779385780746e-04
5.854166666666666075e+00 8.603598360857322991e-01 1.410160023254149728e-04
5.875000000000000000e+00 8.900558145606266569e-01 3.037753789811607416e-03
5.895833333333333037e+00 9.362808775722200050e-01 1.012656737783906467e-03
5.916666666666666075e+00 9.631118981595745421e-01 -1.805646439180763748e-03
5.937500000000000000e+00 9.765032593073615930e-01 7.953905924568084249e-04
5.958333333333333037e+00 9.833862644785335005e-01 2.051562913284747571e-03
5.979166666666666075e+00 9.916479115334447814e-01 -6.470358519482191260e-04
6.000000000000000000e+00 9.952189995756146601e-01 4.495518727825039492e-04
6.020833333333333037e+00 9.893983182432407597e-01 2.847815519754143872e-03
6.041666666666666075e+00 9.861753860166098118e-01 2.347308030769933683e-03
6.062500000000000000e+00 9.908729989226130463e-01 -8.241059442798309752e-04
6.083333333333333037e+00 1.008053855071662896e+00 -7.543276736139136211e-04
6.104166666666666075e+00 1.010117540644492440e+00 1.918744953716368254e-03
6.125000000000000000e+00 1.006266409177894561e+00 1.518876053367924613e-03
6.145833333333333037e+00 9.970898305356301616e-01 -1.467939547664020607e-03
6.166666666666666075e+00 9.959138596556407208e-01 8.492595284214192464e-04
6.187500000000000000e+00 1.013881802980210578e+00 2.052949910497022922e-03
6.208333333333333037e+00 1.025873872965370248e+00 3.368377139622624750e-03
6.229166666666666075e+00 1.015214961054357046e+00 -1.118632715879212727e-03
6.250000000000000000e+00 9.990007768797571908e-01 -8.047390481318670435e-04
6.270833333333333037e+00 9.863777127536010880e-01 2.203739686064357800e-03
6.291666666666666075e+00 9.770707952379203975e-01 -1.276079738663733320e-03
6.312500000000000000e+00 9.809278200177474760e-01 -8.092797774517034265e-05
6.333333333333333037e+00 9.890919763393531960e-01 -1.405030875681018783e-04
6.354166666666666075e+00 9.990618552463188529e-01 -8.270600873804638802e-04
6.375000000000000000e+00 1.013612075127624301e+00 -9.202054764402025060e-04
6.395833333333333037e+00 1.023368435285914702e+00 -1.162096606579020785e-03
6.416666666666666075e+00 1.016554960353544868e+00 -3.258101354385926863e-04
6.437500000000000000e+00 1.010061963126641427e+00 -5.749015656112669735e-04
6.458333333333333037e+00 1.002968208794116300e+00 -8.814215816478356523e-04
6.479166666666666075e+00 9.936355227901882969e-01 -1.922074838519047561e-03
6.500000000000000000e+00 9.904052290189918617e-01 2.173120875304009568e-03
6.520833333333333037e+00 9.836375559426621118e-01 7.009488371885619221e-04
6.541666666666666075e+00 9.776729798493951629e-01 4.117316476468537681e-04
6.562500000000000000e+00 9.836421351654577316e-01 1.216092423709355360e-03
6.583333333333333037e+00 9.948432509724058903e-01 -1.183759963090897987e-03
6.604166666666666075e+00 1.001719348198479409e+00 6.198923591077984906e-05
6.625000000000000000e+00 1.010401349747502620e+00 1.924781597983644130e-03
6.645833333333333037e+00 1.001660542832206069e+00 1.840940687819708852e-03
6.666666666666666075e+00 9.960829654978953229e-01 -2.705929238070261568e-04
6.687500000000000000e+00 9.924067700195543518e-01 1.110486368356224151e-03
6.708333333333333037e+00 9.959776266340193418e-01 -4.565745655918431860e-05
6.729166666666666075e+00 1.004835094961574304e+00 7.144008185346426443e-04
6.750000000000000000e+00 1.004211264123118008e+00 2.286301973928029610e-04
6.770833333333333037e+00 1.005640812784997395e+00 -2.971361293202778951e-03
6.791666666666666075e+00 1.001695452182358226e+00 2.142842627293322592e-03
6.812500000000000000e+00 9.994062642822755249e-01 8.465251479072573955e-04
6.833333333333333037e+00 9.998030800810306928e-01 -8.715718103923048238e-04
6.854166666666666075e+00 1.008424905550913797e+00 -2.899969727225392823e-04
6.875000000000000000e+00 1.007459805713215362e+00 -7.535949900114585905e-05
6.895833333333333037e+00 1.015486857690255373e+00 1.161431610012152865e-03
6.916666666666666075e+00 1.010012081002723994e+00 1.520031940264509945e-03
6.937500000000000000e+00 9.958241250570241121e-01 1.435855282533423944e-03
6.958333333333333037e+00 9.882260601902290720e-01 1.063465799877203301e-03
6.979166666666666075e+00 9.984009573356253942e-01 -1.356138136376518590e-03
7.000000000000000000e+00 1.007499282173496491e+00 9.504139991080956225e-04
7.020833333333333037e+00 1.008955968426712646e+00 5.900764054690856410e-04
7.041666666666666075e+00 1.003796636662746877e+00 -1.262760489191438096e-04
7.062500000000000000e+00 1.001242894547683004e+00 -1.093055628811228540e-04
7.083333333333333037e+00 1.000407119135158673e+00 1.171295024638998022e-03
7.104166666666666075e+00 9.932039761410482726e-01 1.008534388429974766e-03
7.125000000000000000e+00 1.003649479388354138e+00 2.696750628697610963e-05
7.145833333333333037e+00 9.921290659447254967e-01 -2.382234797217921887e-03
7.166666666666666075e+00 9.964576836400019788e-01 -2.142159416292976903e-03
7.187500000000000000e+00 9.927130358979088243e-01 -1.841652625678513820e-03
7.208333333333333037e+00 9.902445274522235774e-01 -3.873932742025945316e-05
7.229166666666666075e+00 9.868009594138097418e-01 5.564254367051634995e-04
7.250000000000000000e+00 9.841437962180066279e-01 9.215689534439528005e-04
7.270833333333333037e+00 1.000096818485291417e+00 1.857915517859611010e-03
7.291666666666666075e+00 1.016642817009713040e+00 6.015406069695594833e-04
7.312500000000000000e+00 1.018055366516239957e+00 -1.953278652619416106e-03
7.333333333333333037e+00 1.003611168504944695e+00 1.811265613072607058e-03
7.354166666666666075e+00 9.881421137762941287e-01 2.734091816295994900e-03
7.375000000000000000e+00 9.781465363789373368e-01 1.404130121935194759e-03
7.395833333333333037e+00 9.861839785036936590e-01 8.803057412290909729e-04
7.416666666666666075e+00 9.986899370227754202e-01 2.105454311960835729e-03
7.437500000000000000e+00 1.022605915934601262e+00 -6.368525296567551213e-04
7.458333333333333037e+00 1.041476603656345201e+00 1.257549794829254880e-03
7.479166666666666075e+00 1.038381803685913152e+00 3.711019472024856456e-04
7.500000000000000000e+00 1.020423280053332160e+00 -1.667262238093109169e-04
7.520833333333333037e+00 9.927020547299136854e-01 -3.195821892721701848e-03
7.541666666666666075e+00 9.809036375336289693e-01 -1.493945765935857052e-03
7.562500000000000000e+00 9.701941856777600570e-01 6.361316960062754662e-04
7.583333333333333037e+00 9.662778606453500396e-01 1.173352853582002942e-03
7.604166666666666075e+00 9.828809810428855709e-01 -2.601863900931710143e-04
7.625000000000000000e+00 9.942855163266098861e-01 8.105072622893326386e-04
7.645833333333333037e+00 1.007810203122385007e+00 -3.608729583322557656e-04
7.666666666666666075e+00 1.010742842197953184e+00 -2.393119044705885128e-04
7.687500000000000000e+00 1.007514642061817289e+00 -8.504929879842829284e-04
7.708333333333333037e+00 1.000726023695004629e+00 -8.541186529307689512e-05
7.729166666666666075e+00 1.009086219977479049e+00 7.615196434829759947e-04
7.750000000000000000e+00 1.003885842867761724e+00 9.015449197105650844e-04
7.770833333333333037e+00 9.944606514609702907e-01 7.262186056149783509e-04
7.791666666666666075e+00 9.948118951091692308e-01 -5.939892949364186658e-04
7.812500000000000000e+00 1.003832974948192458e+00 -5.514443150158522718e-04
7.833333333333333037e+00 1.016325145168356592e+00 -4.715051279738513573e-05
7.854166666666666075e+00 1.014182903722453899e+00 -8.399996341352704635e-04
7.875000000000000000e+00 9.859698033870479827e-01 -6.860737554919575567e-04
7.895833333333333037e+00 9.807270083366457225e-01 3.281095693588339905e-04
7.916666666666666075e+00 9.923386727118926887e-01 -6.508983585527291886e-04
7.937500000000000000e+00 1.011140663551225005e+00 -1.945605564091009299e-04
7.958333333333333037e+00 1.017485319984937631e+00 -1.164052712536249893e-03
7.979166666666666075e+00 1.012788371823358125e+00 6.284788672101257814e-04
8.000000000000000000e+00 1.000916101590334062e+00 2.845798691580684074e-04
8.020833333333332149e+00 9.912693583838055877e-01 5.162828495607361739e-04
8.041666666666666075e+00 9.899811989492963704e-01 -6.922910178765419786e-04
8.062500000000000000e+00 9.862498135799367960e-01 1.466307322444254917e-03
8.083333333333332149e+00 9.890818538371058954e-01 4.017314985822116559e-04
8.104166666666666075e+00 9.980216852460797039e-01 3.954950128280559940e-04
8.125000000000000000e+00 1.001255572851362130e+00 9.807639946147019613e-04
8.145833333333332149e+00 1.008969593568479706e+00 2.675001268631271509e-03
8.166666666666666075e+00 1.004557385542015124e+00 -2.464092008234622811e-03
8.187500000000000000e+00 1.004557218385586648e+00 3.100676379604266984e-04
8.208333333333332149e+00 1.007187835922959129e+00 -4.631110852680390402e-04
8.229166666666666075e+00 1.001724656537800628e+00 -1.091742776181442833e-03
8.250000000000000000e+00 9.832646964171383175e-01 -2.028421368239180338e-03
8.270833333333332149e+00 9.697205182944896862e-01 2.685165160782586671e-03
8.291666666666666075e+00 9.768674861691272193e-01 7.094938336429033301e-05
8.312500000000000000e+00 9.940271060273923043e-01 1.788656819078429444e-03
8.333333333333332149e+00 1.003360433735200896e+00 1.051243427585550833e-03
8.354166666666666075e+00 9.981280742393546790e-01 -1.172969541385072674e-03
8.375000000000000000e+00 9.993780370030652671e-01 3.538542964501844592e-04
8.395833333333332149e+00 1.007397822545170518e+00 5.748766741939428503e-04
8.416666666666666075e+00 1.018085001489570596e+00 5.459668403354032019e-04
8.437500000000000000e+00 1.019507543649522008e+00 9.532252404333377716e-04
8.458333333333332149e+00 1.010770681071055499e+00 -1.750568124780796462e-03
8.479166666666666075e+00 1.002663245219948873e+00 1.354699630547995552e-03
8.500000000000000000e+00 1.006643728088589373e+00 8.275720092913527864e-04
8.520833333333332149e+00 1.005350981083289019e+00 -1.637193991041948650e-04
8.541666666666666075e+00 1.000378860268462455e+00 1.698632330980190137e-03
8.562500000000000000e+00 9.994039561724777920e-01 1.013511416451947939e-03
8.583333333333332149e+00 9.996801999881388401e-01 1.375372392261288098e-04
8.604166666666666075e+00 1.007855346351660852e+00 1.548594899206052859e-03
8.625000000000000000e+00 1.012050178027583236e+00 1.692198907779168089e-04
8.645833333333332149e+00 1.008986395174282347e+00 1.265079710797678862e-03
8.666666666666666075e+00 9.931951037138944116e-01 1.152340104246458215e-03
8.687500000000000000e+00 9.845772052566170718e-01 -2.191691791237475664e-03
8.708333333333332149e+00 9.774595982838700792e-01 2.319281490434904787e-03
8.729166666666666075e+00 9.860528184802671570e-01 1.205930378095114268e-03
8.750000000000000000e+00 9.995511186865264630e-01 9.991379334641406051e-04
8.770833333333332149e+00 1.002353097380774605e+00 -5.229824669762515735e-04
8.791666666666666075e+00 1.002717856234938809e+00 1.318031475824217374e-03
8.812500000000000000e+00 1.005679204948086714e+00 -2.747067726327869115e-03
8.833333333333332149e+00 1.004943342437149001e+00 -1.632167048711425912e-04
8.854166666666666075e+00 9.989136770194106951e-01 -2.032338045222101741e-04
8.875000000000000000e+00 9.889053459416301539e-01 1.047161347337686186e-03
8.895833333333332149e+00 9.819518476863845491e-01 -1.487005280522027927e-03
8.916666666666666075e+00 9.998789603660225289e-01 8.133855734938520363e-05
8.937500000000000000e+00 1.015265321135672139e+00 3.103899279330546216e-06
8.958333333333332149e+00 1.011484078100479689e+00 -4.266188938586422418e-04
8.979166666666666075e+00 1.006407166571901657e+00 -1.056872484342427209e-03
9.000000000000000000e+00 9.924459383995811734e-01 2.668346355311497606e-04
9.020833333333332149e+00 9.833736131489116961e-01 -1.351689949577677442e-03
9.041666666666666075e+00 9.951018940130675894e-01 -3.377190488275868272e-04
9.062500000000000000e+00 9.969215291450556071e-01 -2.379462610450115961e-03
9.083333333333332149e+00 9.950593186981475657e-01 -1.444468577880360935e-03
9.104166666666666075e+00 1.005578167058896355e+00 -8.706509038235398217e-04
9.125000000000000000e+00 1.007554837405606252e+00 9.308738919024588197e-04
9.145833333333332149e+00 1.007229648319394100e+00 -9.345066757293088661e-04
9.166666666666666075e+00 9.975062052472879470e-01 -1.226572042043880956e-03
9.187500000000000000e+00 1.002164457005906062e+00 -4.459668214448527911e-04
9.208333333333332149e+00 1.019938549790303073e+00 1.119819071061316316e-03
9.229166666666666075e+00 1.016837181918189614e+00 2.117593690089153002e-03
9.250000000000000000e+00 1.009681151410910083e+00 3.214487681331545791e-04
9.270833333333332149e+00 1.007684152990640403e+00 -1.659601695905383364e-03
9.291666666666666075e+00 1.017160867332546736e+00 -1.747641022463854860e-03
9.312500000000000000e+00 1.025577575729884616e+00 -3.283551532418707542e-04
9.333333333333332149e+00 1.013670388798756816e+00 -2.455119925058513695e-03
9.354166666666666075e+00 9.892828238592344947e-01 2.494717137520049521e-04
9.375000000000000000e+00 9.739741593300583755e-01 7.607602000769335101e-04
9.395833333333332149e+00 9.878363613051448500e-01 -2.397442747045113332e-03
9.416666666666666075e+00 9.996481801909373743e-01 -5.624807824013972187e-04
9.437500000000000000e+00 9.944022699924907061e-01 -6.375595303025843148e-05
9.458333333333332149e+00 9.786776610441157986e-01 1.092993337845807322e-03
9.479166666666666075e+00 9.843950592993429005e-01 7.007206758956002843e-04
9.500000000000000000e+00 1.004960493282333500e+00 -1.236011622207908211e-03
9.520833333333332149e+00 1.016507880283984422e+00 1.994906001318771764e-03
9.541666666666666075e+00 1.006492947161775842e+00 -1.254804439143763009e-03
9.562500000000000000e+00 9.923423954575864014e-01 4.360697639977288253e-04
9.583333333333332149e+00 9.939062703908306817e-01 7.029229186472205797e-05
9.604166666666666075e+00 9.927023891354604945e-01 7.182406969734055112e-04
9.625000000000000000e+00 9.930785599507702122e-01 3.885777863563791312e-04
9.645833333333332149e+00 9.907342486122967529e-01 1.786854549632352481e-03
9.666666666666666075e+00 1.006812914203132348e+00 -5.889297335169019210e-04
9.687500000000000000e+00 1.020064831787027337e+00 -1.339668495144306654e-03
9.708333333333332149e+00 1.021368991547355609e+00 2.234829799906621652e-03
9.729166666666666075e+00 1.008317709027667597e+00 8.419414754430260082e-04
9.750000000000000000e+00 1.009564473327987821e+00 -1.479812329146819880e-03
9.770833333333332149e+00 1.009774464846326270e+00 -2.487608953452236527e-03
9.791666666666666075e+00 1.003731766238912693e+00 1.035904153141909345e-03
9.812500000000000000e+00 9.949268072553321129e-01 -7.475632004996983580e-04
9.833333333333332149e+00 9.841995703296930742e-01 2.872248326403697462e-03
9.854166666666666075e+00 9.929086202759290769e-01 8.214754434813449678e-04
9.875000000000000000e+00 9.993707668411283551e-01 3.121971820785444138e-04
9.895833333333332149e+00 9.942402099359409773e-01 1.268619727612602241e-03
9.916666666666666075e+00 9.873126017789806141e-01 2.124031427452631633e-03
9.937500000000000000e+00 9.893415729773333833e-01 -1.541810508182008205e-03
9.958333333333332149e+00 1.005913387768744505e+00 -1.338644491150059153e-03
9.979166666666666075e+00 1.019588991648969989e+00 -6.732079889320593917e-04
1.000000000000000000e+01 1.011558148048822048e+00 8.334216105378459624e-04
1.002083333333333215e+01 9.945791814687178212e-01 -1.484669960847133938e-03
1.004166666666666607e+01 1.000425725773903762e+00 4.421170456391397340e-05
1.006250000000000000e+01 1.003613187640030713e+00 -2.432208710530856313e-03
1.008333333333333215e+01 9.995625490507384914e-01 2.691650267707109486e-04
1.010416666666666607e+01 9.778822023467392821e-01 4.946490215488217549e-04
1.012500000000000000e+01 9.698899164407021045e-01 -1.050171053415431934e-03
1.014583333333333215e+01 9.869433040503378107e-01 -3.346182171329419979e-05
1.016666666666666607e+01 1.005424776395027475e+00 8.952070789434195871e-04
1.018750000000000000e+01 1.011570196831306889e+00 -1.144424299392758420e-03
1.020833333333333215e+01 1.007630686190223557e+00 7.298394538345259796e-04
1.022916666666666607e+01 1.004483008282135659e+00 1.784346109606434194e-03
1.025000000000000000e+01 9.995553471204552398e-01 1.731468722702089041e-03
1.027083333333333215e+01 9.904826531941540724e-01 -1.372710676324509710e-03
1.029166666666666607e+01 9.834403165468497132e-01 7.306681756307608483e-05
1.031250000000000000e+01 9.594450361078787903e-01 -5.345156996787279883e-04
1.033333333333333215e+01 9.135489349674205117e-01 -1.067666799894063901e-04
1.035416666666666607e+01 8.409040928761001288e-01 1.159821954215433564e-03
1.037500000000000000e+01 7.650846582673164198e-01 -3.968418854733098133e-03
1.039583333333333215e+01 6.945547485088732209e-01 -9.717740134853973793e-04
1.041666666666666607e+01 6.648129123149941755e-01 -7.228893635421843088e-04
1.043750000000000000e+01 6.961615231699820328e-01 9.052180211399510693e-04
1.045833333333333215e+01 7.405342218765655904e-01 2.606294884876442404e-03
1.047916666666666607e+01 7.915885503668227408e-01 6.811375671565660225e-04
1.050000000000000000e+01 8.507439355737739239e-01 1.397974947411942479e-03
1.052083333333333215e+01 9.328419591328139804e-01 7.460721046354128238e-04
1.054166666666666607e+01 9.996872477653386824e-01 1.507540501455575119e-03
1.056250000000000000e+01 1.017041634648268689e+00 -7.275424686000353698e-05
1.058333333333333215e+01 1.017240705465814354e+00 3.591137778548483925e-04
1.060416666666666607e+01 1.011827764848005629e+00 2.007875267012719338e-03
1.062500000000000000e+01 1.019758162046247252e+00 1.727078186495293113e-03
1.064583333333333215e+01 1.009199732678826900e+00 2.181955643294728429e-03
1.066666666666666607e+01 9.850105082156844771e-01 -2.480748280458911696e-04
1.068750000000000000e+01 9.586678158763826119e-01 -7.473385257273797676e-04
1.070833333333333215e+01 9.588786331248664307e-01 3.812902044962891549e-04
1.072916666666666607e+01 9.806476963143976322e-01 -1.962906753180992340e-03
1.075000000000000000e+01 9.938313630996857828e-01 -2.725829031032819469e-03
1.077083333333333215e+01 9.984877042453877971e-01 6.530318845369940950e-04
1.079166666666666607e+01 9.930027549782373120e-01 9.725728712273211873e-04
1.081250000000000000e+01 9.894872249953161614e-01 -2.745370951217615866e-04
1.083333333333333215e+01 9.955094944404860868e-01 -2.180644317738270836e-03
1.085416666666666607e+01 1.000847189238984525e+00 2.240663704570028565e-03
1.087500000000000000e+01 1.011969590952215503e+00 -1.484003859312856347e-03
1.089583333333333215e+01 1.013087534139923918e+00 1.347090100738914178e-03
1.091666666666666607e+01 1.005616340244857465e+00 1.040096051140221490e-04
1.093750000000000000e+01 9.989180554034862158e-01 -1.270316872359832875e-04
1.095833333333333215e+01 9.966419664585410843e-01 1.664193787376726545e-03
1.097916666666666607e+01 1.007857559473559261e+00 3.577954937755718073e-04
1.100000000000000000e+01 1.015196613869580267e+00 2.430310171887425496e-03
1.102083333333333215e+01 1.022846761674443883e+00 -2.725042082046230055e-03
1.104166666666666607e+01 1.024522229392550887e+00 -9.949414169754252713e-05
1.106250000000000000e+01 1.018593821696930135e+00 3.765034732702170531e-04
1.108333333333333215e+01 1.002561521225462826e+00 -2.644138224065395408e-05
1.110416666666666607e+01 9.896597565382669881e-01 1.973528686100146749e-03
1.112500000000000000e+01 9.810955934045390014e-01 1.458054810471989295e-03
1.114583333333333215e+01 9.815880271840202731e-01 2.489368507212476821e-04
1.116666666666666607e+01 9.922469931062976034e-01 -1.350025153868634987e-03
1.118750000000000000e+01 9.865997149364457153e-01 8.035834752840220665e-04
1.120833333333333215e+01 9.775238770173555469e-01 -4.350765107242991915e-07
1.122916666666666607e+01 9.752494065590551209e-01 -1.573366800805404281e-03
1.125000000000000000e+01 9.875788689956396249e-01 -1.594918345108132249e-03
1.127083333333333215e+01 1.002675416367564853e+00 1.055812604347013345e-03
1.129166666666666607e+01 1.008470610858500427e+00 -1.061907433601853379e-03
1.131250000000000000e+01 1.013378989316883194e+00 1.433676533907064440e-03
1.133333333333333215e+01 1.013963401769914841e+00 3.880186802832274930e-04
1.135416666666666607e+01 1.000447922539829504e+00 -8.343993265727063686e-04
1.137500000000000000e+01 9.939113527628927747e-01 -4.632709678654594373e-04
1.139583333333333215e+01 9.927088596566289169e-01 1.857139796957203194e-03
1.141666666666666607e+01 9.998519601190063444e-01 -3.219542909407332575e-03
1.143750000000000000e+01 1.013258993053336221e+00 2.579373011028654266e-04
1.145833333333333215e+01 1.015090829370117076e+00 3.308561104308658184e-04
1.147916666666666607e+01 9.945893793351711087e-01 2.357662982694010752e-03
1.150000000000000000e+01 9.810840289354882948e-01 -1.222616816481047640e-03
1.152083333333333215e+01 1.000602185968061608e+00 6.277948970681058744e-04
1.154166666666666607e+01 1.027109242865442695e+00 7.785645805076962019e-04
1.156250000000000000e+01 1.033052569031178036e+00 -1.167639664000475960e-03
1.158333333333333215e+01 1.019259977461070887e+00 -1.322111728749212831e-03
1.160416666666666607e+01 1.003539078893001868e+00 -5.264473491457838817e-04
1.162500000000000000e+01 1.009460322881936101e+00 1.130310600579659394e-03
1.164583333333333215e+01 1.008343348332051415e+00 1.461542359569187820e-04
1.166666666666666607e+01 1.003883306155949118e+00 -2.581950224011975051e-04
1.168750000000000000e+01 9.856316618950345942e-01 4.595087207966015155e-04
1.170833333333333215e+01 9.742654470562813751e-01 9.046723971878725722e-04
1.172916666666666607e+01 9.846798080520813290e-01 1.500112510363085837e-03
1.175000000000000000e+01 9.941861630712468534e-01 -7.252315711418296949e-04
1.177083333333333215e+01 9.986989913566040045e-01 -1.662468712352468633e-04
1.179166666666666607e+01 9.967900926865859157e-01 7.682333835214752134e-04
1.181250000000000000e+01 1.002268249922218413e+00 1.850285846351683305e-03
1.183333333333333215e+01 1.004465342195453692e+00 1.813831726202636777e-03
1.185416666666666607e+01 9.945402377803735927e-01 3.431958173380132877e-03
1.187500000000000000e+01 9.793988097220857059e-01 -1.356508762401088201e-03
1.189583333333333215e+01 9.767957816939325522e-01 9.774702841261139440e-04
1.191666666666666607e+01 9.880980464214064174e-01 -2.206723551297562133e-03
1.193750000000000000e+01 9.943075459763288659e-01 -2.378612270721964866e-04
1.195833333333333215e+01 9.945542843175406711e-01 9.716991954295658897e-04
1.197916666666666607e+01 1.008937515392852813e+00 1.030588013828725091e-03
1.200000000000000000e+01 1.013770928545343564e+00 -9.931626229935314534e-04
1.202083333333333215e+01 1.008657798658590066e+00 -4.923162362474506597e-04
1.204166666666666607e+01 9.938331892874119333e-01 -2.223192486251017452e-04
1.206250000000000000e+01 9.948138152918737376e-01 5.613193524190697404e-04
1.208333333333333215e+01 1.000947810843818120e+00 -1.511336536512280625e-03
1.210416666666666607e+01 1.023262946501507953e+00 1.593490845541065473e-03
1.212500000000000000e+01 1.035806235258141861e+00 -1.871492038556702743e-03
1.214583333333333215e+01 1.020606188754526800e+00 -6.984105697090616134e-04
1.216666666666666607e+01 1.004109110653852888e+00 5.705336354419389975e-04
1.218750000000000000e+01 9.919091204764476366e-01 1.803135339939864325e-04
1.220833333333333215e+01 9.875032509100898359e-01 -1.651451466332088357e-03
1.222916666666666607e+01 9.860346984873901155e-01 1.090352155470299990e-03
1.225000000000000000e+01 9.910328127697357603e-01 2.471491806604575372e-03
1.227083333333333215e+01 9.958639784352901758e-01 3.873292599231515070e-03
1.229166666666666607e+01 1.004054327788310941e+00 -8.189324908124104340e-04
1.231250000000000000e+01 9.960150507606289061e-01 2.777796057656785290e-04
1.233333333333333215e+01 9.926576351251517050e-01 1.250163481376813076e-03
1.235416666666666607e+01 9.931557711244188846e-01 -1.714424667255173406e-03
1.237500000000000000e+01 1.005068864303424903e+00 -7.657295976279010106e-05
1.239583333333333215e+01 1.019647866771867584e+00 2.216425781025460184e-03
1.241666666666666607e+01 1.021392847220701894e+00 -1.027008049617256745e-03
1.243750000000000000e+01 1.013890132703689995e+00 -1.415794193541729251e-03
1.245833333333333215e+01 1.006590435317016974e+00 5.960891990062934910e-04
1.247916666666666607e+01 1.004136164025089650e+00 -1.305021006820448191e-04
1.452083333333333215e+01 1.009039864723660473e+00 -1.139122199144275514e-03
1.454166666666666607e+01 1.002060460096205308e+00 1.019741518327564470e-04
1.456250000000000000e+01 9.990285547522382847e-01 -4.716561933676831245e-04
1.458333333333333215e+01 1.010285142769331568e+00 -2.593842838265577027e-03
1.460416666666666607e+01 1.023814054188115996e+00 -1.671232380798906656e-03
1.462500000000000000e+01 1.008836384257276286e+00 -1.125124173280292808e-03
1.464583333333333215e+01 9.945728893062948384e-01 1.134178411986570302e-03
1.466666666666666607e+01 9.988566699915680802e-01 -5.096713885928257299e-04
1.468750000000000000e+01 9.966814823977814264e-01 1.208605804631448458e-03
1.470833333333333215e+01 9.982635568513298363e-01 -1.063075621177652415e-04
1.472916666666666607e+01 1.010413671382994982e+00 -8.224438128628197651e-04
1.475000000000000000e+01 1.012835455638136262e+00 1.497963472048041196e-05
1.477083333333333215e+01 1.007307881294267737e+00 1.074543463344380728e-03
1.479166666666666607e+01 9.850366060479602837e-01 -3.640328781225237787e-04
1.481250000000000000e+01 9.596427944324262826e-01 -6.347079791702478469e-05
1.483333333333333215e+01 9.586007752188496767e-01 -1.208943012204434378e-03
1.485416666666666607e+01 9.839436066859603702e-01 -8.170038523693561516e-04
1.487500000000000000e+01 1.016640912372189343e+00 -1.402944857463566449e-03
1.489583333333333215e+01 1.022669698149073936e+00 1.165324739561971476e-03
1.491666666666666607e+01 1.003046559019590944e+00 3.722102853460543910e-04
1.493750000000000000e+01 9.958800355124324266e-01 -6.799123368584143636e-05
1.495833333333333215e+01 1.000165989210261897e+00 -1.101332748220220162e-03
1.497916666666666607e+01 1.003177471124538922e+00 1.485422056752835852e-03
1.500000000000000000e+01 9.931342535360477841e-01 9.157352783948366839e-04
1.502083333333333215e+01 9.852824275559043388e-01 1.256431877411726735e-03
1.504166666666666607e+01 9.838709330374613149e-01 1.618060006832702747e-03
1.506250000000000000e+01 1.002794931634817477e+00 -1.177635772281779552e-03
1.508333333333333215e+01 1.006944409479886948e+00 2.767757936710838902e-05
1.510416666666666607e+01 9.874667840775517291e-01 -3.498305962005282673e-04
1.512500000000000000e+01 9.462604837838624050e-01 2.110699112519524683e-03
1.514583333333333215e+01 9.055922689702571304e-01 -5.638655824550955304e-04
1.516666666666666607e+01 8.663839398447275020e-01 3.069750372102695549e-04
1.518750000000000000e+01 8.322059809476711756e-01 1.944823153152188940e-04
1.520833333333333215e+01 8.008500183957441010e-01 -1.775328049840819685e-03
1.522916666666666607e+01 7.626568886548783510e-01 -1.512373467388722142e-03
1.525000000000000000e+01 7.363678962240757242e-01 -8.373675971097228801e-04
1.527083333333333215e+01 6.990123424541311303e-01 -1.078920341508220930e-03
1.529166666666666607e+01 6.562389292459889223e-01 1.196840060723147010e-03
1.531250000000000000e+01 6.348948766678947919e-01 -1.516006467166028165e-03
1.533333333333333215e+01 6.119085700241938541e-01 6.476603987232603440e-04
1.535416666666666607e+01 6.044237513098585923e-01 1.399633147450262240e-03
1.537500000000000000e+01 5.947891829183218348e-01 -7.838190762745470604e-04
1.539583333333333215e+01 6.043147906027089844e-01 -1.471343776353415539e-04
1.541666666666666607e+01 6.226326623239308855e-01 2.349145291972421033e-03
1.543750000000000000e+01 6.428239499567304227e-01 6.247999473479697030e-04
1.545833333333333215e+01 6.617695917614480061e-01 1.426985087905126509e-03
1.547916666666666607e+01 6.837606556519398859e-01 -7.629922140879938494e-04
1.550000000000000000e+01 7.045731804738604165e-01 4.707380180931126251e-04
1.552083333333333215e+01 7.288582935298593135e-01 1.228901530086252579e-04
1.554166666666666607e+01 7.634895048756573654e-01 -3.505536350364710295e-04
1.556250000000000000e+01 8.001560029924738027e-01 -1.399247961381069535e-03
1.558333333333333215e+01 8.396740949558484379e-01 -5.515683727842911766e-04
1.560416666666666607e+01 8.722684420615717249e-01 3.766985819622321115e-04
1.562500000000000000e+01 9.011985096905689163e-01 9.639964565191114177e-04
1.564583333333333215e+01 9.153201208225304475e-01 3.062403322018904489e-04
1.566666666666666607e+01 9.349945795164213980e-01 -8.037073086595178341e-04
1.568750000000000000e+01 9.626438974755872069e-01 9.606306430037725918e-04
1.570833333333333215e+01 9.972166379784747070e-01 -4.151629806201746417e-04
1.572916666666666607e+01 1.006428715299448884e+00 1.464041547555011442e-03
1.575000000000000000e+01 1.004318719596914544e+00 8.671572925883874565e-04
1.577083333333333215e+01 1.005543733081623037e+00 2.853897652638759646e-04
1.579166666666666607e+01 1.003610933127977223e+00 8.960710078501211539e-05
1.581250000000000000e+01 1.014529588272540916e+00 2.813346354609710075e-04
1.583333333333333215e+01 1.017965960629301669e+00 4.825433295367993151e-04
1.585416666666666607e+01 1.023288323701145863e+00 3.931665366661186859e-04
1.587500000000000000e+01 1.010072317322018742e+00 -1.014675329650755733e-03
1.589583333333333215e+01 9.959223615533463470e-01 1.086289972879933997e-03
1.591666666666666607e+01 9.778627840397623450e-01 4.950167387713225783e-04
1.593750000000000000e+01 9.859838998016610123e-01 1.650778682503709381e-05
1.595833333333333215e+01 1.008226558133348716e+00 -9.356256227194992715e-04
1.597916666666666607e+01 1.019535516790841756e+00 -1.136014799890233120e-03
1.600000000000000000e+01 1.001265813692436391e+00 3.625383410315987710e-04
1.602083333333333215e+01 9.729619052102430610e-01 -5.743592495392150777e-05
1.604166666666666430e+01 9.617169340192448512e-01 -1.117656377093671034e-03
1.606250000000000000e+01 9.836238591252804975e-01 4.808109729823822984e-04
1.608333333333333215e+01 1.012698489375367661e+00 2.673521830460793224e-04
1.610416666666666430e+01 1.015708664924388271e+00 1.310650854682008769e-03
1.612500000000000000e+01 1.005469102622903010e+00 -1.105502554893840255e-03
1.614583333333333215e+01 9.940152848082417503e-01 8.581268796930481861e-04
1.616666666666666430e+01 9.951202068146698387e-01 -8.843941983391621952e-04
1.618750000000000000e+01 1.001991744285887442e+00 1.935262257894902575e-03
1.620833333333333215e+01 1.011077766449649529e+00 1.155749413346217249e-03
1.622916666666666430e+01 1.019425437242691190e+00 -2.943555936988404660e-04
1.625000000000000000e+01 1.021361894744316601e+00 -3.604271813903329536e-04
1.627083333333333215e+01 1.003299650151659339e+00 -1.008320674540360683e-03
1.629166666666666430e+01 9.935579534823467673e-01 2.025599566827140235e-03
1.631250000000000000e+01 9.997310353055900434e-01 2.381195370921697450e-03
1.633333333333333215e+01 1.007982280228262306e+00 -3.079906821785310250e-03
1.635416666666666430e+01 1.008954360153694330e+00 1.420758115059516649e-03
1.637500000000000000e+01 9.885201154762509601e-01 -1.041313438880980911e-03
1.639583333333333215e+01 9.788270742408887726e-01 7.958747658060863137e-04
1.641666666666666430e+01 9.868137195818659224e-01 -1.028250683151368749e-05
1.643750000000000000e+01 1.004809270243122388e+00 -7.971394560048830364e-04
1.645833333333333215e+01 1.004788111542743945e+00 -7.997540800863071203e-05
1.647916666666666430e+01 9.938719411201059062e-01 7.265649872160439031e-04
1.650000000000000000e+01 9.931294514116102423e-01 6.197185240575736002e-04
1.652083333333333215e+01 1.011462932185549057e+00 6.778434117188820995e-04
1.654166666666666430e+01 1.019845667341747975e+00 -2.223638027496149024e-03
1.656250000000000000e+01 1.009947402223994040e+00 1.915372090003031541e-03
1.658333333333333215e+01 9.942043700845256682e-01 9.671079927186776969e-04
1.660416666666666430e+01 9.869407969903419842e-01 5.251889454161150103e-05
1.662500000000000000e+01 9.913020564541180635e-01 -2.047690956184030514e-04
1.664583333333333215e+01 9.940300340868477580e-01 2.386917520990529482e-03
1.666666666666666430e+01 9.910333169282059540e-01 -7.318139297501068683e-04
1.668750000000000000e+01 9.879098148218063979e-01 7.205577487762975094e-04
1.670833333333333215e+01 9.996012860948682022e-01 -1.369685646782995260e-03
1.672916666666666430e+01 1.005426905704893459e+00 8.274887832443639278e-04
1.675000000000000000e+01 9.956087677483097531e-01 -2.344770785651018995e-03
1.677083333333333215e+01 9.863795760363511800e-01 -1.018208191231796070e-03
1.679166666666666430e+01 9.972812847731099550e-01 9.356324097830078087e-04
1.681250000000000000e+01 1.019758388792528336e+00 6.309727654484024052e-04
1.683333333333333215e+01 1.015876418057202413e+00 8.962997579343469357e-04
1.685416666666666430e+01 1.003780691355443455e+00 1.113577405236371512e-03
1.687500000000000000e+01 9.858605881533458737e-01 -1.206810185308561465e-03
1.689583333333333215e+01 1.000559784674800223e+00 7.436462181274017084e-04
1.691666666666666430e+01 1.010626102548846328e+00 1.593302629195098366e-03
1.693750000000000000e+01 1.015761217758710755e+00 1.087254972505714151e-03
1.695833333333333215e+01 1.000500229657897311e+00 3.155986554095653747e-04
1.697916666666666430e+01 1.009973741296693373e+00 -1.167555473125026378e-03
1.700000000000000000e+01 1.017562377003888852e+00 4.963171634088385693e-04
1.702083333333333215e+01 1.014809723514312534e+00 -1.107585199384270936e-03
1.704166666666666430e+01 1.001034214970870195e+00 8.963385666100102088e-04
1.706250000000000000e+01 9.955553279828543989e-01 -1.480181478519425158e-03
1.708333333333333215e+01 9.961437318192017942e-01 -1.013955597524695499e-03
1.710416666666666430e+01 9.985372229508633346e-01 -5.540909725631525465e-04
1.712500000000000000e+01 9.832431248114373856e-01 1.470561863397040064e-03
1.714583333333333215e+01 9.633762780181844843e-01 -1.768176370826924715e-03
1.716666666666666430e+01 9.796603372618062355e-01 -1.440115414018463668e-03
1.718750000000000000e+01 1.010916240456281701e+00 -3.084657462930972074e-04
1.720833333333333215e+01 1.033283379869549545e+00 9.108296799816348452e-04
1.722916666666666430e+01 1.005085948086790193e+00 3.229252254319557765e-03
1.725000000000000000e+01 9.734437285116001037e-01 -7.054261030802228428e-04
1.727083333333333215e+01 9.680855946488649000e-01 7.693634020050755086e-04
1.729166666666666430e+01 9.888714533782716476e-01 -1.054217717548074432e-03
1.731250000000000000e+01 1.016746873909026405e+00 -2.795978566339887925e-03
1.733333333333333215e+01 1.016221955089447793e+00 -3.341538738312493814e-05
1.735416666666666430e+01 1.003883792669373110e+00 -2.052279009402349294e-03
1.737500000000000000e+01 9.965386568859905259e-01 1.005889956512881099e-03
1.739583333333333215e+01 9.936344314511001974e-01 9.367591024904563420e-04
1.741666666666666430e+01 9.950862982235698651e-01 -6.001000672481794683e-04
1.743750000000000000e+01 1.006214445403256219e+00 2.116223046597183119e-03
1.745833333333333215e+01 1.005703430256554842e+00 -1.394882368614908412e-03
1.747916666666666430e+01 1.005832103586437043e+00 -3.619204155192053108e-04
1.750000000000000000e+01 9.938456361896788049e-01 -1.859604254218143226e-03
1.752083333333333215e+01 9.917651848208715037e-01 -1.844824698722413758e-04
1.754166666666666430e+01 1.003424429987116451e+00 -4.057435958343441249e-04
1.756250000000000000e+01 1.015315714345910392e+00 6.669610093099625364e-05
1.758333333333333215e+01 1.015311014049493865e+00 -1.989756971995988114e-03
1.760416666666666430e+01 9.979840290407712144e-01 1.770182261769784370e-03
1.762500000000000000e+01 9.861333115434435248e-01 1.464492785744696919e-03
1.764583333333333215e+01 9.916769974269848964e-01 2.670757355620804563e-04
1.766666666666666430e+01 1.002220665665600308e+00 -9.585626416323138376e-04
1.768750000000000000e+01 1.003085753301468319e+00 6.149259040133374940e-04
1.770833333333333215e+01 1.000598073666145060e+00 -9.151578946248428411e-04
1.772916666666666430e+01 9.934292925386551953e-01 1.115038042054535255e-03
1.775000000000000000e+01 9.958128895927887969e-01 -2.461831102709965361e-03
1.777083333333333215e+01 1.006018272407493086e+00 6.829576911770325056e-05
1.779166666666666430e+01 1.011220227566519414e+00 -3.551244249519040254e-04
1.781250000000000000e+01 1.011984837235504475e+00 5.754243131869967885e-04
1.783333333333333215e+01 9.971854290978103830e-01 -5.763248867741327689e-04
1.785416666666666430e+01 9.984646438616521236e-01 -1.911707940669849859e-03
1.787500000000000000e+01 9.968777392215988353e-01 -2.014043021297738829e-03
1.789583333333333215e+01 1.004593926999172382e+00 3.105561360008561654e-04
1.791666666666666430e+01 1.007064349933186387e+00 -3.997747922433914796e-04
1.793750000000000000e+01 9.976611495785506767e-01 7.894723879468198979e-04
1.795833333333333215e+01 9.775205247201368408e-01 6.063529389097662304e-04
1.797916666666666430e+01 9.717127207568164726e-01 1.891310137032070583e-03
1.800000000000000000e+01 9.779263250088746640e-01 1.578386093819524397e-03
1.802083333333333215e+01 1.002221393194860921e+00 1.533525044892984721e-04
1.804166666666666430e+01 1.015782636765601765e+00 -2.060627977597714790e-03
1.806250000000000000e+01 1.018423713373758810e+00 -1.272597410893482528e-03
1.808333333333333215e+01 1.014652239456749427e+00 1.363206361478021831e-03
1.810416666666666430e+01 1.004260493846617308e+00 -5.309701086655431099e-04
1.812500000000000000e+01 9.920509551830375417e-01 -1.409028700899247599e-03
1.814583333333333215e+01 9.774611956341987540e-01 -8.079964349849583791e-04
1.816666666666666430e+01 9.824862725759093696e-01 -5.554550305301276343e-04
1.818750000000000000e+01 1.002303584793371227e+00 1.439357268145621208e-03
1.820833333333333215e+01 1.018142659972721242e+00 4.923729550509296522e-04
1.822916666666666430e+01 1.010778519759229610e+00 -1.638477153072850348e-03
1.825000000000000000e+01 9.940998117801170819e-01 1.661085645195617064e-03
1.827083333333333215e+01 9.865334987781980702e-01 -1.218003140941771546e-03
1.829166666666666430e+01 9.980754640000941702e-01 6.783616277172650408e-04
1.831250000000000000e+01 1.010725919094660918e+00 -8.962279337889508227e-05
1.833333333333333215e+01 1.004775061221040211e+00 6.222088732241386850e-04
1.835416666666666430e+01 9.944817260376916934e-01 -1.496740263787829997e-03
1.837500000000000000e+01 9.904698414305621590e-01 -1.666680162536967908e-04
1.839583333333333215e+01 9.937885095792212686e-01 -2.284677815157977075e-04
1.841666666666666430e+01 9.965953799528932677e-01 5.212832895815025383e-04
1.843750000000000000e+01 9.994754674330946775e-01 8.630315256515118990e-04
1.845833333333333215e+01 9.968413463954454157e-01 -2.275670423829841051e-03
1.847916666666666430e+01 1.011100545112779248e+00 -6.082392066883754011e-04
1.850000000000000000e+01 1.016024660120941947e+00 5.141869595419903786e-04
1.852083333333333215e+01 1.020988558866278595e+00 -1.744128074896544867e-03
1.854166666666666430e+01 1.027218271897032409e+00 -1.087989065258254890e-03
1.856250000000000000e+01 1.025431143064197581e+00 5.252785017853449454e-04
1.858333333333333215e+01 1.008585895522001952e+00 6.495049360675041834e-04
1.860416666666666430e+01 9.829638127808038028e-01 8.995242037910059776e-05
1.862500000000000000e+01 9.729786512439537738e-01 1.088635640952690352e-04
1.864583333333333215e+01 9.883547347742863698e-01 3.787025277497868179e-04
1.866666666666666430e+01 1.003980321698762612e+00 -1.071976788271263974e-04
1.868750000000000000e+01 1.001200808979393120e+00 6.903205955930534910e-05
1.870833333333333215e+01 9.822644980596890729e-01 4.386189883792857990e-04
1.872916666666666430e+01 9.811440067949620536e-01 -3.780657819749679255e-04
1.875000000000000000e+01 9.917335716956050540e-01 2.919307252985076464e-04
1.877083333333333215e+01 1.007249848795461089e+00 1.794944365935127392e-03
1.879166666666666430e+01 1.004787685714269019e+00 -2.617442077708633137e-03
1.881250000000000000e+01 9.917486875199922336e-01 9.788992970076722342e-04
1.883333333333333215e+01 9.912798526708405111e-01 -2.199033337985513686e-03
1.885416666666666430e+01 9.996474913738484513e-01 -1.427500283822568912e-03
1.887500000000000000e+01 1.004426454978538885e+00 2.054945345867276955e-03
1.889583333333333215e+01 1.007744656789856030e+00 -6.663088840063906629e-04
1.891666666666666430e+01 1.002071776293410821e+00 2.489502290918912432e-04
1.893750000000000000e+01 1.002898734760097721e+00 5.666470631391681400e-04
1.895833333333333215e+01 9.895157116921786677e-01 7.798471316340667816e-04
1.897916666666666430e+01 9.912486541091086734e-01 -1.845959523035267755e-03
1.900000000000000000e+01 1.008092153858376028e+00 -1.078262552356136305e-04
1.902083333333333215e+01 1.028440797898652947e+00 -8.260346158018263196e-04
1.904166666666666430e+01 1.036930625278551510e+00 5.576411755186992886e-04
1.906250000000000000e+01 1.015437290998854269e+00 1.797964359695815599e-04
1.908333333333333215e+01 9.845980431792332732e-01 1.604382897568781136e-03
1.910416666666666430e+01 9.718933110324408098e-01 -6.721981977276211048e-04
1.912500000000000000e+01 9.804239264730488790e-01 3.630687381431654337e-04
1.914583333333333215e+01 9.947480033255998721e-01 -9.070044380001099143e-04
1.916666666666666430e+01 9.923043391029907623e-01 6.225408618594498959e-04
1.918750000000000000e+01 9.860274375133284419e-01 1.283609618816329350e-03
1.920833333333333215e+01 9.880461769982102904e-01 -4.686778461939016503e-04
1.922916666666666430e+01 1.000850061207174013e+00 -2.394573419810817286e-03
1.925000000000000000e+01 1.009296088332550578e+00 3.032851892314884236e-04
1.927083333333333215e+01 1.013108905016582018e+00 -2.507625874205808743e-03
1.929166666666666430e+01 1.015754091006659587e+00 2.648516845111144324e-04
1.931250000000000000e+01 1.019695979627279758e+00 -5.169517158818174533e-04
1.933333333333333215e+01 1.018132451543844130e+00 3.720143263508615293e-04
1.935416666666666430e+01 1.003667732451026140e+00 1.237433646484085688e-03
1.937500000000000000e+01 9.917044240208886530e-01 -1.176625020570827964e-03
1.939583333333333215e+01 1.002458622808420019e+00 -2.183968425657535802e-03
1.941666666666666430e+01 1.016009513012133603e+00 1.354557146972550010e-04
1.943750000000000000e+01 1.014904357004851043e+00 2.360051452125110517e-03
1.945833333333333215e+01 1.004380341648940744e+00 -1.411165308829431895e-03
1.947916666666666430e+01 9.835089733869391004e-01 -1.707568645267170879e-03
1.950000000000000000e+01 9.768911540653635317e-01 -5.232780570662553263e-04
1.952083333333333215e+01 9.783656760984413836e-01 -1.097422555689181109e-03
1.954166666666666430e+01 9.899840252157562359e-01 2.303031700399619088e-04
1.956250000000000000e+01 9.901527544198036601e-01 8.785311949133201796e-05
1.958333333333333215e+01 9.978970360152085162e-01 -1.582739462494283430e-03
1.960416666666666430e+01 9.980768246621497530e-01 2.462078289795794055e-03
1.962500000000000000e+01 1.012430623601855650e+00 -1.345326592494925288e-03
1.964583333333333215e+01 1.007602253480591514e+00 -1.593271432493193764e-04
1.966666666666666430e+01 1.001542498074602827e+00 3.433479550339656113e-05
1.968750000000000000e+01 9.886901529403383515e-01 6.720881087393182698e-04
1.970833333333333215e+01 9.853119836753430061e-01 -7.534030632936200567e-04
1.972916666666666430e+01 9.787578290192668895e-01 -6.957164991070264107e-04
1.975000000000000000e+01 9.861029763138581261e-01 -1.570929372328981762e-04
1.977083333333333215e+01 9.908256810843261153e-01 1.777897565912748374e-03
1.979166666666666430e+01 9.996301800580997821e-01 -1.355700991340411500e-04
1.981250000000000000e+01 1.012885232348604392e+00 1.217225515820045262e-03
1.983333333333333215e+01 1.016549215607181811e+00 -1.198354272594297177e-03
1.985416666666666430e+01 1.011777629809611501e+00 4.621545516878323469e-04
1.987500000000000000e+01 1.007066513941905717e+00 2.736357858385481969e-04
1.989583333333333215e+01 1.000389515507480453e+00 3.765497287815845620e-04
1.991666666666666430e+01 9.916648509544251366e-01 2.751459734039719569e-03
1.993750000000000000e+01 9.846488155682072696e-01 8.569367542412980893e-04
1.995833333333333215e+01 9.879564897645437549e-01 -4.147054932259423149e-04
1.997916666666666430e+01 1.002076984717011898e+00 -1.757689197849152422e-03
2.000000000000000000e+01 1.008103889240368645e+00 1.069901442730237075e-03
2.002083333333333215e+01 1.010710891698716862e+00 1.216242680182401696e-03
2.004166666666666430e+01 9.762165603280488213e-01 -6.610155091240784396e-04
2.006250000000000000e+01 9.159424898735941678e-01 -2.475198668882260845e-03
2.008333333333333215e+01 8.592360906086800032e-01 1.323785167998478909e-03
2.010416666666666430e+01 8.037378162229295020e-01 -9.040870125733133553e-07
2.012500000000000000e+01 7.512669147604010833e-01 3.974830438032992742e-04
2.014583333333333215e+01 7.053470594463100429e-01 -1.547893749834938770e-03
2.016666666666666430e+01 6.689481335154772168e-01 1.782251917712956025e-04
2.018750000000000000e+01 6.734587641555873638e-01 2.570843064660290343e-05
2.020833333333333215e+01 7.294285189739040387e-01 6.413600020025752961e-04
2.022916666666666430e+01 8.165139312531223270e-01 -1.158852907432485852e-03
2.025000000000000000e+01 9.097474215632568306e-01 1.745927130588726880e-03
2.027083333333333215e+01 9.803743393080733837e-01 -1.093810024513043903e-03
2.029166666666666430e+01 1.014647572970893252e+00 3.554289418082354299e-04
2.031250000000000000e+01 1.021872975114270110e+00 -7.718415730968374543e-04
2.033333333333333215e+01 1.024924156134777053e+00 -6.531200283136876384e-04
2.035416666666666430e+01 1.017006373338083414e+00 -1.308725843112354620e-03
2.037500000000000000e+01 9.953906561959436905e-01 4.923324137091695174e-04
2.039583333333333215e+01 9.882185062065127479e-01 5.667605779015514027e-04
2.041666666666666430e+01 9.859116281152059402e-01 5.608808593881485044e-05
2.043750000000000000e+01 9.842027839097620134e-01 9.758679970930597561e-04
2.045833333333333215e+01 9.807714191883585286e-01 6.788817333585198469e-04
2.047916666666666430e+01 9.887984293367793054e-01 -1.883545611351219627e-04
2.050000000000000000e+01 1.002512988280684025e+00 1.418340342103225444e-03
2.052083333333333215e+01 1.000129377727832836e+00 -1.248580830486145513e-04
2.054166666666666430e+01 1.004161390370320150e+00 1.070987764913095344e-03
2.056250000000000000e+01 9.965654125690384113e-01 -3.253817883743098660e-04
2.058333333333333215e+01 9.859756024584528378e-01 -3.387971022350723524e-04
2.060416666666666430e+01 9.900343179280977068e-01 1.588730527102033248e-03
2.062500000000000000e+01 9.971934356785494558e-01 -1.204964044611338703e-03
2.064583333333333215e+01 1.003664900533467019e+00 -6.743483530607152819e-04
2.066666666666666430e+01 1.002258117357029299e+00 -2.434177379021722470e-03
2.068750000000000000e+01 9.919280344481343770e-01 -1.028164801747883175e-03
2.070833333333333215e+01 9.918347055466738560e-01 -1.248315579217566763e-03
2.072916666666666430e+01 9.964817387347212341e-01 -1.018642737299268021e-03
2.075000000000000000e+01 1.004127174703671743e+00 -2.187274463701914821e-04
2.077083333333333215e+01 1.013243455734351484e+00 -6.393335804435314141e-04
2.079166666666666430e+01 1.009876080137306564e+00 1.150237213089870753e-03
2.081250000000000000e+01 1.005863105507082356e+00 2.749225004115996279e-03
2.083333333333333215e+01 1.008434002769162063e+00 -8.876607507333360335e-04
2.085416666666666430e+01 1.008610990517424977e+00 1.209171329112842001e-03
2.087500000000000000e+01 1.012935723488667117e+00 2.343531518239478067e-04
2.089583333333333215e+01 1.010850981015583905e+00 -8.247729732878468934e-04
2.091666666666666430e+01 1.001923508138806707e+00 -2.859026952644938601e-04
2.093750000000000000e+01 1.002655559932763563e+00 -9.758955096124280557e-04
2.095833333333333215e+01 1.000150455014784390e+00 -7.407601237279652943e-04
2.097916666666666430e+01 9.948261655409688098e-01 2.501433690504746218e-03
2.100000000000000000e+01 9.850689318485984503e-01 7.534897591667300042e-04
2.102083333333333215e+01 9.861683519910413587e-01 -1.463082370582197188e-03
2.104166666666666430e+01 9.981059187639002017e-01 -7.090719839011429878e-04
2.106250000000000000e+01 1.004054979560438099e+00 3.874035091201180028e-04
2.108333333333333215e+01 1.000536701610037271e+00 -1.498424413665084762e-03
2.110416666666666430e+01 9.911521636666018598e-01 -5.204886841637045795e-04
2.112500000000000000e+01 9.881664043238794770e-01 -1.568694430466571060e-04
2.114583333333333215e+01 9.953794304693432959e-01 1.168466979296177519e-03
2.116666666666666430e+01 1.002350485982658190e+00 3.621987945502325103e-04
2.118750000000000000e+01 1.006746945829714690e+00 2.497718673246545652e-03
2.120833333333333215e+01 1.007341367582795577e+00 -3.111205632536811691e-03
2.122916666666666430e+01 1.012530579012937304e+00 -1.698562419574082324e-03
2.125000000000000000e+01 1.010623822644278080e+00 -2.751714823734493966e-04
2.127083333333333215e+01 9.910011611745326299e-01 4.671681793422556290e-05
2.129166666666666430e+01 9.754046469164379118e-01 -1.170347500217689936e-03
2.131250000000000000e+01 9.797704742318770199e-01 -1.273910334535148774e-03
2.133333333333333215e+01 9.959972569269229803e-01 8.283895450416321748e-04
2.135416666666666430e+01 1.001091372302005400e+00 4.107946899838699770e-04
2.137500000000000000e+01 1.002493565641177087e+00 1.026995760110307543e-03
2.139583333333333215e+01 9.937600070407975883e-01 1.636846946145277537e-03
2.141666666666666430e+01 1.007747887823372768e+00 -2.921891112269314641e-04
2.143750000000000000e+01 1.021811535240448210e+00 -1.060815871246372031e-03
2.145833333333333215e+01 1.021942078172002777e+00 2.807399662976607126e-04
2.147916666666666430e+01 1.009873783953651571e+00 1.213829769193782706e-03
2.150000000000000000e+01 1.005296661757366650e+00 5.003920984644804953e-04
2.152083333333333215e+01 1.000805953687903482e+00 -2.018666021494143394e-03
2.154166666666666430e+01 9.976310218139429198e-01 -4.044932813106580003e-04
2.156250000000000000e+01 9.912589518823196055e-01 -6.751194320710326643e-04
2.158333333333333215e+01 9.952391337565862361e-01 -7.933384983998874275e-04
2.160416666666666430e+01 1.006292271999459809e+00 -1.930487272410246532e-03
2.162500000000000000e+01 1.019582625262531739e+00 3.719651498047960980e-04
2.164583333333333215e+01 1.020347546513101777e+00 1.438305592537878754e-03
2.166666666666666430e+01 1.001188085704271646e+00 3.051785281168633624e-04
2.168750000000000000e+01 9.891957319354828249e-01 -1.138615385128956010e-03
2.170833333333333215e+01 9.917748519099173210e-01 1.387869614901646653e-03
2.172916666666666430e+01 9.954862564265968272e-01 -8.800682853355886164e-04
2.175000000000000000e+01 9.854794664672278381e-01 -1.487097682839907226e-04
2.177083333333333215e+01 9.835898581325696055e-01 9.422770414061204395e-04
2.179166666666666430e+01 9.861746056786920844e-01 6.682063025200172483e-05
2.181250000000000000e+01 9.915173067488816105e-01 -3.263447688960889473e-04
2.183333333333333215e+01 9.997707516059314292e-01 -1.284950473623507344e-05
2.185416666666666430e+01 9.989694137381922578e-01 -1.291636856727069907e-04
2.187500000000000000e+01 1.009045216475351170e+00 -5.365316611556378637e-04
2.189583333333333215e+01 1.015595731525851475e+00 1.252920247560016355e-03
2.191666666666666430e+01 1.016187631929886370e+00 -2.102741686558023363e-04
2.193750000000000000e+01 1.001912829146448969e+00 -6.941877148668953610e-04
2.195833333333333215e+01 1.002218698005911790e+00 -2.999472185321270254e-04
2.197916666666666430e+01 1.005470147775781919e+00 1.287929656622311151e-03
2.200000000000000000e+01 1.001886560329231735e+00 -7.519605940524663745e-04
2.202083333333333215e+01 9.894669442714469909e-01 3.210041087046856660e-04
2.204166666666666430e+01 9.808008894793298627e-01 8.038942842000860838e-04
2.206250000000000000e+01 9.931797885128127445e-01 -4.897479143909016586e-04
2.208333333333333215e+01 1.006956258833139772e+00 -7.439045568220206597e-04
2.210416666666666430e+01 1.014866226630174006e+00 -9.055259044883677902e-04
2.212500000000000000e+01 1.002310693794636220e+00 -2.919144826651139829e-04
2.214583333333333215e+01 9.936061254418987465e-01 6.092127995133644701e-05
2.216666666666666430e+01 9.975249042120201137e-01 1.482335777128039643e-03
2.218750000000000000e+01 9.988912312592028719e-01 -4.880185198097994272e-05
2.220833333333333215e+01 1.000462592674956408e+00 1.199740322609547070e-03
2.222916666666666430e+01 1.000613642597234287e+00 5.563658617794754345e-04
2.225000000000000000e+01 9.967004238575244424e-01 -5.687710725512757845e-04
2.227083333333333215e+01 1.006792573043420402e+00 1.024665129353963212e-03
2.229166666666666430e+01 9.980625979016106708e-01 -6.087611965229479611e-04
2.231250000000000000e+01 9.982574133014467943e-01 1.969234865600902849e-04
2.233333333333333215e+01 1.003842589582902178e+00 2.689299078517997581e-04
2.235416666666666430e+01 1.010857324072471197e+00 3.807116454605151629e-05
2.237500000000000000e+01 1.013207443710843147e+00 -4.431101704499659137e-04
2.239583333333333215e+01 1.012641689394032429e+00 1.697429250631361233e-03
2.241666666666666430e+01 1.010664159052412803e+00 8.668465291766869543e-04
2.243750000000000000e+01 1.011218916555477021e+00 1.171958019978209913e-03
2.245833333333333215e+01 1.003164628718589135e+00 -1.322760171462675736e-03
2.247916666666666430e+01 9.858982735458531321e-01 8.079202462065365525e-04
2.250000000000000000e+01 9.749084546042130484e-01 -2.833873913800150014e-04
2.252083333333333215e+01 9.810849743078191576e-01 9.081412285331524762e-04
2.254166666666666430e+01 9.997322660226547475e-01 3.049293197648528415e-03
2.256250000000000000e+01 1.009694217791752502e+00 1.413722093519723230e-04
2.258333333333333215e+01 9.996619358923578558e-01 9.888786258160623028e-05
2.260416666666666430e+01 9.858929906100301066e-01 -2.016214901653669376e-03
2.262500000000000000e+01 9.856583583234953538e-01 1.619899917483682509e-03
2.264583333333333215e+01 9.890447467027979611e-01 -1.639536769000013005e-03
2.266666666666666430e+01 9.954143504234457263e-01 -1.706423918983783266e-03
2.268750000000000000e+01 1.003643478390868093e+00 7.992510669119825282e-04
2.270833333333333215e+01 1.008900792603431906e+00 -1.532271770442281134e-03
2.272916666666666430e+01 1.018851680335059795e+00 1.021155991433493181e-03
2.275000000000000000e+01 1.021507134912175596e+00 -1.173355811529624591e-03
2.277083333333333215e+01 1.018627288561177346e+00 -2.912465844887958464e-04
2.279166666666666430e+01 1.008016451246204204e+00 1.695732753808426628e-03
2.281250000000000000e+01 9.949431956701573210e-01 1.860453404876289210e-04
2.283333333333333215e+01 9.911947801718798967e-01 -1.206303862259896879e-03
2.285416666666666430e+01 9.920109594829148447e-01 9.876742706018124592e-04
2.287500000000000000e+01 9.940549640681592969e-01 -1.247400243959894675e-03
2.289583333333333215e+01 9.994931345108256648e-01 1.393817569321646787e-03
2.291666666666666430e+01 9.956628422292553848e-01 1.629290112739270645e-03
2.293750000000000000e+01 9.870386556695419644e-01 4.024528665606205171e-05
2.295833333333333215e+01 9.943059840484944623e-01 -9.000226018330022672e-04
2.297916666666666430e+01 1.005585635997655158e+00 5.698186613528835750e-05
2.300000000000000000e+01 1.013301908728724277e+00 -1.454013024476179640e-03
2.302083333333333215e+01 1.012480409740066811e+00 1.210942910449296040e-03
2.304166666666666430e+01 1.004178709796200497e+00 -1.112160142495946307e-03
2.306250000000000000e+01 9.986089771399776494e-01 -4.035066718328662850e-04
2.308333333333333215e+01 1.001743839286141524e+00 9.571701014009021324e-04
2.310416666666666430e+01 9.964210120945379279e-01 -9.765541862916764498e-04
2.312500000000000000e+01 9.950322525328472167e-01 1.558759085847347516e-03
2.314583333333333215e+01 9.957189119904342745e-01 -6.930890613891917216e-04
2.316666666666666430e+01 1.003621542327008065e+00 -6.356285565399969286e-05
2.318750000000000000e+01 1.023965444060529251e+00 -1.256869378765388713e-03
2.320833333333333215e+01 1.022106197756915913e+00 1.256057303294964324e-03
2.322916666666666430e+01 1.011349722832567855e+00 8.925543340862291059e-04
2.325000000000000000e+01 9.988916404611435373e-01 -3.966806614207957411e-04
2.327083333333333215e+01 9.977359949880187928e-01 -1.786381173738201965e-04
2.329166666666666430e+01 9.933773563630373671e-01 1.522735406890138874e-03
2.331250000000000000e+01 9.823061725129036414e-01 5.247352076845482934e-04
2.333333333333333215e+01 9.719125147644458451e-01 4.076632834531805269e-04
2.335416666666666430e+01 9.873754686565916483e-01 9.668452473237487514e-04
2.337500000000000000e+01 1.002932885742561231e+00 5.506427506538637794e-04
2.339583333333333215e+01 1.016244127189221524e+00 2.060079016420302651e-04
2.341666666666666430e+01 1.017095099359780042e+00 2.433787301442075050e-04
2.343750000000000000e+01 1.025484517328437706e+00 -2.303349585334686644e-03
2.345833333333333215e+01 1.027769270876289553e+00 -8.634421556217753042e-04
2.347916666666666430e+01 1.017467492682092578e+00 -3.597615893184541707e-03
2.350000000000000000e+01 9.878583672099182644e-01 8.920976971432056923e-04
2.352083333333333215e+01 9.732665618366748150e-01 -7.169087091010133009e-04
2.354166666666666430e+01 9.819475681781341114e-01 1.382624394591226713e-03
2.356250000000000000e+01 9.992289517305887880e-01 -2.260393376239649543e-03
2.358333333333333215e+01 1.001229738734730423e+00 -8.827297963537415878e-04
2.360416666666666430e+01 9.748953015632316754e-01 -5.812975446053636691e-04
2.362500000000000000e+01 9.619669955237282188e-01 1.032689398625240501e-03
2.364583333333333215e+01 9.826654251760728043e-01 4.354085224592937398e-04
2.366666666666666430e+01 1.010779183500260636e+00 1.668298342563034713e-03
2.368750000000000000e+01 1.013949596493104677e+00 1.112978639759018909e-03
2.370833333333333215e+01 1.002365209791600043e+00 -1.742690911287248868e-03
2.372916666666666430e+01 9.979628937566021873e-01 2.532104155527002600e-03
2.375000000000000000e+01 1.014653828189072460e+00 1.980868626551876999e-03
2.377083333333333215e+01 1.012369197843088875e+00 9.369729492880816274e-04
2.379166666666666430e+01 1.001603916976010256e+00 -1.426787420414560640e-04
2.381250000000000000e+01 9.837230466559060416e-01 -1.241983493301261491e-03
2.383333333333333215e+01 1.000013981489435766e+00 -3.203511719200431013e-03
2.385416666666666430e+01 1.026971638173278745e+00 -1.778161060825608330e-03
2.387500000000000000e+01 1.025605954797236041e+00 -3.102997452753570012e-03
2.389583333333333215e+01 1.021715900384738918e+00 3.626611808589796102e-04
2.391666666666666430e+01 1.007388610270893325e+00 1.976518693051388005e-03
2.393750000000000000e+01 1.011516810535587396e+00 7.095062575652409925e-04
2.395833333333333215e+01 1.015396750501248890e+00 -1.798602986638843910e-05
2.397916666666666430e+01 1.002506021577796558e+00 -4.394373619430289209e-04
2.400000000000000000e+01 9.934318377780706477e-01 1.610216304044601162e-03
2.402083333333333215e+01 9.856397394234590603e-01 -3.062379280539283591e-04
2.404166666666666430e+01 9.874891114463882902e-01 1.178076466628495949e-03
2.406250000000000000e+01 9.757597640444610754e-01 -5.730067507703897136e-05
2.408333333333333215e+01 9.716993300876817230e-01 6.616885360624336033e-04
2.410416666666666430e+01 9.844380205129196204e-01 -1.627464730448537717e-03
2.412500000000000000e+01 1.002547739699714446e+00 7.938162690903951798e-04
2.414583333333333215e+01 1.008087460555160852e+00 8.908856054147534917e-04
2.416666666666666430e+01 9.883188137061856837e-01 5.015889669599656361e-06
2.418750000000000000e+01 9.869646701033640834e-01 9.708546784738873682e-04
2.420833333333333215e+01 9.953521911380837084e-01 -8.710744399831340211e-04
2.422916666666666430e+01 1.015323067201318930e+00 -9.707407788439350032e-05
2.425000000000000000e+01 1.018674345688420413e+00 4.473497218989443656e-04
2.427083333333333215e+01 1.012461165112472417e+00 1.879951988955866566e-03
2.429166666666666430e+01 9.981738568150360091e-01 -2.561914134808297217e-04
2.431250000000000000e+01 9.912325515322010228e-01 5.709880285545941569e-04
2.433333333333333215e+01 9.949253473808353787e-01 9.188873877107483123e-05
2.435416666666666430e+01 9.920134404910890824e-01 -2.376355562485041751e-03
2.437500000000000000e+01 9.835073912411785857e-01 3.764785828226976244e-04
2.439583333333333215e+01 9.948883173782235856e-01 -1.823558420106151674e-05
2.441666666666666430e+01 1.004451091141336905e+00 5.224553991324677564e-04
2.443750000000000000e+01 1.004115198220281613e+00 2.012035538962372578e-04
2.445833333333333215e+01 1.005995349940691952e+00 9.005834278845450090e-04
2.447916666666666430e+01 1.007132058962442844e+00 -1.728796707959512086e-03
2.450000000000000000e+01 1.005603566598724186e+00 -1.806368280025475934e-03
2.452083333333333215e+01 1.005307057136471949e+00 -1.316825737707158148e-03
2.454166666666666430e+01 1.000189411298637809e+00 -5.949982912536391647e-04
2.456250000000000000e+01 9.926097768480480754e-01 -4.739065106971812255e-05
2.458333333333333215e+01 9.918114042825586507e-01 2.449619039124109436e-03
2.460416666666666430e+01 9.939674514694205598e-01 1.898779965885718374e-04
2.462500000000000000e+01 1.003491536234499826e+00 -1.651873139149459850e-03
2.464583333333333215e+01 1.013945047022070778e+00 -5.058969385864855875e-04
2.466666666666666430e+01 1.028636437368724454e+00 6.479021701362515546e-04
2.468750000000000000e+01 1.020496424396368784e+00 1.845407556822010781e-04
2.470833333333333215e+01 1.004793323433879282e+00 -8.028973735274398888e-04
2.472916666666666430e+01 9.901113468890840874e-01 -1.618729862484755177e-04
2.475000000000000000e+01 9.885414479799159437e-01 4.824301625076408626e-04
2.477083333333333215e+01 1.015165331432944962e+00 -7.353898387054101377e-05
2.479166666666666430e+01 1.015371294657611889e+00 2.166870926410581488e-03
2.481250000000000000e+01 9.922751832275032990e-01 8.130838209829493015e-04
2.483333333333333215e+01 9.465060692688928023e-01 1.365399394350717008e-04
2.485416666666666430e+01 9.077047914605589352e-01 1.574758557239690909e-03
2.487500000000000000e+01 8.766039455567603556e-01 2.168551166335512970e-03
2.489583333333333215e+01 8.609991252475970303e-01 5.986669153106214357e-04
2.491666666666666430e+01 8.382384189236335992e-01 -2.556112478542951554e-05
2.493750000000000000e+01 8.179999441133763982e-01 -8.345601337167852900e-04
2.495833333333333215e+01 7.943263119784215176e-01 2.581540409730783054e-04
2.497916666666666430e+01 7.728506744586836064e-01 -2.180006931289965946e-04
2.500000000000000000e+01 7.455798547083346550e-01 7.641024890584108579e-04
2.502083333333333215e+01 7.139831744798798008e-01 -1.522877358039741690e-03
2.504166666666666430e+01 6.765661621874237142e-01 -7.877156790548435266e-04
2.506250000000000000e+01 6.428339874659100284e-01 -9.200082807487744256e-04
2.508333333333333215e+01 6.111977974390163659e-01 -1.266661109291151738e-04
2.510416666666666430e+01 5.824685061637321359e-01 -1.813245867423866680e-03
2.512500000000000000e+01 5.759951470487439940e-01 5.999990961193167561e-04
2.514583333333333215e+01 5.719217458905841989e-01 -5.451181733321941187e-04
2.516666666666666430e+01 5.902338867192686855e-01 5.162953976697917929e-04
2.518750000000000000e+01 6.263730660123554284e-01 -2.218524303758915520e-03
2.520833333333333215e+01 6.753597897833379937e-01 -1.198660177592200974e-03
2.522916666666666430e+01 7.240922980587053415e-01 1.586601916600474324e-03
2.525000000000000000e+01 7.457402842038660662e-01 -2.667028186153600779e-04
2.527083333333333215e+01 7.552452959464901472e-01 2.407365877694945654e-03
2.529166666666666430e+01 7.714888195271288884e-01 -1.515231746553682935e-03
2.531250000000000000e+01 8.039772267564067043e-01 3.877369008588344584e-05
2.533333333333333215e+01 8.578361840896786550e-01 -1.358931511926160822e-03
2.535416666666666430e+01 8.994489521359940731e-01 -9.069805587449881231e-05
2.537500000000000000e+01 9.328076342574067592e-01 -3.791097608632769834e-03
2.539583333333333215e+01 9.609092702284501852e-01 1.048220150279145562e-03
2.541666666666666430e+01 9.757723723545418393e-01 7.786786769590793838e-04
2.543750000000000000e+01 9.866066765320226084e-01 1.658110084230731730e-03
2.545833333333333215e+01 9.964618656958929011e-01 7.174772860329651104e-04
2.547916666666666430e+01 1.016640930377390672e+00 4.127806824340548653e-04
2.550000000000000000e+01 1.022111415487985786e+00 -8.504824943599365115e-04
2.552083333333333215e+01 1.018371393492834898e+00 -1.251952477303100008e-03
2.554166666666666430e+01 1.004474183878510507e+00 -3.032681641098271437e-03
2.556250000000000000e+01 9.943127023361558736e-01 1.994131282353378640e-03
2.558333333333333215e+01 9.959046299285931880e-01 -1.387081679489141463e-03
2.560416666666666430e+01 9.938665243239924729e-01 -4.560032025892350109e-04
2.562500000000000000e+01 9.845478059129130211e-01 -9.742045394978146935e-04
2.564583333333333215e+01 9.730430438224756395e-01 1.163695068486687639e-03
2.566666666666666430e+01 9.832891639952288099e-01 -1.056316449982021115e-04
2.568750000000000000e+01 1.007850098517996118e+00 -6.345311418231571951e-04
2.570833333333333215e+01 1.015607532003256264e+00 1.029078880007289589e-03
2.572916666666666430e+01 1.013835429138304489e+00 -2.282971439879651326e-04
2.575000000000000000e+01 1.000630655962047699e+00 1.111363583755576407e-03
2.577083333333333215e+01 1.000706113437158651e+00 7.348942019025138470e-04
2.579166666666666430e+01 1.011058574950547184e+00 -4.057025707976869748e-04
2.581250000000000000e+01 9.989488008595868163e-01 -5.431201787152063884e-04
2.583333333333333215e+01 9.884828596758935548e-01 5.897048277094249838e-05
2.585416666666666430e+01 9.871640135924613091e-01 -1.014913946368171428e-03
2.587500000000000000e+01 1.008220295786965481e+00 2.298893716480262313e-04
2.589583333333333215e+01 1.012604918720031444e+00 -1.070426450602000347e-03
2.591666666666666430e+01 1.003568711100215172e+00 3.651154328485235203e-04
2.593750000000000000e+01 9.835010147929199587e-01 -7.300236001825938909e-05
2.595833333333333215e+01 9.841005285119489576e-01 -7.926042726357400772e-04
2.597916666666666430e+01 1.001007070035069502e+00 -1.496585577287764396e-03
