0.000000000000000000e+00 1.005169908836389459e+00 1.714150589988755989e-03
2.083333333333333218e-02 1.006647887554082965e+00 3.896449554495123391e-04
4.166666666666666435e-02 1.000443612038641961e+00 -9.263142154613073463e-04
6.250000000000000000e-02 1.007730804154391535e+00 -2.243290709076378991e-03
8.333333333333332871e-02 9.967457248075354270e-01 -9.185073434015639596e-04
1.041666666666666574e-01 9.974892527890665272e-01 1.605707566917121158e-03
1.250000000000000000e-01 1.000670227140807444e+00 -8.182198314699766582e-04
1.458333333333333148e-01 9.976422532245801111e-01 1.200402759960915965e-03
1.666666666666666574e-01 1.000400650590294926e+00 -2.903106650373936479e-04
1.875000000000000000e-01 1.003068674377191716e+00 -4.335291684559775633e-04
2.083333333333333148e-01 1.008164508259582925e+00 -1.332270362759851003e-03
2.291666666666666574e-01 1.012754818204466556e+00 3.307233426504063104e-04
2.500000000000000000e-01 1.006485670220907291e+00 1.256180188117229013e-03
2.708333333333333148e-01 1.002919103327297945e+00 9.403377067722506078e-04
2.916666666666666297e-01 1.007335034229351667e+00 6.209962227039016137e-04
3.125000000000000000e-01 1.006293765716311572e+00 -1.321881413503087684e-03
3.333333333333333148e-01 1.010912609619461833e+00 8.804235515276263543e-05
3.541666666666666297e-01 1.017564663322944707e+00 -1.455658499373382354e-03
3.750000000000000000e-01 1.015603047942352566e+00 -1.095124055029651463e-03
3.958333333333333148e-01 1.018314716549612253e+00 4.182446232538836314e-04
4.166666666666666297e-01 1.014297258076770403e+00 -1.367708183544757983e-03
4.375000000000000000e-01 1.011963799323728930e+00 5.564086018813397877e-04
4.583333333333333148e-01 1.007584234426034397e+00 -4.403323742961946633e-04
4.791666666666666297e-01 9.992332003633602744e-01 1.733737640523211679e-03
5.000000000000000000e-01 9.971043655915863280e-01 -2.573804841875748867e-04
5.208333333333332593e-01 9.958337552131558690e-01 5.455895747598950296e-04
5.416666666666666297e-01 9.955414570107770089e-01 1.179421956934234702e-03
5.625000000000000000e-01 9.965362517458307146e-01 6.488819463526468781e-04
5.833333333333332593e-01 9.991481873013924320e-01 7.149051946438577266e-04
6.041666666666666297e-01 1.005619088266187511e+00 -2.234632544017419939e-03
6.250000000000000000e-01 1.008345630878786148e+00 1.025463795363668268e-03
6.458333333333332593e-01 1.017257631647418892e+00 -2.096276762971679541e-03
6.666666666666666297e-01 1.007970520363237643e+00 -9.362827047718462210e-04
6.875000000000000000e-01 1.016419425811223132e+00 -3.142973388747236519e-03
7.083333333333332593e-01 1.018618641554636550e+00 -5.189274622164735109e-04
7.291666666666666297e-01 1.021739258647304416e+00 -9.401665702297069696e-04
7.500000000000000000e-01 1.019007110916032133e+00 -4.056473637340703977e-04
7.708333333333332593e-01 1.013783375224500238e+00 -1.330638314598011577e-03
7.916666666666666297e-01 1.013143151344446879e+00 -3.197847784308152901e-04
8.125000000000000000e-01 1.011562928009701157e+00 -1.017282268685806672e-03
8.333333333333332593e-01 1.007063247731152744e+00 -3.528703756114179193e-04
8.541666666666666297e-01 1.008469583923890189e+00 9.102960414421978723e-04
8.750000000000000000e-01 1.001589436945317768e+00 -2.819924373072010479e-03
8.958333333333332593e-01 1.010790654800918675e+00 -1.757861340560105013e-04
9.166666666666666297e-01 1.010037802145750119e+00 -3.076097019438191259e-04
9.375000000000000000e-01 1.004510630970255169e+00 -2.044258041596645151e-03
9.583333333333332593e-01 1.004812970493008661e+00 -6.604412335166670502e-04
9.791666666666666297e-01 1.000799980904484743e+00 1.651207892947103868e-03
1.000000000000000000e+00 9.964171029200814544e-01 3.350147301103946289e-04
1.020833333333333259e+00 9.979148806009094930e-01 -8.197587040878934238e-04
1.041666666666666519e+00 1.001337022691903611e+00 7.945598605590023338e-04
1.062500000000000000e+00 1.000755738970688036e+00 3.306045050782340866e-04
1.083333333333333259e+00 1.004448940923395428e+00 -1.715092911481957928e-03
1.104166666666666519e+00 1.008389460363093182e+00 -5.721832409652966326e-04
1.125000000000000000e+00 1.011208554251548541e+00 -1.682758122458282248e-04
1.145833333333333259e+00 1.012715731003803299e+00 -9.591049370908994907e-05
1.166666666666666519e+00 1.005501850606195458e+00 3.147863078883932791e-04
1.187500000000000000e+00 1.005128323885113417e+00 -1.018927058444065841e-04
1.208333333333333259e+00 1.001652067270033308e+00 -4.986690210062575302e-05
1.229166666666666519e+00 9.952149603356890140e-01 -7.733672718949866250e-04
1.250000000000000000e+00 9.993956236948726701e-01 -5.681718787824930825e-04
1.270833333333333259e+00 1.002104006782258638e+00 -7.551648360945577461e-04
1.291666666666666519e+00 1.004791016562233796e+00 5.252036748022899122e-04
1.312500000000000000e+00 1.007607641654127306e+00 -2.531392278827331271e-04
1.333333333333333259e+00 1.002395718638350752e+00 -8.343853162163346803e-04
1.354166666666666519e+00 1.007081663101747626e+00 8.310716970060743431e-04
1.375000000000000000e+00 1.004028287485344340e+00 2.919297485654216880e-03
1.395833333333333259e+00 1.000946720231162823e+00 -2.764755324578164293e-04
1.416666666666666519e+00 1.005398328201639879e+00 1.483795522821626045e-03
1.437500000000000000e+00 1.006431076401500313e+00 -7.501227629994000829e-04
1.458333333333333259e+00 1.004203876968239095e+00 1.901959916685345791e-04
1.479166666666666519e+00 1.009404486358508768e+00 1.063979866878487666e-03
1.500000000000000000e+00 1.007493886556575236e+00 1.336652958493806916e-03
1.520833333333333259e+00 1.009163605305497313e+00 2.599220814045700816e-03
1.541666666666666519e+00 1.006237468117227252e+00 -6.406170418028884171e-04
1.562500000000000000e+00 1.012620029807221655e+00 6.730484694805927051e-05
1.583333333333333259e+00 1.001612570581592143e+00 1.663021972770751741e-03
1.604166666666666519e+00 1.007599903232774929e+00 1.599150631874726725e-03
1.625000000000000000e+00 1.008893757087605092e+00 -1.075271123825474436e-03
1.645833333333333259e+00 1.000864259264543144e+00 -1.772688589697169262e-05
1.666666666666666519e+00 1.003609115848255851e+00 1.247948151125983498e-03
1.687500000000000000e+00 1.001645600880554987e+00 1.522750525518709727e-03
1.708333333333333259e+00 1.001994511934067411e+00 -1.182710795674620603e-03
1.729166666666666519e+00 1.002433126571534716e+00 4.433382713163623243e-04
1.750000000000000000e+00 9.997541905604198087e-01 -2.770835406933543424e-03
1.770833333333333259e+00 1.001044526242613752e+00 1.266616089717896229e-03
1.791666666666666519e+00 1.013388037858331536e+00 2.197163529270353480e-03
1.812500000000000000e+00 1.018936468020563701e+00 -1.365832879516193366e-03
1.833333333333333259e+00 1.019549598665820511e+00 -2.728208207272120019e-04
1.854166666666666519e+00 1.023963628574121376e+00 -1.768223319703964881e-03
1.875000000000000000e+00 1.023385263667194955e+00 -5.730352321770717898e-04
1.895833333333333259e+00 1.020455006561702627e+00 6.787115550572581047e-04
1.916666666666666519e+00 1.014466259527586178e+00 7.313450549064491775e-04
1.937500000000000000e+00 1.012029336090194853e+00 5.066118202976005892e-04
1.958333333333333259e+00 9.994544826474999200e-01 -1.735210594183632035e-03
1.979166666666666519e+00 1.002885636768736211e+00 -1.051613778894871197e-03
2.000000000000000000e+00 9.986970204670332363e-01 2.331994373032730133e-03
2.020833333333333037e+00 9.949982937912539294e-01 2.891463957360973199e-04
2.041666666666666519e+00 9.959805582159130255e-01 -5.303135721863556180e-04
2.062500000000000000e+00 9.842157500306302209e-01 3.161551448852282565e-04
2.083333333333333037e+00 9.899529800788592349e-01 -7.233580215541335953e-04
2.104166666666666519e+00 9.858281427836125266e-01 2.068103371355575694e-04
2.125000000000000000e+00 9.816513346579865962e-01 -9.531982294381967846e-04
2.145833333333333037e+00 9.875802094114678464e-01 -8.405801834809810110e-04
2.166666666666666519e+00 9.900344262932044836e-01 -1.953284434118013682e-03
2.187500000000000000e+00 1.003018340667791053e+00 2.189370981061321969e-03
2.208333333333333037e+00 1.007109325067101269e+00 8.991683475151904465e-04
2.229166666666666519e+00 1.008539520569299297e+00 7.806925569030566956e-04
2.250000000000000000e+00 1.008666201033045384e+00 1.086776266986918486e-03
2.270833333333333037e+00 1.009924473648381893e+00 -1.543423079074103370e-04
2.291666666666666519e+00 1.009732901386963144e+00 -1.349479908128432262e-03
2.312500000000000000e+00 1.007215931230895256e+00 6.413313333416721662e-04
2.333333333333333037e+00 1.004008627794407360e+00 8.634276012979180855e-04
2.354166666666666519e+00 1.002476066520649800e+00 6.729920178897562692e-04
2.375000000000000000e+00 1.001232243864535132e+00 -4.863984891492030495e-04
2.395833333333333037e+00 9.990241869633954552e-01 -1.883844852764616487e-03
2.416666666666666519e+00 9.976099151929518349e-01 9.925118143399105659e-04
2.437500000000000000e+00 9.970930920409168952e-01 5.151826333149064734e-04
2.458333333333333037e+00 1.007293235222446626e+00 -7.093315003835438742e-05
2.479166666666666519e+00 1.000412436073510047e+00 -2.892737971053401685e-04
2.500000000000000000e+00 1.006182657340608744e+00 -1.577806051700719021e-04
2.520833333333333037e+00 1.015145586006291900e+00 -6.978955417705098819e-04
2.541666666666666519e+00 1.018069576226153128e+00 -1.834476778132508113e-03
2.562500000000000000e+00 1.022970440229196587e+00 -1.295612252721636771e-04
2.583333333333333037e+00 1.024298432316832930e+00 -5.357433164124586087e-04
2.604166666666666519e+00 1.023104148939363744e+00 4.018824105056254220e-04
2.625000000000000000e+00 1.017478402959861805e+00 -3.833872638422676483e-04
2.645833333333333037e+00 1.008109643039528880e+00 3.591461101152929893e-04
2.666666666666666519e+00 1.009148617200048115e+00 -1.501707296361320379e-03
2.687500000000000000e+00 9.995415306677318812e-01 5.673932305095231651e-04
2.708333333333333037e+00 1.003279257790868684e+00 2.585888601432645602e-03
2.729166666666666519e+00 1.003422287063609142e+00 -1.199478375679136478e-04
2.750000000000000000e+00 1.003610963167377523e+00 7.887144524410711916e-04
2.770833333333333037e+00 1.008876700686410999e+00 1.096889872154513087e-03
2.791666666666666519e+00 1.007148636379871398e+00 4.471836591986748984e-04
2.812500000000000000e+00 1.009650091139307149e+00 3.064274809150537775e-04
2.833333333333333037e+00 1.002904317366262177e+00 -1.942435437324308662e-03
2.854166666666666519e+00 1.009096203111693235e+00 -1.015020664667449059e-03
2.875000000000000000e+00 1.009941028839181021e+00 1.932923402434914405e-03
2.895833333333333037e+00 1.011898474674058468e+00 2.600037753568214694e-04
2.916666666666666519e+00 1.011260413181817475e+00 2.684493993411459574e-04
2.937500000000000000e+00 1.016569170720281079e+00 2.428694553654449882e-03
2.958333333333333037e+00 1.013850170647153881e+00 -2.132551329616512795e-03
2.979166666666666519e+00 1.010674598776529987e+00 1.319614456253276899e-03
3.000000000000000000e+00 1.020152697773561323e+00 8.187901631691569095e-04
3.020833333333333037e+00 1.009239875270626419e+00 -2.424537118708746872e-03
3.041666666666666519e+00 1.006076784290736104e+00 -7.845528591036800064e-04
3.062500000000000000e+00 9.961968736392913248e-01 5.364719645954044809e-04
3.083333333333333037e+00 9.960794052501296125e-01 -8.714354450074647367e-04
3.104166666666666519e+00 9.945312108253607786e-01 -9.490316770410783939e-04
3.125000000000000000e+00 9.937590922519883296e-01 7.630472015685769212e-04
3.145833333333333037e+00 9.923333931401804309e-01 -2.291966330653223379e-04
3.166666666666666519e+00 9.921852700125900482e-01 2.429198580729783903e-04
3.187500000000000000e+00 9.883829868453152256e-01 -1.963357508240935008e-04
3.208333333333333037e+00 9.963859278460832636e-01 1.730237719321084443e-04
3.229166666666666519e+00 9.977698964754559974e-01 3.840257368448463386e-04
3.250000000000000000e+00 1.001693886874277517e+00 2.766436966749679597e-03
3.270833333333333037e+00 1.000274029494016004e+00 5.115770763064483948e-04
3.291666666666666519e+00 1.006712450759652100e+00 -8.701426531432808519e-04
3.312500000000000000e+00 1.001655271916177314e+00 4.824741491554249790e-04
3.333333333333333037e+00 9.991912394240773931e-01 3.298991221466201639e-04
3.354166666666666519e+00 1.003963390620809193e+00 4.138350072809679134e-03
3.375000000000000000e+00 1.000313499205566004e+00 -1.771084270106870490e-03
3.395833333333333037e+00 9.995048698713397961e-01 8.707708261596911001e-04
3.416666666666666519e+00 1.005601805816434435e+00 3.307643909617875681e-04
3.437500000000000000e+00 1.010823389112387449e+00 1.917944326102778447e-03
3.458333333333333037e+00 1.013102950316842277e+00 -1.269616185947961126e-03
3.479166666666666519e+00 1.015993192728757766e+00 -1.533253810626107301e-03
3.500000000000000000e+00 1.025055167885004614e+00 4.453772694310276746e-04
3.520833333333333037e+00 1.014497566718821409e+00 1.052018055432831336e-03
3.541666666666666519e+00 1.012252527371285904e+00 5.553569530991033431e-04
3.562500000000000000e+00 9.990352626410324843e-01 7.958901909989898969e-04
3.583333333333333037e+00 1.001454570766322716e+00 -5.159810798490289648e-05
3.604166666666666519e+00 1.000896474659994873e+00 1.259044517380245379e-03
3.625000000000000000e+00 9.984638877064375695e-01 1.658254780392703649e-04
3.645833333333333037e+00 9.989213562892200748e-01 -6.248234738287892923e-04
3.666666666666666519e+00 1.004039321518182870e+00 1.839040378660960562e-03
3.687500000000000000e+00 1.003340339804008607e+00 -1.073170096648609498e-03
3.708333333333333037e+00 1.002322699314226018e+00 -1.998631127466596151e-03
3.729166666666666519e+00 1.005135311910961393e+00 -4.894797609080493717e-04
3.750000000000000000e+00 1.003581035581438075e+00 -1.680912659010746102e-04
3.770833333333333037e+00 9.994462701078926647e-01 -7.728742448686596646e-05
3.791666666666666519e+00 9.971552883747348828e-01 -3.708400118347035665e-04
3.812500000000000000e+00 1.000461799710987698e+00 4.721989622527389776e-04
3.833333333333333037e+00 1.002970147835766213e+00 -4.209645502927533852e-04
3.854166666666666519e+00 1.004247574152169253e+00 -1.082657008633395972e-03
3.875000000000000000e+00 1.000129816895465096e+00 1.750653097081429285e-03
3.895833333333333037e+00 1.002961816997187228e+00 -2.146578077604691234e-04
3.916666666666666519e+00 1.003823741569235706e+00 1.369284705683497007e-03
3.937500000000000000e+00 1.003166445488328007e+00 2.202730536747682670e-04
3.958333333333333037e+00 1.002835947187069143e+00 6.094722617101323067e-04
3.979166666666666519e+00 1.001656254877107077e+00 1.929845746568458441e-03
4.000000000000000000e+00 9.967679067757349021e-01 -2.315949162830555335e-03
4.020833333333333037e+00 9.979213855049254844e-01 1.410408423578171384e-03
4.041666666666666075e+00 9.966210117858741446e-01 8.374643377849427881e-05
4.062500000000000000e+00 1.002921585750603084e+00 1.092910205583536411e-03
4.083333333333333037e+00 9.966863324484140918e-01 -5.583333457630699180e-04
4.104166666666666075e+00 9.957094935108231626e-01 1.272069114902592514e-05
4.125000000000000000e+00 9.961003036119359111e-01 -1.892375948707755815e-04
4.145833333333333037e+00 9.932900582197573547e-01 -1.374265155612330695e-03
4.166666666666666075e+00 9.928861962242703232e-01 -7.710816931670268822e-05
4.187500000000000000e+00 9.965066021659055862e-01 2.263164576779051838e-03
4.208333333333333037e+00 9.980272922652344558e-01 1.591944737563737167e-03
4.229166666666666075e+00 1.000959103746252410e+00 1.756234839497180502e-03
4.250000000000000000e+00 9.956586184939369977e-01 -2.788758361934520346e-04
4.270833333333333037e+00 9.864421002507858249e-01 -2.164852512918795152e-04
4.291666666666666075e+00 9.874057145088959153e-01 -5.494814821975797098e-04
4.312500000000000000e+00 9.862226233417142884e-01 -2.566808881907160431e-03
4.333333333333333037e+00 9.829484062145948942e-01 -2.975185999081050511e-04
4.354166666666666075e+00 9.887804641203012945e-01 -9.302423282095161668e-04
4.375000000000000000e+00 9.890143243025190101e-01 1.093763316843812021e-03
4.395833333333333037e+00 9.987730006679185202e-01 1.166052369485090848e-03
4.416666666666666075e+00 9.999965684088237827e-01 5.497204770686189455e-04
4.437500000000000000e+00 9.982864574724656936e-01 -1.111008179646408344e-03
4.458333333333333037e+00 9.991728880960155657e-01 -7.383474405449724472e-04
4.479166666666666075e+00 1.000130437971926023e+00 1.681075595292015092e-03
4.500000000000000000e+00 9.972496549025237078e-01 4.095388494960710700e-04
4.520833333333333037e+00 9.997516816791325311e-01 1.262756479746371396e-03
4.541666666666666075e+00 1.002123157251740837e+00 -5.534190468673297683e-04
4.562500000000000000e+00 1.001157802506184469e+00 1.211256486176227713e-03
4.583333333333333037e+00 1.004800376777706949e+00 -4.008639713677169484e-04
4.604166666666666075e+00 1.012168025446220199e+00 -6.008567194862429175e-04
4.625000000000000000e+00 1.006805161233786494e+00 3.433749460312115619e-04
4.645833333333333037e+00 1.002749553056554888e+00 -8.991860239395697884e-04
4.666666666666666075e+00 1.002745426569549458e+00 -1.431694292206861854e-03
4.687500000000000000e+00 9.971913292654485117e-01 1.705409862808650008e-03
4.708333333333333037e+00 1.002164481274339103e+00 8.722173447722022166e-04
4.729166666666666075e+00 1.000092703627156965e+00 -5.859455910015548118e-04
4.750000000000000000e+00 1.002504676733507294e+00 -2.158952797130418103e-05
4.770833333333333037e+00 1.002984823742969045e+00 1.418594711996121801e-03
4.791666666666666075e+00 1.002558019391522004e+00 -6.361556714527512660e-04
4.812500000000000000e+00 1.004664163756979089e+00 -3.018710866924616699e-03
4.833333333333333037e+00 1.003311122330594163e+00 2.834092380333637709e-03
4.854166666666666075e+00 1.002048635636710650e+00 -1.836197529801484284e-03
4.875000000000000000e+00 1.002462561740503633e+00 -5.699309404575269179e-04
4.895833333333333037e+00 1.005542660165135826e+00 -2.739884978503737828e-03
4.916666666666666075e+00 1.001947448377643157e+00 -2.750027485689225323e-03
4.937500000000000000e+00 1.013711006877526577e+00 4.094296553020168594e-04
4.958333333333333037e+00 1.004853497393187745e+00 -1.638960118374777281e-03
4.979166666666666075e+00 1.008084103882485261e+00 7.913533877145678729e-04
5.000000000000000000e+00 1.003789582803087166e+00 -1.989082064824922646e-04
5.020833333333333037e+00 1.001247891380063537e+00 -2.075886006217598796e-04
5.041666666666666075e+00 1.006359874028001533e+00 7.691302656674050978e-04
5.062500000000000000e+00 1.007197862725426107e+00 8.148953597214005041e-04
5.083333333333333037e+00 1.009581070548795756e+00 1.699117959903243252e-03
5.104166666666666075e+00 1.013016584633936734e+00 -1.728235518563189625e-03
5.125000000000000000e+00 1.010360119157580616e+00 -9.328987373116123024e-04
5.145833333333333037e+00 1.011092483181095458e+00 8.409565736598189917e-04
5.166666666666666075e+00 1.007789254470751850e+00 9.584303679909364666e-04
5.187500000000000000e+00 1.001083558296488762e+00 -6.709298366827583541e-04
5.208333333333333037e+00 9.970822466512027082e-01 -1.540673928979438079e-03
5.229166666666666075e+00 9.967953823562373250e-01 3.609263205865469195e-06
5.250000000000000000e+00 9.957717423647212129e-01 -3.745952005953406480e-03
5.270833333333333037e+00 9.985709373544355838e-01 -2.098387180061890914e-03
5.291666666666666075e+00 9.961770452196446746e-01 1.402358248528831879e-03
5.312500000000000000e+00 1.006212998464304453e+00 -1.613936308326928719e-03
5.333333333333333037e+00 1.009734936113219295e+00 2.551147192169451929e-03
5.354166666666666075e+00 1.009316683665796965e+00 1.426340556977390541e-04
5.375000000000000000e+00 1.009635634675712046e+00 3.340601136303457570e-04
5.395833333333333037e+00 1.011742004397655936e+00 3.369284205273897440e-03
5.416666666666666075e+00 1.005409921532077755e+00 1.122299602487107943e-03
5.437500000000000000e+00 1.005863479006477545e+00 -3.996823025609288387e-04
5.458333333333333037e+00 1.002110770147959018e+00 -6.963932462552562160e-04
5.479166666666666075e+00 1.002891121897184545e+00 -8.072911132313439174e-04
5.500000000000000000e+00 1.004792812368110466e+00 -2.583627374477802732e-03
5.520833333333333037e+00 1.004102451161199117e+00 4.587101224529952577e-04
5.541666666666666075e+00 1.006824547110726442e+00 2.589260427858995053e-05
5.562500000000000000e+00 1.004490222076456440e+00 -8.661228337530351307e-04
5.583333333333333037e+00 1.006659741811160247e+00 1.086750220873080501e-03
5.604166666666666075e+00 1.004518715003613671e+00 -7.630620102812767048e-04
5.625000000000000000e+00 1.005869332164873065e+00 -2.213640168630030738e-03
5.645833333333333037e+00 1.010788707554956867e+00 -1.397701198690548281e-03
5.666666666666666075e+00 1.012297339066100754e+00 -8.809631360015016609e-05
5.687500000000000000e+00 1.015220172229091666e+00 3.670722131351011734e-04
5.708333333333333037e+00 1.016244758695106887e+00 2.304945808750890994e-03
5.729166666666666075e+00 1.016862420841253112e+00 -5.332135047973502340e-04
5.750000000000000000e+00 1.019666405136326004e+00 6.106754843287274907e-04
5.770833333333333037e+00 1.019494396422726989e+00 1.231459988054039263e-03
5.791666666666666075e+00 1.016767900580843431e+00 7.102003983197329069e-04
5.812500000000000000e+00 1.012626134601682493e+00 3.277567324798231173e-04
5.833333333333333037e+00 1.015109275864648719e+00 -1.460384820163058463e-03
5.854166666666666075e+00 1.004279732319108387e+00 -5.341886697241405137e-04
5.875000000000000000e+00 9.986897637452499810e-01 2.664058109793281635e-03
5.895833333333333037e+00 9.995326735844406452e-01 1.751927149302096368e-04
5.916666666666666075e+00 9.945213596061791561e-01 -8.924190240377415052e-05
5.937500000000000000e+00 9.916214831486296344e-01 -1.500096393585991080e-03
5.958333333333333037e+00 9.921589853674052106e-01 2.681589010661229776e-04
5.979166666666666075e+00 9.908644702651185909e-01 2.111785839845183553e-03
6.000000000000000000e+00 9.969315701180705425e-01 -7.899530956262284295e-04
6.020833333333333037e+00 1.008207628240560760e+00 -1.196948854177199220e-03
6.041666666666666075e+00 1.011702204896795187e+00 -1.293455512191599458e-04
6.062500000000000000e+00 1.008721174558428135e+00 -6.718671498690115523e-04
6.083333333333333037e+00 1.013680062125826842e+00 -8.759766692938608830e-04
6.104166666666666075e+00 1.001950507334888663e+00 2.644331471499636408e-03
6.125000000000000000e+00 9.977026795587869978e-01 9.084841554184830805e-04
6.145833333333333037e+00 9.945705415930552462e-01 -1.845930101825081753e-03
6.166666666666666075e+00 9.869170996377615301e-01 -1.523151503054659709e-04
6.187500000000000000e+00 9.865803349540408496e-01 1.072749284923640899e-03
6.208333333333333037e+00 9.868640332384431835e-01 -4.528199846491863805e-04
6.229166666666666075e+00 9.867480911178461156e-01 9.323809843559894206e-04
6.250000000000000000e+00 9.906261482421174769e-01 -1.499772682575573664e-03
6.270833333333333037e+00 9.905807559372560300e-01 5.692873262309045132e-04
6.291666666666666075e+00 9.870549638383996349e-01 -1.436181599600599610e-04
6.312500000000000000e+00 9.892833279473866037e-01 6.217311804984386112e-04
6.333333333333333037e+00 9.935176164323125114e-01 -1.575825410659792349e-04
6.354166666666666075e+00 9.959779865158492340e-01 -9.075403397634749245e-04
6.375000000000000000e+00 9.978997046241852020e-01 4.085215001166861968e-04
6.395833333333333037e+00 1.004599575838081682e+00 4.902160553608963384e-04
6.416666666666666075e+00 1.008439660524134140e+00 7.234512412579781771e-04
6.437500000000000000e+00 1.006353251896856094e+00 -1.791090918888712472e-03
6.458333333333333037e+00 1.010105380119699969e+00 -7.101445388826261402e-04
6.479166666666666075e+00 1.003357325637567854e+00 -3.679040546381057868e-04
6.500000000000000000e+00 1.002378675178655421e+00 -4.397837224561077559e-04
6.520833333333333037e+00 1.006917877448697318e+00 -5.464157063200656599e-04
6.541666666666666075e+00 1.003363009435940034e+00 2.208940140878460051e-05
6.562500000000000000e+00 1.003165675758025843e+00 1.607525945971885733e-03
6.583333333333333037e+00 1.005371446179522898e+00 2.059930791770738130e-03
6.604166666666666075e+00 1.004693659519954707e+00 1.364635787771172840e-03
6.625000000000000000e+00 1.007654333340879838e+00 5.927010664081656987e-04
6.645833333333333037e+00 1.004141050923180734e+00 -4.158587634320681098e-03
6.666666666666666075e+00 1.008773758172214707e+00 -9.025833754516005697e-04
6.687500000000000000e+00 1.020754216516776669e+00 5.834900304935884338e-04
6.708333333333333037e+00 1.017230443210531909e+00 -1.233700582869623561e-03
6.729166666666666075e+00 1.016388353828568514e+00 1.312407165812787789e-03
6.750000000000000000e+00 1.025812307507024901e+00 -9.168997676224431397e-04
6.770833333333333037e+00 1.026665540679928323e+00 1.094341790101675658e-04
6.791666666666666075e+00 1.027062718723088519e+00 -6.310531087386797534e-04
6.812500000000000000e+00 1.019975173816877634e+00 2.447287419537356925e-04
6.833333333333333037e+00 1.012832295968096430e+00 -1.883800318879497821e-03
6.854166666666666075e+00 1.013301255894771380e+00 -4.692415039901821233e-04
6.875000000000000000e+00 1.008748624622806123e+00 -1.153919872499638505e-03
6.895833333333333037e+00 1.002257829767209563e+00 -1.456014157358445334e-03
6.916666666666666075e+00 1.010788750305469996e+00 -2.128057101580013970e-03
6.937500000000000000e+00 1.011799194965595117e+00 1.136603671723771577e-03
6.958333333333333037e+00 1.018467419490511006e+00 -1.477631707257851760e-03
6.979166666666666075e+00 1.016649795327624339e+00 8.018351614680464898e-04
7.000000000000000000e+00 1.019406156880067860e+00 -2.737975967692122202e-04
7.020833333333333037e+00 1.015935686485360590e+00 4.708088880501694481e-04
7.041666666666666075e+00 1.013881975202046926e+00 -1.286478193734762849e-04
7.062500000000000000e+00 1.009294109849457000e+00 -1.750369402414022290e-04
7.083333333333333037e+00 1.005962509247322112e+00 -1.690846902552749741e-03
7.104166666666666075e+00 1.005793941189367935e+00 3.188922651174876891e-03
7.125000000000000000e+00 1.006547238731294813e+00 1.180112308784607780e-03
7.145833333333333037e+00 1.005548695510330326e+00 1.109485991750263191e-03
7.166666666666666075e+00 1.007831421651673720e+00 -2.888935402900098728e-03
7.187500000000000000e+00 1.003782085266287094e+00 -9.813076631555422546e-04
7.208333333333333037e+00 1.003118570939325993e+00 -1.043330843920169289e-03
7.229166666666666075e+00 1.005930503641627061e+00 9.581112734296438785e-05
7.250000000000000000e+00 1.000675262997674286e+00 -9.934047879719483561e-04
7.270833333333333037e+00 1.002416008446965545e+00 6.425363728846028360e-04
7.291666666666666075e+00 1.000546430395587993e+00 -1.532753531863205069e-05
7.312500000000000000e+00 1.003018614146303111e+00 8.520049644831822946e-04
7.333333333333333037e+00 1.007306549329004985e+00 1.258116523653410876e-03
7.354166666666666075e+00 1.003566506311349471e+00 -1.177543264827401407e-03
7.375000000000000000e+00 1.005568590208558932e+00 -9.167813330816359249e-04
7.395833333333333037e+00 9.985317665572471801e-01 -1.294062136697009084e-03
7.416666666666666075e+00 9.975477063355774332e-01 8.856594165035967066e-04
7.437500000000000000e+00 1.002458228682079344e+00 -2.732723495556749010e-04
7.458333333333333037e+00 9.994181336186501730e-01 -6.947251808822678095e-04
7.479166666666666075e+00 1.010571190892248339e+00 -1.738108961131556648e-03
7.500000000000000000e+00 1.007323999905576750e+00 2.950230141428031912e-04
7.520833333333333037e+00 1.000330154178860287e+00 -1.769042170575316967e-04
7.541666666666666075e+00 1.001428921638113367e+00 -1.481966022010295842e-05
7.562500000000000000e+00 9.986982004997745355e-01 -5.995178185344783020e-04
7.583333333333333037e+00 1.000284675429547132e+00 -1.952509513922977150e-03
7.604166666666666075e+00 9.996850165734846305e-01 1.412310513704328595e-03
7.625000000000000000e+00 1.004269971219738045e+00 -1.471982109538517134e-04
7.645833333333333037e+00 1.008563926197356242e+00 1.647915035551365142e-04
7.666666666666666075e+00 1.006951500481616968e+00 -1.074447717102362376e-03
7.687500000000000000e+00 1.005640031305404358e+00 1.511525938522451920e-03
7.708333333333333037e+00 1.008809945091700078e+00 -1.179657353530872517e-03
7.729166666666666075e+00 1.003736563402022774e+00 -7.345991827530491897e-04
7.750000000000000000e+00 1.002657567493050905e+00 -1.253270682139718531e-03
7.770833333333333037e+00 9.954290479991638740e-01 -1.528473635048895008e-03
7.791666666666666075e+00 9.956379718635985920e-01 8.074290059857428502e-04
7.812500000000000000e+00 9.946566949402632085e-01 -7.286626320159922052e-04
7.833333333333333037e+00 9.959719928637170705e-01 -1.439309607640633067e-03
7.854166666666666075e+00 9.994125933726313304e-01 -3.553270673973584815e-04
7.875000000000000000e+00 1.006573452797482560e+00 -5.154440454824016924e-04
7.895833333333333037e+00 1.014357719020647419e+00 -1.090455587996507544e-04
7.916666666666666075e+00 1.011727517073718774e+00 -8.725836744545439894e-04
7.937500000000000000e+00 1.009307242749033939e+00 1.438328088071147762e-04
7.958333333333333037e+00 1.010381604642299536e+00 -2.211370680788589393e-03
7.979166666666666075e+00 1.007594508428625524e+00 -1.286340105770908491e-03
8.000000000000000000e+00 1.003094716961693278e+00 7.349119939319450874e-04
8.020833333333332149e+00 1.006547135603445886e+00 8.943220062281125558e-04
8.041666666666666075e+00 1.009462683355665913e+00 -2.365794041897654673e-03
8.062500000000000000e+00 1.004687082188687297e+00 3.153852808465920253e-04
8.083333333333332149e+00 1.002441481455998984e+00 -1.966365342096049705e-04
8.104166666666666075e+00 1.006221995189075846e+00 1.281245170230766416e-03
8.125000000000000000e+00 1.009544408959919481e+00 -1.455325233273992722e-03
8.145833333333332149e+00 1.007745188430428263e+00 3.306534442083252680e-04
8.166666666666666075e+00 1.008823559717766161e+00 9.073279078971351660e-04
8.187500000000000000e+00 1.013005768852462962e+00 -1.843204582533989125e-03
8.208333333333332149e+00 1.011743121335287876e+00 -9.638790514139279706e-04
8.229166666666666075e+00 1.008772080188944154e+00 1.025699968978566363e-03
8.250000000000000000e+00 1.004361820494949820e+00 -4.223171156597532749e-04
8.270833333333332149e+00 1.001997440703197517e+00 9.723314413340673800e-04
8.291666666666666075e+00 9.978404345323854674e-01 6.962848979483178644e-05
8.312500000000000000e+00 9.973708684394170243e-01 -1.847704362764955588e-03
8.333333333333332149e+00 9.917426382647900329e-01 -2.638949908559717294e-06
8.354166666666666075e+00 9.983609197005748337e-01 3.513101898292209416e-04
8.375000000000000000e+00 9.968793830913263987e-01 -8.237705046228967817e-04
8.395833333333332149e+00 9.981278253620214924e-01 1.146404909807824737e-03
8.416666666666666075e+00 1.003407706162166679e+00 -1.767450684551254928e-03
8.437500000000000000e+00 9.974394014252206953e-01 -1.956903280527507545e-04
8.458333333333332149e+00 1.000833503776376032e+00 -5.277226836216458369e-04
8.479166666666666075e+00 1.001229073793374669e+00 -1.139399522280836992e-03
8.500000000000000000e+00 1.005438916752472434e+00 -1.937545040775122797e-03
8.520833333333332149e+00 1.003932414092415071e+00 -2.650966670113697431e-03
8.541666666666666075e+00 1.011822158673788108e+00 -1.652015052331380065e-03
8.562500000000000000e+00 1.010925909733709327e+00 -3.486067097242313189e-04
8.583333333333332149e+00 1.016626575100131102e+00 -8.448106314662586066e-04
8.604166666666666075e+00 1.015104191092614849e+00 -3.158352583984372916e-04
8.625000000000000000e+00 1.018841258167472841e+00 -4.105307763358777328e-04
8.645833333333332149e+00 1.012008129226904751e+00 -7.028885121980667661e-04
8.666666666666666075e+00 1.009174914543383039e+00 1.473919781421871729e-04
8.687500000000000000e+00 1.001852878421529258e+00 9.232972462342967394e-04
8.708333333333332149e+00 9.969630199171300999e-01 -1.984119470599927416e-03
8.729166666666666075e+00 9.979745054738127230e-01 1.915001451452556162e-04
8.750000000000000000e+00 1.002556071711354857e+00 -2.167086652328165802e-03
8.770833333333332149e+00 1.000295992484356855e+00 2.603824137824407078e-03
8.791666666666666075e+00 1.002800205701476655e+00 -1.273916413352830851e-03
8.812500000000000000e+00 1.009394290094554503e+00 -6.051629264413037898e-04
8.833333333333332149e+00 1.014766285836220305e+00 9.567461869224546918e-04
8.854166666666666075e+00 1.011739620593558264e+00 3.979009172246368142e-04
8.875000000000000000e+00 1.013636522769563619e+00 1.040553956944975569e-03
8.895833333333332149e+00 1.015356195515635607e+00 1.643093659262803404e-03
8.916666666666666075e+00 1.013368184897150526e+00 -4.887479057299179202e-04
8.937500000000000000e+00 1.013567065362864783e+00 2.337248267028819299e-03
8.958333333333332149e+00 1.013743259287034126e+00 -9.117282953818871315e-04
8.979166666666666075e+00 1.008083715512107847e+00 -4.667760928796136320e-04
9.000000000000000000e+00 1.004857491986568041e+00 9.820734743306483005e-04
9.020833333333332149e+00 1.004335159461699156e+00 -3.016422927170408965e-03
9.041666666666666075e+00 1.000825787749389795e+00 -8.908807548955176596e-04
9.062500000000000000e+00 9.988186732877932794e-01 -3.734073040164536381e-04
9.083333333333332149e+00 1.000520924173312176e+00 9.225213458057624286e-04
9.104166666666666075e+00 1.003138959691454390e+00 -9.772490287956502389e-04
9.125000000000000000e+00 1.013570581115070368e+00 9.612842448778258827e-04
9.145833333333332149e+00 1.010498278555436169e+00 -1.390736318584046135e-03
9.166666666666666075e+00 1.012212396639988743e+00 1.121824966852246483e-03
9.187500000000000000e+00 1.011091612927636607e+00 8.591700686286934691e-04
9.208333333333332149e+00 1.004489703112259269e+00 -7.178907447973041254e-04
9.229166666666666075e+00 1.005896877784135945e+00 -4.390011935631807903e-04
9.250000000000000000e+00 1.001116719645572806e+00 -3.228338522697265980e-04
9.270833333333332149e+00 9.964533068685406114e-01 -5.620914354897903024e-04
9.291666666666666075e+00 1.000798522312261296e+00 -7.985309743821677108e-04
9.312500000000000000e+00 9.979743968017500411e-01 1.602956442301627180e-03
9.333333333333332149e+00 9.979671102321451270e-01 4.364470341027505348e-04
9.354166666666666075e+00 9.962990731128039679e-01 4.756860750263509755e-04
9.375000000000000000e+00 9.966766830026058122e-01 -2.002892804169528751e-03
9.395833333333332149e+00 9.852820066041635405e-01 -1.215661500628949254e-04
9.416666666666666075e+00 9.831145798586303775e-01 1.275014570105508036e-03
9.437500000000000000e+00 9.840944906431322581e-01 7.235068806782867607e-05
9.458333333333332149e+00 9.863774494068859866e-01 -7.334598757318164892e-04
9.479166666666666075e+00 9.909200318596831369e-01 -2.025243883175448006e-04
9.500000000000000000e+00 9.954817632833135033e-01 9.181486486181210513e-04
9.520833333333332149e+00 1.002647222870770571e+00 -2.936628012125037132e-04
9.541666666666666075e+00 1.010141365835468985e+00 -2.712312879757636241e-03
9.562500000000000000e+00 1.011316989790642662e+00 -1.032626696743228463e-03
9.583333333333332149e+00 1.014295231519065643e+00 9.928040906800341368e-05
9.604166666666666075e+00 1.013200742002098975e+00 -2.020219502360914767e-03
9.625000000000000000e+00 1.018900990034656395e+00 -8.102748998185761373e-05
9.645833333333332149e+00 1.011980100123328841e+00 4.990829046076231601e-04
9.666666666666666075e+00 1.020127521986995633e+00 2.683612958588025947e-03
9.687500000000000000e+00 1.013422791084374941e+00 1.733220837887734182e-03
9.708333333333332149e+00 1.011364747538430864e+00 4.009692665996760267e-04
9.729166666666666075e+00 1.009751625037199840e+00 -2.285444226952410181e-03
9.750000000000000000e+00 1.013183801359184955e+00 2.828404799163231217e-04
9.770833333333332149e+00 1.012596858561863433e+00 -1.884665472258224925e-03
9.791666666666666075e+00 1.007394384772004603e+00 -1.387416219497550167e-03
9.812500000000000000e+00 1.010666413524628826e+00 1.303506301716530731e-03
9.833333333333332149e+00 1.010370733495039142e+00 -1.052630805628399424e-03
9.854166666666666075e+00 1.011075583178718373e+00 7.585498890818544344e-04
9.875000000000000000e+00 1.012430783449438376e+00 1.663436555935674736e-04
9.895833333333332149e+00 1.013444290003075121e+00 1.081321732695016743e-03
9.916666666666666075e+00 1.005457661141044401e+00 -3.049749853362104216e-04
9.937500000000000000e+00 1.003182806502568969e+00 -2.617196340988381538e-04
9.958333333333332149e+00 1.008244873726981350e+00 1.841679558900323303e-03
9.979166666666666075e+00 1.007468358177359358e+00 8.040703473570862819e-04
1.000000000000000000e+01 1.010169430758520948e+00 3.930546677743448751e-04
1.002083333333333215e+01 1.005293560403533348e+00 -3.943421612952345334e-05
1.004166666666666607e+01 1.007577103151959141e+00 6.522587132855523287e-04
1.006250000000000000e+01 1.012958324958541878e+00 -1.829933026250048634e-04
1.008333333333333215e+01 1.003190658909313138e+00 7.166786356356010098e-04
1.010416666666666607e+01 1.003533421792859537e+00 -1.559371553270427670e-04
1.012500000000000000e+01 9.966890421509050357e-01 -2.162437765709392719e-03
1.014583333333333215e+01 9.949076100626387253e-01 -2.111734699375373246e-03
1.016666666666666607e+01 9.918703316999789577e-01 -8.674337964633812778e-04
1.018750000000000000e+01 1.000008510712754095e+00 2.464195733278144122e-03
1.020833333333333215e+01 9.956463199350448212e-01 1.698527509133971117e-03
1.022916666666666607e+01 1.001072674470353308e+00 -5.155233264797261109e-04
1.025000000000000000e+01 1.004304501244794645e+00 -1.025623337048757423e-03
1.027083333333333215e+01 1.009875622269015949e+00 -6.445271599689540894e-04
1.029166666666666607e+01 1.005683502922899208e+00 -2.969554916071967423e-04
1.031250000000000000e+01 1.002917417841100667e+00 1.492963488097599593e-03
1.033333333333333215e+01 9.969023836266791561e-01 -7.346970265134300992e-04
1.035416666666666607e+01 9.939012079180581383e-01 -1.881042450149233297e-03
1.037500000000000000e+01 9.923247628835032419e-01 -6.580824030624710325e-04
1.039583333333333215e+01 9.942869410868419022e-01 -1.533857778472378372e-03
1.041666666666666607e+01 9.915038372178609505e-01 1.860225741110958916e-03
1.043750000000000000e+01 9.881448803131003267e-01 -2.087172986158602030e-04
1.045833333333333215e+01 9.955263165327346009e-01 9.886636841571591519e-05
1.047916666666666607e+01 9.934572645106564126e-01 -8.209047741786143764e-05
1.050000000000000000e+01 9.909108135328753564e-01 -2.450613020211368960e-03
1.052083333333333215e+01 9.939714773444487950e-01 2.804589425987564577e-04
1.054166666666666607e+01 9.932455913505261469e-01 5.903247511163984976e-04
1.056250000000000000e+01 1.002771512035826929e+00 -5.327501688120756668e-04
1.058333333333333215e+01 9.988179329363586767e-01 4.241851054895852662e-04
1.060416666666666607e+01 9.966597914546315717e-01 -4.540306476860665784e-04
1.062500000000000000e+01 1.003990669658215928e+00 -1.510478445362535040e-04
1.064583333333333215e+01 1.002348110582332419e+00 9.773634163187064784e-04
1.066666666666666607e+01 1.008819372506286616e+00 -5.235510897910695743e-04
1.068750000000000000e+01 1.007578131828445578e+00 6.156068754424666618e-04
1.070833333333333215e+01 1.005209316850257384e+00 8.909983861789277535e-05
1.072916666666666607e+01 1.011464816318174531e+00 -1.158935597818838069e-05
1.075000000000000000e+01 1.013102563202925355e+00 -6.457854915259072810e-04
1.077083333333333215e+01 1.016206537112072317e+00 -9.062672027962962373e-04
1.079166666666666607e+01 1.017170252207297620e+00 -7.714950616352631084e-06
1.081250000000000000e+01 1.012537680545068541e+00 1.479233271534755338e-03
1.083333333333333215e+01 1.015291249878540691e+00 4.684457130874387118e-04
1.085416666666666607e+01 1.009223079035149295e+00 1.499885842162450951e-03
1.087500000000000000e+01 1.006257090069731630e+00 2.493869452520613576e-05
1.089583333333333215e+01 1.008728335650514563e+00 -1.970184477451401590e-03
1.091666666666666607e+01 1.011409049679895977e+00 1.475610168771009350e-03
1.093750000000000000e+01 1.005858139842376264e+00 -6.693156998063385808e-05
1.095833333333333215e+01 1.012720533901069198e+00 1.380344926304580061e-03
1.097916666666666607e+01 1.002889873791330322e+00 9.456976162874376497e-04
1.100000000000000000e+01 1.007946710699277437e+00 1.061273092263874656e-03
1.102083333333333215e+01 1.002597302478662078e+00 5.703823384897121996e-04
1.104166666666666607e+01 1.001360155785051997e+00 -3.692194436648863973e-03
1.106250000000000000e+01 9.977623221864450054e-01 1.046878613734684603e-03
1.108333333333333215e+01 9.995227664627011066e-01 3.630089620984456754e-04
1.110416666666666607e+01 1.003279270609352736e+00 9.518105039072003457e-04
1.112500000000000000e+01 1.007857715008271260e+00 1.127820488499179990e-03
1.114583333333333215e+01 1.014722274854962691e+00 4.148049221406046065e-04
1.116666666666666607e+01 1.023362568426700481e+00 8.286888994479371965e-04
1.118750000000000000e+01 1.017664962977251175e+00 -1.807093837875369631e-03
1.120833333333333215e+01 1.018119918113833844e+00 1.356668427896527891e-04
1.122916666666666607e+01 1.011410030646139768e+00 8.983466051510867467e-04
1.125000000000000000e+01 1.005753430701792128e+00 8.250006419518501801e-04
1.127083333333333215e+01 1.011841774522973525e+00 -1.093815999126402641e-03
1.129166666666666607e+01 1.002146702200217732e+00 -2.290448085961186136e-03
1.131250000000000000e+01 1.001781755224706139e+00 -7.496815410370992168e-04
1.133333333333333215e+01 1.002806071316207692e+00 5.813834093729654717e-05
1.135416666666666607e+01 1.004749681317761434e+00 3.435830256541655935e-04
1.137500000000000000e+01 1.003339669098672893e+00 2.044314591492774232e-03
1.139583333333333215e+01 1.007593369573992481e+00 1.549454765586810766e-03
1.141666666666666607e+01 1.003216719076750696e+00 -9.244329384282275837e-04
1.143750000000000000e+01 1.000238175157516451e+00 7.891489548289955334e-04
1.145833333333333215e+01 1.006475534120046866e+00 -5.136362294040930929e-04
1.147916666666666607e+01 1.007448158828640139e+00 9.915023090652818390e-04
1.150000000000000000e+01 1.005218668730273768e+00 -8.397186135816374700e-04
1.152083333333333215e+01 1.005200238861359896e+00 1.619496936647633152e-03
1.154166666666666607e+01 1.001981280304746758e+00 -6.910083474196763694e-04
1.156250000000000000e+01 1.004414174106209812e+00 -4.479655964790316245e-04
1.158333333333333215e+01 9.953885442945189510e-01 -1.150100738858687160e-03
1.160416666666666607e+01 9.915597859146592086e-01 1.020833912209994894e-03
1.162500000000000000e+01 9.958500064522929351e-01 8.227801308218269023e-05
1.164583333333333215e+01 9.927161708627314507e-01 5.345512979473060131e-04
1.166666666666666607e+01 1.001785065575495404e+00 9.314257772879722076e-04
1.168750000000000000e+01 1.005377710310416228e+00 -1.048140554005279291e-03
1.170833333333333215e+01 1.004988754258755002e+00 2.072690789063383072e-03
1.172916666666666607e+01 1.006922369699442044e+00 9.641846768503419245e-04
1.175000000000000000e+01 1.006638387285874403e+00 2.926960920752657647e-04
1.177083333333333215e+01 1.011335797819803428e+00 2.533865414318834323e-06
1.179166666666666607e+01 1.007783708403200196e+00 -3.177917657072515585e-04
1.181250000000000000e+01 1.004378388699046498e+00 -6.605948700202609377e-04
1.183333333333333215e+01 1.006090819060285746e+00 1.153140400549257589e-03
1.185416666666666607e+01 1.011502153645886581e+00 2.444653943051375571e-04
1.187500000000000000e+01 1.013799525051024997e+00 -2.278135299288297833e-05
1.189583333333333215e+01 1.012703836310655081e+00 -6.912381410122464195e-04
1.191666666666666607e+01 1.014291382147257226e+00 2.155502525576185983e-04
1.193750000000000000e+01 1.010385608727584206e+00 2.551621900485688196e-03
1.195833333333333215e+01 1.010150087803777019e+00 5.796928353373406728e-04
1.197916666666666607e+01 1.005561659956197840e+00 -2.474844087653726640e-03
1.200000000000000000e+01 1.002629351054275197e+00 -2.874339337697688450e-03
1.202083333333333215e+01 1.003326149224874619e+00 8.922935701012903436e-04
1.204166666666666607e+01 1.002257732592702677e+00 -1.712402400095884613e-03
1.206250000000000000e+01 1.008601940845838429e+00 3.625104025886875629e-04
1.208333333333333215e+01 1.008699750510500204e+00 7.803446008121780932e-04
1.210416666666666607e+01 1.006765530783850782e+00 8.699917565011772115e-04
1.212500000000000000e+01 1.006740621406563063e+00 2.482593849133573304e-03
1.214583333333333215e+01 1.002731197184578260e+00 -4.936660379735123821e-04
1.216666666666666607e+01 1.007640263882840781e+00 2.862935921792787220e-04
1.218750000000000000e+01 9.980799214179988388e-01 -7.405673624131862932e-04
1.220833333333333215e+01 9.991591587638644079e-01 -1.612416769594571643e-03
1.222916666666666607e+01 9.983665828963500521e-01 -9.605873005263842112e-04
1.225000000000000000e+01 9.958201953646079740e-01 1.823749333416007853e-03
1.227083333333333215e+01 9.987488006292745135e-01 1.836848814933603972e-03
1.229166666666666607e+01 9.993218979353154507e-01 -1.004984712350022718e-03
1.231250000000000000e+01 1.002650572082394609e+00 1.018121547051754460e-03
1.233333333333333215e+01 1.005101652818231273e+00 -2.046041502916342214e-04
1.235416666666666607e+01 1.009125138929963583e+00 1.131772956508497914e-03
1.237500000000000000e+01 1.011629513088674770e+00 -1.093572467401596931e-03
1.239583333333333215e+01 1.009951636976459399e+00 4.064013816819767966e-04
1.241666666666666607e+01 1.008887611771533743e+00 1.928226632617908315e-04
1.243750000000000000e+01 1.005385359468644157e+00 -1.077378845907878396e-03
1.245833333333333215e+01 9.990165570445156407e-01 -6.823821751247319224e-04
1.247916666666666607e+01 9.898175446026437063e-01 -6.039499250661249392e-04
1.452083333333333215e+01 1.003632608068943055e+00 3.894775400083314249e-05
1.454166666666666607e+01 1.001984193450599525e+00 2.104679801675074773e-03
1.456250000000000000e+01 1.001761196152346933e+00 2.018323687731416339e-03
1.458333333333333215e+01 9.985355983945182201e-01 2.030782034492268490e-03
1.460416666666666607e+01 9.994706837649333098e-01 7.821543246755151713e-04
1.462500000000000000e+01 9.972903114482327691e-01 1.240448731561970405e-03
1.464583333333333215e+01 1.003210312750764333e+00 -1.203373168523869975e-03
1.466666666666666607e+01 1.004565033552631270e+00 1.077115290913690778e-04
1.468750000000000000e+01 1.003666266757622827e+00 1.425902621858155840e-03
1.470833333333333215e+01 1.001639756761751654e+00 4.862296671013184904e-04
1.472916666666666607e+01 9.995671150614793277e-01 -7.836587842351772429e-04
1.475000000000000000e+01 1.003530717971943931e+00 6.461195926207976073e-04
1.477083333333333215e+01 1.005410865909176277e+00 3.132803997900851338e-04
1.479166666666666607e+01 1.009051400688575129e+00 2.717874804656757138e-04
1.481250000000000000e+01 1.010632950478665970e+00 -6.295308528436795734e-04
1.483333333333333215e+01 1.008874622257373233e+00 8.842006750388435327e-04
1.485416666666666607e+01 1.009934477551765575e+00 -1.553426806969776433e-04
1.487500000000000000e+01 1.012463729429861292e+00 -9.128037601820981591e-04
1.489583333333333215e+01 1.013326710192170355e+00 3.669930573190560783e-05
1.491666666666666607e+01 1.014140942319832428e+00 7.642954687175040592e-04
1.493750000000000000e+01 1.012053330800022133e+00 1.738945195833473123e-03
1.495833333333333215e+01 1.018357921159580348e+00 1.483714327514311154e-03
1.497916666666666607e+01 1.023278391430743284e+00 -2.151131234365142014e-03
1.500000000000000000e+01 1.020632265277641615e+00 1.374968143394803910e-03
1.502083333333333215e+01 1.019627825776895591e+00 7.658468642069378223e-04
1.504166666666666607e+01 1.012064028995077081e+00 6.467197160143191509e-04
1.506250000000000000e+01 1.008829483450995879e+00 1.792347867192951253e-03
1.508333333333333215e+01 1.007701774596464928e+00 2.167573180482736291e-03
1.510416666666666607e+01 1.006790353097375856e+00 8.935716729555417829e-04
1.512500000000000000e+01 1.007709986845380046e+00 -7.017884373252066303e-05
1.514583333333333215e+01 1.012634814512433090e+00 -6.016200517459305416e-04
1.516666666666666607e+01 1.016686396770155154e+00 3.568017974749787004e-04
1.518750000000000000e+01 1.019293733784067957e+00 5.750111206687417639e-04
1.520833333333333215e+01 1.012505486952472777e+00 -7.707335236391455076e-04
1.522916666666666607e+01 1.014653150390121050e+00 2.259566206660316642e-03
1.525000000000000000e+01 1.013409019400436373e+00 2.024758361604304859e-03
1.527083333333333215e+01 1.011766127909393687e+00 1.191578602474710740e-03
1.529166666666666607e+01 1.007851877676527730e+00 2.492457871053743029e-03
1.531250000000000000e+01 1.015465885031464177e+00 1.229150289626180928e-03
1.533333333333333215e+01 1.010544380492650829e+00 -3.412784322199692686e-04
1.535416666666666607e+01 1.013893798454723827e+00 1.238114654931469312e-03
1.537500000000000000e+01 1.007214125155270645e+00 2.643378732177141879e-03
1.539583333333333215e+01 1.010124564495771260e+00 -1.763846788627668606e-04
1.541666666666666607e+01 1.007656216702499385e+00 -1.478597994341705225e-03
1.543750000000000000e+01 1.002215033627262608e+00 1.330388605222878164e-03
1.545833333333333215e+01 1.002752640148334207e+00 -2.027930290805674517e-03
1.547916666666666607e+01 1.003926405811010003e+00 -1.159598962323455914e-03
1.550000000000000000e+01 9.937789455250682913e-01 5.569239973371706070e-04
1.552083333333333215e+01 9.926037177150739410e-01 -4.049043099149491568e-04
1.554166666666666607e+01 9.984594082953132110e-01 2.255390120512252433e-03
1.556250000000000000e+01 9.950979693619848021e-01 1.204953931859168668e-04
1.558333333333333215e+01 9.928301591160173523e-01 9.001800757384982544e-04
1.560416666666666607e+01 9.908771273311020034e-01 1.494644633552269074e-03
1.562500000000000000e+01 9.971096253215194771e-01 1.666617224303872363e-04
1.564583333333333215e+01 9.977398916463784406e-01 7.477712540335408869e-04
1.566666666666666607e+01 1.003349727691284610e+00 -2.162475711022134473e-03
1.568750000000000000e+01 9.991875559418632591e-01 2.639130151856296583e-03
1.570833333333333215e+01 1.001740450720285169e+00 2.087663727926569734e-04
1.572916666666666607e+01 1.000743441001391565e+00 -2.351136758359309575e-04
1.575000000000000000e+01 9.990612175838423648e-01 -6.979837193944951482e-04
1.577083333333333215e+01 9.999304896308272017e-01 3.401123486415259128e-04
1.579166666666666607e+01 9.978519740699781648e-01 -6.721792349783021862e-04
1.581250000000000000e+01 9.944307133225684936e-01 3.290334558958454402e-04
1.583333333333333215e+01 9.983585339654447166e-01 -7.543900509678526248e-04
1.585416666666666607e+01 1.002435026494963966e+00 -1.741565228196686414e-03
1.587500000000000000e+01 1.010362610336343447e+00 -9.189239103314251339e-04
1.589583333333333215e+01 1.012040581786891602e+00 -9.946013510057202713e-04
1.591666666666666607e+01 1.011992306049634749e+00 5.025990899691502433e-04
1.593750000000000000e+01 1.013669929545067738e+00 1.854278858828326655e-04
1.595833333333333215e+01 1.011984266085350193e+00 -6.187820686830198961e-04
1.597916666666666607e+01 1.010898182319323046e+00 4.218933916481827509e-04
1.600000000000000000e+01 1.008584812249321061e+00 -7.718133881108078060e-04
1.602083333333333215e+01 1.006767370951572316e+00 -4.297485307650738249e-05
1.604166666666666430e+01 1.004346140235298446e+00 -3.489313906639979201e-04
1.606250000000000000e+01 1.003446109491767047e+00 5.221279258575630853e-04
1.608333333333333215e+01 1.008087765844522199e+00 -1.090131177854840707e-03
1.610416666666666430e+01 1.007772070490425387e+00 -1.830686772649005637e-04
1.612500000000000000e+01 1.007509608186542227e+00 -3.860040735299977773e-05
1.614583333333333215e+01 1.009853801951088315e+00 -1.364465054178958447e-03
1.616666666666666430e+01 1.009887593613029377e+00 6.440947920725002569e-05
1.618750000000000000e+01 1.011087540440864574e+00 -5.365864696819487177e-05
1.620833333333333215e+01 1.007349939535500782e+00 1.150879633106075646e-03
1.622916666666666430e+01 1.006662996932645271e+00 -1.376514347491863098e-03
1.625000000000000000e+01 1.013375161424346471e+00 -1.817476009158765053e-03
1.627083333333333215e+01 1.010351883156599406e+00 -2.014928110548733827e-03
1.629166666666666430e+01 1.014780763932166652e+00 2.671524177125017877e-04
1.631250000000000000e+01 1.007854340281914673e+00 -6.666776276366938791e-04
1.633333333333333215e+01 1.006652270808405136e+00 -1.235972569339798075e-03
1.635416666666666430e+01 1.000937779869963018e+00 2.954893085734995053e-04
1.637500000000000000e+01 1.008433116297629883e+00 1.071227777817975076e-03
1.639583333333333215e+01 1.000879343725512793e+00 2.348089643339921519e-03
1.641666666666666430e+01 1.001347422951776256e+00 1.543727391118174469e-03
1.643750000000000000e+01 1.000257752424270619e+00 -8.061946683677605370e-04
1.645833333333333215e+01 1.001118261384982500e+00 1.808063071751444357e-03
1.647916666666666430e+01 1.003898098077182111e+00 -9.316663504603070901e-04
1.650000000000000000e+01 1.002284320873347179e+00 5.228330134848186220e-04
1.652083333333333215e+01 1.002581078000355896e+00 9.637724916868716657e-04
1.654166666666666430e+01 1.006764926694826201e+00 -1.836027364102111583e-03
1.656250000000000000e+01 1.002015080836995198e+00 1.661550689831337371e-04
1.658333333333333215e+01 1.009638540758549974e+00 1.216070106802768700e-04
1.660416666666666430e+01 1.011096963955193884e+00 2.723435637940861340e-03
1.662500000000000000e+01 1.001993485963251551e+00 -7.546252818724654516e-04
1.664583333333333215e+01 1.002255948321498336e+00 9.441713347936753643e-04
1.666666666666666430e+01 9.927589449052467430e-01 -2.165160715031178105e-04
1.668750000000000000e+01 9.847107386204582147e-01 1.051186375622451642e-04
1.670833333333333215e+01 9.832511165558848187e-01 -1.161186182283860998e-03
1.672916666666666430e+01 9.850281475600700665e-01 1.225038548234898359e-03
1.675000000000000000e+01 9.877654850164838685e-01 1.556546469720888285e-03
1.677083333333333215e+01 9.906874637775306969e-01 1.484267186259062262e-03
1.679166666666666430e+01 9.975223738278701235e-01 -2.124364710514614705e-03
1.681250000000000000e+01 1.007199950314415338e+00 -2.316611081360320495e-03
1.683333333333333215e+01 1.013868157980977847e+00 -9.185818417351185024e-05
1.685416666666666430e+01 1.019022764662374181e+00 1.409242398622426303e-03
1.687500000000000000e+01 1.016780517574532805e+00 1.003454612611382390e-03
1.689583333333333215e+01 1.022162719820837173e+00 -3.214907301090926635e-04
1.691666666666666430e+01 1.021071686008899748e+00 -8.605638385401155523e-04
1.693750000000000000e+01 1.024952937813038645e+00 2.094510370753770081e-03
1.695833333333333215e+01 1.019344808709947259e+00 1.773284690602131659e-03
1.697916666666666430e+01 1.015520023211024636e+00 -9.127504793648180638e-04
1.700000000000000000e+01 1.014103555186693706e+00 -8.056584097638675346e-05
1.702083333333333215e+01 1.012412431624096998e+00 -1.170678632707454383e-04
1.704166666666666430e+01 1.007194868209916772e+00 2.594034162133777160e-03
1.706250000000000000e+01 1.001199396882556991e+00 8.828070201321287043e-04
1.708333333333333215e+01 1.002729252012699801e+00 1.404090368928452223e-03
1.710416666666666430e+01 1.003311662656269032e+00 -1.092955120829148608e-03
1.712500000000000000e+01 1.004772042659378695e+00 3.471012046962699670e-04
1.714583333333333215e+01 1.004212670100645743e+00 -1.313128795331834186e-04
1.716666666666666430e+01 1.005436371705304088e+00 1.875009558967055982e-04
1.718750000000000000e+01 1.008295345518757546e+00 5.109998678496866908e-04
1.720833333333333215e+01 1.009315192066545963e+00 -8.747226086130573358e-05
1.722916666666666430e+01 1.009835256116065949e+00 -1.317799542231696749e-03
1.725000000000000000e+01 1.006423283249242129e+00 1.453325508436673725e-03
1.727083333333333215e+01 1.006693349910860569e+00 -1.172574192116882744e-03
1.729166666666666430e+01 1.002020848987069224e+00 -9.867687633554624548e-04
1.731250000000000000e+01 1.005875340870317380e+00 -2.294607156564639882e-03
1.733333333333333215e+01 1.003134106288917637e+00 4.407659219227377215e-04
1.735416666666666430e+01 9.989983751648013888e-01 1.570288737525816819e-04
1.737500000000000000e+01 1.000375192379390432e+00 -8.217711204646604940e-04
1.739583333333333215e+01 9.995404022814050604e-01 -1.084989346836553147e-03
1.741666666666666430e+01 9.951721388037064742e-01 2.105283612322278062e-04
1.743750000000000000e+01 9.992995275845241165e-01 -3.690485296872529023e-04
1.745833333333333215e+01 9.979886337018506470e-01 -1.281785835573193665e-03
1.747916666666666430e+01 1.002971453403208368e+00 5.663163444763206003e-04
1.750000000000000000e+01 1.003312902913652493e+00 1.132305820456166231e-03
1.752083333333333215e+01 1.010239719366665456e+00 4.574264333802952271e-04
1.754166666666666430e+01 1.013311376251014195e+00 1.058640272552899752e-03
1.756250000000000000e+01 1.009930506187978194e+00 3.055397903041339467e-04
1.758333333333333215e+01 1.007594918763323744e+00 1.932829404016396567e-03
1.760416666666666430e+01 1.002107729929961888e+00 1.137229466276037763e-03
1.762500000000000000e+01 9.997466673232922041e-01 -4.134932777944710404e-04
1.764583333333333215e+01 9.958204411256874611e-01 1.377301287238216331e-03
1.766666666666666430e+01 9.962566053846075853e-01 4.574487293102878901e-04
1.768750000000000000e+01 9.966543393495292946e-01 -6.281272597758613295e-04
1.770833333333333215e+01 9.971734432198335885e-01 -8.292734324424967966e-04
1.772916666666666430e+01 1.001082967995129192e+00 -3.536088403273767410e-04
1.775000000000000000e+01 1.006449853030105590e+00 -2.430757224975212908e-03
1.777083333333333215e+01 1.010355572837392524e+00 -9.368881640854160231e-04
1.779166666666666430e+01 1.014859500430600026e+00 -6.039031862484187411e-04
1.781250000000000000e+01 1.010306675050678837e+00 -1.916350315629180385e-03
1.783333333333333215e+01 1.005323148652383702e+00 -1.076804069475966429e-03
1.785416666666666430e+01 1.001054387515529553e+00 -1.225097709562782524e-03
1.787500000000000000e+01 1.007585436761109010e+00 -1.911728865276661428e-03
1.789583333333333215e+01 1.007400470436553785e+00 -1.684513448291213562e-04
1.791666666666666430e+01 1.005963451529857888e+00 2.614510331207786360e-04
1.793750000000000000e+01 1.013150357748153985e+00 4.308135400010579177e-04
1.795833333333333215e+01 1.013008282577237518e+00 1.423451323020415160e-03
1.797916666666666430e+01 1.014246087208085845e+00 -2.156703149209044854e-04
1.800000000000000000e+01 1.013027814929718939e+00 -5.947027417380045802e-04
1.802083333333333215e+01 1.023041312741920894e+00 6.393096451531163961e-06
1.804166666666666430e+01 1.023304852286871069e+00 1.559493665437702891e-03
1.806250000000000000e+01 1.024054603579585221e+00 1.983502776474917184e-03
1.808333333333333215e+01 1.022114502074887632e+00 -6.927632760517453674e-04
1.810416666666666430e+01 1.021326544211187404e+00 5.034297969673257999e-04
1.812500000000000000e+01 1.021100247620637003e+00 -1.889719763029046133e-04
1.814583333333333215e+01 1.013866925435428001e+00 7.191568572444240843e-04
1.816666666666666430e+01 1.012053519457848161e+00 -3.038961488235724165e-03
1.818750000000000000e+01 1.005207125743181384e+00 -5.247388697392698243e-04
1.820833333333333215e+01 1.000614163899401721e+00 -2.332882518000911794e-03
1.822916666666666430e+01 1.000884366496867850e+00 -3.920683870304048774e-03
1.825000000000000000e+01 9.990577228722224978e-01 4.745352314502965870e-04
1.827083333333333215e+01 9.953406988666985145e-01 -1.148700356883907737e-03
1.829166666666666430e+01 9.974260768590808013e-01 1.607535440416502960e-03
1.831250000000000000e+01 9.992674901725847603e-01 9.853655013990160385e-04
1.833333333333333215e+01 9.955383574073105590e-01 1.577678801163977284e-03
1.835416666666666430e+01 9.966874916530494843e-01 1.029992764421651602e-03
1.837500000000000000e+01 9.962375614123109013e-01 -5.741932090203773643e-04
1.839583333333333215e+01 1.006282917871249571e+00 4.716009490613828382e-04
1.841666666666666430e+01 1.002163756491517121e+00 -1.884374409021142551e-03
1.843750000000000000e+01 1.005798069083176483e+00 -1.504454512460145187e-03
1.845833333333333215e+01 1.007407155910837515e+00 6.250287016399268432e-04
1.847916666666666430e+01 1.010762311280680059e+00 2.234872813375653883e-03
1.850000000000000000e+01 1.007357994496908438e+00 2.732696979588738312e-04
1.852083333333333215e+01 9.977673581565458250e-01 -1.406194527057032066e-03
1.854166666666666430e+01 9.950955393766106605e-01 -8.913530861890589573e-05
1.856250000000000000e+01 9.873399926476822408e-01 7.580735950701226848e-04
1.858333333333333215e+01 9.879272246387733603e-01 1.286967548835716863e-03
1.860416666666666430e+01 9.954195449619398506e-01 1.957039662446349556e-04
1.862500000000000000e+01 9.941851112751074471e-01 2.168453356054744156e-03
1.864583333333333215e+01 9.954660289635078874e-01 1.360963291572539306e-03
1.866666666666666430e+01 9.956126876827049443e-01 5.113457581086592544e-04
1.868750000000000000e+01 1.000298958683169204e+00 -4.285158803291605066e-04
1.870833333333333215e+01 9.983436852359338642e-01 3.019070974226056164e-03
1.872916666666666430e+01 9.954577803394972779e-01 -5.349291754130058038e-04
1.875000000000000000e+01 1.000836091956303520e+00 -3.747921815004181417e-04
1.877083333333333215e+01 9.987248249627107555e-01 -1.133978975150180769e-03
1.879166666666666430e+01 9.955283324405190815e-01 3.268804200777338160e-04
1.881250000000000000e+01 9.952325801080014189e-01 -2.177980857101845594e-03
1.883333333333333215e+01 9.863670674734029697e-01 6.876725202929937593e-04
1.885416666666666430e+01 9.923033087063098945e-01 -2.031529373650322289e-03
1.887500000000000000e+01 9.853624836152653499e-01 8.142420658177051962e-04
1.889583333333333215e+01 9.898801185669651170e-01 -1.822672185828066701e-03
1.891666666666666430e+01 9.929003032404594142e-01 -1.628756348736031239e-03
1.893750000000000000e+01 9.991281746375736406e-01 -9.903389831441920376e-04
1.895833333333333215e+01 1.007239062095503401e+00 1.908878241647302403e-04
1.897916666666666430e+01 1.008927005191648796e+00 -3.378854197725660534e-04
1.900000000000000000e+01 1.011755625911139989e+00 -1.302698415994607388e-03
1.902083333333333215e+01 1.012629238864908077e+00 -2.831547821612569117e-04
1.904166666666666430e+01 1.016711827534855450e+00 6.683524454028716899e-04
1.906250000000000000e+01 1.013163049085853640e+00 -2.306493205368726537e-03
1.908333333333333215e+01 1.010695687647869878e+00 1.546598714991264051e-03
1.910416666666666430e+01 1.012962616518666037e+00 -7.395933841308192805e-05
1.912500000000000000e+01 1.015589258987935173e+00 -3.374506905656451516e-03
1.914583333333333215e+01 1.014442141217869242e+00 1.522219269538303626e-04
1.916666666666666430e+01 1.013982134958059111e+00 -2.934861828928709616e-04
1.918750000000000000e+01 1.017513535482597486e+00 -6.129779748401568496e-04
1.920833333333333215e+01 1.013101503878999887e+00 -4.694004649100137782e-04
1.922916666666666430e+01 1.009994951239268079e+00 -5.698759656891854786e-04
1.925000000000000000e+01 1.014258225092373733e+00 9.196508710187577089e-04
1.927083333333333215e+01 1.008397914749187718e+00 2.165318871799523366e-04
1.929166666666666430e+01 1.011314906571659566e+00 7.484095127759500749e-04
1.931250000000000000e+01 1.003126250100627725e+00 -2.945419161874451353e-04
1.933333333333333215e+01 1.011427776270692025e+00 1.607307299030139936e-03
1.935416666666666430e+01 1.011020997915244024e+00 -2.088889492447221696e-04
1.937500000000000000e+01 1.020160748054852684e+00 7.333117469125599586e-04
1.939583333333333215e+01 1.013304788933949929e+00 -2.110748116680760992e-04
1.941666666666666430e+01 1.011148623591693108e+00 -1.842583090682693465e-04
1.943750000000000000e+01 1.010168823060861421e+00 1.116287890715350964e-03
1.945833333333333215e+01 1.005801071169725169e+00 1.056614769997349075e-03
1.947916666666666430e+01 1.000832661366038545e+00 7.944505954461451478e-05
1.950000000000000000e+01 1.002107715638269392e+00 1.656261343227812943e-04
1.952083333333333215e+01 1.000820577347006024e+00 -4.324905265436381190e-04
1.954166666666666430e+01 1.001693783900189594e+00 8.182334819954972501e-04
1.956250000000000000e+01 1.001398738711895220e+00 4.576698926788198190e-04
1.958333333333333215e+01 9.995273489794812560e-01 1.077451435009296916e-03
1.960416666666666430e+01 1.000157444722980182e+00 2.800364378609087723e-04
1.962500000000000000e+01 1.003718383930881641e+00 1.325662046719265603e-05
1.964583333333333215e+01 1.000106103504678545e+00 1.085641527772582618e-03
1.966666666666666430e+01 1.006899130623728711e+00 -1.523159549983588027e-04
1.968750000000000000e+01 1.002776698564402658e+00 9.452769562059189093e-04
1.970833333333333215e+01 1.000234956223011507e+00 1.299901294373561342e-03
1.972916666666666430e+01 1.003442090628829719e+00 1.851061311561362629e-03
1.975000000000000000e+01 9.983913986397225937e-01 2.574068215207948136e-04
1.977083333333333215e+01 9.982869068548706482e-01 3.892948478581857762e-04
1.979166666666666430e+01 9.922333984645809180e-01 1.175566000600849949e-03
1.981250000000000000e+01 9.922213148350296219e-01 2.195520316450559075e-04
1.983333333333333215e+01 9.842114531181418435e-01 7.583765980461407716e-04
1.985416666666666430e+01 9.791361112551646428e-01 2.565245526956753583e-04
1.987500000000000000e+01 9.821898028456236274e-01 2.617087243187584569e-05
1.989583333333333215e+01 9.844616935500520860e-01 -7.996509437591863088e-04
1.991666666666666430e+01 9.927299120344137418e-01 2.840714110056494885e-04
1.993750000000000000e+01 9.977739369127504032e-01 8.163067672763018885e-04
1.995833333333333215e+01 9.936405897639389861e-01 4.243422547502966199e-04
1.997916666666666430e+01 9.904556788501169828e-01 -1.937826139597037241e-04
2.000000000000000000e+01 9.953236095709152575e-01 4.214235737559520172e-04
2.002083333333333215e+01 9.963714952674501690e-01 1.975680771415739938e-03
2.004166666666666430e+01 9.979456192697196970e-01 1.174351438275441565e-04
2.006250000000000000e+01 1.005007849946039755e+00 -6.497263091746693659e-04
2.008333333333333215e+01 1.009235986097527293e+00 2.199816263427287633e-03
2.010416666666666430e+01 1.010238386112289888e+00 -4.556360861470081869e-04
2.012500000000000000e+01 1.016278893673179695e+00 2.000012883889660045e-03
2.014583333333333215e+01 1.011999602891243688e+00 8.409526543282914816e-04
2.016666666666666430e+01 1.007404434244901337e+00 -1.498028250793373472e-03
2.018750000000000000e+01 1.004724214604751920e+00 -4.501723384662094721e-05
2.020833333333333215e+01 1.005125060222280098e+00 -9.010201952231018609e-05
2.022916666666666430e+01 1.003329031323301646e+00 -1.036679876401917929e-04
2.025000000000000000e+01 1.000789462326346912e+00 -1.308705767068579404e-04
2.027083333333333215e+01 9.962420248856178606e-01 1.012616931075329069e-03
2.029166666666666430e+01 9.957345432966661081e-01 6.456570048817150426e-04
2.031250000000000000e+01 9.999395209640317139e-01 1.906227843212235634e-03
2.033333333333333215e+01 9.990390337422107025e-01 -5.240892890611348402e-05
2.035416666666666430e+01 9.997695130700211541e-01 1.281841262702343041e-04
2.037500000000000000e+01 9.964625672889773078e-01 1.058167221490257390e-03
2.039583333333333215e+01 9.970867353152836898e-01 1.407941672324083623e-04
2.041666666666666430e+01 9.967886230005990056e-01 -2.674394158026401611e-04
2.043750000000000000e+01 1.001464821269089311e+00 6.580272520317327709e-04
2.045833333333333215e+01 1.001685057797460532e+00 -9.639523406215925799e-04
2.047916666666666430e+01 9.959354500846250291e-01 -1.134501967491579255e-03
2.050000000000000000e+01 9.968508853541857562e-01 -3.243714538868143656e-04
2.052083333333333215e+01 9.943296009239849242e-01 9.133886872002114528e-04
2.054166666666666430e+01 9.884927615542651314e-01 1.275168984486952598e-03
2.056250000000000000e+01 9.889408992925949882e-01 -9.723846311102668765e-04
2.058333333333333215e+01 9.908123406465952909e-01 -4.211470338660327248e-04
2.060416666666666430e+01 9.872385538218559908e-01 6.552903274924059109e-04
2.062500000000000000e+01 9.944705650477581038e-01 5.492437221585207401e-04
2.064583333333333215e+01 9.923485680605265147e-01 -7.715021563230634082e-04
2.066666666666666430e+01 9.940432199824900117e-01 1.306927610776947510e-03
2.068750000000000000e+01 9.938985377140774347e-01 -1.324147945529619680e-04
2.070833333333333215e+01 9.915093216578295676e-01 8.840155696419052999e-05
2.072916666666666430e+01 9.975265663838792651e-01 -5.811978837069964538e-04
2.075000000000000000e+01 9.993216873168011549e-01 1.561569732335397684e-03
2.077083333333333215e+01 1.002038043668040501e+00 1.508513843241474865e-03
2.079166666666666430e+01 1.006537195555146758e+00 -8.635705609281560022e-05
2.081250000000000000e+01 1.011294409266614736e+00 1.712384268185964927e-03
2.083333333333333215e+01 1.011106858330651503e+00 1.442360800791657113e-03
2.085416666666666430e+01 1.008927271331842013e+00 1.040313054452255380e-03
2.087500000000000000e+01 1.007141392757765930e+00 1.617469669541406923e-04
2.089583333333333215e+01 1.004584055367226947e+00 1.248580048036857697e-03
2.091666666666666430e+01 9.991810495824549054e-01 -6.101021519198272574e-04
2.093750000000000000e+01 9.955107576294937033e-01 -4.263108902363983276e-04
2.095833333333333215e+01 1.000689464552610541e+00 -1.321837802080255101e-04
2.097916666666666430e+01 1.001429311188024585e+00 8.849782800792295803e-04
2.100000000000000000e+01 1.008583366327359343e+00 1.743362406089814590e-03
2.102083333333333215e+01 1.011680800042575434e+00 -2.102698599739797388e-03
2.104166666666666430e+01 1.013359583549227283e+00 2.679895796859214081e-05
2.106250000000000000e+01 1.014338444735693345e+00 -7.738537894928015567e-04
2.108333333333333215e+01 1.015335048875365853e+00 7.286814059348029277e-04
2.110416666666666430e+01 1.015994225016987107e+00 -1.514198180477434883e-03
2.112500000000000000e+01 1.009726260875057013e+00 2.287024803949148054e-03
2.114583333333333215e+01 1.015515405576811636e+00 -5.545250541837741607e-04
2.116666666666666430e+01 1.017130747343356845e+00 1.852211006623883174e-03
2.118750000000000000e+01 1.014019494013137068e+00 -1.411149326145337514e-03
2.120833333333333215e+01 1.012122484937125755e+00 7.350658902747218056e-04
2.122916666666666430e+01 1.010721204808857632e+00 2.115054410239305526e-03
2.125000000000000000e+01 1.015113081981469767e+00 1.680709032095739327e-03
2.127083333333333215e+01 1.015088970719276285e+00 -1.279650049540156497e-03
2.129166666666666430e+01 1.013794809827705423e+00 -1.330240894465685008e-03
2.131250000000000000e+01 1.015134354119751947e+00 -1.817964511028242981e-03
2.133333333333333215e+01 1.011389041131284472e+00 6.543464601959440548e-04
2.135416666666666430e+01 1.011617810362959391e+00 -1.745824805466362432e-03
2.137500000000000000e+01 1.011212484262898448e+00 2.348443690818365591e-03
2.139583333333333215e+01 1.007229604779376286e+00 1.081879474057540619e-03
2.141666666666666430e+01 1.005667968778828580e+00 1.896085044597114891e-03
2.143750000000000000e+01 1.002540915474871008e+00 -5.039007962719004637e-04
2.145833333333333215e+01 9.986207359133730810e-01 -1.449219098599476962e-04
2.147916666666666430e+01 9.967147923248894648e-01 1.260214208628066056e-04
2.150000000000000000e+01 9.990390558292346901e-01 -1.630180262829055782e-03
2.152083333333333215e+01 1.006590298301411890e+00 -1.628396388088084725e-03
2.154166666666666430e+01 1.004003805289193751e+00 2.578274187640738424e-04
2.156250000000000000e+01 1.009318202084386495e+00 -4.112197551266136308e-04
2.158333333333333215e+01 1.007072910656779730e+00 -1.093577484514452128e-05
2.160416666666666430e+01 1.013928808945386173e+00 -1.389581383749109505e-03
2.162500000000000000e+01 1.004033436501097887e+00 8.015721333587743974e-04
2.164583333333333215e+01 1.004556232684987060e+00 1.720383325632486061e-03
2.166666666666666430e+01 9.987201479171681218e-01 5.303526164408332681e-04
2.168750000000000000e+01 1.008509755982093470e+00 -5.566474026619083314e-04
2.170833333333333215e+01 9.975235567610397647e-01 1.059056320927266159e-03
2.172916666666666430e+01 1.002263450587304039e+00 1.061652614969386564e-03
2.175000000000000000e+01 9.980761749280298023e-01 3.598979739454052549e-04
2.177083333333333215e+01 1.001967163081808998e+00 -1.097810537244573326e-03
2.179166666666666430e+01 9.945850626653297555e-01 -2.363752412417342245e-03
2.181250000000000000e+01 9.943757104684608494e-01 2.302102325734051592e-03
2.183333333333333215e+01 9.903586318492259011e-01 6.239788436723463618e-04
2.185416666666666430e+01 9.942459271908008489e-01 -4.184365292640057263e-04
2.187500000000000000e+01 9.984440115371553404e-01 -8.428358710004178441e-04
2.189583333333333215e+01 1.007761471642004469e+00 -2.885174882745120389e-03
2.191666666666666430e+01 1.003184702601894074e+00 1.322827678306626739e-03
2.193750000000000000e+01 1.014990430856969272e+00 -8.201468067453513268e-05
2.195833333333333215e+01 1.016436175249273433e+00 3.799635976118698015e-04
2.197916666666666430e+01 1.015037674309741567e+00 -1.267956579191567307e-04
2.200000000000000000e+01 1.014021416817538324e+00 -8.059770095909842415e-05
2.202083333333333215e+01 1.012061176270277141e+00 6.610705625362875556e-04
2.204166666666666430e+01 1.007031275424225436e+00 -1.616371213728901675e-03
2.206250000000000000e+01 1.003388376464923626e+00 -8.042827576290693123e-04
2.208333333333333215e+01 9.987589692870942892e-01 6.712623022027028015e-04
2.210416666666666430e+01 9.979685903341360964e-01 1.429917546465169073e-03
2.212500000000000000e+01 9.995585438952080404e-01 5.013180354411565743e-04
2.214583333333333215e+01 9.966152219701268633e-01 6.332421400292999021e-04
2.216666666666666430e+01 9.995144526721695399e-01 -1.081641768818301496e-03
2.218750000000000000e+01 1.004250967642954961e+00 -8.009002087457694824e-04
2.220833333333333215e+01 1.009272568794237657e+00 3.518996389025236867e-04
2.222916666666666430e+01 1.014293143872649239e+00 1.759252871145952353e-04
2.225000000000000000e+01 1.017131502040006907e+00 -2.161792121860410542e-04
2.227083333333333215e+01 1.015128323173668079e+00 9.528830950057516898e-06
2.229166666666666430e+01 1.022081763250417108e+00 -1.980124594719597994e-03
2.231250000000000000e+01 1.019816973846958019e+00 -1.943495791131404473e-03
2.233333333333333215e+01 1.015237909473805766e+00 8.044488407803872948e-04
2.235416666666666430e+01 1.007174588190602238e+00 3.791988578152497924e-05
2.237500000000000000e+01 1.003245022134798381e+00 -9.747059095062460049e-04
2.239583333333333215e+01 9.972484466782171042e-01 3.752168831516909317e-04
2.241666666666666430e+01 9.946644791631332749e-01 4.364846165466943449e-03
2.243750000000000000e+01 9.987271807090237763e-01 -7.612995053095624257e-04
2.245833333333333215e+01 1.001459565895417292e+00 4.927063055684484556e-04
2.247916666666666430e+01 1.007401534931388287e+00 -5.366142681047625753e-05
2.250000000000000000e+01 1.008674624939621900e+00 -6.941417186620943598e-04
2.252083333333333215e+01 1.005751208243826911e+00 -9.433789732487753328e-04
2.254166666666666430e+01 1.005298924396760940e+00 1.377059957419019638e-03
2.256250000000000000e+01 1.005257367166055626e+00 -6.505321263990651495e-04
2.258333333333333215e+01 1.004981234028901715e+00 -2.180408281699910793e-03
2.260416666666666430e+01 1.008459129052704739e+00 2.209124603661386747e-03
2.262500000000000000e+01 1.004196036277833493e+00 -7.950548218414666335e-04
2.264583333333333215e+01 1.008777568676397784e+00 9.515801479040429016e-04
2.266666666666666430e+01 1.001122038166701866e+00 3.517911423792944507e-04
2.268750000000000000e+01 1.000437568681778577e+00 -4.035646914669911147e-04
2.270833333333333215e+01 1.002623028713183873e+00 2.156238402958744055e-03
2.272916666666666430e+01 9.954257930789669473e-01 -1.165417682617208607e-03
2.275000000000000000e+01 9.914773208467108079e-01 3.706040306615284016e-04
2.277083333333333215e+01 9.912082022141625037e-01 5.636721428433143048e-04
2.279166666666666430e+01 9.898252579166426646e-01 -1.841267033791975458e-03
2.281250000000000000e+01 9.929133396002800538e-01 -1.038126792616986260e-03
2.283333333333333215e+01 9.966587377255545777e-01 1.031518870337895435e-03
2.285416666666666430e+01 9.998921206385166238e-01 2.541669304147985316e-03
2.287500000000000000e+01 1.002542771351272011e+00 8.406535772100742418e-04
2.289583333333333215e+01 1.001234778035956507e+00 -2.916929250315544730e-03
2.291666666666666430e+01 1.003468769878643529e+00 1.389034418025520377e-03
2.293750000000000000e+01 1.000002122591473253e+00 -2.055629089215133334e-03
2.295833333333333215e+01 1.002213220179492659e+00 -1.126599947446320013e-03
2.297916666666666430e+01 9.994238191946507310e-01 -4.263770069929079080e-05
2.300000000000000000e+01 9.997569896175032556e-01 2.249029273437837088e-04
2.302083333333333215e+01 9.994053638209476897e-01 -1.966865686914984136e-04
2.304166666666666430e+01 9.968979153563204409e-01 -3.407203960702907450e-04
2.306250000000000000e+01 9.982750772504126457e-01 2.982696219001927662e-03
2.308333333333333215e+01 1.001453606861905099e+00 -1.833883779102785669e-03
2.310416666666666430e+01 1.006827821779775700e+00 3.492165048852131307e-04
2.312500000000000000e+01 1.013556852272011310e+00 1.319069159530804987e-03
2.314583333333333215e+01 1.017473185160849392e+00 8.740275244394459572e-04
2.316666666666666430e+01 1.021888926700787126e+00 -2.061719269094806819e-03
2.318750000000000000e+01 1.028258513765814675e+00 1.729013888425606250e-03
2.320833333333333215e+01 1.028608171819455075e+00 1.659265092644881612e-03
2.322916666666666430e+01 1.028069386744974834e+00 -1.050762600859052624e-03
2.325000000000000000e+01 1.023874183759739376e+00 -8.489648670697250588e-04
2.327083333333333215e+01 1.019004741007818238e+00 1.706411682321874474e-03
2.329166666666666430e+01 1.003781241511519484e+00 2.255159484786118653e-04
2.331250000000000000e+01 1.002405673913576045e+00 -1.267471015712707009e-03
2.333333333333333215e+01 1.001879154841947228e+00 6.157273494355374127e-04
2.335416666666666430e+01 1.005075477578165621e+00 -1.045525264638391986e-03
2.337500000000000000e+01 1.007508882311261900e+00 -1.323735416690683623e-03
2.339583333333333215e+01 1.009005760170614385e+00 -2.664543879181077018e-03
2.341666666666666430e+01 1.013077944076752557e+00 4.603521769618045575e-04
2.343750000000000000e+01 1.010920118180645533e+00 -1.035369639805395255e-03
2.345833333333333215e+01 1.011494341796797869e+00 -1.239361054835569917e-03
2.347916666666666430e+01 1.012850327470342204e+00 -6.190127911567249331e-04
2.350000000000000000e+01 1.009327650544151966e+00 9.639908736103812653e-04
2.352083333333333215e+01 1.016146449107795391e+00 -1.434711900034978214e-04
2.354166666666666430e+01 1.010675034021135232e+00 1.119341904986764172e-03
2.356250000000000000e+01 1.009734638683988495e+00 -1.638385697468329363e-04
2.358333333333333215e+01 1.012109804293003679e+00 1.409335939816708022e-03
2.360416666666666430e+01 1.003935715718148325e+00 2.097103250544125712e-03
2.362500000000000000e+01 1.003848705230110605e+00 -1.358985249357685616e-05
2.364583333333333215e+01 1.000334306566006415e+00 -8.980323097609376815e-05
2.366666666666666430e+01 1.000291804447434263e+00 -2.090112411887026095e-03
2.368750000000000000e+01 1.002315120679808436e+00 -6.868022675894666727e-04
2.370833333333333215e+01 9.943620062204866494e-01 2.142729761975520775e-03
2.372916666666666430e+01 9.912565704491650420e-01 8.928995876386793115e-04
2.375000000000000000e+01 9.963830122601929906e-01 -2.056769739214393648e-03
2.377083333333333215e+01 9.988175343212104540e-01 -1.290356132113534404e-03
2.379166666666666430e+01 9.960820317445824301e-01 -8.147148416919328595e-04
2.381250000000000000e+01 1.000146030569319944e+00 3.956179955982874909e-05
2.383333333333333215e+01 1.004015524842793328e+00 8.020912432241430578e-05
2.385416666666666430e+01 1.002160715284010628e+00 -6.660415367655717165e-05
2.387500000000000000e+01 9.998236536834219645e-01 4.853479038176493712e-04
2.389583333333333215e+01 1.000850719267166067e+00 -2.174552734110146308e-05
2.391666666666666430e+01 9.977954880300609064e-01 -7.715092194751733620e-04
2.393750000000000000e+01 9.992867350395833181e-01 2.669856997903270507e-04
2.395833333333333215e+01 9.964378215572622377e-01 -3.345033433506975837e-03
2.397916666666666430e+01 9.985249431010307930e-01 -1.202696770140377746e-03
2.400000000000000000e+01 9.891825051229349297e-01 -2.109066575144808667e-04
2.402083333333333215e+01 9.888448696983173081e-01 7.596837988270493600e-04
2.404166666666666430e+01 9.953074071704663961e-01 7.143139978741513138e-04
2.406250000000000000e+01 1.000516185712239547e+00 1.597490918599706955e-03
2.408333333333333215e+01 1.003073627872644202e+00 1.456784236331488914e-03
2.410416666666666430e+01 1.010073867703315642e+00 2.525340812723507250e-04
2.412500000000000000e+01 1.014892683819266228e+00 1.745940496561286851e-04
2.414583333333333215e+01 1.016514400122926265e+00 6.761434854453456317e-04
2.416666666666666430e+01 1.015039391286658654e+00 -6.518070578704349138e-04
2.418750000000000000e+01 1.013877723872955494e+00 -5.768806928572809811e-04
2.420833333333333215e+01 1.007351854429868965e+00 2.504677732285470943e-04
2.422916666666666430e+01 1.013130250020068512e+00 -1.388733574228133427e-03
2.425000000000000000e+01 1.013100783506028835e+00 2.207269565486137013e-04
2.427083333333333215e+01 1.013484600231219890e+00 3.113938567163520806e-04
2.429166666666666430e+01 1.017406973809572790e+00 1.791973136933985074e-03
2.431250000000000000e+01 1.019315913324269518e+00 -1.573332555767142146e-03
2.433333333333333215e+01 1.018250699286025185e+00 -7.752109289828268890e-04
2.435416666666666430e+01 1.016485083792581179e+00 1.502884248852388686e-03
2.437500000000000000e+01 1.011465214100143450e+00 -7.660667804190971104e-04
2.439583333333333215e+01 1.003618395060456470e+00 3.603010759230963604e-04
2.441666666666666430e+01 1.007668427689052182e+00 -9.263896454841993042e-04
2.443750000000000000e+01 9.994052433775411082e-01 1.610596543670570532e-03
2.445833333333333215e+01 1.001384287977261645e+00 -1.696345304821996998e-03
2.447916666666666430e+01 9.937810501054218371e-01 -6.887791750312498426e-04
2.450000000000000000e+01 9.979221329187403233e-01 -1.033927181536612372e-03
2.452083333333333215e+01 9.937124725991445251e-01 1.500700458737413284e-03
2.454166666666666430e+01 9.987434560592343136e-01 1.003515836137806091e-04
2.456250000000000000e+01 9.988109477358182442e-01 -2.267497625044954859e-03
2.458333333333333215e+01 1.001005660782099405e+00 2.045859217096955129e-03
2.460416666666666430e+01 1.001977440814463494e+00 -1.929710422519881341e-03
2.462500000000000000e+01 1.006404077796103191e+00 2.380327200714168275e-04
2.464583333333333215e+01 1.011945671046051043e+00 1.085677307790528911e-03
2.466666666666666430e+01 1.005033707818860478e+00 -7.386413227746925578e-04
2.468750000000000000e+01 1.007909663755092389e+00 -9.510242778803756859e-04
2.470833333333333215e+01 1.004606049009621582e+00 -1.706603593040256339e-03
2.472916666666666430e+01 1.002699313251309121e+00 -2.089433109139595280e-03
2.475000000000000000e+01 1.003856841977128544e+00 3.149463000263126242e-03
2.477083333333333215e+01 1.002511875539373376e+00 1.273797872387793639e-03
2.479166666666666430e+01 9.990352840327652029e-01 1.526179160625777123e-03
2.481250000000000000e+01 1.002082658897575751e+00 -2.246905555768088664e-03
2.483333333333333215e+01 9.971807066355667937e-01 -7.587361961887710473e-04
2.485416666666666430e+01 9.966909693532416403e-01 -1.807116591560041074e-03
2.487500000000000000e+01 9.969425592034710792e-01 8.938602148920186865e-04
2.489583333333333215e+01 9.958308023265565190e-01 2.218965183671809793e-03
2.491666666666666430e+01 9.933421094959952180e-01 -8.687656300019116085e-04
2.493750000000000000e+01 9.914142550760435268e-01 -1.000378141982191096e-03
2.495833333333333215e+01 9.979521985984157739e-01 1.689072332110055181e-03
2.497916666666666430e+01 1.005025396011466565e+00 -1.501524682494576653e-03
2.500000000000000000e+01 1.004848907525118573e+00 7.607194668305851263e-04
2.502083333333333215e+01 1.010146136404177053e+00 -7.105062229106098555e-04
2.504166666666666430e+01 1.009604673621462334e+00 9.055845861942649717e-04
2.506250000000000000e+01 1.011969880890179363e+00 -6.734234327148993192e-04
2.508333333333333215e+01 1.006895684945335656e+00 -2.025094396612160501e-03
2.510416666666666430e+01 1.005455192787567897e+00 1.983737424802496793e-04
2.512500000000000000e+01 1.004881981876153185e+00 -1.940348015223649324e-03
2.514583333333333215e+01 9.997740384339046660e-01 5.355445327828529858e-04
2.516666666666666430e+01 9.962837763004415148e-01 2.374936159188869786e-03
2.518750000000000000e+01 1.001796403406709501e+00 1.601830199461369347e-03
2.520833333333333215e+01 9.985637423583237915e-01 -1.772815884378135896e-03
2.522916666666666430e+01 1.009329045799584934e+00 -2.082385916076320669e-03
2.525000000000000000e+01 1.010114807571843798e+00 -3.287158193532804893e-03
2.527083333333333215e+01 1.008964518446114011e+00 -1.347945573421327698e-03
2.529166666666666430e+01 1.012331893831907914e+00 -1.946954298412433308e-03
2.531250000000000000e+01 1.011986067767451036e+00 -1.274825659925956593e-03
2.533333333333333215e+01 1.020173740016023567e+00 2.435735163881133560e-03
2.535416666666666430e+01 1.017426034556373260e+00 4.470894181129729159e-04
2.537500000000000000e+01 1.013882029856765232e+00 1.238080567205947918e-04
2.539583333333333215e+01 1.014312911908416881e+00 -8.977732246826588018e-04
2.541666666666666430e+01 1.014954035281844025e+00 1.446500105730767489e-04
2.543750000000000000e+01 1.010796626629194339e+00 6.299496189345311047e-04
2.545833333333333215e+01 1.009968099615610404e+00 1.729759012967035199e-04
2.547916666666666430e+01 1.007573116630780419e+00 1.089236355473028987e-03
2.550000000000000000e+01 1.000788053472972505e+00 1.187045299724657490e-03
2.552083333333333215e+01 1.004301819438962573e+00 -8.578936576639144100e-04
2.554166666666666430e+01 1.005648989874471155e+00 -1.359041101986597187e-03
2.556250000000000000e+01 1.000840091759403805e+00 1.647894009923896999e-03
2.558333333333333215e+01 9.997064329092212320e-01 -1.797355681140917804e-03
2.560416666666666430e+01 9.946528218031130963e-01 4.477443893636727339e-04
2.562500000000000000e+01 9.927333362093552216e-01 3.532692742468957771e-04
2.564583333333333215e+01 9.940800158792529873e-01 2.076223213267986041e-03
2.566666666666666430e+01 9.925830282322859466e-01 -9.245158040872190029e-04
2.568750000000000000e+01 9.946726131214260747e-01 -1.847699449862017602e-03
2.570833333333333215e+01 1.006642378506620084e+00 1.906090095693655298e-03
2.572916666666666430e+01 1.009609516231442683e+00 -1.104767012248057808e-03
2.575000000000000000e+01 1.017503668874511158e+00 -2.956124062597482397e-03
2.577083333333333215e+01 1.020637873632311177e+00 -1.663567808043181322e-03
2.579166666666666430e+01 1.021650713678774691e+00 -6.415050854928528465e-05
2.581250000000000000e+01 1.019479821598443081e+00 1.541113261684051369e-03
2.583333333333333215e+01 1.014762200266954073e+00 6.247984673655149722e-04
2.585416666666666430e+01 1.007721412548270967e+00 -1.322947691003738052e-04
2.587500000000000000e+01 1.006285382245905247e+00 -1.026153590028861190e-03
2.589583333333333215e+01 1.000666153752005405e+00 5.934127461803141278e-05
2.591666666666666430e+01 1.001207265190253937e+00 8.034749103829169322e-04
2.593750000000000000e+01 9.984040585491928965e-01 -9.992863392026052945e-04
2.595833333333333215e+01 9.999261038937858892e-01 2.860517647398058260e-04
2.597916666666666430e+01 9.970722346608414943e-01 2.174437934065108664e-03
