0.000000000000000000e+00 1.074401600154168523e+00 -1.934222051030803045e-03
2.083333333333333218e-02 1.080378857887507316e+00 -6.183277694011891402e-04
4.166666666666666435e-02 1.075149031064738692e+00 1.769051663231711088e-03
6.250000000000000000e-02 1.079087036413454603e+00 -2.273444887380510985e-03
8.333333333333332871e-02 1.075710917856549376e+00 8.332276963028172403e-04
1.041666666666666574e-01 1.067819346259101243e+00 1.203507549686914620e-03
1.250000000000000000e-01 1.049891376129935328e+00 -1.656333621163992055e-03
1.458333333333333148e-01 1.024272700518737089e+00 1.865695657326069340e-03
1.666666666666666574e-01 9.967202230018676890e-01 1.257511155385827037e-03
1.875000000000000000e-01 9.553073843431603152e-01 1.835787991015795650e-03
2.083333333333333148e-01 9.144891386948797996e-01 9.496828429734804943e-04
2.291666666666666574e-01 8.580852447920283010e-01 3.043733078320692777e-04
2.500000000000000000e-01 7.931848156942069572e-01 -5.061263119650672489e-04
2.708333333333333148e-01 7.476510656715649183e-01 2.619405157327819172e-03
2.916666666666666297e-01 7.390387885052773775e-01 1.134475498669831146e-03
3.125000000000000000e-01 7.679103699222852297e-01 1.020778886745359829e-03
3.333333333333333148e-01 8.371524648654540268e-01 5.070367313390009576e-04
3.541666666666666297e-01 9.036866149526627812e-01 -6.657509518717209850e-04
3.750000000000000000e-01 9.649841414323103717e-01 -1.307905503977068676e-03
3.958333333333333148e-01 1.014495195433282593e+00 -2.189358411785662182e-03
4.166666666666666297e-01 1.039276418979832028e+00 -8.977687250154246096e-04
4.375000000000000000e-01 1.052187339338686245e+00 9.290091834263900254e-05
4.583333333333333148e-01 1.058625154255084411e+00 1.168426106169431723e-03
4.791666666666666297e-01 1.065824579313964682e+00 -3.769147871628606675e-04
5.000000000000000000e-01 1.068781642608050753e+00 -4.448133589788340293e-04
5.208333333333332593e-01 1.073205426322093814e+00 -1.386940812258169280e-03
5.416666666666666297e-01 1.079241683323725942e+00 8.703259923601982737e-04
5.625000000000000000e-01 1.088249572666512455e+00 4.853200888904878204e-04
5.833333333333332593e-01 1.092580946461349622e+00 -1.447255524385623405e-03
6.041666666666666297e-01 1.092648012630407672e+00 1.457757786979479802e-04
6.250000000000000000e-01 1.079654716776386358e+00 6.239632196195118692e-04
6.458333333333332593e-01 1.065368764891014175e+00 4.551437923533187019e-05
6.666666666666666297e-01 1.052614412040842051e+00 -2.512179829505649950e-04
6.875000000000000000e-01 1.035169448966278383e+00 -9.312372880442242300e-04
7.083333333333332593e-01 1.034137828950987936e+00 4.264418595094807379e-04
7.291666666666666297e-01 1.044305092524268730e+00 -9.467016154432997179e-04
7.500000000000000000e-01 1.053492687643785120e+00 7.073206412447669185e-04
7.708333333333332593e-01 1.067332156599373638e+00 2.173317393112631052e-05
7.916666666666666297e-01 1.065783829435760000e+00 -6.975221502324556065e-04
8.125000000000000000e-01 1.073818586834272226e+00 -3.928553392486276545e-03
8.333333333333332593e-01 1.079074612593623916e+00 3.359252516567824611e-03
8.541666666666666297e-01 1.079306259043917748e+00 -3.685597043443971169e-04
8.750000000000000000e-01 1.088772592607169409e+00 -1.456111440262647470e-03
8.958333333333332593e-01 1.079882777430119400e+00 -1.172819613287492697e-03
9.166666666666666297e-01 1.074629709106464714e+00 -8.348653061942841848e-04
9.375000000000000000e-01 1.074980426886469553e+00 5.758719130582157751e-04
9.583333333333332593e-01 1.069657693472312099e+00 1.184751085616943603e-03
9.791666666666666297e-01 1.067042548258710033e+00 1.627377272547386665e-05
1.000000000000000000e+00 1.062890599510112555e+00 1.139500956720633160e-03
1.020833333333333259e+00 1.047235503410457680e+00 1.197452856823391209e-03
1.041666666666666519e+00 1.042282028151838791e+00 2.125958230996532344e-04
1.062500000000000000e+00 1.043347719755610248e+00 -4.626198661989705660e-04
1.083333333333333259e+00 1.049764737132713011e+00 -7.884787357640598215e-04
1.104166666666666519e+00 1.055085348151717506e+00 -4.813506105041918145e-04
1.125000000000000000e+00 1.055746174596169373e+00 3.963696410282376925e-04
1.145833333333333259e+00 1.058731842432464099e+00 1.308889351747899834e-03
1.166666666666666519e+00 1.077059354729614782e+00 1.979468446977910266e-03
1.187500000000000000e+00 1.098590738774533060e+00 -2.139434527421169192e-03
1.208333333333333259e+00 1.105083360962454853e+00 2.317563040313313149e-04
1.229166666666666519e+00 1.103128107559094406e+00 -9.252951444271027880e-04
1.250000000000000000e+00 1.087314874513186425e+00 1.043561923532529022e-03
1.270833333333333259e+00 1.070459443845997338e+00 -1.272262380551674290e-03
1.291666666666666519e+00 1.056108009829803018e+00 1.255743826821910988e-03
1.312500000000000000e+00 1.059504531251773018e+00 1.753881459181652657e-03
1.333333333333333259e+00 1.064214188819589069e+00 -3.207192135714488461e-03
1.354166666666666519e+00 1.077851744227992459e+00 1.905529442108492384e-03
1.375000000000000000e+00 1.080623935002772207e+00 -1.496592580972627034e-04
1.395833333333333259e+00 1.090145521107825921e+00 -7.766741473708202838e-04
1.416666666666666519e+00 1.083784569119480956e+00 -3.119558631476460672e-04
1.437500000000000000e+00 1.078428675296462691e+00 -9.064050383688666704e-05
1.458333333333333259e+00 1.076956109617491553e+00 3.929654298260298060e-04
1.479166666666666519e+00 1.080031585811052075e+00 9.817124300082863929e-04
1.500000000000000000e+00 1.081093233470404424e+00 1.370155436118567979e-04
1.520833333333333259e+00 1.086920883405295468e+00 -2.297903299211354218e-04
1.541666666666666519e+00 1.077610241443019534e+00 -8.205892358323588903e-04
1.562500000000000000e+00 1.066317769419488304e+00 1.120414469902136865e-03
1.583333333333333259e+00 1.059433913419296269e+00 -5.756999896746309211e-04
1.604166666666666519e+00 1.065506634774350259e+00 -5.301439111246363054e-04
1.625000000000000000e+00 1.071515567990375617e+00 -2.600708376128991746e-04
1.645833333333333259e+00 1.082365518038364227e+00 -2.324284178835695196e-03
1.666666666666666519e+00 1.073448841211462002e+00 2.587142418424278039e-03
1.687500000000000000e+00 1.062203641696413348e+00 -3.264606562455607021e-04
1.708333333333333259e+00 1.054854117058254159e+00 -1.387072772331961017e-04
1.729166666666666519e+00 1.048153502745756471e+00 -9.739987113730465230e-04
1.750000000000000000e+00 1.045916491270376225e+00 -4.920092512136010942e-04
1.770833333333333259e+00 1.057748694797861599e+00 2.783146054744983300e-04
1.791666666666666519e+00 1.066999899675784791e+00 -1.810349827675384552e-03
1.812500000000000000e+00 1.075281271265246197e+00 -5.519814373292976665e-04
1.833333333333333259e+00 1.083352408195933370e+00 -1.144470984002240663e-03
1.854166666666666519e+00 1.083409083061275480e+00 1.236106139300979442e-03
1.875000000000000000e+00 1.077824384720355688e+00 1.676607509636167349e-03
1.895833333333333259e+00 1.067733073210899830e+00 4.039719332057926287e-04
1.916666666666666519e+00 1.058878985117015947e+00 -3.698514294243431238e-04
1.937500000000000000e+00 1.053652308713123098e+00 -3.880850644308379794e-04
1.958333333333333259e+00 1.050633667735679566e+00 2.954337486583191296e-03
1.979166666666666519e+00 1.044928866656732236e+00 1.493038800419657988e-03
2.000000000000000000e+00 1.039521306033986292e+00 1.549272706496633307e-03
2.020833333333333037e+00 1.031781964165231269e+00 -8.496554782287520048e-04
2.041666666666666519e+00 1.034425899289250550e+00 -2.469016697644904097e-06
2.062500000000000000e+00 1.041994829523543054e+00 -5.154502290240983579e-05
2.083333333333333037e+00 1.034898928991829781e+00 -1.860002455552393474e-03
2.104166666666666519e+00 1.029763942674608801e+00 2.714152116124176413e-04
2.125000000000000000e+00 1.010123723221667325e+00 2.216003388122022612e-03
2.145833333333333037e+00 1.002108894419790008e+00 8.622542593126539387e-04
2.166666666666666519e+00 9.941845805809386150e-01 -2.212066842964906970e-04
2.187500000000000000e+00 9.938351766207580429e-01 1.094972743216144273e-03
2.208333333333333037e+00 9.972900315046686615e-01 2.306512020174223115e-03
2.229166666666666519e+00 1.003204731121009718e+00 -9.629971313400479370e-04
2.250000000000000000e+00 1.010049506838512912e+00 -2.191278277603758186e-05
2.270833333333333037e+00 1.027336848557482529e+00 -2.435276851102688433e-03
2.291666666666666519e+00 1.040164730952122474e+00 -8.149714092599727542e-04
2.312500000000000000e+00 1.047143720352110785e+00 1.553711992373894802e-03
2.333333333333333037e+00 1.051404469421761245e+00 1.411920970362875007e-03
2.354166666666666519e+00 1.058460530786613729e+00 1.873072017726034330e-03
2.375000000000000000e+00 1.066006565634371794e+00 1.651750317904854574e-03
2.395833333333333037e+00 1.066033858568135040e+00 1.315729781405373640e-03
2.416666666666666519e+00 1.066805547990866243e+00 -7.140386922633340690e-04
2.437500000000000000e+00 1.059737890704742780e+00 -2.226110924241938085e-03
2.458333333333333037e+00 1.052491621001063082e+00 4.890730441169156579e-04
2.479166666666666519e+00 1.052659544891415999e+00 -2.336045496981276146e-04
2.500000000000000000e+00 1.054229146251039362e+00 2.150260548604514439e-03
2.520833333333333037e+00 1.048666866152863753e+00 -2.560339300624200464e-03
2.541666666666666519e+00 1.055095732958012622e+00 3.369451942510321503e-04
2.562500000000000000e+00 1.058452976817753299e+00 -2.106724412485112992e-04
2.583333333333333037e+00 1.069211803579217968e+00 -6.774273772526017475e-04
2.604166666666666519e+00 1.082423003341706824e+00 -1.707693564671596952e-03
2.625000000000000000e+00 1.090278607841533631e+00 1.211201106862008466e-03
2.645833333333333037e+00 1.088563334981847985e+00 -6.235457430694701930e-04
2.666666666666666519e+00 1.080909502628333962e+00 -1.355654640905652470e-04
2.687500000000000000e+00 1.077634899632540444e+00 -2.878427325674069986e-03
2.708333333333333037e+00 1.071913774668799446e+00 1.468913069842974145e-03
2.729166666666666519e+00 1.064780082646108017e+00 2.566596960695854447e-04
2.750000000000000000e+00 1.064073742170060122e+00 5.326454343542046154e-04
2.770833333333333037e+00 1.055884991155091379e+00 -7.984766522169733580e-04
2.791666666666666519e+00 1.052822824323069506e+00 9.881858871322797588e-05
2.812500000000000000e+00 1.056385283840676870e+00 -2.243907570810390933e-04
2.833333333333333037e+00 1.067507573458921222e+00 2.687916662589823116e-03
2.854166666666666519e+00 1.077097647549582149e+00 2.105172731980800398e-03
2.875000000000000000e+00 1.077211184682460576e+00 1.812891086228981055e-03
2.895833333333333037e+00 1.075417581479097828e+00 -1.195060422677651654e-04
2.916666666666666519e+00 1.081628733424099043e+00 -2.155175444604019445e-05
2.937500000000000000e+00 1.082196125896792482e+00 -5.936329009330506808e-04
2.958333333333333037e+00 1.078139638287817004e+00 -2.224555659524288394e-04
2.979166666666666519e+00 1.065903946007263237e+00 6.925439866390126773e-04
3.000000000000000000e+00 1.056145549125934835e+00 -4.094399180403357486e-04
3.020833333333333037e+00 1.039408755847313293e+00 -3.004616098948531964e-05
3.041666666666666519e+00 1.029392370293363390e+00 1.946071455472287446e-03
3.062500000000000000e+00 1.019110741158752775e+00 -7.516098457624213400e-04
3.083333333333333037e+00 9.869353596297020248e-01 -1.015298665383352564e-03
3.104166666666666519e+00 9.308826781607502099e-01 -2.597948235824707516e-03
3.125000000000000000e+00 8.624469599232221784e-01 1.078398982415413286e-03
3.145833333333333037e+00 8.142352773498042762e-01 1.991467969538019550e-03
3.166666666666666519e+00 7.671508318199767862e-01 1.950046517868045089e-03
3.187500000000000000e+00 7.507263725201666071e-01 3.073844463336476230e-04
3.208333333333333037e+00 7.719939944168373591e-01 -7.188840451742894771e-04
3.229166666666666519e+00 8.097803532474093791e-01 2.426252543003291472e-03
3.250000000000000000e+00 8.761734716226297071e-01 -1.983402203519177309e-04
3.270833333333333037e+00 9.351575203723928587e-01 2.305240657141904815e-04
3.291666666666666519e+00 9.818511312228722643e-01 -1.504746660739355972e-03
3.312500000000000000e+00 1.014334766478910632e+00 -8.563869373000940893e-04
3.333333333333333037e+00 1.027809680744820042e+00 1.313720236601189099e-04
3.354166666666666519e+00 1.038969949819308569e+00 -9.640421327367200768e-04
3.375000000000000000e+00 1.047180168988954163e+00 -2.065034982363049727e-03
3.395833333333333037e+00 1.058331266666622694e+00 -1.556541408999598773e-03
3.416666666666666519e+00 1.049908414797247058e+00 -1.187093873292628492e-03
3.437500000000000000e+00 1.051063045352221614e+00 4.372463453968790067e-05
3.458333333333333037e+00 1.062225671765692381e+00 9.704924489586537733e-04
3.479166666666666519e+00 1.073680752249723147e+00 2.478178438606394628e-04
3.500000000000000000e+00 1.076012510028154789e+00 7.124490436226550575e-04
3.520833333333333037e+00 1.063324665170112038e+00 5.065510131091550874e-04
3.541666666666666519e+00 1.051254154791837481e+00 -3.185374828539686985e-04
3.562500000000000000e+00 1.046113423121235897e+00 -5.855897044974442888e-04
3.583333333333333037e+00 1.055937336531157511e+00 4.078834467783774213e-04
3.604166666666666519e+00 1.072458538180987464e+00 -2.789890075436471864e-05
3.625000000000000000e+00 1.079346323159460663e+00 -8.423386695710668700e-04
3.645833333333333037e+00 1.079686900651773085e+00 9.799743400990350815e-04
3.666666666666666519e+00 1.078276130979711755e+00 2.478462931394061989e-03
3.687500000000000000e+00 1.075261416051071395e+00 -1.048316724226193647e-03
3.708333333333333037e+00 1.074758015954625723e+00 6.172441615584879160e-04
3.729166666666666519e+00 1.082050857492938611e+00 -5.872187902911701527e-05
3.750000000000000000e+00 1.075150250656549122e+00 -9.144148816552217065e-04
3.770833333333333037e+00 1.076314329350193777e+00 -1.565344718705170878e-03
3.791666666666666519e+00 1.068483840613631664e+00 1.355711148686443695e-03
3.812500000000000000e+00 1.058491356264543271e+00 1.035511085920919278e-04
3.833333333333333037e+00 1.046760946497096390e+00 -2.145270775489642023e-03
3.854166666666666519e+00 1.039845664841533956e+00 3.880918015714767723e-03
3.875000000000000000e+00 1.040228653235788281e+00 -1.498690089361813743e-03
3.895833333333333037e+00 1.052180995105854944e+00 2.935378168757747782e-04
3.916666666666666519e+00 1.071382115377677691e+00 -1.406753766393765244e-03
3.937500000000000000e+00 1.085548024585995419e+00 8.157631202054111113e-04
3.958333333333333037e+00 1.096305069269719379e+00 3.629109318282449704e-04
3.979166666666666519e+00 1.104773234663992465e+00 -2.124209457140427242e-04
4.000000000000000000e+00 1.103963546514989513e+00 8.231733679438859317e-04
4.020833333333333037e+00 1.097747025115884734e+00 2.528008776435729612e-04
4.041666666666666075e+00 1.092455587341947476e+00 1.617618540051891148e-04
4.062500000000000000e+00 1.079055460765145913e+00 -1.213804314151200518e-04
4.083333333333333037e+00 1.074708920855645067e+00 1.964960470064884882e-04
4.104166666666666075e+00 1.075518972191001676e+00 7.273997566954300492e-04
4.125000000000000000e+00 1.076948225481229482e+00 3.500615643077775816e-03
4.145833333333333037e+00 1.076335287742403057e+00 1.921593354427471344e-04
4.166666666666666075e+00 1.073485460591034446e+00 -1.765066364707329905e-04
4.187500000000000000e+00 1.061259278369478976e+00 1.649120614482781945e-03
4.208333333333333037e+00 1.061054128470987568e+00 9.739058366376297880e-04
4.229166666666666075e+00 1.067650975100185251e+00 2.965328289381883946e-04
4.250000000000000000e+00 1.070603454139603450e+00 5.951899807911113414e-05
4.270833333333333037e+00 1.070036119102416361e+00 6.147904071480556542e-04
4.291666666666666075e+00 1.062214646773931293e+00 -4.684339069730327886e-04
4.312500000000000000e+00 1.059842681920518226e+00 -9.805833492056938074e-04
4.333333333333333037e+00 1.066573101876894025e+00 -4.638933500844815848e-04
4.354166666666666075e+00 1.082587283893522434e+00 -8.015808665340490302e-04
4.375000000000000000e+00 1.088473013626358066e+00 -1.274326249121104492e-03
4.395833333333333037e+00 1.081476215048598366e+00 5.295810166871678121e-04
4.416666666666666075e+00 1.070618009940675686e+00 -1.311404759153626852e-03
4.437500000000000000e+00 1.055919146074909776e+00 -1.186277948581332528e-03
4.458333333333333037e+00 1.056029713096326095e+00 -8.059011165186122849e-04
4.479166666666666075e+00 1.057151299725035187e+00 2.327729633491607431e-03
4.500000000000000000e+00 1.066675483098808330e+00 1.337862880601771887e-04
4.520833333333333037e+00 1.069030121092655605e+00 -1.233637040056951781e-03
4.541666666666666075e+00 1.072230724827111681e+00 -2.658346359151395597e-04
4.562500000000000000e+00 1.069427749351313128e+00 -8.119278540320662516e-04
4.583333333333333037e+00 1.064085231240411211e+00 2.711644836113487290e-04
4.604166666666666075e+00 1.052524554913442989e+00 -8.652470043252547590e-04
4.625000000000000000e+00 1.052380605389581669e+00 4.902939487134819229e-05
4.645833333333333037e+00 1.052423510953773622e+00 1.280031989254365107e-03
4.666666666666666075e+00 1.048049403432117277e+00 2.332755051036239629e-03
4.687500000000000000e+00 1.050784164384254815e+00 2.349513114142270682e-04
4.708333333333333037e+00 1.047923106614416344e+00 1.978534106443407582e-03
4.729166666666666075e+00 1.053548457688064710e+00 -2.204205667012322425e-03
4.750000000000000000e+00 1.066327608163335272e+00 1.193580502472022615e-03
4.770833333333333037e+00 1.072800580013743010e+00 -7.512871076111288888e-04
4.791666666666666075e+00 1.086529552354996486e+00 6.708128298486509648e-04
4.812500000000000000e+00 1.077517817445719395e+00 1.076509596059734139e-03
4.833333333333333037e+00 1.070173490705236041e+00 -1.004572005919981319e-03
4.854166666666666075e+00 1.054782626494412234e+00 7.361399211924070981e-04
4.875000000000000000e+00 1.053420410192164258e+00 -1.572332702686748214e-04
4.895833333333333037e+00 1.049780502463598220e+00 -2.405093682039258912e-03
4.916666666666666075e+00 1.042778005515189399e+00 -5.648244431375267936e-04
4.937500000000000000e+00 1.036301669832479178e+00 -9.530441355732889282e-04
4.958333333333333037e+00 1.029244831462118759e+00 -2.203381756243241989e-03
4.979166666666666075e+00 1.030334872552575831e+00 -5.551850189168553102e-04
5.000000000000000000e+00 1.032634788983079588e+00 -4.841484956764124589e-04
5.020833333333333037e+00 1.038837951477285193e+00 -5.761055288487062966e-04
5.041666666666666075e+00 1.030597464162717358e+00 1.144011507856884701e-03
5.062500000000000000e+00 1.012852933907937070e+00 1.425991179548215639e-03
5.083333333333333037e+00 1.008286930268491588e+00 -2.304040796036544228e-04
5.104166666666666075e+00 1.004564846861643046e+00 5.508479221166766695e-04
5.125000000000000000e+00 1.003742988582412066e+00 2.607011226290751444e-04
5.145833333333333037e+00 1.007930857787386447e+00 1.952005713629174346e-03
5.166666666666666075e+00 1.009075795002446041e+00 3.026842127907050233e-05
5.187500000000000000e+00 1.014946650629423130e+00 -6.047521554075979024e-06
5.208333333333333037e+00 1.022793922165373459e+00 -3.841606695666959057e-04
5.229166666666666075e+00 1.043761590633650149e+00 1.497839276570064534e-03
5.250000000000000000e+00 1.060633443375639473e+00 -1.371600082537213772e-03
5.270833333333333037e+00 1.072228358298682016e+00 -8.111048059500184119e-04
5.291666666666666075e+00 1.083071048641428336e+00 -1.225108492520596499e-03
5.312500000000000000e+00 1.079485054371369213e+00 1.622877624011618853e-03
5.333333333333333037e+00 1.065541102107990135e+00 2.351894400726687283e-03
5.354166666666666075e+00 1.061812904606792785e+00 6.953838943390486119e-04
5.375000000000000000e+00 1.056081532829965086e+00 -6.184688878359824145e-04
5.395833333333333037e+00 1.052246539188624208e+00 6.125723681327883887e-04
5.416666666666666075e+00 1.053492590059537992e+00 -1.583779729523765402e-03
5.437500000000000000e+00 1.061376280710068842e+00 9.607542895496888830e-04
5.458333333333333037e+00 1.058503749498568514e+00 2.813646261541347116e-03
5.479166666666666075e+00 1.064986343389157541e+00 6.740828018179105714e-04
5.500000000000000000e+00 1.061729068165802037e+00 4.177398900177419936e-04
5.520833333333333037e+00 1.073759171850328542e+00 -1.606549320105194823e-03
5.541666666666666075e+00 1.085887513385244363e+00 1.560999375220777606e-03
5.562500000000000000e+00 1.083804941369394870e+00 7.053763341614544382e-04
5.583333333333333037e+00 1.086046738922596733e+00 2.805518934266577197e-04
5.604166666666666075e+00 1.076417561194488171e+00 -1.044472691019341206e-03
5.625000000000000000e+00 1.075577015488300203e+00 3.621780093438951788e-04
5.645833333333333037e+00 1.076913070537902861e+00 -1.930190430043916090e-03
5.666666666666666075e+00 1.077913700842872746e+00 1.527759704959096368e-03
5.687500000000000000e+00 1.071553153859168495e+00 2.280084857118229783e-04
5.708333333333333037e+00 1.059726521698347135e+00 -2.589769497232449346e-04
5.729166666666666075e+00 1.056447910673503632e+00 -3.280403290487208709e-04
5.750000000000000000e+00 1.063056031351707675e+00 4.358772858494947239e-04
5.770833333333333037e+00 1.067245734501627963e+00 -2.533428781453969138e-03
5.791666666666666075e+00 1.075917903448915469e+00 5.387934003426624258e-04
5.812500000000000000e+00 1.073170890143636980e+00 -2.064981706857402059e-03
5.833333333333333037e+00 1.062638781060551318e+00 1.536535888268558594e-04
5.854166666666666075e+00 1.060687954826155410e+00 2.312446462011707765e-04
5.875000000000000000e+00 1.061188117370736261e+00 -1.116822949571118087e-03
5.895833333333333037e+00 1.054157060326242012e+00 -1.261871384208147035e-04
5.916666666666666075e+00 1.050366588690047953e+00 -1.156529888313436154e-03
5.937500000000000000e+00 1.031117381825303880e+00 1.086481089921881825e-03
5.958333333333333037e+00 1.022091357422600044e+00 -3.534626962198570191e-04
5.979166666666666075e+00 1.006698451496984115e+00 -1.623430047343920810e-03
6.000000000000000000e+00 9.625898046865463131e-01 -1.013782010965462227e-03
6.020833333333333037e+00 9.119592764217594461e-01 -2.874011404832498245e-04
6.041666666666666075e+00 8.448420679345534090e-01 5.753270975043881110e-05
6.062500000000000000e+00 7.796763443164620444e-01 8.075904459398516530e-05
6.083333333333333037e+00 7.297600927912379909e-01 1.162525457728430869e-03
6.104166666666666075e+00 7.228630726716891441e-01 2.525874971777016930e-03
6.125000000000000000e+00 7.585360209228885209e-01 5.081801381559142565e-05
6.145833333333333037e+00 8.197225616940205795e-01 -8.794021555136734931e-04
6.166666666666666075e+00 8.909494461634713813e-01 2.088101143911903421e-03
6.187500000000000000e+00 9.650402380231678512e-01 2.119720303575186107e-03
6.208333333333333037e+00 1.027531909029038681e+00 -1.027862178425839254e-03
6.229166666666666075e+00 1.045191456248579343e+00 2.885438748622905138e-03
6.250000000000000000e+00 1.049079971215911122e+00 -3.431799240375311586e-04
6.270833333333333037e+00 1.039759472913338145e+00 1.071928860007569269e-03
6.291666666666666075e+00 1.042071834075593451e+00 -2.457362431789235271e-03
6.312500000000000000e+00 1.053719602139629563e+00 -3.865646106638711351e-04
6.333333333333333037e+00 1.064847351975637624e+00 1.450805861084322008e-03
6.354166666666666075e+00 1.072321459527201037e+00 -1.820078754589390469e-03
6.375000000000000000e+00 1.075329818371475676e+00 -8.733976865908292617e-04
6.395833333333333037e+00 1.075351217209366661e+00 1.191935912513988286e-03
6.416666666666666075e+00 1.075885355099090113e+00 2.189822118889200636e-04
6.437500000000000000e+00 1.075066430884181079e+00 -7.192429752940002739e-05
6.458333333333333037e+00 1.069733087929467752e+00 -5.241872195055060713e-04
6.479166666666666075e+00 1.061371666162069127e+00 -2.039007805817870563e-04
6.500000000000000000e+00 1.065103517479452977e+00 2.115817365250181967e-03
6.520833333333333037e+00 1.076325984033233762e+00 -1.777893692199531697e-04
6.541666666666666075e+00 1.090372397981639763e+00 4.532849096082540398e-04
6.562500000000000000e+00 1.094615591654185760e+00 9.225781080802479463e-04
6.583333333333333037e+00 1.096572644984735279e+00 1.482503074009606202e-03
6.604166666666666075e+00 1.093924698045995791e+00 -1.094639051785198641e-03
6.625000000000000000e+00 1.092461873443431930e+00 -2.568639611866773125e-05
6.645833333333333037e+00 1.089789217964964418e+00 -1.872466045960366520e-03
6.666666666666666075e+00 1.078489748343887555e+00 9.810830212002188792e-04
6.687500000000000000e+00 1.069414836453015605e+00 -2.287384854129734767e-03
6.708333333333333037e+00 1.057781311275703517e+00 -2.519849969641399946e-03
6.729166666666666075e+00 1.048900247869442470e+00 -4.680936112200837071e-04
6.750000000000000000e+00 1.052450734180695902e+00 1.522241455134286023e-04
6.770833333333333037e+00 1.065151641850453412e+00 -5.201468775977947587e-04
6.791666666666666075e+00 1.065295172755707176e+00 1.574424447049513722e-04
6.812500000000000000e+00 1.081957657262523131e+00 3.397009552678794102e-04
6.833333333333333037e+00 1.083465850379259576e+00 -2.107625934978839700e-03
6.854166666666666075e+00 1.080726191468216690e+00 1.661415067754459449e-03
6.875000000000000000e+00 1.082889958455512724e+00 6.447616007667563180e-04
6.895833333333333037e+00 1.070974516439821445e+00 6.778055874901194522e-04
6.916666666666666075e+00 1.070270778670337375e+00 1.232999018226225681e-03
6.937500000000000000e+00 1.065407758362401092e+00 1.847266128524956705e-03
6.958333333333333037e+00 1.075596416652041754e+00 -1.762003774259255501e-03
6.979166666666666075e+00 1.069809234355533434e+00 -1.839379580800969583e-04
7.000000000000000000e+00 1.066222465157351751e+00 -3.813294017550866851e-04
7.020833333333333037e+00 1.053271956141000221e+00 -1.144568561842604880e-03
7.041666666666666075e+00 1.045078762261543392e+00 1.786984672082703434e-03
7.062500000000000000e+00 1.048572231968465607e+00 3.305493336543182271e-03
7.083333333333333037e+00 1.068530656535024326e+00 7.964463240764356336e-04
7.104166666666666075e+00 1.072507775570912036e+00 -3.529147056291261097e-04
7.125000000000000000e+00 1.079893606154653352e+00 1.611010983036419478e-04
7.145833333333333037e+00 1.076167438299993284e+00 1.093366114032029825e-03
7.166666666666666075e+00 1.069176490920283218e+00 1.954706489077571963e-04
7.187500000000000000e+00 1.061787865058494651e+00 -2.666670155087809673e-03
7.208333333333333037e+00 1.052588878726219868e+00 7.220968156299663234e-04
7.229166666666666075e+00 1.056187746691918061e+00 -1.499037692187141473e-04
7.250000000000000000e+00 1.063165353615103781e+00 1.415562909321387485e-03
7.270833333333333037e+00 1.070056141630620017e+00 1.404274614855840998e-03
7.291666666666666075e+00 1.074094333848832239e+00 -8.548314042719415678e-04
7.312500000000000000e+00 1.076778898376300475e+00 2.275599336212431704e-03
7.333333333333333037e+00 1.076324034879245772e+00 -1.502537815195191919e-03
7.354166666666666075e+00 1.072736512717724633e+00 -4.185348115011076051e-04
7.375000000000000000e+00 1.077612263010411020e+00 -2.392670588122263083e-03
7.395833333333333037e+00 1.080951740237148018e+00 -3.171134002260263523e-03
7.416666666666666075e+00 1.075725613327743968e+00 8.617986635487906119e-05
7.437500000000000000e+00 1.061856801018279617e+00 1.957740580086435832e-03
7.458333333333333037e+00 1.043092547646438994e+00 -1.962621065156672055e-03
7.479166666666666075e+00 1.035538994588418582e+00 -1.735167524444120317e-04
7.500000000000000000e+00 1.048797062408158620e+00 1.078433482113683997e-03
7.520833333333333037e+00 1.061649043557263639e+00 -1.972930761041455025e-03
7.541666666666666075e+00 1.075095860066602738e+00 -1.592387102577666859e-03
7.562500000000000000e+00 1.077584573632364373e+00 1.272077115027740951e-03
7.583333333333333037e+00 1.066513803366857971e+00 -6.616495245776648831e-04
7.604166666666666075e+00 1.059683360242492656e+00 -6.433918985707337643e-04
7.625000000000000000e+00 1.059465380580293603e+00 -1.282803085160326168e-03
7.645833333333333037e+00 1.064837154999536795e+00 -6.997605023764989166e-05
7.666666666666666075e+00 1.076147868877883385e+00 7.195710279039472862e-05
7.687500000000000000e+00 1.069690576169964880e+00 -7.549299280486683993e-04
7.708333333333333037e+00 1.075373681587430630e+00 1.898482605619343034e-03
7.729166666666666075e+00 1.076157293286472694e+00 -1.394143873628894085e-04
7.750000000000000000e+00 1.064141913229334602e+00 -9.795394490798795938e-04
7.770833333333333037e+00 1.056295537625039138e+00 1.269226739337932274e-03
7.791666666666666075e+00 1.045360009109521648e+00 1.141125651409826168e-04
7.812500000000000000e+00 1.041281811711762817e+00 5.435453174032411558e-04
7.833333333333333037e+00 1.041389808750566415e+00 -4.619622384000479729e-04
7.854166666666666075e+00 1.038041553748768386e+00 2.915024451628405789e-04
7.875000000000000000e+00 1.038737185830179932e+00 9.575152775719992767e-04
7.895833333333333037e+00 1.040950658288373409e+00 -2.293746763935486637e-03
7.916666666666666075e+00 1.047795724918810789e+00 -1.520337620935209794e-04
7.937500000000000000e+00 1.046264654800298954e+00 -8.410635162677805544e-04
7.958333333333333037e+00 1.036630768409376957e+00 -2.436748419292708058e-03
7.979166666666666075e+00 1.026233843498236764e+00 2.110304920163598007e-03
8.000000000000000000e+00 1.009939103632302215e+00 -1.963081152524075439e-04
8.020833333333332149e+00 1.003831978275238290e+00 1.818182320954561323e-03
8.041666666666666075e+00 9.966776992274132274e-01 -6.294934971518982743e-04
8.062500000000000000e+00 9.966826235960034586e-01 9.541825247639608345e-04
8.083333333333332149e+00 1.004585008566248217e+00 -3.558721884628681113e-04
8.104166666666666075e+00 1.012660574048056983e+00 -5.687914664160492522e-04
8.125000000000000000e+00 1.030073375402188463e+00 -2.287231883585725233e-03
8.145833333333332149e+00 1.051353401755551698e+00 6.461035485542128811e-04
8.166666666666666075e+00 1.073200093646149433e+00 5.483820936192706835e-04
8.187500000000000000e+00 1.084071572171239506e+00 -6.942443263405524570e-04
8.208333333333332149e+00 1.087634680225586958e+00 -1.240112532004662588e-05
8.229166666666666075e+00 1.077357395838176579e+00 1.324698769578502074e-03
8.250000000000000000e+00 1.071154341273692578e+00 -3.401811150865525395e-05
8.270833333333332149e+00 1.075416690104041839e+00 1.166945092156492468e-03
8.291666666666666075e+00 1.074229890003464138e+00 -2.765116758898209220e-03
8.312500000000000000e+00 1.070719791763531381e+00 -8.620371955869526263e-05
8.333333333333332149e+00 1.057983603224702085e+00 -3.708924890825195727e-05
8.354166666666666075e+00 1.049855823877334782e+00 -4.181876180319854378e-04
8.375000000000000000e+00 1.052409971022503221e+00 2.513617294289718354e-04
8.395833333333332149e+00 1.053838679053151095e+00 -7.447292600104912915e-04
8.416666666666666075e+00 1.061886780090207649e+00 2.263202479241202948e-04
8.437500000000000000e+00 1.059570131202665966e+00 4.519706052255463807e-04
8.458333333333332149e+00 1.056647147440319623e+00 9.488303983626653450e-04
8.479166666666666075e+00 1.055873974694630180e+00 2.022968490771068304e-03
8.500000000000000000e+00 1.056551590273243635e+00 -8.782392116865848789e-04
8.520833333333332149e+00 1.053738685735176039e+00 1.815460093512439406e-03
8.541666666666666075e+00 1.044713098760110093e+00 -2.142564671428491812e-03
8.562500000000000000e+00 1.039922148295656879e+00 -1.179431941224602046e-03
8.583333333333332149e+00 1.036633013927405811e+00 8.124541934752570801e-04
8.604166666666666075e+00 1.036674971887867835e+00 2.754121405309263148e-03
8.625000000000000000e+00 1.042819995970688751e+00 -5.656858815599897367e-04
8.645833333333332149e+00 1.060920859235746860e+00 -4.464416460588831528e-04
8.666666666666666075e+00 1.080867823592256638e+00 5.385724510262502760e-04
8.687500000000000000e+00 1.090003215128400704e+00 5.683558701435209191e-04
8.708333333333332149e+00 1.099369921752685997e+00 -3.047680533254642360e-04
8.729166666666666075e+00 1.088204037916386868e+00 -3.366858778135376580e-04
8.750000000000000000e+00 1.081498840211879031e+00 -1.508082804643876050e-03
8.770833333333332149e+00 1.077491079892996417e+00 7.725253479116772582e-04
8.791666666666666075e+00 1.065808239413913450e+00 3.437445229361261990e-04
8.812500000000000000e+00 1.065973365986352395e+00 -1.570389172605167732e-03
8.833333333333332149e+00 1.045564034963248456e+00 -2.226299425556075781e-04
8.854166666666666075e+00 1.016891407379356016e+00 1.390651686439014264e-03
8.875000000000000000e+00 9.955296896057693745e-01 1.775542155824864693e-03
8.895833333333332149e+00 9.720734512523799831e-01 1.884919742361451699e-03
8.916666666666666075e+00 9.363190456879301182e-01 7.253095581276915692e-04
8.937500000000000000e+00 8.847446892566632748e-01 1.209360365657134381e-03
8.958333333333332149e+00 8.346047946775244641e-01 3.417031534781523651e-05
8.979166666666666075e+00 7.721397121334481195e-01 -1.000413112398472601e-03
9.000000000000000000e+00 7.380953883903005330e-01 1.185655117240059760e-03
9.020833333333332149e+00 7.439857860879882656e-01 -1.892142984478026313e-03
9.041666666666666075e+00 8.063659151197065666e-01 -3.913705726197633076e-05
9.062500000000000000e+00 8.889767668226362662e-01 1.713966832089193265e-04
9.083333333333332149e+00 9.657175562400545088e-01 3.598139535250287433e-04
9.104166666666666075e+00 1.022760415566200010e+00 -7.487192526092489604e-04
9.125000000000000000e+00 1.056110827691493892e+00 -9.057002940447503867e-05
9.145833333333332149e+00 1.057590568191067781e+00 1.915555625057692663e-03
9.166666666666666075e+00 1.055160952867045143e+00 1.722159125009380468e-03
9.187500000000000000e+00 1.056949390231966879e+00 1.031889368459478666e-03
9.208333333333332149e+00 1.060814922898271950e+00 -4.689877675190644453e-04
9.229166666666666075e+00 1.066891025088345435e+00 1.088777605937968828e-03
9.250000000000000000e+00 1.063901172077472479e+00 6.965824732856837082e-04
9.270833333333332149e+00 1.065502817338125130e+00 1.521039223441166032e-03
9.291666666666666075e+00 1.067950442919344267e+00 -1.843475195712654217e-03
9.312500000000000000e+00 1.063416011353437218e+00 -1.184135010061191035e-03
9.333333333333332149e+00 1.063599332679254106e+00 5.862560466915466310e-04
9.354166666666666075e+00 1.067412605765173383e+00 -4.813099881258271697e-04
9.375000000000000000e+00 1.077139322544792943e+00 -1.616677407758054059e-03
9.395833333333332149e+00 1.069369740934348112e+00 9.430215275428885466e-04
9.416666666666666075e+00 1.062332904678980672e+00 4.607996137567218413e-04
9.437500000000000000e+00 1.048002242433389686e+00 -2.488025452879772358e-03
9.458333333333332149e+00 1.043562865944080764e+00 1.223737682000468384e-03
9.479166666666666075e+00 1.041471715955659905e+00 8.044103257589656783e-04
9.500000000000000000e+00 1.047555572272635072e+00 -2.490017805351570123e-04
9.520833333333332149e+00 1.057550511117134162e+00 -3.536695628386013598e-05
9.541666666666666075e+00 1.071762832423130529e+00 1.592164226640215138e-03
9.562500000000000000e+00 1.082220814548339627e+00 -6.511386324473989210e-04
9.583333333333332149e+00 1.085487949486463322e+00 5.107832916015169860e-05
9.604166666666666075e+00 1.077394809968214240e+00 1.087828208882795928e-03
9.625000000000000000e+00 1.064981748612538803e+00 6.047096087891284163e-04
9.645833333333332149e+00 1.060459354720049596e+00 1.127765499842997695e-03
9.666666666666666075e+00 1.060461112591273514e+00 1.727160196971806424e-03
9.687500000000000000e+00 1.073876998138657113e+00 -7.785426614710537268e-04
9.708333333333332149e+00 1.077322853267756342e+00 9.109641286813461789e-04
9.729166666666666075e+00 1.074563500458185494e+00 3.656313738867930500e-04
9.750000000000000000e+00 1.069634649092629841e+00 9.856321372896800163e-04
9.770833333333332149e+00 1.061433638903444221e+00 1.135940624931165840e-03
9.791666666666666075e+00 1.066125850158594179e+00 -1.575895415007570960e-03
9.812500000000000000e+00 1.076928290214770323e+00 -1.476156624195190713e-03
9.833333333333332149e+00 1.087463841344731064e+00 1.633199065176498639e-03
9.854166666666666075e+00 1.079386551279756912e+00 1.900784373632076539e-04
9.875000000000000000e+00 1.069448456965582217e+00 1.793465564625240768e-04
9.895833333333332149e+00 1.062243352026156273e+00 -6.838914888618732662e-05
9.916666666666666075e+00 1.061515887165125571e+00 9.580804256474052772e-04
9.937500000000000000e+00 1.066047252054874495e+00 4.062198733220900816e-04
9.958333333333332149e+00 1.078651865151263545e+00 -4.155826270563791041e-04
9.979166666666666075e+00 1.085573392417336969e+00 3.093696995513159267e-03
1.000000000000000000e+01 1.083472495607514574e+00 -4.716037696112128298e-04
1.002083333333333215e+01 1.076395347866152985e+00 1.393406064201033190e-03
1.004166666666666607e+01 1.066673714860455924e+00 3.888946441024135293e-04
1.006250000000000000e+01 1.062864208585372339e+00 3.025485642008866167e-04
1.008333333333333215e+01 1.052533238613606148e+00 1.694817449991145846e-03
1.010416666666666607e+01 1.062145491834394218e+00 -5.421861343939656311e-04
1.012500000000000000e+01 1.068530242354013282e+00 1.003089993363792459e-03
1.014583333333333215e+01 1.067895085626760165e+00 1.866396996964327050e-03
1.016666666666666607e+01 1.070719249344862289e+00 -1.126382736337772864e-04
1.018750000000000000e+01 1.063455323823635945e+00 -1.418484233024219299e-03
1.020833333333333215e+01 1.066022096053786061e+00 -4.757934854563578551e-04
1.022916666666666607e+01 1.065343780183412470e+00 3.523077972430509815e-04
1.025000000000000000e+01 1.064551612060165464e+00 -3.258072719610663579e-04
1.027083333333333215e+01 1.067213833392556932e+00 8.392218390230098352e-04
1.029166666666666607e+01 1.067576934060703309e+00 -1.792211636701128170e-03
1.031250000000000000e+01 1.063782497047572217e+00 -1.928047918973109856e-03
1.033333333333333215e+01 1.060370286610555324e+00 -1.162325632431818146e-03
1.035416666666666607e+01 1.064694130604865618e+00 4.640459601256946131e-04
1.037500000000000000e+01 1.060412339850752339e+00 2.085813828320361195e-04
1.039583333333333215e+01 1.060069124382031269e+00 -2.167829257428296422e-04
1.041666666666666607e+01 1.056935411502835542e+00 -1.275097685046832187e-03
1.043750000000000000e+01 1.071315489994102199e+00 -8.511896835076533880e-04
1.045833333333333215e+01 1.088346238644149144e+00 3.581607960786967778e-04
1.047916666666666607e+01 1.086799755019598468e+00 6.087638732055593044e-04
1.050000000000000000e+01 1.088888936343595182e+00 5.079977768252176589e-05
1.052083333333333215e+01 1.070936079446900058e+00 6.962528727553471191e-04
1.054166666666666607e+01 1.059318335822071244e+00 -1.769583909544259490e-03
1.056250000000000000e+01 1.055351827094534789e+00 8.867552977212265000e-04
1.058333333333333215e+01 1.056537147225178996e+00 -1.421492188277086307e-03
1.060416666666666607e+01 1.062390786459617598e+00 2.259357554026714837e-04
1.062500000000000000e+01 1.060873657567847461e+00 -2.478376063123369395e-03
1.064583333333333215e+01 1.064539447666363214e+00 7.449653090916740156e-04
1.066666666666666607e+01 1.070620271838538473e+00 -1.485633177149951051e-03
1.068750000000000000e+01 1.078821306874838015e+00 1.664788941152317266e-03
1.070833333333333215e+01 1.085042764094424017e+00 -5.235631273018911437e-04
1.072916666666666607e+01 1.088531310360597804e+00 1.404361893141562031e-03
1.075000000000000000e+01 1.074660395399911650e+00 1.700069184364931324e-03
1.077083333333333215e+01 1.065912682308342907e+00 -2.406154998481555007e-03
1.079166666666666607e+01 1.044344555317660683e+00 9.187753737655424266e-04
1.081250000000000000e+01 1.024337012129308278e+00 -1.392271879676011117e-03
1.083333333333333215e+01 1.001186710661590373e+00 -2.968090529871219435e-04
1.085416666666666607e+01 9.946364538908667452e-01 -1.956021858319791605e-03
1.087500000000000000e+01 9.912710937341867590e-01 1.611706935154847732e-03
1.089583333333333215e+01 1.001354161217287597e+00 2.530637567056056268e-03
1.091666666666666607e+01 1.006342060088360357e+00 9.372775575319128132e-04
1.093750000000000000e+01 1.008717969310684248e+00 -2.467308329588892724e-04
1.095833333333333215e+01 1.008049457475938659e+00 3.531733020258268486e-05
1.097916666666666607e+01 1.010001017158007830e+00 -3.959035451745649640e-04
1.100000000000000000e+01 1.015839764561391689e+00 -1.816831335455440640e-03
1.102083333333333215e+01 1.028904303403233689e+00 -7.716104449148920852e-04
1.104166666666666607e+01 1.041726284780333689e+00 1.210133640827346872e-03
1.106250000000000000e+01 1.049074923662393299e+00 -4.181568330689747919e-04
1.108333333333333215e+01 1.059039065244661515e+00 -4.309168869104230254e-04
1.110416666666666607e+01 1.058850733725517745e+00 -1.727486065449808199e-03
1.112500000000000000e+01 1.050720945458287536e+00 4.169921766887516642e-04
1.114583333333333215e+01 1.035270501334643267e+00 7.334285740048655019e-04
1.116666666666666607e+01 1.018247070245895891e+00 -3.433061182051127484e-03
1.118750000000000000e+01 1.014466596792907849e+00 3.598165854061638642e-04
1.120833333333333215e+01 1.030793489840121646e+00 -2.448273135255402523e-05
1.122916666666666607e+01 1.051760360510897829e+00 1.082714775121111856e-04
1.125000000000000000e+01 1.068516089549139680e+00 -6.570435571057895103e-04
1.127083333333333215e+01 1.074356274617113138e+00 -5.552944923170917294e-04
1.129166666666666607e+01 1.080286801152460674e+00 -8.902140170592994601e-04
1.131250000000000000e+01 1.083796860895191116e+00 -1.045511590099744946e-03
1.133333333333333215e+01 1.091571226627144231e+00 5.433735750677820119e-05
1.135416666666666607e+01 1.085736003077223399e+00 -1.597142751743497275e-03
1.137500000000000000e+01 1.077933495005189313e+00 -9.733573768356468866e-04
1.139583333333333215e+01 1.062069233271323743e+00 1.477569338173137905e-03
1.141666666666666607e+01 1.052395067930851580e+00 4.428584904363191678e-05
1.143750000000000000e+01 1.049121523687008395e+00 -5.120367684089919278e-04
1.145833333333333215e+01 1.046513166349019919e+00 2.188540951441671645e-03
1.147916666666666607e+01 1.055325350957266650e+00 5.375740063519280032e-05
1.150000000000000000e+01 1.067516169363133871e+00 -1.139890251331446497e-03
1.152083333333333215e+01 1.083771576447154272e+00 -2.007419355906183193e-04
1.154166666666666607e+01 1.097868225471883230e+00 4.060053875312205195e-04
1.156250000000000000e+01 1.103834363659969009e+00 -8.330453789592223506e-05
1.158333333333333215e+01 1.096976419214587661e+00 1.956603331575234130e-04
1.160416666666666607e+01 1.093125428884196282e+00 -9.932556260094601609e-04
1.162500000000000000e+01 1.085084153295415188e+00 1.119224982709124405e-03
1.164583333333333215e+01 1.086468300758213434e+00 -2.240217025882664144e-03
1.166666666666666607e+01 1.084603091393970375e+00 -6.986506874655395603e-04
1.168750000000000000e+01 1.074347865619510678e+00 -1.111452308031417400e-03
1.170833333333333215e+01 1.062130538607305219e+00 6.902573255965150289e-04
1.172916666666666607e+01 1.041900669234558485e+00 1.670995065042858458e-03
1.175000000000000000e+01 1.015148899790146775e+00 1.377103827341303287e-03
1.177083333333333215e+01 1.010374270768134020e+00 -2.226438392268921518e-04
1.179166666666666607e+01 1.008540259907811043e+00 1.931793864067259375e-03
1.181250000000000000e+01 9.827144874561445365e-01 -1.303225033782144269e-04
1.183333333333333215e+01 9.424223991085256547e-01 -3.906058730742164708e-04
1.185416666666666607e+01 8.878546329615287780e-01 2.941785368010635350e-04
1.187500000000000000e+01 8.189379929780437051e-01 9.861001172586630198e-04
1.189583333333333215e+01 7.627902189426077895e-01 -8.417860337796652295e-04
1.191666666666666607e+01 7.437963946467547327e-01 8.226269368891490734e-04
1.193750000000000000e+01 7.653504583637529279e-01 -7.046900386893075125e-04
1.195833333333333215e+01 8.102327841954687360e-01 -8.811524618602008642e-04
1.197916666666666607e+01 8.837051592191884630e-01 1.099639188213636496e-05
1.200000000000000000e+01 9.533866496205843921e-01 -2.379486794105850189e-03
1.202083333333333215e+01 9.968076171087507653e-01 -1.870989413019070752e-03
1.204166666666666607e+01 1.017221276883307990e+00 -2.006229765566548522e-03
1.206250000000000000e+01 1.022682142713484454e+00 -2.310315425676083209e-03
1.208333333333333215e+01 1.034219692334098939e+00 1.590316725353079722e-03
1.210416666666666607e+01 1.048463703173438955e+00 1.000055963722030041e-03
1.212500000000000000e+01 1.055683999117648320e+00 6.786550491189790799e-04
1.214583333333333215e+01 1.058720452360036424e+00 -1.568642791937149215e-05
1.216666666666666607e+01 1.050146578803483388e+00 4.550136635070990243e-04
1.218750000000000000e+01 1.044326431952349532e+00 6.391894299876419230e-04
1.220833333333333215e+01 1.044290522723690717e+00 -1.023868263777012646e-03
1.222916666666666607e+01 1.046052029155203567e+00 2.753886588408487393e-04
1.225000000000000000e+01 1.048985350034098651e+00 -2.810887222454246624e-03
1.227083333333333215e+01 1.058410930504108949e+00 1.555618878972331266e-03
1.229166666666666607e+01 1.073941014319965692e+00 9.771873527488375935e-05
1.231250000000000000e+01 1.078203722463701109e+00 -4.282207395133186267e-04
1.233333333333333215e+01 1.084582127243531424e+00 -8.824581966175066997e-04
1.235416666666666607e+01 1.080071963281449499e+00 -3.125123167241481131e-03
1.237500000000000000e+01 1.071806346917755670e+00 -6.269224267037358479e-04
1.239583333333333215e+01 1.074634241036131366e+00 7.384633007001653636e-04
1.241666666666666607e+01 1.082192867444167428e+00 3.758731268107421753e-04
1.243750000000000000e+01 1.092723467779901370e+00 -1.855149541203501883e-03
1.245833333333333215e+01 1.086690561618241846e+00 5.635735975466268097e-04
1.247916666666666607e+01 1.068872036859333186e+00 1.738360253364180973e-03
1.452083333333333215e+01 1.078624048109154687e+00 1.041440986023322267e-03
1.454166666666666607e+01 1.068251738417788754e+00 1.641231665564387831e-03
1.456250000000000000e+01 1.056308172354758046e+00 9.042327691028604307e-04
1.458333333333333215e+01 1.052332694839295479e+00 1.201596067453304748e-03
1.460416666666666607e+01 1.047862521951081094e+00 -1.510928424786135010e-03
1.462500000000000000e+01 1.030458705961251331e+00 -8.675201573330148771e-04
1.464583333333333215e+01 1.020345272596786756e+00 -2.431948269349166851e-03
1.466666666666666607e+01 1.016827438775930847e+00 1.067263788280930700e-03
1.468750000000000000e+01 1.012955652796417638e+00 3.592128429740062208e-04
1.470833333333333215e+01 1.001645435278622820e+00 3.468612023892225804e-04
1.472916666666666607e+01 9.625485620194793590e-01 -6.808566133515081206e-04
1.475000000000000000e+01 8.944604099855946178e-01 5.236520029613952283e-04
1.477083333333333215e+01 8.189181857808497389e-01 -1.150634674710077727e-03
1.479166666666666607e+01 7.481030782498151455e-01 -5.781915200026757195e-04
1.481250000000000000e+01 7.125201272577011968e-01 -2.035873196867780000e-03
1.483333333333333215e+01 7.300052189440486838e-01 -2.277260780885791765e-04
1.485416666666666607e+01 7.890759106052587235e-01 -1.350074363504165939e-03
1.487500000000000000e+01 8.569085499856975430e-01 4.381255191438895901e-04
1.489583333333333215e+01 9.221374339715098234e-01 1.502776995072291431e-03
1.491666666666666607e+01 9.797705987741629485e-01 -1.830611244419637742e-03
1.493750000000000000e+01 1.012565115716201669e+00 -9.670209465684784060e-04
1.495833333333333215e+01 1.021251916044984442e+00 2.504396241014216168e-04
1.497916666666666607e+01 1.035923647647898793e+00 -7.327313068591307993e-04
1.500000000000000000e+01 1.058664599494840486e+00 4.000143712483117918e-04
1.502083333333333215e+01 1.076131771203398646e+00 1.011274114004346973e-04
1.504166666666666607e+01 1.087587511706694432e+00 -1.448853747469674210e-03
1.506250000000000000e+01 1.091682523898742652e+00 7.318606737871019346e-04
1.508333333333333215e+01 1.075575145000227106e+00 -1.639819014778874347e-03
1.510416666666666607e+01 1.067433605950189435e+00 3.399063710151899436e-03
1.512500000000000000e+01 1.060869716691879461e+00 4.722115588794497678e-04
1.514583333333333215e+01 1.063738073368066805e+00 1.813084692603751793e-05
1.516666666666666607e+01 1.070106674140503200e+00 -4.523573755572198908e-04
1.518750000000000000e+01 1.074318099320856978e+00 4.104980222386253011e-04
1.520833333333333215e+01 1.070691357565095370e+00 9.217257929212753801e-04
1.522916666666666607e+01 1.064550990775009920e+00 4.901631938367079179e-04
1.525000000000000000e+01 1.059109052996731526e+00 -2.817206801370663455e-03
1.527083333333333215e+01 1.061254791497952210e+00 -1.420033178716660410e-03
1.529166666666666607e+01 1.062727376478216579e+00 2.701424676995278182e-05
1.531250000000000000e+01 1.063010426012597209e+00 -2.223719766969367497e-04
1.533333333333333215e+01 1.066554869256755023e+00 1.307636964617338196e-04
1.535416666666666607e+01 1.077799327261811380e+00 -1.539736405869998950e-03
1.537500000000000000e+01 1.079044484052807951e+00 -2.246378892391974382e-03
1.539583333333333215e+01 1.088501418483346583e+00 5.997096748586399186e-04
1.541666666666666607e+01 1.083917917293475197e+00 1.095342754836453126e-03
1.543750000000000000e+01 1.082151001047593653e+00 -2.429156980210543833e-03
1.545833333333333215e+01 1.088339088254753229e+00 1.207200115707944164e-03
1.547916666666666607e+01 1.094579617184537446e+00 9.081535213800272363e-04
1.550000000000000000e+01 1.092323202951530181e+00 -6.095741775940153418e-05
1.552083333333333215e+01 1.085363209788972050e+00 4.653023762299995860e-04
1.554166666666666607e+01 1.076712969580082113e+00 -1.066845922454193836e-03
1.556250000000000000e+01 1.061999508681980453e+00 -1.098358423470969760e-04
1.558333333333333215e+01 1.057844250814111042e+00 -5.005862312751117133e-04
1.560416666666666607e+01 1.058376191873666938e+00 -2.691028198062649871e-03
1.562500000000000000e+01 1.062032568252699871e+00 -1.689376814108861950e-03
1.564583333333333215e+01 1.068997265176605316e+00 -2.367021423713506687e-04
1.566666666666666607e+01 1.069820262054603566e+00 4.501627248935771751e-04
1.568750000000000000e+01 1.072844329164639232e+00 8.791383518148778060e-04
1.570833333333333215e+01 1.069660472771650106e+00 -3.949312457081155872e-04
1.572916666666666607e+01 1.066190697518209607e+00 -9.052408269041570179e-05
1.575000000000000000e+01 1.067886317943639529e+00 -2.234408282061682832e-03
1.577083333333333215e+01 1.071879568336346900e+00 -1.107412710649106295e-03
1.579166666666666607e+01 1.084696519898976419e+00 -2.998399249941187221e-03
1.581250000000000000e+01 1.089039298677154655e+00 2.281436373777102119e-03
1.583333333333333215e+01 1.079153113734221403e+00 -2.529308210150534204e-03
1.585416666666666607e+01 1.068258409791885466e+00 -6.040626317537399698e-04
1.587500000000000000e+01 1.056588962236605811e+00 7.958521796184932521e-04
1.589583333333333215e+01 1.055597101510472591e+00 1.547045595201371410e-03
1.591666666666666607e+01 1.054220383110144876e+00 -1.755925502826896850e-03
1.593750000000000000e+01 1.066309381285611479e+00 -6.903958885800532937e-04
1.595833333333333215e+01 1.074451593348377143e+00 -2.983769559094225717e-04
1.597916666666666607e+01 1.075543879018821647e+00 3.007142849860521667e-04
1.600000000000000000e+01 1.070222109059988158e+00 -1.136152152705208803e-03
1.602083333333333215e+01 1.058649527360965292e+00 -4.856396356032690763e-04
1.604166666666666430e+01 1.054475213395525746e+00 2.009968361997657867e-04
1.606250000000000000e+01 1.046978773700665499e+00 -2.101997201639161077e-03
1.608333333333333215e+01 1.054544031496856382e+00 2.232444882598584156e-03
1.610416666666666430e+01 1.060574768876918483e+00 1.394351994143532090e-03
1.612500000000000000e+01 1.068342510182156202e+00 -2.124756934625793205e-03
1.614583333333333215e+01 1.068681577755294265e+00 -4.680830075805203017e-04
1.616666666666666430e+01 1.056620543326700856e+00 -6.859299943280041008e-04
1.618750000000000000e+01 1.048016142987036492e+00 2.126340624910374316e-03
1.620833333333333215e+01 1.049150646780331542e+00 8.001796212719882112e-04
1.622916666666666430e+01 1.047212645334747227e+00 -3.903111890030452132e-04
1.625000000000000000e+01 1.066115952101439390e+00 8.401789737437026593e-05
1.627083333333333215e+01 1.064393423596531107e+00 -2.627558202235800154e-04
1.629166666666666430e+01 1.065477499620067992e+00 -5.574163581877168533e-06
1.631250000000000000e+01 1.049578885950916307e+00 1.211793504846444018e-03
1.633333333333333215e+01 1.050050901330300102e+00 1.058946376459475201e-03
1.635416666666666430e+01 1.059385572689562682e+00 -1.986908965815396746e-03
1.637500000000000000e+01 1.067586167071194803e+00 9.699703593605472993e-04
1.639583333333333215e+01 1.079616251872966837e+00 -1.673552556218262230e-03
1.641666666666666430e+01 1.081288658221315258e+00 4.079045637250600705e-04
1.643750000000000000e+01 1.075822531648092273e+00 -1.914030679466705931e-03
1.645833333333333215e+01 1.062962475311534982e+00 -9.536745399287724313e-04
1.647916666666666430e+01 1.062711463778833965e+00 1.508073495552657685e-03
1.650000000000000000e+01 1.058926269105923357e+00 -6.678007047520366458e-04
1.652083333333333215e+01 1.067728502752231412e+00 8.368342479315498067e-04
1.654166666666666430e+01 1.078112920578135236e+00 4.199656825873712912e-04
1.656250000000000000e+01 1.079528597382914956e+00 -1.170242919495819269e-03
1.658333333333333215e+01 1.077452303476942541e+00 -2.641589558357844078e-03
1.660416666666666430e+01 1.056849402145433325e+00 1.790286325834094497e-04
1.662500000000000000e+01 1.030454300550652125e+00 5.830750943582321214e-04
1.664583333333333215e+01 1.013596178778017443e+00 -1.350518054331951198e-04
1.666666666666666430e+01 9.954666039296777846e-01 5.641590330740179341e-05
1.668750000000000000e+01 1.001368704077304717e+00 -8.223889493321359743e-04
1.670833333333333215e+01 1.006158337146126680e+00 3.826946244015851702e-04
1.672916666666666430e+01 1.005978961993603704e+00 -1.943710097527519666e-03
1.675000000000000000e+01 1.012022529702103046e+00 1.008586510076633176e-03
1.677083333333333215e+01 1.017459893690250805e+00 1.042060223303652730e-03
1.679166666666666430e+01 1.020512686755172149e+00 -4.299698131170229346e-05
1.681250000000000000e+01 1.032570364594679324e+00 -4.153069196410561761e-04
1.683333333333333215e+01 1.042803228318515796e+00 -1.167195433406215642e-03
1.685416666666666430e+01 1.056637106943393523e+00 -9.724490827665704116e-04
1.687500000000000000e+01 1.064027858387929015e+00 -7.050833142201859069e-04
1.689583333333333215e+01 1.065263680329560536e+00 2.153885692131127932e-04
1.691666666666666430e+01 1.056506546778322342e+00 3.235897594762436082e-04
1.693750000000000000e+01 1.041750652454303205e+00 1.291876926096704493e-03
1.695833333333333215e+01 1.035015650187403491e+00 -1.868159037029861261e-03
1.697916666666666430e+01 1.038114636911988908e+00 -1.010213689668875651e-03
1.700000000000000000e+01 1.063846077899764486e+00 4.436618032374719579e-04
1.702083333333333215e+01 1.088059455645503215e+00 -1.703776347669829720e-03
1.704166666666666430e+01 1.085697379971430454e+00 6.955023584373745855e-04
1.706250000000000000e+01 1.068600833567817210e+00 4.844122029396300357e-04
1.708333333333333215e+01 1.055135628321845598e+00 -1.969675476018281808e-03
1.710416666666666430e+01 1.051595353057696025e+00 1.233505920991611726e-03
1.712500000000000000e+01 1.057758819179734688e+00 1.373574320301995449e-03
1.714583333333333215e+01 1.065976512330105042e+00 7.591535400542550466e-04
1.716666666666666430e+01 1.070275326782814007e+00 -4.001514045886901336e-03
1.718750000000000000e+01 1.063577756149813203e+00 -2.108518960998806771e-04
1.720833333333333215e+01 1.060107055799180742e+00 1.531065669898360815e-03
1.722916666666666430e+01 1.061159512663832238e+00 7.349026744806892416e-04
1.725000000000000000e+01 1.063958745146719842e+00 -1.229613213611705641e-03
1.727083333333333215e+01 1.062240463248154132e+00 -4.296249315580816827e-04
1.729166666666666430e+01 1.066712914421601655e+00 5.773194558673653068e-04
1.731250000000000000e+01 1.074282422675417514e+00 3.208293436367934490e-03
1.733333333333333215e+01 1.073156719793475045e+00 3.677018010511918589e-04
1.735416666666666430e+01 1.071144139221799296e+00 -7.503838542025001576e-04
1.737500000000000000e+01 1.073525385776580299e+00 -1.270619710420244726e-03
1.739583333333333215e+01 1.072129999049662219e+00 1.084519333241561233e-03
1.741666666666666430e+01 1.080412888726550724e+00 1.174655319020099327e-03
1.743750000000000000e+01 1.083562004942733248e+00 -8.738722258924866123e-04
1.745833333333333215e+01 1.093176706239822771e+00 1.190527360718533854e-03
1.747916666666666430e+01 1.082853701294017368e+00 5.352923098267258362e-04
1.750000000000000000e+01 1.069352198148534772e+00 2.205697095155054362e-03
1.752083333333333215e+01 1.051612401383404283e+00 3.436260210827832306e-04
1.754166666666666430e+01 1.028699948135715303e+00 1.032273787392875945e-03
1.756250000000000000e+01 1.018814302802256488e+00 -1.554686286177815388e-03
1.758333333333333215e+01 1.011571591273642712e+00 -1.996685696309380472e-05
1.760416666666666430e+01 9.958353133255068990e-01 -9.738706096961943001e-04
1.762500000000000000e+01 9.799316677691045641e-01 -1.716965136721280440e-04
1.764583333333333215e+01 9.401469258050437761e-01 3.363732308697956657e-04
1.766666666666666430e+01 8.772151282219100565e-01 2.516492434204334978e-04
1.768750000000000000e+01 8.043108194209888095e-01 1.653321883495902653e-03
1.770833333333333215e+01 7.388034527728006839e-01 -3.162745022542902558e-04
1.772916666666666430e+01 7.176282581860051746e-01 1.440841683323871984e-04
1.775000000000000000e+01 7.478870753712588693e-01 -4.191590056253561409e-04
1.777083333333333215e+01 8.200673572359511443e-01 -5.910741969552936806e-04
1.779166666666666430e+01 8.956860035765806805e-01 1.877222117124804218e-03
1.781250000000000000e+01 9.631992696490386807e-01 -7.160303559847245409e-04
1.783333333333333215e+01 9.986321187744143790e-01 -2.495087613945361129e-03
1.785416666666666430e+01 1.020334099534008665e+00 -1.721938674851611556e-03
1.787500000000000000e+01 1.026735001236554368e+00 1.510680345034920262e-03
1.789583333333333215e+01 1.039844792983893873e+00 2.316869256549913738e-03
1.791666666666666430e+01 1.060257014482203219e+00 7.142960067658394143e-04
1.793750000000000000e+01 1.065383412708257982e+00 2.529479676635115401e-03
1.795833333333333215e+01 1.068848716882394578e+00 9.174914111856094750e-05
1.797916666666666430e+01 1.068455881490600889e+00 -8.477730667436106544e-04
1.800000000000000000e+01 1.072934501937846230e+00 -2.813992806480718873e-04
1.802083333333333215e+01 1.077774451392163213e+00 3.899164466953490842e-04
1.804166666666666430e+01 1.084736278311938751e+00 2.293583313235203047e-03
1.806250000000000000e+01 1.087968597538230053e+00 2.008964050774408785e-03
1.808333333333333215e+01 1.086858675621446668e+00 -6.705273999581525066e-04
1.810416666666666430e+01 1.075041757416075772e+00 -3.481822571980125566e-04
1.812500000000000000e+01 1.069863761393388568e+00 -1.152239669028949669e-04
1.814583333333333215e+01 1.063515803880683341e+00 -7.901829429836509130e-05
1.816666666666666430e+01 1.054121527609511499e+00 1.102472789960835364e-04
1.818750000000000000e+01 1.061093669433097020e+00 -9.959995061906189509e-04
1.820833333333333215e+01 1.072046900969374272e+00 -3.255597867006139456e-04
1.822916666666666430e+01 1.077381039509136551e+00 1.220192133252974561e-03
1.825000000000000000e+01 1.076973415887298779e+00 -1.194079338157777838e-03
1.827083333333333215e+01 1.078340729143739463e+00 1.832225005961750017e-04
1.829166666666666430e+01 1.081547352525491279e+00 -9.600922183076300662e-04
1.831250000000000000e+01 1.074830562984666393e+00 -2.277456318301365051e-03
1.833333333333333215e+01 1.077609533735211178e+00 -4.383191278390042504e-04
1.835416666666666430e+01 1.077182251891661391e+00 3.259834925312185463e-03
1.837500000000000000e+01 1.079187868713330500e+00 -5.343835486339920064e-04
1.839583333333333215e+01 1.086828756885197533e+00 6.283313852418929773e-05
1.841666666666666430e+01 1.091413617618137488e+00 -1.046402314970484333e-04
1.843750000000000000e+01 1.087967060189835244e+00 7.524310235388269406e-04
1.845833333333333215e+01 1.072851774931612212e+00 -1.830354358927414448e-03
1.847916666666666430e+01 1.056261025516240792e+00 8.619736879577115591e-04
1.850000000000000000e+01 1.046411588246325852e+00 5.216552790745199956e-04
1.852083333333333215e+01 1.060092110790655795e+00 -1.780303219380610365e-04
1.854166666666666430e+01 1.078836733533375059e+00 9.194024301522043738e-04
1.856250000000000000e+01 1.087023679371283302e+00 -4.147088857671750082e-04
1.858333333333333215e+01 1.082326382068014459e+00 -9.507404416518572786e-04
1.860416666666666430e+01 1.071765393647655218e+00 -9.615635079291870143e-04
1.862500000000000000e+01 1.054871580261096620e+00 -1.101713720675477235e-03
1.864583333333333215e+01 1.047762055723869379e+00 8.679740271954516006e-04
1.866666666666666430e+01 1.054228202215613308e+00 1.706236368342722073e-03
1.868750000000000000e+01 1.052040393437635668e+00 -1.284056490582588224e-03
1.870833333333333215e+01 1.047621067190829924e+00 -7.047536150875906898e-04
1.872916666666666430e+01 1.046053370780746894e+00 -4.544021021702391379e-04
1.875000000000000000e+01 1.043826647308484956e+00 3.149197906226238429e-03
1.877083333333333215e+01 1.048482245321153750e+00 6.430897093370543808e-04
1.879166666666666430e+01 1.050379080680910793e+00 8.982054650833835993e-04
1.881250000000000000e+01 1.059376022836651998e+00 -1.007872854886265228e-03
1.883333333333333215e+01 1.068233862434230019e+00 1.032291672731615708e-03
1.885416666666666430e+01 1.073825552856013221e+00 -9.208901522205093643e-04
1.887500000000000000e+01 1.074927051481633589e+00 -9.099734624615839033e-04
1.889583333333333215e+01 1.066859371466351014e+00 -2.623087825449180437e-03
1.891666666666666430e+01 1.058879265965785521e+00 1.632076528669900925e-03
1.893750000000000000e+01 1.056006479270140908e+00 9.219382036925792643e-04
1.895833333333333215e+01 1.058544698334127787e+00 4.654263648203338399e-04
1.897916666666666430e+01 1.072442370402342249e+00 1.669739084348916902e-03
1.900000000000000000e+01 1.069824361905759469e+00 -1.223052776174172757e-03
1.902083333333333215e+01 1.066634950482305166e+00 1.012179680997114372e-03
1.904166666666666430e+01 1.062035848222295353e+00 -5.596757415494216237e-04
1.906250000000000000e+01 1.058098696340833866e+00 1.460532478640303670e-03
1.908333333333333215e+01 1.064763391294771155e+00 2.043419907858613684e-03
1.910416666666666430e+01 1.061789407204055680e+00 -5.536655348014502551e-04
1.912500000000000000e+01 1.073691228648887774e+00 -5.525021205949129247e-04
1.914583333333333215e+01 1.085625299643560249e+00 9.383398722932978714e-05
1.916666666666666430e+01 1.093492954887217428e+00 4.687329050098356514e-04
1.918750000000000000e+01 1.100327814726805187e+00 5.263881178388636964e-04
1.920833333333333215e+01 1.091494424578208999e+00 -5.189927932340452016e-05
1.922916666666666430e+01 1.064318607056427224e+00 3.505857625150810702e-04
1.925000000000000000e+01 1.053664392077919842e+00 3.204853506566887524e-03
1.927083333333333215e+01 1.054126827127438881e+00 -5.848346245989651101e-05
1.929166666666666430e+01 1.065863260651576550e+00 -4.979938312901332608e-04
1.931250000000000000e+01 1.083996338806351822e+00 4.567336272750226341e-04
1.933333333333333215e+01 1.093691545698677103e+00 2.711274178300152374e-04
1.935416666666666430e+01 1.084624383531787473e+00 -1.109982047489453585e-03
1.937500000000000000e+01 1.079280193180598646e+00 -1.810310039924757652e-04
1.939583333333333215e+01 1.077401074478003595e+00 3.677917910496468642e-04
1.941666666666666430e+01 1.076057463180138951e+00 7.866872222828539055e-04
1.943750000000000000e+01 1.084226931893805812e+00 1.715152125420489973e-04
1.945833333333333215e+01 1.083561231964987215e+00 3.804989390822374295e-04
1.947916666666666430e+01 1.067373105706664216e+00 -2.002454749148693575e-04
1.950000000000000000e+01 1.049374427776777141e+00 -2.194644828463114615e-04
1.952083333333333215e+01 1.021832898673640022e+00 8.205482403566103725e-06
1.954166666666666430e+01 1.005492026016556295e+00 -1.204722871915128507e-03
1.956250000000000000e+01 9.991349725610987331e-01 -2.535763027501921219e-03
1.958333333333333215e+01 9.914635995462147688e-01 -1.504566400313203959e-03
1.960416666666666430e+01 9.966796087494466105e-01 -1.413148557608710863e-03
1.962500000000000000e+01 1.008694258246473741e+00 1.679232940738258463e-03
1.964583333333333215e+01 9.980024860739149517e-01 -4.519968093015354284e-04
1.966666666666666430e+01 9.916519285222161750e-01 8.718955407603500723e-05
1.968750000000000000e+01 9.890762436630271548e-01 6.493891687647631228e-04
1.970833333333333215e+01 1.006293575751900038e+00 1.854718142316038069e-03
1.972916666666666430e+01 1.031361329363892798e+00 2.406558284642533116e-03
1.975000000000000000e+01 1.052855311693899010e+00 8.668008775431059257e-04
1.977083333333333215e+01 1.064770413312788655e+00 -4.319973777147741081e-04
1.979166666666666430e+01 1.064474110412375385e+00 -2.121723606926469424e-03
1.981250000000000000e+01 1.050163076945040741e+00 1.063162240480981140e-03
1.983333333333333215e+01 1.042988530969714889e+00 2.493419639751742983e-04
1.985416666666666430e+01 1.033704359732147138e+00 -1.391686007948486755e-03
1.987500000000000000e+01 1.037364944818918167e+00 -7.606322433849944682e-04
1.989583333333333215e+01 1.051992091043774780e+00 -2.920800837142288955e-03
1.991666666666666430e+01 1.058427720231877922e+00 -9.097741317623563636e-04
1.993750000000000000e+01 1.063433651904156951e+00 1.737768430419713538e-03
1.995833333333333215e+01 1.063807513936703586e+00 1.571416991010476331e-03
1.997916666666666430e+01 1.055770114281281868e+00 3.685973966473521379e-04
2.000000000000000000e+01 1.051906819673630089e+00 -4.801142899166265855e-04
2.002083333333333215e+01 1.046069141624118348e+00 2.286745818895292634e-04
2.004166666666666430e+01 1.055503290963990981e+00 4.579302641035599866e-04
2.006250000000000000e+01 1.060618210317493704e+00 -1.550780807475543545e-03
2.008333333333333215e+01 1.068533708998248954e+00 -6.601922007075554854e-04
2.010416666666666430e+01 1.066836062460805534e+00 2.245637496329339587e-03
2.012500000000000000e+01 1.065249818214628164e+00 -1.289986928687835528e-03
2.014583333333333215e+01 1.065759847850091147e+00 -1.227457629585541410e-03
2.016666666666666430e+01 1.081240041819247155e+00 2.753378344441113120e-04
2.018750000000000000e+01 1.100525178472944177e+00 1.223655823576251067e-04
2.020833333333333215e+01 1.105514532368933045e+00 3.598866853526740432e-04
2.022916666666666430e+01 1.104411915651781761e+00 2.535409208039209310e-03
2.025000000000000000e+01 1.096818627702805138e+00 -1.595185562745139382e-03
2.027083333333333215e+01 1.091621862942716348e+00 -1.405415626681367526e-03
2.029166666666666430e+01 1.080663623668670192e+00 -1.837599444216387722e-03
2.031250000000000000e+01 1.070543909972785812e+00 5.895425858433948202e-04
2.033333333333333215e+01 1.062368092473540804e+00 2.676788165421079436e-03
2.035416666666666430e+01 1.060463385803384728e+00 -2.525635488811439600e-04
2.037500000000000000e+01 1.060797642941001095e+00 6.330561737905405810e-06
2.039583333333333215e+01 1.064469638507280935e+00 -1.260888450055535097e-03
2.041666666666666430e+01 1.057225505317674008e+00 5.600484910289297040e-04
2.043750000000000000e+01 1.045681158270532540e+00 2.556395127158028616e-04
2.045833333333333215e+01 1.025891299720323557e+00 5.708241639339484965e-04
2.047916666666666430e+01 1.029001087224021838e+00 3.083266144806641809e-03
2.050000000000000000e+01 1.028201667876978531e+00 -1.755459180634555937e-03
2.052083333333333215e+01 1.003862484643365027e+00 8.983578555734885937e-04
2.054166666666666430e+01 9.640351934277150425e-01 7.710444079727781994e-04
2.056250000000000000e+01 8.937530492772119972e-01 -1.579987553091202323e-03
2.058333333333333215e+01 8.216610973978746291e-01 5.889177804768821241e-04
2.060416666666666430e+01 7.629431463562668103e-01 -5.088830138283749818e-04
2.062500000000000000e+01 7.348022636141142705e-01 -1.108007254498092703e-04
2.064583333333333215e+01 7.443272648531114033e-01 2.328329490057759097e-04
2.066666666666666430e+01 7.879909732256376032e-01 -4.775768681432625284e-04
2.068750000000000000e+01 8.563346185190031656e-01 -2.208069473389764458e-03
2.070833333333333215e+01 9.266472310337751095e-01 1.320526506331407500e-04
2.072916666666666430e+01 9.848906980438425496e-01 1.588571379230121474e-03
2.075000000000000000e+01 1.015915674761207255e+00 1.023671273585206008e-03
2.077083333333333215e+01 1.031192525192229148e+00 7.962169045754854610e-05
2.079166666666666430e+01 1.040025636557864175e+00 -1.832612849032561443e-04
2.081250000000000000e+01 1.055363942346273953e+00 2.003761338833017641e-04
2.083333333333333215e+01 1.061442427842598901e+00 1.405755846526379445e-03
2.085416666666666430e+01 1.068863607220286172e+00 -2.525394325164836279e-03
2.087500000000000000e+01 1.061748220318757596e+00 1.904732690825625347e-03
2.089583333333333215e+01 1.056095713319918694e+00 -8.936362688563024084e-04
2.091666666666666430e+01 1.049886775170278508e+00 -1.719309354612951445e-03
2.093750000000000000e+01 1.051670050684581748e+00 1.480105685355888366e-03
2.095833333333333215e+01 1.053478872417987766e+00 1.864985983132718241e-03
2.097916666666666430e+01 1.059084283977054897e+00 -1.735977779862930403e-03
2.100000000000000000e+01 1.067830733760168682e+00 -6.825084464622057116e-04
2.102083333333333215e+01 1.077293446252593379e+00 2.216633651046560506e-05
2.104166666666666430e+01 1.078332221304647343e+00 1.157028772941054418e-04
2.106250000000000000e+01 1.074448815428230120e+00 -6.348346980706323596e-04
2.108333333333333215e+01 1.069726295107635838e+00 2.198183287297907453e-04
2.110416666666666430e+01 1.064844466225363551e+00 1.406367039570860641e-04
2.112500000000000000e+01 1.066259593105374659e+00 9.371329593043733770e-04
2.114583333333333215e+01 1.079234031137301653e+00 1.402559089583792478e-03
2.116666666666666430e+01 1.091059945921463381e+00 -1.486329644961042465e-03
2.118750000000000000e+01 1.089722773728751148e+00 1.665151055653954449e-03
2.120833333333333215e+01 1.079177677921492329e+00 5.666548414257716005e-04
2.122916666666666430e+01 1.065450540339588636e+00 -2.332708090675508945e-03
2.125000000000000000e+01 1.057396938295824818e+00 5.902115741715195651e-04
2.127083333333333215e+01 1.062519993784288630e+00 9.454198946512692688e-04
2.129166666666666430e+01 1.070268372972119408e+00 -3.505268880671890200e-03
2.131250000000000000e+01 1.072952103022973169e+00 -1.338613543193968320e-03
2.133333333333333215e+01 1.068184982170972797e+00 8.653359656884809575e-04
2.135416666666666430e+01 1.058456957876466653e+00 -7.740048723905964330e-05
2.137500000000000000e+01 1.049171314117604892e+00 8.874164423027555400e-04
2.139583333333333215e+01 1.049731190875894393e+00 -1.355345269770951062e-04
2.141666666666666430e+01 1.053655310488824437e+00 4.514872346041109139e-04
2.143750000000000000e+01 1.069790030964465011e+00 1.314968551219222303e-03
2.145833333333333215e+01 1.075700514203101088e+00 2.675349991828797087e-04
2.147916666666666430e+01 1.074893521856978618e+00 1.525813195414733815e-04
2.150000000000000000e+01 1.066674581772679931e+00 1.824124649763344793e-03
2.152083333333333215e+01 1.061701678141176108e+00 1.657012757594244308e-03
2.154166666666666430e+01 1.064579276506278482e+00 1.640393138991052418e-04
2.156250000000000000e+01 1.078642043506536474e+00 2.079957851919343129e-03
2.158333333333333215e+01 1.098126854535045327e+00 1.244982763629049046e-03
2.160416666666666430e+01 1.098130870721040209e+00 -1.761800059220570503e-03
2.162500000000000000e+01 1.087485378817671933e+00 8.317969349722474539e-05
2.164583333333333215e+01 1.063449512322758528e+00 -3.664600882826220827e-04
2.166666666666666430e+01 1.049599596653907563e+00 2.080731143800577942e-03
2.168750000000000000e+01 1.043085283160667398e+00 1.565074370338289181e-03
2.170833333333333215e+01 1.051472209630761157e+00 -1.163674521358441186e-03
2.172916666666666430e+01 1.058615713436013905e+00 5.354242826133672264e-04
2.175000000000000000e+01 1.059627127824493087e+00 6.091848512662291926e-04
2.177083333333333215e+01 1.067841755377159307e+00 -1.785095343054233239e-03
2.179166666666666430e+01 1.060232947340423504e+00 -2.760987369526541864e-04
2.181250000000000000e+01 1.062930276215591885e+00 -8.721483940822839483e-04
2.183333333333333215e+01 1.062545069571087186e+00 -2.722387677342442275e-03
2.185416666666666430e+01 1.057302948226411132e+00 -1.533924151762421301e-03
2.187500000000000000e+01 1.064149322524862162e+00 1.865463869780798313e-03
2.189583333333333215e+01 1.071078761306192950e+00 1.005235313656769550e-03
2.191666666666666430e+01 1.082295264800346102e+00 1.772977578532175308e-03
2.193750000000000000e+01 1.090186174365284977e+00 -5.831030974875185636e-04
2.195833333333333215e+01 1.098445232121572301e+00 2.058606513927440686e-03
2.197916666666666430e+01 1.082945904850392882e+00 -1.441286904242661824e-03
2.200000000000000000e+01 1.074544622480215095e+00 1.709148105131832237e-03
2.202083333333333215e+01 1.077458276436675577e+00 1.060900351429610927e-03
2.204166666666666430e+01 1.084511908892611620e+00 1.543600049130441123e-05
2.206250000000000000e+01 1.087250366328019302e+00 -1.404411563712710783e-03
2.208333333333333215e+01 1.079897653764213761e+00 6.106930499798821467e-04
2.210416666666666430e+01 1.068921475107786678e+00 -2.675603321765087045e-04
2.212500000000000000e+01 1.064870335354203279e+00 -6.170276271805132801e-04
2.214583333333333215e+01 1.059975637117465563e+00 -1.331664560190223617e-03
2.216666666666666430e+01 1.062984038689079425e+00 9.125102194590175306e-04
2.218750000000000000e+01 1.073754333180199749e+00 -7.968295984756442428e-04
2.220833333333333215e+01 1.067983025781048756e+00 2.732139090047596731e-03
2.222916666666666430e+01 1.066675947648779266e+00 2.220904455482775356e-05
2.225000000000000000e+01 1.061743895616188427e+00 -7.981881694815460616e-05
2.227083333333333215e+01 1.050471118067641596e+00 -1.706073208982745342e-04
2.229166666666666430e+01 1.042859180288009835e+00 2.386923757256637600e-03
2.231250000000000000e+01 1.060426070172277413e+00 1.260778994946009854e-03
2.233333333333333215e+01 1.073156871218093666e+00 -1.247402003342499557e-03
2.235416666666666430e+01 1.084401510003830005e+00 2.633220752198364278e-03
2.237500000000000000e+01 1.082384818402956084e+00 1.244314936908040136e-03
2.239583333333333215e+01 1.062097952275532498e+00 -1.280547100977659980e-03
2.241666666666666430e+01 1.038026935860462352e+00 -8.678664909262143005e-04
2.243750000000000000e+01 1.026199099340249221e+00 5.680987801298120494e-04
2.245833333333333215e+01 1.017234825664190989e+00 -5.193964426992286063e-04
2.247916666666666430e+01 1.011727217862145256e+00 2.549495686770847803e-03
2.250000000000000000e+01 1.001559426511547057e+00 -4.130754722879685517e-04
2.252083333333333215e+01 9.924828325859643696e-01 1.302546332125093182e-03
2.254166666666666430e+01 9.890350982789052336e-01 -1.545203156318816166e-03
2.256250000000000000e+01 9.861437175335573402e-01 -2.359251287688041339e-04
2.258333333333333215e+01 9.908974616467038921e-01 1.476423004272659194e-03
2.260416666666666430e+01 9.947152389917042203e-01 -1.064095439067686650e-03
2.262500000000000000e+01 1.002835371922605745e+00 1.322423102593818782e-04
2.264583333333333215e+01 1.016633777754366807e+00 6.600338463007961263e-04
2.266666666666666430e+01 1.034448056998347631e+00 -3.458658598770536713e-04
2.268750000000000000e+01 1.055837150622454645e+00 -3.168758666774960773e-05
2.270833333333333215e+01 1.069565102536097267e+00 -5.942387349622311283e-04
2.272916666666666430e+01 1.078110927661336760e+00 -1.200956300761772460e-03
2.275000000000000000e+01 1.069942023244496498e+00 -6.342724192648632395e-04
2.277083333333333215e+01 1.058189028824309874e+00 -8.395576019514288323e-05
2.279166666666666430e+01 1.058256497497038318e+00 2.380402005678589159e-04
2.281250000000000000e+01 1.051577731358379397e+00 -5.074477703785699187e-04
2.283333333333333215e+01 1.056567680118248642e+00 8.969380421790920438e-04
2.285416666666666430e+01 1.059475185995211399e+00 2.926574221531683118e-03
2.287500000000000000e+01 1.059539517983633106e+00 -1.133436926835799442e-04
2.289583333333333215e+01 1.063902482199826860e+00 -1.978655626113080823e-03
2.291666666666666430e+01 1.071751322361696790e+00 -1.521100182469913150e-03
2.293750000000000000e+01 1.075427755941191110e+00 1.519999105293416957e-03
2.295833333333333215e+01 1.083325342669605007e+00 1.709133390156030146e-03
2.297916666666666430e+01 1.097868205334993519e+00 1.105151663239293093e-03
2.300000000000000000e+01 1.090569274344319828e+00 1.994275363821051950e-04
2.302083333333333215e+01 1.089758469292056331e+00 -1.757773347664779199e-04
2.304166666666666430e+01 1.067732594542935010e+00 -1.494764255726647041e-04
2.306250000000000000e+01 1.069161118081516815e+00 3.285053376043795513e-03
2.308333333333333215e+01 1.067608914116412677e+00 -1.086662969301584051e-03
2.310416666666666430e+01 1.079553447671192545e+00 -7.034591010424634874e-04
2.312500000000000000e+01 1.086056243107628605e+00 8.834734959407217203e-04
2.314583333333333215e+01 1.083948835464855209e+00 1.439906192792416492e-03
2.316666666666666430e+01 1.074908577882175198e+00 -1.073206001038458975e-04
2.318750000000000000e+01 1.065036287706705442e+00 -6.540678830816106957e-04
2.320833333333333215e+01 1.060909580209701497e+00 -1.148008193985836919e-04
2.322916666666666430e+01 1.072732814245384247e+00 -1.340004395511094687e-03
2.325000000000000000e+01 1.081945080109005586e+00 1.173659533276630827e-03
2.327083333333333215e+01 1.089028938465187002e+00 -2.325554708708923925e-04
2.329166666666666430e+01 1.083067671991587044e+00 3.606946496962516583e-04
2.331250000000000000e+01 1.078171958847860434e+00 -4.361259336048749300e-04
2.333333333333333215e+01 1.077278064073216690e+00 6.789115608657221709e-04
2.335416666666666430e+01 1.058202795518585315e+00 -5.844249215931940659e-04
2.337500000000000000e+01 1.048770683024155215e+00 -3.011507376343687081e-04
2.339583333333333215e+01 1.027629930948914083e+00 -8.655120453724298021e-04
2.341666666666666430e+01 1.004475890199943100e+00 5.951229887924773792e-04
2.343750000000000000e+01 9.681640871166918849e-01 1.503762968079802587e-03
2.345833333333333215e+01 9.157059801806168853e-01 2.958256113811372798e-04
2.347916666666666430e+01 8.452305064869979345e-01 -2.377329788517624018e-05
2.350000000000000000e+01 7.767916508443543089e-01 -7.396377988759661589e-04
2.352083333333333215e+01 7.254780035724986975e-01 -1.645636457564814397e-03
2.354166666666666430e+01 7.135210489561228941e-01 -2.064494678292405801e-03
2.356250000000000000e+01 7.388568902873586808e-01 -2.197983128020296383e-04
2.358333333333333215e+01 7.997660843496806615e-01 -6.449147453713834424e-04
2.360416666666666430e+01 8.705302400582807243e-01 -1.707611787773834168e-03
2.362500000000000000e+01 9.379879938425490504e-01 2.662498174607519672e-05
2.364583333333333215e+01 9.933308113873537959e-01 -1.351645659246675539e-03
2.366666666666666430e+01 1.021016723324470243e+00 1.602726820891751339e-03
2.368750000000000000e+01 1.030340819881430559e+00 7.733837353723764822e-04
2.370833333333333215e+01 1.046613821169627867e+00 4.177698799417418310e-04
2.372916666666666430e+01 1.057993701238240325e+00 -1.611527063891263776e-03
2.375000000000000000e+01 1.074818154036332629e+00 -4.215665444704254599e-04
2.377083333333333215e+01 1.076566619279355486e+00 -8.843136925031049511e-04
2.379166666666666430e+01 1.073160798599500865e+00 -9.833161274581958284e-05
2.381250000000000000e+01 1.062990475726975248e+00 -8.999536836703252076e-04
2.383333333333333215e+01 1.049042073019534005e+00 -1.602622852609891487e-03
2.385416666666666430e+01 1.053090417897528219e+00 -1.667576936956899911e-03
2.387500000000000000e+01 1.062089915772076010e+00 -1.704356258400536127e-04
2.389583333333333215e+01 1.061720241257086972e+00 -1.943671749109417406e-03
2.391666666666666430e+01 1.054942330384918359e+00 1.258346024508282587e-03
2.393750000000000000e+01 1.051311177100287653e+00 -1.388193320735073505e-03
2.395833333333333215e+01 1.046798911453025616e+00 3.008726538066645241e-05
2.397916666666666430e+01 1.050703627256377448e+00 -1.932030785812389957e-05
2.400000000000000000e+01 1.064002814838465927e+00 4.786475761376148973e-04
2.402083333333333215e+01 1.080715177130039839e+00 8.584214790667993051e-04
2.404166666666666430e+01 1.095081626361140703e+00 -1.751892571689372177e-03
2.406250000000000000e+01 1.091691686781125492e+00 9.118251123382171844e-04
2.408333333333333215e+01 1.091993007361782286e+00 -1.861186124093846877e-03
2.410416666666666430e+01 1.092700791283550688e+00 6.810566179342724151e-04
2.412500000000000000e+01 1.087372625987101715e+00 1.013001427888562608e-03
2.414583333333333215e+01 1.083543718458085392e+00 -1.740983356507385229e-03
2.416666666666666430e+01 1.073365011932920332e+00 -2.163648141910587885e-04
2.418750000000000000e+01 1.079205442208703181e+00 1.123124239967697273e-03
2.420833333333333215e+01 1.077294529530025358e+00 -2.809528019234552149e-04
2.422916666666666430e+01 1.078571540698520126e+00 3.743005388231743832e-04
2.425000000000000000e+01 1.070406068082972784e+00 2.926738978223777064e-03
2.427083333333333215e+01 1.066695291138987089e+00 -2.394342972507536565e-03
2.429166666666666430e+01 1.068014584175998705e+00 -8.105638703959693134e-04
2.431250000000000000e+01 1.077916017462149600e+00 2.032861101852760557e-03
2.433333333333333215e+01 1.093131443871841357e+00 -2.119956046782593088e-03
2.435416666666666430e+01 1.097147320954165117e+00 6.616243144759299767e-04
2.437500000000000000e+01 1.091739156018840307e+00 6.710702511451507478e-04
2.439583333333333215e+01 1.084480004465681713e+00 2.776654916817967392e-03
2.441666666666666430e+01 1.069089560212721945e+00 -1.135092392365099159e-04
2.443750000000000000e+01 1.061929542846396402e+00 9.214520083823951602e-04
2.445833333333333215e+01 1.056257238849854119e+00 1.747825720412699273e-03
2.447916666666666430e+01 1.051182165937561086e+00 -2.478087306267896372e-03
2.450000000000000000e+01 1.052748242273493950e+00 7.625651850827906610e-04
2.452083333333333215e+01 1.053036890260867553e+00 1.442213857403794579e-03
2.454166666666666430e+01 1.058878132665374228e+00 3.116699336606517084e-04
2.456250000000000000e+01 1.061925190258298235e+00 -1.044728873899158743e-03
2.458333333333333215e+01 1.054809966906860463e+00 1.496900749134911232e-03
2.460416666666666430e+01 1.053681060858963736e+00 -1.774690068113770353e-05
2.462500000000000000e+01 1.057601363854343779e+00 4.495488220694359880e-04
2.464583333333333215e+01 1.067479914550409248e+00 -1.062976395908626177e-03
2.466666666666666430e+01 1.065999944880277939e+00 -2.148038180701461724e-03
2.468750000000000000e+01 1.062943581377360669e+00 4.747317695106739776e-04
2.470833333333333215e+01 1.053735568337830886e+00 1.602904451841574837e-03
2.472916666666666430e+01 1.060725241697694443e+00 -1.798322853543141966e-03
2.475000000000000000e+01 1.062120789139872512e+00 -9.046316167808087514e-04
2.477083333333333215e+01 1.068458165496678935e+00 -6.553353372406976610e-04
2.479166666666666430e+01 1.078415056306914810e+00 -2.358127912992924544e-03
2.481250000000000000e+01 1.077662781354485677e+00 -1.873788585820232748e-04
2.483333333333333215e+01 1.072262318398016001e+00 1.977791115140224622e-03
2.485416666666666430e+01 1.064053401933599874e+00 4.083963378206895378e-05
2.487500000000000000e+01 1.060343733632967966e+00 -1.537100686925764762e-03
2.489583333333333215e+01 1.061830981456059586e+00 6.045142334179630242e-04
2.491666666666666430e+01 1.059815381812457824e+00 3.172040995013353064e-04
2.493750000000000000e+01 1.068442647757518404e+00 2.602769755651896527e-04
2.495833333333333215e+01 1.072360244157708475e+00 -8.429991173592453794e-05
2.497916666666666430e+01 1.077531926461495981e+00 -9.921330402097516214e-04
2.500000000000000000e+01 1.067825337159820753e+00 -1.191619670410027070e-03
2.502083333333333215e+01 1.063880931788217632e+00 1.523865519382709699e-03
2.504166666666666430e+01 1.056305963222460731e+00 9.093597539303872965e-04
2.506250000000000000e+01 1.056220622021932343e+00 -1.108776344949225770e-03
2.508333333333333215e+01 1.074828068597303066e+00 -3.777118385889358435e-04
2.510416666666666430e+01 1.085592258319983516e+00 -3.497252453486550134e-03
2.512500000000000000e+01 1.090633439731872878e+00 -9.692450900103473008e-05
2.514583333333333215e+01 1.084962282487360374e+00 7.085587825216220189e-04
2.516666666666666430e+01 1.087122332373469780e+00 -3.690690364892011731e-04
2.518750000000000000e+01 1.084031767230630994e+00 1.782666967253308072e-03
2.520833333333333215e+01 1.075859524777548204e+00 -2.268191245775502077e-03
2.522916666666666430e+01 1.070345784614020745e+00 6.039623857838839798e-05
2.525000000000000000e+01 1.062695781343119039e+00 -2.176234803282681672e-03
2.527083333333333215e+01 1.040256652379885960e+00 9.108653279582228221e-04
2.529166666666666430e+01 1.038089808565302974e+00 -1.336284783711332242e-03
2.531250000000000000e+01 1.025740366308311335e+00 5.951485381422249969e-04
2.533333333333333215e+01 1.020941445636593059e+00 -1.178277702366722001e-03
2.535416666666666430e+01 1.013752837018387476e+00 -2.013710274479653568e-03
2.537500000000000000e+01 1.008158810429231167e+00 6.920298549162332219e-04
2.539583333333333215e+01 1.000216012038908975e+00 -1.981798436766236406e-04
2.541666666666666430e+01 1.001786455656203279e+00 -3.419853641735627245e-04
2.543750000000000000e+01 1.001124449983897380e+00 1.331346075574640474e-03
2.545833333333333215e+01 9.994867466877579432e-01 -1.206229853405615693e-04
2.547916666666666430e+01 1.009279799339831252e+00 7.506469031928067817e-04
2.550000000000000000e+01 1.010419390305848264e+00 -2.987936164570096330e-03
2.552083333333333215e+01 1.031505462509336057e+00 5.363706500999833836e-04
2.554166666666666430e+01 1.032967996738756833e+00 -1.274192420537567660e-04
2.556250000000000000e+01 1.037243218347459806e+00 -6.943428806526719078e-04
2.558333333333333215e+01 1.042071549906725680e+00 -1.087950176236096751e-03
2.560416666666666430e+01 1.051849528813336709e+00 -2.206684615358643371e-03
2.562500000000000000e+01 1.062935476944485869e+00 2.013379603206621841e-03
2.564583333333333215e+01 1.064431484434219088e+00 6.252178954151714398e-04
2.566666666666666430e+01 1.063063675891284143e+00 -1.316490380981652497e-03
2.568750000000000000e+01 1.059563539106828989e+00 6.598665170738971008e-04
2.570833333333333215e+01 1.072016926250831448e+00 -1.861941660554157583e-03
2.572916666666666430e+01 1.077466652180543827e+00 2.437640005331635936e-04
2.575000000000000000e+01 1.080377405262116230e+00 5.701366275743261153e-04
2.577083333333333215e+01 1.077426080387249741e+00 -2.426875850772482624e-04
2.579166666666666430e+01 1.062701588950344389e+00 -3.311036015639446718e-04
2.581250000000000000e+01 1.065536706480090023e+00 -5.613638401823626460e-04
2.583333333333333215e+01 1.070554931514945185e+00 1.295192619859423036e-03
2.585416666666666430e+01 1.074190539094210139e+00 -1.367719572929540712e-03
2.587500000000000000e+01 1.091596761062247678e+00 6.496753569695406811e-04
2.589583333333333215e+01 1.089182591022276991e+00 -4.224956894591773036e-04
2.591666666666666430e+01 1.086162435796989012e+00 2.026004153697995823e-03
2.593750000000000000e+01 1.080481914873043570e+00 -1.203785074415345598e-03
2.595833333333333215e+01 1.076866287576172310e+00 -4.192713460362779105e-05
2.597916666666666430e+01 1.074324840973357897e+00 6.950985571300271216e-04
