0.000000000000000000e+00 1.035230255476211836e+00 1.983559622017213968e-03
2.083333333333333218e-02 1.014707991030556311e+00 3.891919228809388189e-04
4.166666666666666435e-02 9.711558245293007152e-01 -1.474606136620607835e-04
6.250000000000000000e-02 9.476985983915896528e-01 1.800947728822288119e-03
8.333333333333332871e-02 9.794110056738357661e-01 9.829024267556569789e-04
1.041666666666666574e-01 1.019675632097319484e+00 6.230999481686436484e-04
1.250000000000000000e-01 1.032906579080301368e+00 -1.300057700560414229e-03
1.458333333333333148e-01 1.020371672907921079e+00 1.719966708648889642e-03
1.666666666666666574e-01 1.007732663535348960e+00 1.898793807559444845e-03
1.875000000000000000e-01 9.940041878405510012e-01 2.503176831223298711e-04
2.083333333333333148e-01 9.804910088592012629e-01 -3.102363217959386125e-04
2.291666666666666574e-01 9.767897724014416028e-01 -5.510652151614411779e-04
2.500000000000000000e-01 9.937763287147693969e-01 -2.280055643337379804e-04
2.708333333333333148e-01 1.007117577212563786e+00 1.636829458463760897e-03
2.916666666666666297e-01 1.021097472729395994e+00 1.207803464262071844e-03
3.125000000000000000e-01 1.011474675394488321e+00 1.999460449847925616e-03
3.333333333333333148e-01 1.002307078187443024e+00 5.419402896350002065e-04
3.541666666666666297e-01 9.939256869870269906e-01 9.169217955031247567e-04
3.750000000000000000e-01 9.937145854008934132e-01 7.096779858746692028e-05
3.958333333333333148e-01 9.999421480708848842e-01 -6.558987177176619143e-04
4.166666666666666297e-01 1.011183662515668047e+00 -5.674238531474220170e-04
4.375000000000000000e-01 1.007078200402802493e+00 7.316027016258237715e-04
4.583333333333333148e-01 9.884236417979818112e-01 2.939102805136551907e-03
4.791666666666666297e-01 9.815582661871826708e-01 1.134209614717011840e-03
5.000000000000000000e-01 9.953664138938282946e-01 7.082302089309533899e-04
5.208333333333332593e-01 1.007401603481542285e+00 1.102156551609586753e-03
5.416666666666666297e-01 1.012535631107485790e+00 -1.038180097376663899e-04
5.625000000000000000e-01 1.004908340001741118e+00 2.011796337246104735e-04
5.833333333333332593e-01 1.005081818963315943e+00 -2.046158099649418561e-04
6.041666666666666297e-01 1.004351687874305510e+00 2.693634119710810107e-05
6.250000000000000000e-01 9.978410081235956630e-01 1.283550330309930721e-03
6.458333333333332593e-01 9.737242758865769510e-01 1.268633918856547837e-03
6.666666666666666297e-01 9.666215888201821205e-01 2.334182872684816955e-03
6.875000000000000000e-01 9.830451926205192592e-01 7.022508246354111378e-04
7.083333333333332593e-01 1.022032111128720722e+00 -1.478976705849500604e-04
7.291666666666666297e-01 1.048348566570433515e+00 -1.176847090553699484e-03
7.500000000000000000e-01 1.033822411149033504e+00 -1.185551939402202477e-03
7.708333333333332593e-01 9.931695654135181961e-01 2.548233619116663760e-03
7.916666666666666297e-01 9.568529080937001607e-01 -7.720404981888802191e-04
8.125000000000000000e-01 9.609795426403284768e-01 -2.196547810807936065e-03
8.333333333333332593e-01 9.958961904521866915e-01 -1.373807816790210664e-03
8.541666666666666297e-01 1.019401963935958388e+00 1.005789484859872292e-03
8.750000000000000000e-01 1.016150764723587008e+00 3.916892061471880480e-05
8.958333333333332593e-01 1.006508892063187055e+00 -2.664898418628099380e-03
9.166666666666666297e-01 1.008745094149044341e+00 -4.584861409698121862e-04
9.375000000000000000e-01 1.026453956295624970e+00 -1.386312814892718954e-04
9.583333333333332593e-01 1.013172716060173562e+00 9.528101017102497128e-04
9.791666666666666297e-01 9.845242096578884494e-01 -2.705826496933606395e-03
1.000000000000000000e+00 9.539862026851960719e-01 -1.858473829743116472e-03
1.020833333333333259e+00 9.563643283436453757e-01 1.170965277746306851e-04
1.041666666666666519e+00 9.981189568779677002e-01 1.420164899913410952e-03
1.062500000000000000e+00 1.034126119556688428e+00 -6.189713072879835854e-05
1.083333333333333259e+00 1.045454636379249402e+00 9.480558280261704998e-05
1.104166666666666519e+00 1.034152282478908891e+00 -1.469941744566080665e-03
1.125000000000000000e+00 9.921151510917964877e-01 -1.077210589020335810e-04
1.145833333333333259e+00 9.634048720580458136e-01 -2.468815769505201927e-04
1.166666666666666519e+00 9.680162194552707211e-01 -1.655818543079173519e-03
1.187500000000000000e+00 9.860713677564256763e-01 -1.952038861241455717e-04
1.208333333333333259e+00 9.985603790814981950e-01 9.535144111787994831e-04
1.229166666666666519e+00 1.006064003138700036e+00 9.294885018869169157e-04
1.250000000000000000e+00 1.020421890760257577e+00 -2.619742152369265633e-03
1.270833333333333259e+00 1.030866654590265385e+00 5.337080194316371059e-04
1.291666666666666519e+00 1.018244961848308039e+00 1.406289516117712173e-03
1.312500000000000000e+00 9.827140741084643416e-01 -1.661937172567844829e-03
1.333333333333333259e+00 9.586042912415766448e-01 -7.936744481621048298e-04
1.354166666666666519e+00 9.699936663268328152e-01 9.140929762719320322e-04
1.375000000000000000e+00 1.005056720752773414e+00 1.035983187954477806e-03
1.395833333333333259e+00 1.026240000269238450e+00 -3.864015362542834670e-04
1.416666666666666519e+00 1.022864510407006877e+00 -1.105693853659491714e-04
1.437500000000000000e+00 1.012802919869439711e+00 1.430816895674822406e-03
1.458333333333333259e+00 1.004490741723687020e+00 1.118247857643732673e-03
1.479166666666666519e+00 9.914376588448670091e-01 1.185812520622729182e-04
1.500000000000000000e+00 9.804731660820654726e-01 1.778365722002370284e-03
1.520833333333333259e+00 9.834956913702056491e-01 -1.875757725446647447e-03
1.541666666666666519e+00 1.002596025524198131e+00 -6.366695232090913668e-04
1.562500000000000000e+00 1.012355463035914171e+00 -2.658890110528197830e-03
1.583333333333333259e+00 1.018606486297784164e+00 2.945943181178925616e-04
1.604166666666666519e+00 1.015762580164432993e+00 1.009843276633025583e-03
1.625000000000000000e+00 9.954859698810067936e-01 8.314269415014340168e-04
1.645833333333333259e+00 9.860556969582642273e-01 2.704301819615142675e-04
1.666666666666666519e+00 9.824909797970599046e-01 -3.415485376354012088e-04
1.687500000000000000e+00 9.935383213179477258e-01 -1.239217812244537828e-03
1.708333333333333259e+00 1.012156584276882487e+00 7.258396688592472180e-04
1.729166666666666519e+00 1.015275939674260552e+00 9.039353492891756244e-04
1.750000000000000000e+00 9.856082867838646955e-01 -5.592989244505862422e-04
1.770833333333333259e+00 9.829611612608890603e-01 2.882665478920375330e-04
1.791666666666666519e+00 1.007722270094396633e+00 1.504369970358705689e-03
1.812500000000000000e+00 1.036319333154325006e+00 3.472958758996468488e-03
1.833333333333333259e+00 1.017173580978155023e+00 -6.419029509125329276e-04
1.854166666666666519e+00 9.759936212319748616e-01 9.565959268625301654e-04
1.875000000000000000e+00 9.583380690238434418e-01 -1.120972558772436551e-03
1.895833333333333259e+00 9.851361137880576546e-01 4.961066261234923103e-04
1.916666666666666519e+00 1.018322749600530708e+00 1.522861977550093527e-03
1.937500000000000000e+00 1.014557630047568937e+00 -8.848238031013828898e-04
1.958333333333333259e+00 1.000976282688743835e+00 6.494691865051883126e-04
1.979166666666666519e+00 1.004340060252061129e+00 2.142616242817742440e-03
2.000000000000000000e+00 1.012639292576100081e+00 -2.507285174012169413e-03
2.020833333333333037e+00 1.015937488888049023e+00 -7.691445322359618262e-04
2.041666666666666519e+00 9.904744140760713966e-01 -7.914664398300339399e-04
2.062500000000000000e+00 9.734703715330857987e-01 -2.431558137157881899e-04
2.083333333333333037e+00 9.713589216823558248e-01 8.324907773243398986e-05
2.104166666666666519e+00 9.901506571102492993e-01 1.194726343952836820e-03
2.125000000000000000e+00 1.018506988113120126e+00 1.099898107710663500e-03
2.145833333333333037e+00 1.031400220260447531e+00 -1.902083061807062232e-03
2.166666666666666519e+00 1.032852630832023832e+00 -1.845499240538518531e-04
2.187500000000000000e+00 1.008066005744825189e+00 -9.226069176491637647e-04
2.208333333333333037e+00 9.732915503781838229e-01 -7.010587713173775442e-04
2.229166666666666519e+00 9.676954350998268062e-01 7.444538550260231370e-04
2.250000000000000000e+00 9.732467966005166060e-01 -1.076904885477934413e-04
2.270833333333333037e+00 9.973816696299881990e-01 9.874655698301920172e-05
2.291666666666666519e+00 1.021859957667137442e+00 1.309966710310634394e-03
2.312500000000000000e+00 1.022405976182534149e+00 -6.464939253546014754e-04
2.333333333333333037e+00 1.006651875132199114e+00 -1.964142331717241776e-04
2.354166666666666519e+00 9.926355885272647450e-01 -1.211514151222685106e-03
2.375000000000000000e+00 1.000016369979798814e+00 5.056832216671518004e-04
2.395833333333333037e+00 1.012724815909897602e+00 -1.518619287986596345e-04
2.416666666666666519e+00 1.006210064550364880e+00 -1.316164424473519035e-04
2.437500000000000000e+00 9.924509795350781038e-01 -1.709184150847602298e-03
2.458333333333333037e+00 9.604599094642052304e-01 -2.236645390095931465e-03
2.479166666666666519e+00 9.701420779468958866e-01 -6.765417714516692689e-04
2.500000000000000000e+00 1.004269430821459475e+00 -2.440300383324240253e-03
2.520833333333333037e+00 1.038082944584351353e+00 5.549215092822153529e-04
2.541666666666666519e+00 1.053145081259688309e+00 1.073650635286974280e-03
2.562500000000000000e+00 1.017212024677300208e+00 -9.828086736713436983e-04
2.583333333333333037e+00 9.699971327190126669e-01 1.998929535588295052e-03
2.604166666666666519e+00 9.472544436897851750e-01 3.856792103778185644e-03
2.625000000000000000e+00 9.707318528964277160e-01 -1.328836909156366145e-04
2.645833333333333037e+00 1.013376896459115661e+00 5.877289327565015211e-04
2.666666666666666519e+00 1.038007659794391024e+00 -2.424125888773606750e-04
2.687500000000000000e+00 1.021470403212400013e+00 1.634143048382791057e-03
2.708333333333333037e+00 1.005654531047986966e+00 -1.124286709145573375e-03
2.729166666666666519e+00 9.956104992488910010e-01 6.788765264882425663e-04
2.750000000000000000e+00 9.917045105574938679e-01 1.697624523913972977e-03
2.770833333333333037e+00 9.814623011342934467e-01 -7.909525787833972255e-04
2.791666666666666519e+00 9.790208953780195067e-01 1.969530196550256258e-03
2.812500000000000000e+00 1.003528454296842343e+00 4.833350810583070863e-04
2.833333333333333037e+00 1.033316344413057752e+00 5.899868972179678076e-04
2.854166666666666519e+00 1.029126686860850404e+00 1.308217182776855256e-04
2.875000000000000000e+00 1.001358317429073441e+00 1.411824490803492141e-03
2.895833333333333037e+00 9.688762512820963124e-01 2.576208753545764928e-04
2.916666666666666519e+00 9.737157363778716768e-01 7.789454359732679752e-04
2.937500000000000000e+00 9.970878447990423332e-01 3.136435249059271063e-04
2.958333333333333037e+00 1.013352633547600634e+00 -6.656417759681078220e-04
2.979166666666666519e+00 1.020447110983625061e+00 2.105750290581744847e-03
3.000000000000000000e+00 1.024435065921284194e+00 1.087353415242865154e-03
3.020833333333333037e+00 1.012716124950217678e+00 -2.134863140888232369e-03
3.041666666666666519e+00 9.955525345249417457e-01 -1.001090223164382642e-03
3.062500000000000000e+00 9.736547384898280866e-01 9.787566884810379193e-04
3.083333333333333037e+00 9.795330566957811680e-01 -7.656719671744233353e-04
3.104166666666666519e+00 9.972029976702974086e-01 9.884081591988848423e-04
3.125000000000000000e+00 1.005496361136223094e+00 -1.257653493164360872e-04
3.145833333333333037e+00 1.006366866649606395e+00 -1.080755535327158987e-03
3.166666666666666519e+00 1.016744679428172482e+00 -9.025192019646039593e-04
3.187500000000000000e+00 1.035076716137494746e+00 2.877289656180397992e-05
3.208333333333333037e+00 1.024408930041067700e+00 8.639210637033852567e-04
3.229166666666666519e+00 9.872131865878615020e-01 -1.379278141326823132e-03
3.250000000000000000e+00 9.617169167648753625e-01 -4.148830433753385231e-05
3.270833333333333037e+00 9.710964376792845520e-01 -1.741313225051808545e-03
3.291666666666666519e+00 9.999380411840274041e-01 -4.373697375720393666e-04
3.312500000000000000e+00 1.021218407319437693e+00 1.318453620466527795e-03
3.333333333333333037e+00 1.023656420825635793e+00 -1.172331832340765953e-03
3.354166666666666519e+00 1.011256423247923975e+00 1.213994063642374714e-03
3.375000000000000000e+00 1.008490049179020076e+00 3.721091123861374221e-04
3.395833333333333037e+00 9.986792823774631733e-01 3.137502573325362575e-04
3.416666666666666519e+00 9.995673913789365761e-01 -1.041607592825817465e-03
3.437500000000000000e+00 9.893184446101834784e-01 -5.382562375054104984e-04
3.458333333333333037e+00 9.873270515274540360e-01 7.813674850668259411e-04
3.479166666666666519e+00 9.917068919367514335e-01 9.200778054034929694e-04
3.500000000000000000e+00 1.006490926033156041e+00 -6.258881466208063250e-04
3.520833333333333037e+00 1.026872776580503910e+00 -8.532540680850897712e-04
3.541666666666666519e+00 1.021445984788696970e+00 3.059383944655393994e-03
3.562500000000000000e+00 9.959828436219985148e-01 -1.090091193810830078e-03
3.583333333333333037e+00 9.866197674884148450e-01 -2.152055625661307480e-04
3.604166666666666519e+00 1.003414553667170361e+00 -1.049733756817552164e-03
3.625000000000000000e+00 1.009228889912781701e+00 7.493462450204413459e-04
3.645833333333333037e+00 1.012124082565582839e+00 1.423807325742508728e-03
3.666666666666666519e+00 9.823945251692709490e-01 -1.656477475611693858e-03
3.687500000000000000e+00 9.812279688225897800e-01 -6.021338499673995533e-04
3.708333333333333037e+00 1.012345867314718095e+00 -4.797792802040818359e-04
3.729166666666666519e+00 1.025908510381486449e+00 9.601325012182285309e-04
3.750000000000000000e+00 1.003894937445567903e+00 1.744523819597211924e-04
3.770833333333333037e+00 9.944817913694885547e-01 8.046893375096944882e-04
3.791666666666666519e+00 9.849165687242531497e-01 -1.034815412975266958e-03
3.812500000000000000e+00 1.006275953848483562e+00 -3.396196754894244209e-04
3.833333333333333037e+00 1.009325490467715802e+00 -5.869105608097024453e-04
3.854166666666666519e+00 9.992367002741006088e-01 5.100622928750423975e-04
3.875000000000000000e+00 9.933855548155926529e-01 1.043486817445691368e-03
3.895833333333333037e+00 1.000488270954668302e+00 9.749974670741802388e-04
3.916666666666666519e+00 1.000325228382766829e+00 1.228350303094510659e-03
3.937500000000000000e+00 9.914674601805670839e-01 -9.320324965786517710e-05
3.958333333333333037e+00 1.002157674743310301e+00 -1.793396814288206577e-03
3.979166666666666519e+00 1.013495428744736637e+00 -3.699545398053563140e-04
4.000000000000000000e+00 1.027289115618536197e+00 6.991126308798863067e-04
4.020833333333333037e+00 1.015789797558760421e+00 8.595470044449421377e-04
4.041666666666666075e+00 9.848640206089653848e-01 7.135993797285457903e-04
4.062500000000000000e+00 9.731794301001649439e-01 -2.555863794722781468e-05
4.083333333333333037e+00 9.865681754846925555e-01 2.608317057388610544e-03
4.104166666666666075e+00 1.013519897601231623e+00 -2.612129692341221172e-03
4.125000000000000000e+00 1.022685857678497623e+00 -2.373597659026796536e-03
4.145833333333333037e+00 1.008212651605981947e+00 -1.834366496262836849e-04
4.166666666666666075e+00 9.940823379968997120e-01 4.136492314416211134e-04
4.187500000000000000e+00 9.942470460972109292e-01 -2.381721207737181570e-04
4.208333333333333037e+00 1.000321607406187363e+00 1.263690303791846915e-04
4.229166666666666075e+00 9.991567725619602269e-01 -1.138220084617195963e-03
4.250000000000000000e+00 9.933665079879506754e-01 7.165359115957623329e-04
4.270833333333333037e+00 9.959843464114210843e-01 -1.884820358250839743e-03
4.291666666666666075e+00 1.012426839254510158e+00 -3.406400670856239124e-04
4.312500000000000000e+00 1.014557347032786216e+00 3.801308958343358108e-04
4.333333333333333037e+00 9.996685502992104233e-01 -8.527413055697952290e-04
4.354166666666666075e+00 9.906546425203951456e-01 3.362353472413916688e-04
4.375000000000000000e+00 1.000029883674339981e+00 1.344102094557876733e-03
4.395833333333333037e+00 1.010899794453087974e+00 6.137146068696330099e-04
4.416666666666666075e+00 1.002885691081760511e+00 9.200974555563681649e-04
4.437500000000000000e+00 9.904128533163387704e-01 8.076507494652072688e-04
4.458333333333333037e+00 9.981332104987726828e-01 -1.829813616362194152e-03
4.479166666666666075e+00 1.014091796307192039e+00 2.114559505668475530e-04
4.500000000000000000e+00 1.013342721203215779e+00 1.223183204154455143e-03
4.520833333333333037e+00 9.956202448791410253e-01 1.254122455093542804e-03
4.541666666666666075e+00 9.910297088429347312e-01 1.113241572747296912e-03
4.562500000000000000e+00 1.000785879897186259e+00 2.369442675905807268e-03
4.583333333333333037e+00 1.006805957169452759e+00 3.092400296019131656e-04
4.604166666666666075e+00 1.002894079722433718e+00 1.071467747322214575e-04
4.625000000000000000e+00 9.956216063004323935e-01 1.074585598919882519e-03
4.645833333333333037e+00 9.925776029778029530e-01 -1.545048666184097887e-04
4.666666666666666075e+00 1.008019560547603888e+00 -8.024126113119122924e-04
4.687500000000000000e+00 1.010147821673703428e+00 -1.510561127298501709e-03
4.708333333333333037e+00 1.013028743326008119e+00 -8.134456190029025263e-04
4.729166666666666075e+00 1.007555704372209870e+00 -7.860695511131521828e-05
4.750000000000000000e+00 9.966861801743093219e-01 -3.911571506838697827e-04
4.770833333333333037e+00 9.804875661665584108e-01 -2.907408840196103877e-03
4.791666666666666075e+00 9.760120478560070367e-01 1.493888922951352788e-03
4.812500000000000000e+00 9.970065168949524548e-01 -5.886702169317964330e-04
4.833333333333333037e+00 1.020821335550284426e+00 9.101428279750778914e-04
4.854166666666666075e+00 1.025014936678263044e+00 2.031945577490276743e-04
4.875000000000000000e+00 1.007842306691756784e+00 1.528187106876909528e-03
4.895833333333333037e+00 9.978800542275354513e-01 4.201322002642970976e-04
4.916666666666666075e+00 1.001504435346630473e+00 2.297878133248263928e-04
4.937500000000000000e+00 9.893088419180920967e-01 -4.878524529150812437e-04
4.958333333333333037e+00 9.793814400469958992e-01 -2.222471628273978584e-03
4.979166666666666075e+00 9.815717925826931145e-01 -9.971008557789619135e-04
5.000000000000000000e+00 9.986077190102817802e-01 9.030971961463646162e-04
5.020833333333333037e+00 1.020027907833314984e+00 9.188889908916214426e-04
5.041666666666666075e+00 1.030017728499480478e+00 8.841971471198104525e-04
5.062500000000000000e+00 1.016080892855298234e+00 1.814527897484325162e-03
5.083333333333333037e+00 1.001277376737177205e+00 1.958242767196493195e-03
5.104166666666666075e+00 9.907661952811857020e-01 2.410996379702197738e-04
5.125000000000000000e+00 9.804751097325861142e-01 -5.059485279835734079e-04
5.145833333333333037e+00 9.744148683185359650e-01 -9.359504906751626736e-04
5.166666666666666075e+00 9.940546403430670086e-01 -1.059821705546120513e-03
5.187500000000000000e+00 1.012489465327865545e+00 -3.691441674783455109e-05
5.208333333333333037e+00 1.016740926755916874e+00 -1.077231358254921714e-03
5.229166666666666075e+00 1.005852587575239099e+00 5.962640793344445132e-05
5.250000000000000000e+00 1.002568642329183080e+00 1.472226454230527847e-03
5.270833333333333037e+00 1.017100306052388436e+00 2.343390640494636974e-04
5.291666666666666075e+00 1.018768996524254344e+00 -5.489066809044985213e-04
5.312500000000000000e+00 9.858220533444513878e-01 -6.126716842592085013e-04
5.333333333333333037e+00 9.559711755063997618e-01 1.496768124188572720e-03
5.354166666666666075e+00 9.651557895501390316e-01 -3.198828747801603215e-04
5.375000000000000000e+00 1.000288578271992801e+00 -1.753948820468480719e-04
5.395833333333333037e+00 1.038790293748154570e+00 2.842483546869045957e-04
5.416666666666666075e+00 1.034551303546671130e+00 1.464054587577283710e-03
5.437500000000000000e+00 1.014495784614938945e+00 -5.089345690448746464e-04
5.458333333333333037e+00 9.932340543432454094e-01 7.938485748487252545e-04
5.479166666666666075e+00 9.850351903731467962e-01 2.430884162870468757e-03
5.500000000000000000e+00 9.922962343616269498e-01 1.110761438987606506e-03
5.520833333333333037e+00 1.000064533631530805e+00 -5.241174450042015076e-04
5.541666666666666075e+00 9.876967374672910305e-01 1.575047499287039493e-04
5.562500000000000000e+00 9.948534491927359946e-01 5.055586506109779887e-04
5.583333333333333037e+00 9.967265169437193872e-01 -7.885873762045211930e-04
5.604166666666666075e+00 1.018459773577725214e+00 1.120057038198650013e-03
5.625000000000000000e+00 1.028559222900234049e+00 -2.793379786046270088e-03
5.645833333333333037e+00 1.014962455202018221e+00 -3.767072116058968099e-04
5.666666666666666075e+00 9.988090831068171527e-01 6.048702274875603383e-04
5.687500000000000000e+00 9.751262593835030579e-01 1.291349175443913750e-03
5.708333333333333037e+00 9.707987969777097659e-01 2.103542267396405372e-05
5.729166666666666075e+00 9.891677739593066621e-01 -3.774637280853646720e-03
5.750000000000000000e+00 1.014057359945058190e+00 -1.292979316115885945e-03
5.770833333333333037e+00 1.031245379544170726e+00 -1.748116278274216900e-03
5.791666666666666075e+00 1.022150957792606230e+00 4.532173893367090391e-04
5.812500000000000000e+00 1.004743817876451173e+00 -2.785619336694532093e-03
5.833333333333333037e+00 9.824283497572704471e-01 -1.172050001795125898e-03
5.854166666666666075e+00 9.698540990103180492e-01 6.744891879703812437e-04
5.875000000000000000e+00 9.789986054765082990e-01 -9.473266137589383832e-04
5.895833333333333037e+00 9.924451670712760576e-01 -4.036937939021045373e-04
5.916666666666666075e+00 1.016655095783397966e+00 -4.809964870791253789e-04
5.937500000000000000e+00 1.035657086929005599e+00 6.999109232353894908e-04
5.958333333333333037e+00 1.028342473972007287e+00 2.286658176726119856e-03
5.979166666666666075e+00 9.924661409985831018e-01 3.674964493205426118e-04
6.000000000000000000e+00 9.567317146737611688e-01 1.701534657744208914e-03
6.020833333333333037e+00 9.635587826183893423e-01 1.874964708004423766e-03
6.041666666666666075e+00 9.931854945314529948e-01 2.083349572717847070e-03
6.062500000000000000e+00 1.023782050649749698e+00 6.172938180396434979e-04
6.083333333333333037e+00 1.033523877513218059e+00 -2.038473414322545738e-03
6.104166666666666075e+00 1.016904503355906986e+00 -7.560081793730872007e-04
6.125000000000000000e+00 9.976203596474765289e-01 6.657129864665712422e-04
6.145833333333333037e+00 9.775880618624904761e-01 -1.688158190023478222e-03
6.166666666666666075e+00 9.792686974063351535e-01 1.809225847879669929e-03
6.187500000000000000e+00 9.851993465277246731e-01 9.014387051363841356e-04
6.208333333333333037e+00 1.011660878488806148e+00 -1.737546006542949745e-03
6.229166666666666075e+00 1.014878742039104553e+00 -3.379134155009488752e-04
6.250000000000000000e+00 1.005898323069721378e+00 3.425323104883913920e-04
6.270833333333333037e+00 9.958823157497570522e-01 -5.500191120058714900e-04
6.291666666666666075e+00 9.971535885726793280e-01 6.761616639637667726e-04
6.312500000000000000e+00 1.000623182159466884e+00 -7.274065025639912850e-04
6.333333333333333037e+00 1.000877309913268842e+00 2.687065406508765651e-04
6.354166666666666075e+00 1.007018562699628861e+00 -8.497222797550987730e-04
6.375000000000000000e+00 1.001620215454125606e+00 -6.369637329526672213e-05
6.395833333333333037e+00 1.006070015698760756e+00 -2.325018046364987680e-03
6.416666666666666075e+00 9.911595870511024087e-01 -5.005975580246603422e-06
6.437500000000000000e+00 9.871844219187928537e-01 -1.527530825219453568e-03
6.458333333333333037e+00 9.899310108576918621e-01 1.055795379933957773e-03
6.479166666666666075e+00 9.956620461030977198e-01 7.757375661561557870e-04
6.500000000000000000e+00 1.009188022786519534e+00 5.132282539601819987e-04
6.520833333333333037e+00 1.023878295204617928e+00 1.837891314159159108e-03
6.541666666666666075e+00 1.029230185680490184e+00 7.554068414284301029e-04
6.562500000000000000e+00 1.008442699745043081e+00 -2.358096163512507417e-03
6.583333333333333037e+00 9.710011632689624639e-01 -8.861016314906893085e-04
6.604166666666666075e+00 9.479181067854844933e-01 -4.697806838781161832e-05
6.625000000000000000e+00 9.748483643619008099e-01 -1.515276823758487663e-04
6.645833333333333037e+00 1.032354379419884394e+00 1.127836639355741209e-03
6.666666666666666075e+00 1.047854222525365975e+00 -1.678682614904591355e-03
6.687500000000000000e+00 1.016203664863820633e+00 1.076225764932481821e-03
6.708333333333333037e+00 9.877305444322007633e-01 1.017405849905094958e-03
6.729166666666666075e+00 9.913812014994894950e-01 6.897230339037298090e-04
6.750000000000000000e+00 9.997814022982859372e-01 -2.340986943291889673e-03
6.770833333333333037e+00 9.947872221311019336e-01 -4.736133797588017234e-04
6.791666666666666075e+00 9.820011630913041412e-01 -1.142701667060722938e-03
6.812500000000000000e+00 9.914900526357026678e-01 7.014441508252014642e-04
6.833333333333333037e+00 1.010481958456587837e+00 -1.142278314046180597e-03
6.854166666666666075e+00 1.020751091311145942e+00 2.210524645772603936e-05
6.875000000000000000e+00 1.001408487790756974e+00 -6.762510793307888732e-05
6.895833333333333037e+00 9.924338446401542724e-01 -7.782775760258098035e-04
6.916666666666666075e+00 9.963986285679364840e-01 1.862554992126915008e-04
6.937500000000000000e+00 1.003051898071929182e+00 -1.677748605245094667e-03
6.958333333333333037e+00 1.002893669050418435e+00 7.006811900977963185e-04
6.979166666666666075e+00 1.002283522750216038e+00 9.460025124532372206e-04
7.000000000000000000e+00 1.005482875780321583e+00 5.618414533218813248e-04
7.020833333333333037e+00 1.000189057661160952e+00 -4.197469690346698106e-04
7.041666666666666075e+00 9.823694861128224876e-01 1.719411326331120662e-03
7.062500000000000000e+00 9.765648489513543140e-01 1.149122547040536384e-03
7.083333333333333037e+00 9.952349756056884100e-01 1.445947937560732987e-03
7.104166666666666075e+00 1.033760678784915177e+00 1.008283322525465112e-04
7.125000000000000000e+00 1.041300956343687245e+00 1.082861191459486352e-03
7.145833333333333037e+00 1.003717450605266626e+00 7.063312891816263825e-04
7.166666666666666075e+00 9.742805910878205022e-01 -6.008896261077850427e-04
7.187500000000000000e+00 9.741025342877853710e-01 -7.766614927073230710e-04
7.208333333333333037e+00 9.907489371903328568e-01 2.111649682699578024e-03
7.229166666666666075e+00 1.007782133799034252e+00 -1.432923399730748890e-04
7.250000000000000000e+00 1.004388731754525699e+00 2.018663160499837780e-03
7.270833333333333037e+00 1.004305031543190951e+00 -2.865531550560632395e-03
7.291666666666666075e+00 1.018498859722515748e+00 1.645683219466861132e-03
7.312500000000000000e+00 1.029055634792505058e+00 6.356521148430027343e-04
7.333333333333333037e+00 1.005173676373332547e+00 -6.916865629304267240e-04
7.354166666666666075e+00 9.767038238797948191e-01 7.430993230400674554e-04
7.375000000000000000e+00 9.638650901080936251e-01 -2.780832201304125830e-04
7.395833333333333037e+00 1.001565787179321099e+00 5.899847168034107843e-04
7.416666666666666075e+00 1.034328686413203524e+00 7.259040593463294807e-04
7.437500000000000000e+00 1.025090747808722336e+00 6.484022525650044635e-04
7.458333333333333037e+00 9.839879776259368160e-01 7.939501294817290222e-04
7.479166666666666075e+00 9.652920597242636847e-01 3.147542774740035064e-04
7.500000000000000000e+00 9.898589577984028276e-01 -2.681929276133746183e-04
7.520833333333333037e+00 1.029155120880735907e+00 1.282991462319681272e-03
7.541666666666666075e+00 1.036580359881978719e+00 -3.147275232254702175e-04
7.562500000000000000e+00 1.009837400482354486e+00 -2.365655005465424157e-04
7.583333333333333037e+00 9.815930432431021480e-01 -4.892666979766559926e-04
7.604166666666666075e+00 9.763671371555294742e-01 -9.055406486985114996e-04
7.625000000000000000e+00 9.940646284782795883e-01 -5.057500607663857530e-04
7.645833333333333037e+00 1.000878229598474167e+00 1.199993082512571755e-04
7.666666666666666075e+00 1.006988587863269391e+00 1.614679297352629439e-04
7.687500000000000000e+00 1.012221870127951506e+00 -9.927766172553454792e-04
7.708333333333333037e+00 1.016200879500652521e+00 -5.906301550847025414e-04
7.729166666666666075e+00 1.002014706863370019e+00 3.521623109687185968e-05
7.750000000000000000e+00 9.793229635859903581e-01 1.238453475708487178e-03
7.770833333333333037e+00 9.748494522338468915e-01 -1.054610081674814604e-04
7.791666666666666075e+00 9.832889223054263050e-01 1.640695606985341070e-03
7.812500000000000000e+00 1.013146785728673338e+00 -7.472327772997064974e-04
7.833333333333333037e+00 1.034633871575691089e+00 2.935078762952618653e-04
7.854166666666666075e+00 1.029560343116114884e+00 1.586641710735687280e-03
7.875000000000000000e+00 9.900175705133745785e-01 1.569223154358707689e-03
7.895833333333333037e+00 9.569134171322467575e-01 4.393445171769873661e-04
7.916666666666666075e+00 9.694196976399429566e-01 1.383592555943996300e-04
7.937500000000000000e+00 1.002295764984719728e+00 5.935405159679267356e-04
7.958333333333333037e+00 1.023884274232647495e+00 -8.152079133806357496e-04
7.979166666666666075e+00 1.030877535138968293e+00 1.247488795997796478e-03
8.000000000000000000e+00 1.022860739195477375e+00 1.556948256773291270e-03
8.020833333333332149e+00 1.016801211980278952e+00 6.477113088130412527e-04
8.041666666666666075e+00 9.860571825599367957e-01 -2.922719536282285561e-04
8.062500000000000000e+00 9.573397750976503362e-01 5.965146706294362352e-04
8.083333333333332149e+00 9.553415730297886155e-01 -8.190593064026130182e-05
8.104166666666666075e+00 1.013327691565737210e+00 -1.946173083659339916e-03
8.125000000000000000e+00 1.062872554187618945e+00 1.840878445760136487e-03
8.145833333333332149e+00 1.044382785743462438e+00 -1.686446169918379308e-04
8.166666666666666075e+00 9.997699514155052869e-01 -9.379647606895472750e-04
8.187500000000000000e+00 9.620193892422860271e-01 4.858573890003263832e-04
8.208333333333332149e+00 9.683447161954985560e-01 -9.279539073068930524e-04
8.229166666666666075e+00 1.000607153180365749e+00 -2.393779142489904383e-03
8.250000000000000000e+00 1.022064628552682652e+00 -1.722002828397182703e-03
8.270833333333332149e+00 1.020794231755328019e+00 -3.343599226066282497e-03
8.291666666666666075e+00 1.003574181429175871e+00 -4.893529906497299728e-04
8.312500000000000000e+00 9.907070946871610051e-01 -1.047630552788833937e-03
8.333333333333332149e+00 9.836488959165914370e-01 7.866920469789676681e-04
8.354166666666666075e+00 9.905739554578978368e-01 -2.871733126251291767e-04
8.375000000000000000e+00 1.020324342937964701e+00 -1.529826779176026190e-03
8.395833333333332149e+00 1.023181604652549037e+00 1.273551023136646507e-04
8.416666666666666075e+00 9.964984722262397732e-01 7.341891254627851268e-04
8.437500000000000000e+00 9.793878458199366532e-01 3.508163173944992431e-03
8.458333333333332149e+00 9.884898624293252389e-01 -3.467735835130346389e-04
8.479166666666666075e+00 1.017443624308204342e+00 7.583372372328544414e-04
8.500000000000000000e+00 1.021466564988417369e+00 -6.369824870163168359e-04
8.520833333333332149e+00 9.961138029223778334e-01 -2.720232990577198338e-03
8.541666666666666075e+00 9.816910636785206590e-01 -4.984331629818023737e-05
8.562500000000000000e+00 9.981813430203351212e-01 -1.199600581649345543e-03
8.583333333333332149e+00 1.025938394929731157e+00 -7.782937396915120317e-04
8.604166666666666075e+00 1.024204993028974942e+00 1.725465626215558603e-03
8.625000000000000000e+00 9.940500640799364573e-01 9.317220589444404283e-04
8.645833333333332149e+00 9.738429916851760737e-01 9.689496407805814641e-04
8.666666666666666075e+00 9.861335944305128498e-01 2.947519338853486618e-04
8.687500000000000000e+00 1.016115932203455641e+00 7.950467273256324376e-04
8.708333333333332149e+00 1.032423126911216960e+00 3.835003274654057333e-03
8.729166666666666075e+00 1.014350331878239420e+00 3.894426540650515662e-04
8.750000000000000000e+00 9.805068538615316909e-01 2.967905828183374159e-03
8.770833333333332149e+00 9.673534756423143310e-01 -9.930153678874668877e-04
8.791666666666666075e+00 9.894073276108646953e-01 -4.859355950318184703e-04
8.812500000000000000e+00 1.021773658128703799e+00 -6.541820289712869366e-05
8.833333333333332149e+00 1.040263647591219920e+00 -1.640581311112800783e-03
8.854166666666666075e+00 1.022661644716011953e+00 1.135024731630115101e-03
8.875000000000000000e+00 9.916199972771031490e-01 -9.261330541144098842e-04
8.895833333333332149e+00 9.801427027418043725e-01 -1.378030695175821562e-03
8.916666666666666075e+00 9.840520396247335322e-01 -1.970936860547414533e-03
8.937500000000000000e+00 9.806731406264707074e-01 1.442655311416548083e-03
8.958333333333332149e+00 9.971271385202803428e-01 7.579320404412813526e-05
8.979166666666666075e+00 1.021062825914068606e+00 1.266143629731942763e-03
9.000000000000000000e+00 1.035812559143390654e+00 7.508391842366338685e-04
9.020833333333332149e+00 1.023404415668778045e+00 -2.399756370377683669e-03
9.041666666666666075e+00 9.945379491868225896e-01 -7.752142263980502177e-05
9.062500000000000000e+00 9.777263550989525598e-01 -9.265457157422511388e-04
9.083333333333332149e+00 9.817270764765355651e-01 8.769171673738136545e-04
9.104166666666666075e+00 9.997894414848006450e-01 -3.285999854647108135e-04
9.125000000000000000e+00 1.010786693523059387e+00 -1.735058136189155807e-04
9.145833333333332149e+00 1.004895020864770894e+00 -3.243527299044584081e-04
9.166666666666666075e+00 1.002989315941573034e+00 -3.247282566051040123e-04
9.187500000000000000e+00 1.013714771792321390e+00 2.373325051996760110e-03
9.208333333333332149e+00 1.018414537194573199e+00 6.606536323572530190e-04
9.229166666666666075e+00 1.011496820821824016e+00 1.281980837411683454e-03
9.250000000000000000e+00 9.988689134651274060e-01 -1.244665961731120790e-03
9.270833333333332149e+00 9.963265014326689872e-01 -6.484988925423226672e-04
9.291666666666666075e+00 9.999004966759563739e-01 -3.983706030252431797e-04
9.312500000000000000e+00 9.957985357110479274e-01 3.479262043628837415e-03
9.333333333333332149e+00 9.805762318785400389e-01 8.154705806810955441e-04
9.354166666666666075e+00 9.790085669340439223e-01 7.152816906662130890e-05
9.375000000000000000e+00 1.010154241699527722e+00 -2.672171119059347545e-04
9.395833333333332149e+00 1.046299941763316310e+00 -9.064931460663100578e-04
9.416666666666666075e+00 1.046800200098185307e+00 8.734286618117750737e-04
9.437500000000000000e+00 1.001063840299812435e+00 2.346298854047654779e-03
9.458333333333332149e+00 9.591448254170854559e-01 -8.243350910687180380e-04
9.479166666666666075e+00 9.593713455289251124e-01 -6.283680174756208024e-04
9.500000000000000000e+00 9.997603796959991795e-01 -1.104724010003776090e-03
9.520833333333332149e+00 1.021975901800517228e+00 1.366782907466727393e-03
9.541666666666666075e+00 1.019593926173842258e+00 -9.804174279757589192e-04
9.562500000000000000e+00 1.007174415214255436e+00 -1.172599288420724450e-03
9.583333333333332149e+00 9.924079255301988534e-01 6.158725977997447660e-04
9.604166666666666075e+00 9.847922456674345071e-01 3.415353804567223487e-04
9.625000000000000000e+00 1.000587377035560221e+00 -6.321005141792957350e-04
9.645833333333332149e+00 1.015672053430384247e+00 -4.936073650519047940e-04
9.666666666666666075e+00 1.018629011614658797e+00 7.425632329653059126e-04
9.687500000000000000e+00 1.002105780882147190e+00 1.241149635314289660e-03
9.708333333333332149e+00 9.713312316252998846e-01 1.411081700286868435e-03
9.729166666666666075e+00 9.699764632291526523e-01 -2.309665765021357703e-03
9.750000000000000000e+00 9.988576459883602432e-01 -1.059910371776850253e-03
9.770833333333332149e+00 1.025924860575388786e+00 2.225338351410397625e-03
9.791666666666666075e+00 1.015022294486040089e+00 8.750440930014475596e-05
9.812500000000000000e+00 9.985623998336760065e-01 8.907737768364166770e-04
9.833333333333332149e+00 1.000927278224000627e+00 -4.689826821903199708e-04
9.854166666666666075e+00 1.009751746804177008e+00 -1.540577764087402947e-03
9.875000000000000000e+00 1.000024424016022762e+00 3.269584720111844064e-05
9.895833333333332149e+00 9.790389518193701734e-01 1.695025883444446465e-03
9.916666666666666075e+00 9.782749333212656939e-01 -1.082676726685733370e-03
9.937500000000000000e+00 1.008538038097906764e+00 4.314698384738054949e-04
9.958333333333332149e+00 1.029867926756419694e+00 -3.276543840014993036e-04
9.979166666666666075e+00 1.012423078903304408e+00 -1.340186449648333479e-03
1.000000000000000000e+01 9.808707252828118284e-01 -2.675336773260825109e-04
1.002083333333333215e+01 9.854612962927259412e-01 3.082095761088264867e-03
1.004166666666666607e+01 1.013018852921613089e+00 8.629525269445981455e-04
1.006250000000000000e+01 1.018665897884879934e+00 -2.531448843078064662e-04
1.008333333333333215e+01 9.996045234522206169e-01 2.220079050831721230e-04
1.010416666666666607e+01 9.844164596688129709e-01 2.386678634513129255e-03
1.012500000000000000e+01 9.887145000520889404e-01 -1.358869152659174327e-03
1.014583333333333215e+01 1.004984400223347896e+00 -3.012979120709302194e-03
1.016666666666666607e+01 1.011141293360204640e+00 -7.071928071417523482e-04
1.018750000000000000e+01 1.006817341116768683e+00 8.831686275132149318e-04
1.020833333333333215e+01 9.947405101271953320e-01 1.176133921167320587e-03
1.022916666666666607e+01 9.876820341704961592e-01 3.364247687561367547e-04
1.025000000000000000e+01 9.977527999679181026e-01 2.918678387044961690e-05
1.027083333333333215e+01 1.014213360649943052e+00 -1.977945719907881188e-03
1.029166666666666607e+01 1.024941912627705287e+00 2.854648284653097529e-03
1.031250000000000000e+01 1.011616426497816690e+00 1.394113253603387632e-03
1.033333333333333215e+01 9.889085839902942432e-01 -8.509815446295826468e-04
1.035416666666666607e+01 9.723682933849078225e-01 3.467032979502433689e-03
1.037500000000000000e+01 9.742931584516247856e-01 -2.497875118270490719e-04
1.039583333333333215e+01 9.940407288187202983e-01 -1.148194666983811882e-03
1.041666666666666607e+01 1.008416389092397170e+00 3.239659249071196487e-04
1.043750000000000000e+01 1.020858630822586655e+00 1.201781453465574625e-03
1.045833333333333215e+01 1.019718522714427644e+00 -3.079599846178815090e-03
1.047916666666666607e+01 1.008056566794332642e+00 3.464114007847423357e-04
1.050000000000000000e+01 9.998954034758658072e-01 -3.921264137183178705e-04
1.052083333333333215e+01 9.932846645793971252e-01 4.582524584932380483e-05
1.054166666666666607e+01 9.843093554839185133e-01 -2.231709058636092632e-03
1.056250000000000000e+01 9.799590072019609410e-01 5.459989389542098474e-05
1.058333333333333215e+01 9.817061168344000111e-01 -1.565208659171646581e-04
1.060416666666666607e+01 1.002066925218022764e+00 7.124554084300795467e-04
1.062500000000000000e+01 1.035462962411630272e+00 5.430800055639058198e-05
1.064583333333333215e+01 1.038398761089975864e+00 1.894519296957172068e-04
1.066666666666666607e+01 1.018424932574056641e+00 -1.683972857579037891e-03
1.068750000000000000e+01 9.763315068318145773e-01 1.054219594962184457e-03
1.070833333333333215e+01 9.693862790067174773e-01 -1.255094733055605802e-03
1.072916666666666607e+01 9.813709479079514297e-01 -1.644414118785219800e-03
1.075000000000000000e+01 1.002294650964976830e+00 4.579477274113992339e-04
1.077083333333333215e+01 1.009053652520845112e+00 1.244039498606365349e-03
1.079166666666666607e+01 1.003774004232901529e+00 -7.972435962201844398e-04
1.081250000000000000e+01 1.001139571655337734e+00 -8.510051383160856372e-04
1.083333333333333215e+01 1.005637792581943524e+00 9.893811332796964217e-04
1.085416666666666607e+01 1.005427477208703291e+00 -1.320864301404650739e-03
1.087500000000000000e+01 1.007719919764926031e+00 2.828862738218267461e-04
1.089583333333333215e+01 9.990144778351053301e-01 8.082198156296703517e-04
1.091666666666666607e+01 9.983829637623273801e-01 1.680857038604452762e-03
1.093750000000000000e+01 9.910281138218808294e-01 1.473343530090789628e-03
1.095833333333333215e+01 9.866809142443958569e-01 -1.198317333219924268e-03
1.097916666666666607e+01 9.815456489557978781e-01 1.354798994080127833e-03
1.100000000000000000e+01 9.882453876929520042e-01 -2.575105675922868299e-04
1.102083333333333215e+01 1.008733820876809073e+00 2.210987235514611481e-03
1.104166666666666607e+01 1.026346472100935436e+00 -1.622214463828949068e-03
1.106250000000000000e+01 1.029271472225433914e+00 1.977072223520873000e-04
1.108333333333333215e+01 1.009812802797742437e+00 6.719784006212068317e-04
1.110416666666666607e+01 9.873489251140379341e-01 -7.398694975561311568e-04
1.112500000000000000e+01 9.813601923234958058e-01 -1.977594357310954749e-03
1.114583333333333215e+01 9.763119926750754018e-01 -5.026295193673878435e-04
1.116666666666666607e+01 9.732631495573924596e-01 2.491720682737755439e-03
1.118750000000000000e+01 9.919603335137329170e-01 1.131501601662367315e-03
1.120833333333333215e+01 1.030793348011026511e+00 2.252198687099112159e-04
1.122916666666666607e+01 1.050749910408057319e+00 6.848746320220077842e-04
1.125000000000000000e+01 1.023828814426507972e+00 9.464340827092743646e-05
1.127083333333333215e+01 9.761451036905743894e-01 -3.430879105805601220e-04
1.129166666666666607e+01 9.556918396963531848e-01 -3.083933330736657753e-05
1.131250000000000000e+01 9.781553435540192298e-01 -8.990226714913733281e-04
1.133333333333333215e+01 1.014903529795899706e+00 3.601264360389723994e-04
1.135416666666666607e+01 1.019715572362047906e+00 6.030925586049888220e-04
1.137500000000000000e+01 1.005716800978360581e+00 1.126171467775760864e-03
1.139583333333333215e+01 9.955598158535495790e-01 1.245920119340319931e-03
1.141666666666666607e+01 9.988622782971720016e-01 8.725314628718179805e-04
1.143750000000000000e+01 9.964692548030880115e-01 -2.860532582955329999e-04
1.145833333333333215e+01 9.939509491779356942e-01 2.134405136919485108e-03
1.147916666666666607e+01 1.004909004202711342e+00 -7.275337424882279526e-04
1.150000000000000000e+01 1.018902108831461817e+00 -1.688470826196590384e-03
1.152083333333333215e+01 1.005865074521380409e+00 1.163228228902259652e-03
1.154166666666666607e+01 9.832289850391588981e-01 5.151404686916981682e-04
1.156250000000000000e+01 9.715466435350565977e-01 -3.532934036324484489e-04
1.158333333333333215e+01 9.942239216692515535e-01 -6.647488789689865157e-04
1.160416666666666607e+01 1.023595215697579830e+00 -7.400001218071101776e-04
1.162500000000000000e+01 1.019854976748950204e+00 -4.442368114787200828e-04
1.164583333333333215e+01 9.989245038619839478e-01 8.195513448697053444e-04
1.166666666666666607e+01 9.822429116505926316e-01 1.246447558737033123e-03
1.168750000000000000e+01 9.816860640586840825e-01 -1.452422784686012490e-05
1.170833333333333215e+01 9.987275581955011861e-01 8.026929947753818923e-04
1.172916666666666607e+01 1.028510405687315998e+00 -1.219038579611026688e-03
1.175000000000000000e+01 1.027267080512311637e+00 7.953448943025395951e-04
1.177083333333333215e+01 9.956174823326596757e-01 2.782142122350085827e-04
1.179166666666666607e+01 9.654145958558376650e-01 1.395113103418352350e-03
1.181250000000000000e+01 9.697419529197505161e-01 -7.998922277961014989e-04
1.183333333333333215e+01 1.005275236098346570e+00 -1.386736660551201369e-03
1.185416666666666607e+01 1.028855625863635659e+00 -1.393618903059044975e-03
1.187500000000000000e+01 1.005879642775869165e+00 3.368220095942073408e-04
1.189583333333333215e+01 9.870301833299900407e-01 1.229900722332399107e-03
1.191666666666666607e+01 9.939506005726360671e-01 1.740583541105377493e-03
1.193750000000000000e+01 1.016592352286850964e+00 1.411735955717127733e-03
1.195833333333333215e+01 1.009032524929610597e+00 -1.161593579326598239e-03
1.197916666666666607e+01 9.887576560274244919e-01 9.270417791469604679e-04
1.200000000000000000e+01 9.697713526686322361e-01 -2.038529474199696516e-04
1.202083333333333215e+01 9.822646747394326860e-01 1.012662596072079799e-04
1.204166666666666607e+01 1.006098749950913751e+00 8.726669446008344239e-04
1.206250000000000000e+01 1.006899693078100455e+00 -1.767035333110225951e-03
1.208333333333333215e+01 1.011286226925272924e+00 -1.291197815684057466e-04
1.210416666666666607e+01 1.014186846504568029e+00 -5.387786106099872255e-04
1.212500000000000000e+01 1.012358993364662840e+00 -1.257659461677538377e-03
1.214583333333333215e+01 9.987888254997840942e-01 -8.548742655063476352e-04
1.216666666666666607e+01 9.727920875191505834e-01 1.660337734269612354e-03
1.218750000000000000e+01 9.743621801144557448e-01 6.754161658984813394e-04
1.220833333333333215e+01 9.968201017885347515e-01 1.030935725061471334e-03
1.222916666666666607e+01 1.019080550811850117e+00 -1.886051598956615179e-04
1.225000000000000000e+01 1.020435813814055237e+00 1.382092018943986266e-03
1.227083333333333215e+01 1.000655243184342735e+00 8.559440215912197817e-04
1.229166666666666607e+01 1.003977242151876670e+00 2.750149385026424281e-04
1.231250000000000000e+01 1.010490430062608747e+00 2.998662574143116325e-04
1.233333333333333215e+01 9.952531826922250691e-01 -1.734327472054673696e-04
1.235416666666666607e+01 9.815698329157725999e-01 1.675735323497966724e-03
1.237500000000000000e+01 9.719366799687786385e-01 -8.002923310236849993e-04
1.239583333333333215e+01 9.972692493413541914e-01 9.484082494248380736e-04
1.241666666666666607e+01 1.024040798321032009e+00 1.323426259527771883e-04
1.243750000000000000e+01 1.032107947337531417e+00 4.589137410503021518e-04
1.245833333333333215e+01 1.007837330347209903e+00 -2.893143354339652060e-04
1.247916666666666607e+01 9.904072251752666922e-01 -4.586730300443277479e-04
1.452083333333333215e+01 1.037223412677463985e+00 -1.033719228587256546e-03
1.454166666666666607e+01 1.019722529162446545e+00 5.525793940298279541e-04
1.456250000000000000e+01 9.791162226658607359e-01 -2.189057335838086402e-03
1.458333333333333215e+01 9.714861345547859406e-01 5.046088860612875241e-04
1.460416666666666607e+01 9.927282635967524804e-01 4.662139612640334228e-04
1.462500000000000000e+01 1.013300857415550427e+00 -2.371287979894653401e-03
1.464583333333333215e+01 1.022207647958675469e+00 9.147856125487087951e-04
1.466666666666666607e+01 1.013288488168368140e+00 -9.684810403388480248e-04
1.468750000000000000e+01 1.006801139962332226e+00 -3.228728145769774118e-04
1.470833333333333215e+01 9.998824711897262851e-01 -1.636385756608852143e-03
1.472916666666666607e+01 9.779222779155596346e-01 1.066374707703045396e-03
1.475000000000000000e+01 9.681798710631586147e-01 -1.480073935833358658e-03
1.477083333333333215e+01 9.791074017097673998e-01 -3.058700738711299947e-04
1.479166666666666607e+01 1.010394715527518139e+00 -1.203218180002453303e-03
1.481250000000000000e+01 1.036697792408030061e+00 -1.311464353586379826e-03
1.483333333333333215e+01 1.039312308197652301e+00 8.909628008218830079e-04
1.485416666666666607e+01 1.014675402540724525e+00 1.400534960163006765e-03
1.487500000000000000e+01 9.739922924992759912e-01 2.875400398688549367e-04
1.489583333333333215e+01 9.510609272551151516e-01 -2.007389554189726710e-03
1.491666666666666607e+01 9.732030981001473791e-01 1.567965350789100615e-03
1.493750000000000000e+01 1.006834455636415271e+00 2.837817252765565171e-04
1.495833333333333215e+01 1.035789378514116121e+00 8.494641754453731517e-04
1.497916666666666607e+01 1.017293551323274148e+00 1.285475544180957139e-03
1.500000000000000000e+01 9.858397710082953402e-01 1.983993362584332218e-03
1.502083333333333215e+01 9.838436908199696962e-01 1.699929522593629592e-03
1.504166666666666607e+01 1.016103398579399242e+00 3.504790991815444909e-04
1.506250000000000000e+01 1.031868729546243646e+00 6.229543173060681383e-04
1.508333333333333215e+01 1.011922708758826062e+00 5.404716914315397863e-04
1.510416666666666607e+01 9.764149128454521209e-01 1.549692049508727876e-04
1.512500000000000000e+01 9.713681780465388549e-01 -4.022366484280821049e-04
1.514583333333333215e+01 1.002373632924456359e+00 2.577002028887771194e-03
1.516666666666666607e+01 1.010558595690166594e+00 3.195395487461774250e-03
1.518750000000000000e+01 1.006719123863603516e+00 -1.007361646340635764e-03
1.520833333333333215e+01 1.007330704950508471e+00 -7.217878285981978604e-04
1.522916666666666607e+01 1.017769740886354191e+00 1.253394167981833427e-04
1.525000000000000000e+01 1.002878926860015785e+00 -6.888133451787406590e-04
1.527083333333333215e+01 9.957474361253941808e-01 1.948372580863487599e-03
1.529166666666666607e+01 9.813333020809915652e-01 -2.688938997627491560e-03
1.531250000000000000e+01 9.996637835239406966e-01 -2.308199944242845733e-03
1.533333333333333215e+01 1.006427426994256136e+00 -2.138381916262397866e-05
1.535416666666666607e+01 1.009511490637110320e+00 -2.855773039806979580e-03
1.537500000000000000e+01 9.854798793302391724e-01 -1.081109699937103305e-03
1.539583333333333215e+01 9.801294583542295991e-01 8.037778078616836762e-04
1.541666666666666607e+01 1.001620187044917065e+00 -9.808812261581233323e-04
1.543750000000000000e+01 1.026704701323427615e+00 -6.029327334032800892e-04
1.545833333333333215e+01 1.027745217212566287e+00 3.129251973437832939e-03
1.547916666666666607e+01 1.003099812884255204e+00 -6.958520498130796100e-04
1.550000000000000000e+01 9.759925506066194911e-01 -1.179552387932295823e-03
1.552083333333333215e+01 9.710781460628307160e-01 2.471424700260220638e-04
1.554166666666666607e+01 9.981070462718022451e-01 2.569888389169277198e-04
1.556250000000000000e+01 1.014319966532353234e+00 -7.269229988594611436e-04
1.558333333333333215e+01 1.021647230657470651e+00 1.873843423329482616e-03
1.560416666666666607e+01 1.014248791248472337e+00 1.597063100495982324e-03
1.562500000000000000e+01 9.900264516012752258e-01 -6.161327203596253868e-04
1.564583333333333215e+01 9.896777165225471018e-01 -4.990776436352864585e-04
1.566666666666666607e+01 9.928581978742366809e-01 6.380923869260647988e-04
1.568750000000000000e+01 1.002411591385478751e+00 -1.000265739685175705e-03
1.570833333333333215e+01 1.017779410479028313e+00 1.173838394248182026e-03
1.572916666666666607e+01 1.018700878312898350e+00 3.394331469303078601e-03
1.575000000000000000e+01 1.003182227737053678e+00 -1.880412594341076280e-03
1.577083333333333215e+01 9.759651065420755778e-01 -9.798912479929619817e-04
1.579166666666666607e+01 9.634320449350586291e-01 2.449694980287669814e-04
1.581250000000000000e+01 9.783267821925567542e-01 -1.228295462596023027e-03
1.583333333333333215e+01 1.009139299438718496e+00 2.857769894066000617e-04
1.585416666666666607e+01 1.036984205426313865e+00 -1.611986694434027791e-03
1.587500000000000000e+01 1.043150386848377575e+00 2.141631824113156014e-05
1.589583333333333215e+01 1.028774900164325823e+00 -1.620240255161417824e-03
1.591666666666666607e+01 9.970268822649165363e-01 -6.020300659924321483e-04
1.593750000000000000e+01 9.591954926224216527e-01 8.346533951568269440e-04
1.595833333333333215e+01 9.576653515196239530e-01 6.999155004920564729e-05
1.597916666666666607e+01 9.779761652778813374e-01 -2.468559072767236191e-04
1.600000000000000000e+01 1.009209116980801735e+00 -5.475868746069711274e-04
1.602083333333333215e+01 1.020844714348204230e+00 -1.946692332324429344e-03
1.604166666666666430e+01 1.022731439945826271e+00 -1.714925194381227650e-03
1.606250000000000000e+01 1.031197486141093522e+00 -8.186101206007217893e-04
1.608333333333333215e+01 1.021494191365969195e+00 9.874285720972272775e-04
1.610416666666666430e+01 1.004302225892358402e+00 2.417565163090522687e-04
1.612500000000000000e+01 9.678126285047469191e-01 -6.536556193539623787e-04
1.614583333333333215e+01 9.487222878710616092e-01 -4.294634531703307332e-04
1.616666666666666430e+01 9.618568423872728701e-01 1.374408701363102284e-03
1.618750000000000000e+01 1.011766038717780924e+00 1.125406327984419374e-03
1.620833333333333215e+01 1.058465119851980552e+00 2.125660315606362632e-04
1.622916666666666430e+01 1.065178043070833303e+00 5.640899397594462995e-04
1.625000000000000000e+01 1.019201142967371299e+00 -6.787751140246453627e-04
1.627083333333333215e+01 9.667620609951953492e-01 1.519148234422436870e-03
1.629166666666666430e+01 9.476220942563906569e-01 5.990592802847703941e-05
1.631250000000000000e+01 9.804457649127175101e-01 -1.175236735033317924e-03
1.633333333333333215e+01 1.010302245162219892e+00 -1.725187185353403837e-03
1.635416666666666430e+01 1.013993021327063815e+00 2.232147535784314348e-03
1.637500000000000000e+01 9.957535457898972764e-01 -9.236466014881233866e-04
1.639583333333333215e+01 9.944365686025306017e-01 -2.631765866970313568e-03
1.641666666666666430e+01 1.015357905577925823e+00 -1.093981273772580073e-03
1.643750000000000000e+01 1.024977122991856060e+00 8.763271248812647130e-04
1.645833333333333215e+01 1.000522873979331040e+00 -5.042700721928063340e-04
1.647916666666666430e+01 9.834628324683256650e-01 -3.200136850100025114e-04
1.650000000000000000e+01 9.886569877917615878e-01 7.254751996720519526e-04
1.652083333333333215e+01 9.992222121947008651e-01 1.861421681168747857e-04
1.654166666666666430e+01 9.992082792714144235e-01 1.035102216689275881e-03
1.656250000000000000e+01 9.887049719606333387e-01 -2.327932745832194620e-03
1.658333333333333215e+01 1.003260925608693954e+00 -4.306810570884046199e-04
1.660416666666666430e+01 1.027738241029098720e+00 -8.366180558535108542e-04
1.662500000000000000e+01 1.030319410016965698e+00 4.248851810099299811e-04
1.664583333333333215e+01 1.006594031304318460e+00 2.476848290173674179e-04
1.666666666666666430e+01 9.633724734828591485e-01 3.134686671974841520e-05
1.668750000000000000e+01 9.586508908804246554e-01 1.109560425083646121e-03
1.670833333333333215e+01 9.811741953876020883e-01 8.574463563467097250e-04
1.672916666666666430e+01 1.021907500778161504e+00 1.664649293777219598e-03
1.675000000000000000e+01 1.040272514590047326e+00 1.846579820983138779e-03
1.677083333333333215e+01 1.039976226515895386e+00 -1.584151716218211480e-03
1.679166666666666430e+01 1.009734648099081644e+00 -7.535865871171536050e-05
1.681250000000000000e+01 9.704023746784095072e-01 -2.786807858388928817e-04
1.683333333333333215e+01 9.498901741336007731e-01 -1.218742592923700895e-03
1.685416666666666430e+01 9.686607938932254580e-01 -4.894167634627784617e-04
1.687500000000000000e+01 1.005568599951068620e+00 -1.189640436809532176e-03
1.689583333333333215e+01 1.028909948425397847e+00 -2.082242923073345398e-03
1.691666666666666430e+01 1.035815661307653457e+00 -3.244804807557962346e-03
1.693750000000000000e+01 1.022110415437998299e+00 1.563516860600403912e-03
1.695833333333333215e+01 1.003378916780419905e+00 1.045372472441621746e-04
1.697916666666666430e+01 9.815308081460781819e-01 -5.466024163942334200e-04
1.700000000000000000e+01 9.633042660498950527e-01 -2.720407724957658781e-03
1.702083333333333215e+01 9.775316318744232680e-01 1.704804186131183034e-03
1.704166666666666430e+01 1.007601005306737907e+00 2.061143398619443966e-03
1.706250000000000000e+01 1.021107651748068834e+00 -5.614563521108617344e-04
1.708333333333333215e+01 1.012605984414171489e+00 4.119257408122969206e-04
1.710416666666666430e+01 1.001413653612416299e+00 7.375665397207039394e-04
1.712500000000000000e+01 1.018061033207633859e+00 3.661070697980112936e-04
1.714583333333333215e+01 1.019036467080250752e+00 -2.329419146593785395e-03
1.716666666666666430e+01 1.002119050286070845e+00 8.819794963559869584e-05
1.718750000000000000e+01 9.733245598635366092e-01 -7.788142092859004191e-04
1.720833333333333215e+01 9.689572959785526240e-01 1.220112561713648444e-03
1.722916666666666430e+01 9.923438163862597916e-01 -1.120078909980106721e-03
1.725000000000000000e+01 1.014507523718488624e+00 -4.531741179282382280e-04
1.727083333333333215e+01 1.011481190852498102e+00 -1.176814508800379851e-03
1.729166666666666430e+01 1.005245312233905786e+00 7.032887901946952057e-04
1.731250000000000000e+01 1.001552003358452625e+00 1.106158379352198190e-03
1.733333333333333215e+01 1.010487274561083559e+00 -5.929554112509226836e-04
1.735416666666666430e+01 1.012182939500402279e+00 9.543307227990483485e-04
1.737500000000000000e+01 1.002699634730793710e+00 4.100816970512556029e-04
1.739583333333333215e+01 9.806941521491177038e-01 2.789165629485971186e-04
1.741666666666666430e+01 9.771398499092980305e-01 -1.954711821251071090e-04
1.743750000000000000e+01 9.866986600430388554e-01 1.415298756109534305e-03
1.745833333333333215e+01 1.006527498441438073e+00 -2.132432683849543476e-03
1.747916666666666430e+01 1.015249623721654837e+00 8.296058410879351627e-04
1.750000000000000000e+01 1.020407567365729351e+00 -1.441433191698060197e-03
1.752083333333333215e+01 1.022395474318691377e+00 1.820442708382877554e-03
1.754166666666666430e+01 1.005410558459467918e+00 -8.036576598957557082e-04
1.756250000000000000e+01 9.875915394084956445e-01 -3.391413925636005476e-04
1.758333333333333215e+01 9.829072103336414790e-01 6.349415125530913102e-04
1.760416666666666430e+01 9.845965847673945337e-01 1.148353443041975029e-03
1.762500000000000000e+01 1.004334571444699842e+00 -2.107387573676402451e-03
1.764583333333333215e+01 1.009024113367697817e+00 1.248604157750464547e-03
1.766666666666666430e+01 1.002761498422715780e+00 6.165864532765635495e-04
1.768750000000000000e+01 9.998947996722672427e-01 1.926352153787045914e-03
1.770833333333333215e+01 1.013377810949169344e+00 7.606589217528995873e-04
1.772916666666666430e+01 1.023241699327486431e+00 1.718015577091560990e-03
1.775000000000000000e+01 1.004346815063673848e+00 -1.302349767324960308e-04
1.777083333333333215e+01 9.889682900646182828e-01 -7.006081310425424022e-04
1.779166666666666430e+01 9.878498258200609783e-01 -3.804500661604799856e-04
1.781250000000000000e+01 9.946792812778038062e-01 1.894871500285832521e-03
1.783333333333333215e+01 9.976972863500794819e-01 -3.630722588549125849e-04
1.785416666666666430e+01 9.920728791675674785e-01 1.474694557065562867e-03
1.787500000000000000e+01 1.000229104997290674e+00 -2.782223871662122916e-04
1.789583333333333215e+01 1.023435203694681439e+00 -1.490435921244591703e-03
1.791666666666666430e+01 1.023962842020774477e+00 5.128782329103158486e-04
1.793750000000000000e+01 1.002442029158921999e+00 6.467689884630958104e-04
1.795833333333333215e+01 9.838488866376655650e-01 -4.679154321187741481e-04
1.797916666666666430e+01 9.750969277315131301e-01 9.306737248767790694e-04
1.800000000000000000e+01 9.928530332700414851e-01 -8.196168369800447412e-04
1.802083333333333215e+01 1.006529137973152022e+00 -7.347080266747241023e-04
1.804166666666666430e+01 1.022541359827423335e+00 -9.412783517233163071e-04
1.806250000000000000e+01 1.024054635486771003e+00 -1.136605963198210160e-03
1.808333333333333215e+01 1.009118601346806088e+00 -6.094653703289557673e-04
1.810416666666666430e+01 9.876298457405912057e-01 6.788057920725821008e-04
1.812500000000000000e+01 9.738246150641508558e-01 2.122572128115379883e-04
1.814583333333333215e+01 9.879766535726495214e-01 -7.304509435994138841e-04
1.816666666666666430e+01 1.011727710748796971e+00 6.579155784853821199e-04
1.818750000000000000e+01 1.028450528831118760e+00 -2.103107380136896951e-04
1.820833333333333215e+01 1.021064882409956409e+00 1.251942401953579553e-04
1.822916666666666430e+01 1.005950401698642027e+00 6.216560681911189289e-04
1.825000000000000000e+01 9.990864834431041341e-01 4.307593990729012442e-05
1.827083333333333215e+01 9.798231851548538929e-01 -6.347537320862644931e-04
1.829166666666666430e+01 9.765308973771856804e-01 -6.062834541055010275e-04
1.831250000000000000e+01 9.828326705718452017e-01 -1.175601835112288860e-03
1.833333333333333215e+01 1.010693907117947266e+00 -7.979769675564851728e-04
1.835416666666666430e+01 1.027563768895176644e+00 1.492123503030713802e-03
1.837500000000000000e+01 1.032475153280108415e+00 3.915312546577501577e-04
1.839583333333333215e+01 1.021386072444857573e+00 1.816295422096007341e-03
1.841666666666666430e+01 1.000536450945905376e+00 -8.722479497076893748e-04
1.843750000000000000e+01 9.731848525184187970e-01 2.773674400801397449e-04
1.845833333333333215e+01 9.493489189304722409e-01 -3.556245165839223843e-03
1.847916666666666430e+01 9.717005818408221973e-01 -6.574184556043219559e-04
1.850000000000000000e+01 1.024506966439921340e+00 -1.060562715245152521e-03
1.852083333333333215e+01 1.056465736099295727e+00 -1.647451756575220305e-03
1.854166666666666430e+01 1.036004849812186324e+00 -4.370064908026141909e-04
1.856250000000000000e+01 9.909580020700076153e-01 -2.481453720091222545e-04
1.858333333333333215e+01 9.648585964274930538e-01 -1.253475483593553645e-03
1.860416666666666430e+01 9.787475921649877453e-01 6.421485613719092904e-04
1.862500000000000000e+01 1.009837055634671854e+00 1.196945256739552184e-03
1.864583333333333215e+01 1.017302587242106426e+00 -7.904264399891487367e-04
1.866666666666666430e+01 1.002816845814262336e+00 -1.958126738258504922e-04
1.868750000000000000e+01 1.001072495853954303e+00 1.904393996637397928e-03
1.870833333333333215e+01 1.000573816777044822e+00 1.454005113996292842e-03
1.872916666666666430e+01 9.913039619998053054e-01 -1.174279063197910524e-03
1.875000000000000000e+01 9.959423569213792238e-01 -1.216425376960327464e-03
1.877083333333333215e+01 9.983396537672546422e-01 2.216257867553298908e-04
1.879166666666666430e+01 1.013890683267767656e+00 4.052641728561662987e-04
1.881250000000000000e+01 1.022777646518229666e+00 -2.565289128452101280e-04
1.883333333333333215e+01 1.015683928531269098e+00 -3.727253964194601039e-04
1.885416666666666430e+01 9.916581445109939885e-01 1.657426451554215282e-03
1.887500000000000000e+01 9.701742782081655969e-01 1.661900268107519701e-03
1.889583333333333215e+01 9.682876423604162008e-01 -1.303360329244440457e-03
1.891666666666666430e+01 1.003991649476569048e+00 -1.141060588502678828e-03
1.893750000000000000e+01 1.035804852650407337e+00 -1.970356552338045891e-03
1.895833333333333215e+01 1.049678523826430787e+00 5.731355946378912346e-04
1.897916666666666430e+01 1.019507109117595789e+00 1.077506707739972090e-03
1.900000000000000000e+01 9.707647650145840856e-01 2.331341947643884220e-04
1.902083333333333215e+01 9.628912996892061704e-01 2.065901435138059895e-03
1.904166666666666430e+01 9.930807130158240126e-01 1.521522150312340461e-03
1.906250000000000000e+01 1.013394161320440467e+00 3.001774547818733432e-04
1.908333333333333215e+01 1.017950948774998032e+00 9.422302819368847098e-04
1.910416666666666430e+01 9.995869081075817730e-01 -8.274096081912140580e-05
1.912500000000000000e+01 9.900076159934906306e-01 2.256354929562320584e-04
1.914583333333333215e+01 9.940289758415761234e-01 -9.128793796391948762e-04
1.916666666666666430e+01 1.007789434597375910e+00 5.083378519030623977e-04
1.918750000000000000e+01 1.016230770659096061e+00 1.084388909174622672e-03
1.920833333333333215e+01 1.010925722687192607e+00 -1.759837442230937190e-03
1.922916666666666430e+01 1.003875481509188594e+00 5.783169648291865399e-04
1.925000000000000000e+01 9.916221417709675245e-01 1.944915504809309990e-04
1.927083333333333215e+01 9.901589646218805774e-01 1.318689594992980129e-04
1.929166666666666430e+01 9.883866590423656673e-01 -1.493111576831735246e-03
1.931250000000000000e+01 1.001141361126676621e+00 -1.851784053988061941e-04
1.933333333333333215e+01 1.012263056394941296e+00 -2.354932833025055359e-04
1.935416666666666430e+01 1.023959152013203200e+00 -3.531161703643436567e-05
1.937500000000000000e+01 1.009740643184025233e+00 -1.630033657696631881e-03
1.939583333333333215e+01 9.973228407381992122e-01 -2.251302285608364976e-04
1.941666666666666430e+01 9.914313403876251485e-01 -1.993713398703750826e-03
1.943750000000000000e+01 1.001632902761541821e+00 -2.144353501265580143e-03
1.945833333333333215e+01 1.005482844979880497e+00 -3.539281595120299310e-04
1.947916666666666430e+01 9.989679760609969650e-01 -1.007040840785571761e-04
1.950000000000000000e+01 9.975062007915768136e-01 -9.518964621065452306e-04
1.952083333333333215e+01 1.004817267205120324e+00 -2.254987051546823143e-04
1.954166666666666430e+01 1.014151129363860759e+00 2.862281435006385887e-04
1.956250000000000000e+01 1.000372161099067236e+00 -1.345031793035842945e-03
1.958333333333333215e+01 9.833894252485523291e-01 8.986447697247793411e-04
1.960416666666666430e+01 9.881079428016839028e-01 3.495592240032967517e-04
1.962500000000000000e+01 1.013578662619264659e+00 -5.232618641644531205e-04
1.964583333333333215e+01 1.023289799920868548e+00 -3.747644009938454744e-04
1.966666666666666430e+01 1.013090274900520171e+00 -1.103770962450345127e-03
1.968750000000000000e+01 9.999836833724132790e-01 -7.053106520409806787e-04
1.970833333333333215e+01 9.916922825050972223e-01 -5.509051535214419494e-04
1.972916666666666430e+01 9.822570488100202946e-01 -1.942572865164525356e-03
1.975000000000000000e+01 9.804423396911222666e-01 7.164839586006120468e-04
1.977083333333333215e+01 9.897645023298625722e-01 8.260690971512722920e-04
1.979166666666666430e+01 1.007634914820290328e+00 1.182882296016322899e-03
1.981250000000000000e+01 1.033509588699141668e+00 -1.792066002856204134e-03
1.983333333333333215e+01 1.028622461243025921e+00 -8.142773350213489570e-04
1.985416666666666430e+01 1.007106032669590867e+00 -9.640668836813326122e-04
1.987500000000000000e+01 9.903620911337451815e-01 -1.203664243162107543e-03
1.989583333333333215e+01 9.816666970266492154e-01 -9.934729349693018682e-04
1.991666666666666430e+01 9.640704082027512500e-01 -5.330518347299416241e-04
1.993750000000000000e+01 9.735521772630524318e-01 6.379329534405459327e-04
1.995833333333333215e+01 1.013882650253463691e+00 -9.477336742331282865e-04
1.997916666666666430e+01 1.043888118704287882e+00 -8.360740166795105474e-04
2.000000000000000000e+01 1.033106339653516725e+00 1.063009771095165326e-03
2.002083333333333215e+01 9.940150060056336390e-01 -8.591536402686152313e-04
2.004166666666666430e+01 9.742409285016703224e-01 1.889642696527654101e-03
2.006250000000000000e+01 9.936931202960364029e-01 -6.158376166145851762e-04
2.008333333333333215e+01 1.013934979910957379e+00 4.985236939446383220e-05
2.010416666666666430e+01 1.004415609891084804e+00 -7.340875129490028470e-04
2.012500000000000000e+01 9.692721283640265417e-01 -2.497617736100438569e-03
2.014583333333333215e+01 9.705786105149527554e-01 -4.537539219975607547e-05
2.016666666666666430e+01 1.006250174230139516e+00 5.871294960544413749e-04
2.018750000000000000e+01 1.036336858201390099e+00 1.905725109789086717e-04
2.020833333333333215e+01 1.039143635051593684e+00 -7.437330315604237648e-04
2.022916666666666430e+01 1.008672985638990882e+00 -1.109316145388757405e-03
2.025000000000000000e+01 9.776904932501484513e-01 -1.765702723368401924e-03
2.027083333333333215e+01 9.552526076364452612e-01 1.243270262789960895e-03
2.029166666666666430e+01 9.673903528048837241e-01 -3.516344460487625702e-04
2.031250000000000000e+01 1.008408765856770417e+00 -5.289333879945054334e-04
2.033333333333333215e+01 1.029278800285961859e+00 9.509802798528713781e-04
2.035416666666666430e+01 1.023798565522941573e+00 -4.726232932389233554e-04
2.037500000000000000e+01 9.914723438048653748e-01 -2.988920784386717849e-03
2.039583333333333215e+01 9.778141214390916325e-01 -2.658574103791369082e-03
2.041666666666666430e+01 9.918019536272874026e-01 -1.162274906951126213e-03
2.043750000000000000e+01 1.019189512079608395e+00 1.889290119609571880e-04
2.045833333333333215e+01 1.021213226375317529e+00 -6.872808097977239601e-04
2.047916666666666430e+01 9.905997155225886308e-01 2.695047134813484380e-04
2.050000000000000000e+01 9.730587854365830847e-01 -5.936557436790519410e-04
2.052083333333333215e+01 9.842789061720409460e-01 -2.523009586856530054e-03
2.054166666666666430e+01 1.014997339208480120e+00 8.415266162101147198e-04
2.056250000000000000e+01 1.027537921209783489e+00 -9.588008043922830294e-04
2.058333333333333215e+01 1.009034058189687055e+00 -3.148624794919045234e-04
2.060416666666666430e+01 9.864210631059269208e-01 2.395559537957740162e-04
2.062500000000000000e+01 9.850630067079791941e-01 -8.299516122977821340e-04
2.064583333333333215e+01 9.967140268792711311e-01 -2.613628470641948375e-03
2.066666666666666430e+01 1.005006332304774652e+00 1.579920016367502525e-04
2.068750000000000000e+01 1.004501360609392879e+00 -1.230726230867335144e-03
2.070833333333333215e+01 9.996645518210410808e-01 -9.021018927068516794e-04
2.072916666666666430e+01 1.005459861759794737e+00 -1.020809845625760947e-03
2.075000000000000000e+01 1.010882277901475002e+00 -6.502018270326322558e-04
2.077083333333333215e+01 9.980838152758737536e-01 1.965883879950169021e-03
2.079166666666666430e+01 9.798322288333116692e-01 4.025498587249767986e-04
2.081250000000000000e+01 9.891772891289730696e-01 -1.460031742788917702e-03
2.083333333333333215e+01 1.011650973670153997e+00 -1.212530831435506022e-03
2.085416666666666430e+01 1.013556340975911629e+00 5.980108466132473370e-04
2.087500000000000000e+01 1.002614366927813139e+00 1.006606898491757074e-03
2.089583333333333215e+01 9.880478133023949949e-01 1.177582618311302049e-03
2.091666666666666430e+01 9.876377572685741679e-01 -6.383194274296995294e-04
2.093750000000000000e+01 1.002779098115461620e+00 1.446563048404628498e-03
2.095833333333333215e+01 1.009020909320866188e+00 8.110894593719966857e-04
2.097916666666666430e+01 1.003268878050902480e+00 -8.290023534583535305e-04
2.100000000000000000e+01 9.947133625710364857e-01 -6.983251130119540358e-04
2.102083333333333215e+01 9.956133748265633132e-01 1.273522577761118050e-03
2.104166666666666430e+01 1.001059323819048386e+00 1.052194244719682997e-04
2.106250000000000000e+01 1.000256061406238572e+00 -2.255268350861277474e-03
2.108333333333333215e+01 9.947986815358248469e-01 -9.684235290823156594e-04
2.110416666666666430e+01 9.938222842231123622e-01 -2.245041330201302202e-04
2.112500000000000000e+01 1.005234946829859144e+00 1.066302965297596722e-03
2.114583333333333215e+01 1.019695972286689178e+00 2.957688390505387017e-04
2.116666666666666430e+01 1.014269086890010607e+00 1.334392758562133680e-03
2.118750000000000000e+01 9.858578505999608943e-01 6.325046353841718046e-04
2.120833333333333215e+01 9.615315717355308323e-01 -1.187867191750536459e-03
2.122916666666666430e+01 9.719060777774057858e-01 -2.520989576273330876e-04
2.125000000000000000e+01 1.007696303845281971e+00 -7.415554929624232393e-04
2.127083333333333215e+01 1.032518433895481813e+00 -9.424481965285088259e-05
2.129166666666666430e+01 1.019057305725422635e+00 -9.078792759848504238e-04
2.131250000000000000e+01 1.000625168014610544e+00 2.797184148260189150e-03
2.133333333333333215e+01 1.002982037002989602e+00 7.218135967505215789e-04
2.135416666666666430e+01 1.016266332347902202e+00 1.574475533122939171e-04
2.137500000000000000e+01 1.010311611371519591e+00 -1.599863386183780897e-03
2.139583333333333215e+01 9.733053273130887195e-01 -1.501794653788784593e-04
2.141666666666666430e+01 9.514996600667119386e-01 4.965815806375326914e-04
2.143750000000000000e+01 9.625062141813661709e-01 -2.015265261883571494e-04
2.145833333333333215e+01 1.000507754696140728e+00 -3.486032835337373511e-04
2.147916666666666430e+01 1.039771209764100091e+00 2.916625462188443389e-04
2.150000000000000000e+01 1.066651284056758575e+00 -1.472546122737473104e-03
2.152083333333333215e+01 1.055963671583093788e+00 -3.181936942273557042e-04
2.154166666666666430e+01 9.990146644861348513e-01 -4.850899064320447285e-04
2.156250000000000000e+01 9.213998595960082305e-01 -2.572232562218123761e-04
2.158333333333333215e+01 8.970487959115289733e-01 5.369901398814847524e-04
2.160416666666666430e+01 9.594067542406549132e-01 -3.373098932210907798e-04
2.162500000000000000e+01 1.051530544001758383e+00 -1.517526548037899511e-03
2.164583333333333215e+01 1.080733919976303969e+00 -2.000926292249961738e-03
2.166666666666666430e+01 1.041953394210729522e+00 -9.972295946064518336e-04
2.168750000000000000e+01 9.990556956122804699e-01 5.414586463714010428e-04
2.170833333333333215e+01 9.846987532060705872e-01 4.234829948430015797e-04
2.172916666666666430e+01 9.849136602999500889e-01 -1.787664412309227782e-03
2.175000000000000000e+01 9.768622462843318255e-01 -8.013682145598506829e-05
2.177083333333333215e+01 9.744271509628490424e-01 -1.526239742411398615e-03
2.179166666666666430e+01 9.856976358100618674e-01 -7.456024415974968995e-04
2.181250000000000000e+01 1.010299422293509997e+00 -5.797794790710500759e-04
2.183333333333333215e+01 1.024616719754931626e+00 1.689280330914619092e-03
2.185416666666666430e+01 1.017339318430679818e+00 -6.042754013670629957e-04
2.187500000000000000e+01 1.011303181861100242e+00 -2.263799659093942550e-03
2.189583333333333215e+01 1.010937712474675676e+00 2.520599818918695546e-03
2.191666666666666430e+01 1.008564342645228651e+00 6.490304485722227538e-04
2.193750000000000000e+01 9.923167837372850464e-01 -2.334820697824377205e-04
2.195833333333333215e+01 9.705859257493812953e-01 1.005761957207972155e-03
2.197916666666666430e+01 9.672778971670998871e-01 9.136956326429484035e-04
2.200000000000000000e+01 9.835488806827508146e-01 9.745930539065601490e-04
2.202083333333333215e+01 1.015131771514572012e+00 -1.202960038583965330e-03
2.204166666666666430e+01 1.034038071081948118e+00 1.254346137165614303e-03
2.206250000000000000e+01 1.034210149073189866e+00 -1.923739925166125181e-03
2.208333333333333215e+01 1.007021694511117893e+00 -2.744411031454331747e-03
2.210416666666666430e+01 9.833250945722343817e-01 -3.202449165929231734e-03
2.212500000000000000e+01 9.705801426598755777e-01 -4.685612923282720375e-04
2.214583333333333215e+01 9.825123759767439013e-01 -1.257695816504561526e-03
2.216666666666666430e+01 9.898366698405870467e-01 7.583331976937277398e-04
2.218750000000000000e+01 9.967493227886147222e-01 2.927022772504454980e-03
2.220833333333333215e+01 1.013248770958506961e+00 -7.359555336292447928e-04
2.222916666666666430e+01 1.023836750494303560e+00 -1.642335055253067505e-03
2.225000000000000000e+01 1.022781798551559929e+00 -7.333685957159737047e-04
2.227083333333333215e+01 1.003421020201131109e+00 -2.035763035851150503e-03
2.229166666666666430e+01 9.805962250768933686e-01 1.279494130753762145e-03
2.231250000000000000e+01 9.753591558950579499e-01 1.619602082615092869e-03
2.233333333333333215e+01 9.957175081191041999e-01 6.674113309227797629e-04
2.235416666666666430e+01 1.013669595272394863e+00 -9.422271610371093370e-04
2.237500000000000000e+01 1.005114684036573225e+00 -9.534153122538080883e-04
2.239583333333333215e+01 1.005221727143646770e+00 -4.383505646494754646e-03
2.241666666666666430e+01 1.012758944093357538e+00 7.373902960007756337e-05
2.243750000000000000e+01 1.004173553900283178e+00 -1.818938136320670659e-03
2.245833333333333215e+01 9.964585622172604795e-01 -6.968693209364171161e-04
2.247916666666666430e+01 9.843977678535226206e-01 -1.983467971851647811e-03
2.250000000000000000e+01 9.786087867828435760e-01 -1.419438068317546361e-03
2.252083333333333215e+01 9.991520237738040766e-01 -2.893744091163947174e-05
2.254166666666666430e+01 1.019521328240974523e+00 -7.525017087570620841e-04
2.256250000000000000e+01 1.025412004449288927e+00 1.859368752021311241e-03
2.258333333333333215e+01 1.008100481746069033e+00 5.867733449860265769e-04
2.260416666666666430e+01 9.896469224635182638e-01 -1.377089236500068188e-03
2.262500000000000000e+01 1.000458501221891172e+00 1.548355249543461589e-03
2.264583333333333215e+01 1.000530193530138501e+00 2.878684438866381962e-05
2.266666666666666430e+01 9.934570800475445163e-01 -4.523846220692425910e-04
2.268750000000000000e+01 9.772085549469247123e-01 1.492351558507310546e-03
2.270833333333333215e+01 9.865836339314399961e-01 3.427305738990608897e-05
2.272916666666666430e+01 1.018465851764946306e+00 -1.211761552884707636e-03
2.275000000000000000e+01 1.037044721639833078e+00 7.052858536192567083e-04
2.277083333333333215e+01 1.025526333324280559e+00 1.055996706471861715e-03
2.279166666666666430e+01 1.003863887443166902e+00 -6.713661096471736740e-04
2.281250000000000000e+01 9.948067312202297785e-01 -3.600807420904946128e-04
2.283333333333333215e+01 9.866688496503137618e-01 1.654929853417227373e-03
2.285416666666666430e+01 9.726610446328519677e-01 1.008273393189971752e-03
2.287500000000000000e+01 9.697793061121385838e-01 1.497546427536349846e-03
2.289583333333333215e+01 9.975755011872238232e-01 -8.381473551327438471e-05
2.291666666666666430e+01 1.028700923931487710e+00 3.468354316063989315e-04
2.293750000000000000e+01 1.043357452333002477e+00 -1.842971063353212972e-03
2.295833333333333215e+01 1.026912012584487943e+00 -4.157758348795317829e-04
2.297916666666666430e+01 1.011730320440341613e+00 -2.137807575785986413e-03
2.300000000000000000e+01 9.846586509219724670e-01 -1.229233377956674028e-04
2.302083333333333215e+01 9.583361610913380124e-01 -2.422464606028253825e-04
2.304166666666666430e+01 9.494960911777581281e-01 -4.684521314738500971e-04
2.306250000000000000e+01 9.790170876089164809e-01 2.572796945679939004e-04
2.308333333333333215e+01 1.031638500927567481e+00 1.383552784178044897e-03
2.310416666666666430e+01 1.051127534505872374e+00 2.265439017455227969e-03
2.312500000000000000e+01 1.023254197899395646e+00 8.061896753596919062e-04
2.314583333333333215e+01 9.971813325517027149e-01 5.257294504978403876e-05
2.316666666666666430e+01 9.958408474047077963e-01 8.112950117664290486e-04
2.318750000000000000e+01 1.010476518254002976e+00 1.315392599788594305e-03
2.320833333333333215e+01 9.982225160224119653e-01 -6.598292969351706935e-04
2.322916666666666430e+01 9.588905680180135338e-01 1.719399919452686007e-03
2.325000000000000000e+01 9.453899518321939865e-01 -1.417813646111955143e-03
2.327083333333333215e+01 9.800769003203722018e-01 7.578132918554949344e-04
2.329166666666666430e+01 1.042735667375391806e+00 2.428046600394276832e-04
2.331250000000000000e+01 1.074594279670582742e+00 7.623564231485878417e-04
2.333333333333333215e+01 1.043594322704831434e+00 5.935992181066323571e-04
2.335416666666666430e+01 9.894556505643303801e-01 -1.189956227374664496e-03
2.337500000000000000e+01 9.514695225209482965e-01 -1.828367083481448980e-03
2.339583333333333215e+01 9.548810765252512267e-01 -2.126629934521648431e-05
2.341666666666666430e+01 9.866262761145719873e-01 -1.580299761581944714e-03
2.343750000000000000e+01 1.019245905361721549e+00 4.525860098261468337e-04
2.345833333333333215e+01 1.025365794486531978e+00 2.057138824054170409e-03
2.347916666666666430e+01 1.005736678586830246e+00 -1.253223698028187150e-04
2.350000000000000000e+01 1.004730013630993790e+00 -5.897023559507433808e-04
2.352083333333333215e+01 1.006684921782843301e+00 -3.290779193049294836e-04
2.354166666666666430e+01 1.010301108954056559e+00 -6.344976971994945687e-04
2.356250000000000000e+01 9.964184759820651216e-01 -1.810396919800711431e-04
2.358333333333333215e+01 9.864946972065190556e-01 9.134995195283035323e-04
2.360416666666666430e+01 9.871872602122911955e-01 2.677916710691276465e-04
2.362500000000000000e+01 9.978329160739463077e-01 -1.044466163742637475e-03
2.364583333333333215e+01 1.004131546972715450e+00 1.472250373427370874e-03
2.366666666666666430e+01 1.009282635749276125e+00 1.131082435525237887e-03
2.368750000000000000e+01 1.004221904453113767e+00 2.713210028679098346e-03
2.370833333333333215e+01 1.001289665860499056e+00 1.044414402384595281e-03
2.372916666666666430e+01 9.974995307540917011e-01 -8.353243598741049358e-04
2.375000000000000000e+01 9.929961420824495733e-01 5.071913376453017139e-03
2.377083333333333215e+01 1.007591642681319399e+00 1.119970716934113285e-03
2.379166666666666430e+01 1.017050633071411081e+00 -3.191965582863632634e-04
2.381250000000000000e+01 1.001615548744726025e+00 2.210690895854865854e-05
2.383333333333333215e+01 9.868101786607009762e-01 -1.014968426895410504e-03
2.385416666666666430e+01 9.734799780994095597e-01 -1.471346055967760486e-03
2.387500000000000000e+01 9.902374424923138241e-01 -7.472856731557263495e-04
2.389583333333333215e+01 1.011515906828666767e+00 -2.795893683092547945e-04
2.391666666666666430e+01 1.026100494160278487e+00 1.352268504529572203e-03
2.393750000000000000e+01 1.020077633780118287e+00 2.295281697766288036e-03
2.395833333333333215e+01 1.012783669906856421e+00 1.836287043279907901e-03
2.397916666666666430e+01 9.896345202976353228e-01 -5.200220281479149640e-04
2.400000000000000000e+01 9.755067010591980114e-01 -8.696064126733117367e-04
2.402083333333333215e+01 9.762729591523576778e-01 7.729056439896905134e-04
2.404166666666666430e+01 1.001864699772382350e+00 1.780206460144517918e-04
2.406250000000000000e+01 1.027290781346233306e+00 -1.641207673720589566e-04
2.408333333333333215e+01 1.026296646078241226e+00 1.428602586512618807e-03
2.410416666666666430e+01 1.000134832043626743e+00 1.126646513485349320e-03
2.412500000000000000e+01 9.856141155109181540e-01 6.184334168514724409e-04
2.414583333333333215e+01 9.906693965831384618e-01 1.550689605101546620e-04
2.416666666666666430e+01 1.009755576476133676e+00 5.343684829546582705e-04
2.418750000000000000e+01 1.009477594314853954e+00 -4.537289984137707431e-04
2.420833333333333215e+01 1.002004596450194462e+00 4.984031562778500546e-04
2.422916666666666430e+01 9.937032499754978598e-01 9.080495351389316142e-04
2.425000000000000000e+01 9.922032432018070836e-01 -6.235357845532726482e-04
2.427083333333333215e+01 1.006420849467299483e+00 -4.309085954651570836e-04
2.429166666666666430e+01 1.011059433372979877e+00 -1.029232976426888279e-03
2.431250000000000000e+01 9.982700431872683078e-01 6.784797566257918123e-04
2.433333333333333215e+01 9.959807976052864609e-01 1.405820311827220574e-04
2.435416666666666430e+01 1.001071027748871689e+00 7.371662456491922134e-04
2.437500000000000000e+01 9.970116542948836980e-01 1.039144745015872003e-03
2.439583333333333215e+01 9.952115203512712505e-01 7.895898739768400553e-04
2.441666666666666430e+01 9.941352919211038364e-01 -1.060096655113419630e-03
2.443750000000000000e+01 1.008153169657887371e+00 1.823921001563894896e-03
2.445833333333333215e+01 1.030461433215339229e+00 -6.844155848396604096e-05
2.447916666666666430e+01 1.008988309218196822e+00 5.057132662980290665e-04
2.450000000000000000e+01 9.773298985609261136e-01 -2.168631732959265188e-04
2.452083333333333215e+01 9.640225804959704492e-01 -1.381875201834999959e-03
2.454166666666666430e+01 9.959257177426251717e-01 7.168420086537849152e-04
2.456250000000000000e+01 1.029929522513265860e+00 2.058967286746238225e-04
2.458333333333333215e+01 1.024723015277935856e+00 -8.859390793658280128e-04
2.460416666666666430e+01 9.968749987438101368e-01 -1.409858467926334343e-03
2.462500000000000000e+01 9.969467644525770167e-01 1.711128186626611862e-03
2.464583333333333215e+01 1.010306067638722549e+00 3.828044762999701029e-04
2.466666666666666430e+01 1.008887031682378810e+00 1.300215410038861987e-03
2.468750000000000000e+01 9.823847518761251729e-01 3.199538863382747926e-04
2.470833333333333215e+01 9.735959902948450040e-01 -1.525726594664700547e-03
2.472916666666666430e+01 9.941724110731057218e-01 -1.082705828856566277e-03
2.475000000000000000e+01 1.032077951958858097e+00 -3.637413458568504281e-04
2.477083333333333215e+01 1.029582551799040457e+00 8.783501542222416851e-05
2.479166666666666430e+01 1.002365995232181062e+00 6.988600453840721925e-04
2.481250000000000000e+01 9.820238711868543025e-01 1.849791155588223447e-03
2.483333333333333215e+01 9.910018730200488291e-01 -2.639242638309725474e-04
2.485416666666666430e+01 9.997516976689624357e-01 8.403276520008941177e-04
2.487500000000000000e+01 1.012660602296806323e+00 -2.117264035363333079e-04
2.489583333333333215e+01 1.000836999316611964e+00 7.698954133708678501e-04
2.491666666666666430e+01 9.956650259458434959e-01 -1.991756247357941330e-03
2.493750000000000000e+01 9.956035570605202834e-01 -6.911635361736731238e-04
2.495833333333333215e+01 9.996309980596785882e-01 6.853247683071950593e-04
2.497916666666666430e+01 1.011359820672509624e+00 -1.960076426014214189e-03
2.500000000000000000e+01 1.007318819273647303e+00 6.085865127578208396e-04
2.502083333333333215e+01 1.007342224070842729e+00 4.390252641983971604e-04
2.504166666666666430e+01 9.954935203534315269e-01 -2.168712211878749945e-03
2.506250000000000000e+01 9.899821786675088164e-01 3.526260586438297365e-04
2.508333333333333215e+01 9.990184064129331576e-01 -1.702240370991207473e-04
2.510416666666666430e+01 9.973020580360614229e-01 -2.144255000415890271e-03
2.512500000000000000e+01 9.965050290525273580e-01 -2.781698361997511811e-03
2.514583333333333215e+01 1.004125092743565206e+00 5.561405618904118010e-04
2.516666666666666430e+01 1.007480408706790120e+00 -1.638002266836751229e-06
2.518750000000000000e+01 1.005636939534761964e+00 1.971177055612596081e-04
2.520833333333333215e+01 9.955124544902566042e-01 -1.172928718495981192e-03
2.522916666666666430e+01 9.938500785419940309e-01 4.726441326809050912e-04
2.525000000000000000e+01 1.001948324979043292e+00 -1.179115229461880597e-03
2.527083333333333215e+01 1.008308703516916260e+00 1.703050179183498720e-04
2.529166666666666430e+01 9.953879388296754671e-01 -8.764404092447779628e-04
2.531250000000000000e+01 9.881692041625993461e-01 -2.369912120314294178e-03
2.533333333333333215e+01 1.001295510479138562e+00 7.647024112836062638e-04
2.535416666666666430e+01 1.022153931066289489e+00 -1.509053841515133618e-03
2.537500000000000000e+01 1.019904495005834910e+00 4.920262881363344620e-04
2.539583333333333215e+01 9.920356431184834678e-01 2.015122242263942248e-03
2.541666666666666430e+01 9.763322659837485595e-01 -8.356869857089937927e-04
2.543750000000000000e+01 9.890120897986894866e-01 2.442056923087852858e-03
2.545833333333333215e+01 1.010964742814925987e+00 7.404053797844125468e-04
2.547916666666666430e+01 1.021488972329130718e+00 1.263039495485125891e-03
2.550000000000000000e+01 1.018001123130156005e+00 1.458235353760773930e-03
2.552083333333333215e+01 1.001527907679559348e+00 -4.736159246809722926e-04
2.554166666666666430e+01 9.883625245950561355e-01 -3.846059135012409001e-03
2.556250000000000000e+01 9.803979552248113238e-01 2.135848031656020773e-03
2.558333333333333215e+01 9.832172398109935152e-01 8.365106353570352928e-05
2.560416666666666430e+01 1.002980169017672951e+00 -6.699626027584467455e-04
2.562500000000000000e+01 1.022454437549103812e+00 -5.732789385792516276e-04
2.564583333333333215e+01 1.018376072827533507e+00 9.743259916932895054e-04
2.566666666666666430e+01 9.953947528181048554e-01 2.158592790715536426e-03
2.568750000000000000e+01 9.824277798363871828e-01 -5.490979307908758168e-04
2.570833333333333215e+01 9.932254107108849928e-01 6.391006917564779222e-04
2.572916666666666430e+01 1.013344515253328471e+00 -5.047797389500923186e-04
2.575000000000000000e+01 1.011141182551444695e+00 1.380173976749024273e-03
2.577083333333333215e+01 9.895017990413755848e-01 2.385151245218250775e-04
2.579166666666666430e+01 9.686534458969928707e-01 1.703639399550075544e-04
2.581250000000000000e+01 9.876585732513090132e-01 -8.872100854487946714e-04
2.583333333333333215e+01 1.025986658347223690e+00 2.765226007713364530e-04
2.585416666666666430e+01 1.037147392543583457e+00 1.805230176730610731e-03
2.587500000000000000e+01 1.011068600092910552e+00 7.916781112582383859e-05
2.589583333333333215e+01 9.752164698629218753e-01 7.477657536437104339e-04
2.591666666666666430e+01 9.764655041128907920e-01 8.653605267442513209e-04
2.593750000000000000e+01 9.998445568278350182e-01 -1.032236628267919421e-03
2.595833333333333215e+01 1.002409308879997463e+00 5.013868716591231766e-04
2.597916666666666430e+01 9.975056452924150330e-01 -1.860399890909579176e-03
