0.000000000000000000e+00 9.986185896175081567e-01 -2.880827484012092425e-03
2.083333333333333218e-02 1.024729405580284025e+00 1.279302503901359181e-03
4.166666666666666435e-02 1.024386301857712178e+00 -1.205583230446370625e-03
6.250000000000000000e-02 1.016504348778157762e+00 7.366989742684590262e-04
8.333333333333332871e-02 1.014779769908376927e+00 6.448006437705356385e-04
1.041666666666666574e-01 1.019703882767958092e+00 -1.190085953107374722e-03
1.250000000000000000e-01 1.011922251303472020e+00 1.729637982083909002e-03
1.458333333333333148e-01 1.007009161688425802e+00 -1.217757835359902863e-03
1.666666666666666574e-01 1.010255457531964218e+00 3.255110170726984603e-04
1.875000000000000000e-01 1.020531539358049411e+00 -7.574329433119954052e-04
2.083333333333333148e-01 1.007489296001420787e+00 -5.445770129265043363e-05
2.291666666666666574e-01 9.873004098802244943e-01 -2.788484406178293293e-04
2.500000000000000000e-01 9.866477111367891739e-01 1.186498205253728967e-03
2.708333333333333148e-01 9.942833828137990215e-01 1.682053251698417727e-03
2.916666666666666297e-01 9.882884633310660139e-01 5.356288774019852834e-04
3.125000000000000000e-01 9.715628767183304149e-01 1.140311460385648413e-03
3.333333333333333148e-01 9.727932757091066751e-01 -7.514555118549082246e-04
3.541666666666666297e-01 1.005062159649198872e+00 1.096228219434270106e-03
3.750000000000000000e-01 1.028293958673905051e+00 -3.929067240258346701e-04
3.958333333333333148e-01 1.024458916995022451e+00 -2.930283897290810119e-04
4.166666666666666297e-01 1.003662054664702596e+00 -2.263664488654693508e-04
4.375000000000000000e-01 9.937682128711761154e-01 1.397956842738967481e-03
4.583333333333333148e-01 1.001103135754437989e+00 -1.276772114554601935e-03
4.791666666666666297e-01 1.001228128400907025e+00 7.326103076401991980e-04
5.000000000000000000e-01 9.922957607342788311e-01 -1.260663330718260261e-03
5.208333333333332593e-01 9.962065289828055947e-01 3.655955126616027028e-04
5.416666666666666297e-01 1.003473264690105227e+00 -5.160961153195699333e-04
5.625000000000000000e-01 1.014342686715878017e+00 -2.815498813954679202e-04
5.833333333333332593e-01 1.002867090114590409e+00 -6.493050098890002951e-04
6.041666666666666297e-01 9.891538028256700033e-01 4.005870489482224879e-05
6.250000000000000000e-01 9.990438724806758319e-01 -5.727039113957332244e-04
6.458333333333332593e-01 1.012069946534591258e+00 2.104745788810973885e-03
6.666666666666666297e-01 1.018406328708122199e+00 9.205399355889364054e-05
6.875000000000000000e-01 1.000959688293593608e+00 -7.857480898534598092e-04
7.083333333333332593e-01 9.799185193535745464e-01 -2.294451400878808316e-03
7.291666666666666297e-01 9.809575824556702184e-01 2.750611287244065286e-05
7.500000000000000000e-01 9.996503676578659681e-01 2.492290620183326439e-03
7.708333333333332593e-01 1.019052796259767524e+00 1.902403157404382057e-03
7.916666666666666297e-01 1.024217222909245661e+00 -7.883599288779744073e-04
8.125000000000000000e-01 1.017549991907691354e+00 7.859523180310015440e-05
8.333333333333332593e-01 1.010280562590916142e+00 2.887393647952756805e-04
8.541666666666666297e-01 9.958971266884637519e-01 -1.569928404167531856e-03
8.750000000000000000e-01 9.760916695627116502e-01 -2.570499156958603194e-03
8.958333333333332593e-01 9.692148147767907229e-01 6.209179779748521882e-05
9.166666666666666297e-01 9.787734556181274526e-01 3.536251553234195889e-04
9.375000000000000000e-01 9.931945713412800858e-01 8.252492449955960076e-05
9.583333333333332593e-01 9.991216263632011207e-01 -1.315600856469938259e-03
9.791666666666666297e-01 1.011274789256494611e+00 -3.822985468749538415e-04
1.000000000000000000e+00 1.006105745118540895e+00 3.794004357726843283e-04
1.020833333333333259e+00 1.009263067842059769e+00 -3.507839972989373000e-04
1.041666666666666519e+00 9.998176498226555298e-01 -1.371692864792389268e-03
1.062500000000000000e+00 9.895376904411138375e-01 -2.364756739591817019e-03
1.083333333333333259e+00 9.792695970932614458e-01 -1.721958297639020197e-03
1.104166666666666519e+00 9.988828322211915633e-01 1.899806183859626069e-03
1.125000000000000000e+00 1.016287401732128393e+00 1.408306681777949862e-03
1.145833333333333259e+00 1.030266179040874697e+00 -5.949006208950425060e-04
1.166666666666666519e+00 1.011163476244439252e+00 1.819588122902204928e-03
1.187500000000000000e+00 9.875152280165983010e-01 -4.132838171211194317e-04
1.208333333333333259e+00 9.892786475542112434e-01 -5.397985017219474871e-05
1.229166666666666519e+00 9.983556119264270778e-01 -2.853789737791086493e-04
1.250000000000000000e+00 1.010179204101607109e+00 1.097468893290219887e-03
1.270833333333333259e+00 1.002140163230188952e+00 2.270564429178802829e-03
1.291666666666666519e+00 9.967737990955740646e-01 -7.862082057900333888e-04
1.312500000000000000e+00 9.927014700972224270e-01 1.213671544153476336e-03
1.333333333333333259e+00 9.947293378472288339e-01 -1.949359563993330888e-03
1.354166666666666519e+00 9.980199658445930710e-01 2.877339296602037769e-04
1.375000000000000000e+00 1.001172059883981724e+00 1.233191476875178253e-03
1.395833333333333259e+00 1.010058129046537800e+00 -1.326606598680032121e-03
1.416666666666666519e+00 1.011776185944504247e+00 1.339308117378366350e-03
1.437500000000000000e+00 9.998393641181541058e-01 -2.578163407728847499e-04
1.458333333333333259e+00 9.914402843091979500e-01 1.323764385393370706e-03
1.479166666666666519e+00 9.858804538365160131e-01 -6.559387371817725553e-05
1.500000000000000000e+00 9.803757489800699609e-01 1.140879905964965182e-03
1.520833333333333259e+00 9.788144669092264660e-01 -2.244621312272460361e-04
1.541666666666666519e+00 9.799086360739601709e-01 2.180468679016843696e-03
1.562500000000000000e+00 9.748232378860565150e-01 -2.103836655523328748e-03
1.583333333333333259e+00 9.835496199478275248e-01 -2.981074863783123377e-04
1.604166666666666519e+00 9.944982646038925678e-01 -1.625666426120050707e-03
1.625000000000000000e+00 1.010596946168442534e+00 -9.339044189230528720e-04
1.645833333333333259e+00 1.016237119086493834e+00 6.423630225137923330e-04
1.666666666666666519e+00 1.011085645051302606e+00 -8.670080617468386031e-04
1.687500000000000000e+00 1.000983141532160392e+00 -2.574777007075943012e-03
1.708333333333333259e+00 1.009209516630367398e+00 -2.173201836576045022e-03
1.729166666666666519e+00 1.025225465057665541e+00 -2.068824698948259003e-03
1.750000000000000000e+00 1.040938361810852530e+00 2.421807079383875554e-03
1.770833333333333259e+00 1.038411511715898961e+00 -6.094310548709681342e-04
1.791666666666666519e+00 1.032291278646236821e+00 5.125790244677147327e-04
1.812500000000000000e+00 1.011507857463996407e+00 -7.633491432747882728e-04
1.833333333333333259e+00 1.017582626382298017e+00 -6.440386224536948047e-04
1.854166666666666519e+00 1.014210284461639633e+00 -1.177090202478666423e-03
1.875000000000000000e+00 1.011374875710125743e+00 -4.953061014074487808e-04
1.895833333333333259e+00 1.005414992747536207e+00 -3.971227643175536618e-04
1.916666666666666519e+00 9.981657458831517671e-01 1.452955077412804163e-03
1.937500000000000000e+00 9.843469215726180499e-01 7.244064040873042292e-04
1.958333333333333259e+00 9.659679171282319343e-01 -2.722754524555740831e-04
1.979166666666666519e+00 9.659749332118265919e-01 1.100377685205859322e-03
2.000000000000000000e+00 9.685049502572926627e-01 -2.447484135748762262e-03
2.020833333333333037e+00 9.881024385559438183e-01 -3.928494207819006076e-04
2.041666666666666519e+00 9.965971404663168665e-01 1.233325000034810872e-03
2.062500000000000000e+00 9.913817197619827493e-01 -3.482353568321949386e-04
2.083333333333333037e+00 9.934514827024200079e-01 7.239014563721512174e-04
2.104166666666666519e+00 1.000016267024331107e+00 1.774256392513896916e-03
2.125000000000000000e+00 1.011780957823971150e+00 -2.260173338728871644e-03
2.145833333333333037e+00 1.010119285089260188e+00 -8.806377761219123758e-04
2.166666666666666519e+00 1.006881578414148937e+00 7.748849910476944200e-04
2.187500000000000000e+00 1.022605797678577844e+00 1.448024053935145425e-03
2.208333333333333037e+00 1.031403171372461847e+00 -7.257265584227272186e-04
2.229166666666666519e+00 1.032574011514515888e+00 -2.973164736026977142e-03
2.250000000000000000e+00 1.016238313925730719e+00 -4.617029832688939101e-04
2.270833333333333037e+00 9.992187944756532048e-01 -2.194414149446452609e-03
2.291666666666666519e+00 1.008104743384103719e+00 1.989776111384816259e-03
2.312500000000000000e+00 1.012915683907092079e+00 1.305398906663354352e-03
2.333333333333333037e+00 1.002379197729993177e+00 -1.616339408425216230e-03
2.354166666666666519e+00 9.896179316533234571e-01 1.812361739442473578e-03
2.375000000000000000e+00 9.989660675194350636e-01 -3.842101431260976801e-04
2.395833333333333037e+00 1.018952155545761240e+00 8.278261140701207929e-04
2.416666666666666519e+00 1.017322097122522084e+00 -1.984979476622703975e-03
2.437500000000000000e+00 9.838791062595854120e-01 5.100652206147588590e-04
2.458333333333333037e+00 9.741341185907592681e-01 -9.042199677618307932e-04
2.479166666666666519e+00 9.990505124195179221e-01 2.426843093659577198e-03
2.500000000000000000e+00 1.019457510248918730e+00 1.567912987604643330e-03
2.520833333333333037e+00 1.012915561620568949e+00 1.587423132719045305e-03
2.541666666666666519e+00 9.987097422244112233e-01 1.044553946189918448e-03
2.562500000000000000e+00 9.862833445428558221e-01 -2.334550091923807231e-04
2.583333333333333037e+00 9.918761599107072113e-01 -9.252651020017439503e-04
2.604166666666666519e+00 9.901056877657684607e-01 -1.113783723085042280e-03
2.625000000000000000e+00 9.654839906685815931e-01 2.463604834917732488e-04
2.645833333333333037e+00 9.652157356669220922e-01 -1.179224621570821923e-03
2.666666666666666519e+00 9.698620117896311621e-01 6.288421484151500776e-04
2.687500000000000000e+00 9.745554926932653572e-01 -1.861436431449818964e-03
2.708333333333333037e+00 9.696813065270650789e-01 1.129674097528404839e-03
2.729166666666666519e+00 9.850034800570975912e-01 -5.122423828538104958e-04
2.750000000000000000e+00 1.019456405826907996e+00 6.851735990204567937e-04
2.770833333333333037e+00 1.025839674259082290e+00 2.549882607493428235e-03
2.791666666666666519e+00 9.806726030945828176e-01 -6.449451424329437615e-04
2.812500000000000000e+00 9.406894493200572693e-01 1.305325106837436876e-03
2.833333333333333037e+00 9.251636611251603526e-01 -8.042817946184914555e-04
2.854166666666666519e+00 9.223132108816869401e-01 7.885745126546961489e-04
2.875000000000000000e+00 9.047873438464211215e-01 -1.022398624446987491e-03
2.895833333333333037e+00 8.747650753672242541e-01 1.409294718380634231e-03
2.916666666666666519e+00 8.612235581720368849e-01 -5.176804074814144591e-04
2.937500000000000000e+00 8.687052424949904816e-01 8.102053495583597283e-04
2.958333333333333037e+00 8.973882063392628616e-01 -3.631286203319396212e-04
2.979166666666666519e+00 9.194956590792391360e-01 -1.851731798821356625e-03
3.000000000000000000e+00 9.489250243546696328e-01 2.021982249759918335e-03
3.020833333333333037e+00 9.779053232756417247e-01 3.962675323277666168e-04
3.041666666666666519e+00 9.912334956912974837e-01 4.933236020942124251e-04
3.062500000000000000e+00 9.779180450682324333e-01 1.318066650405490215e-03
3.083333333333333037e+00 9.672531959711186955e-01 -1.800741321291123281e-03
3.104166666666666519e+00 9.763868841473882787e-01 -7.875799351305809914e-04
3.125000000000000000e+00 9.886696443790198296e-01 -1.230043777812114955e-03
3.145833333333333037e+00 9.881110530125396529e-01 1.368285412773164291e-03
3.166666666666666519e+00 9.872655258253580923e-01 3.454920891277997366e-04
3.187500000000000000e+00 1.000653866965560468e+00 3.717311645411984652e-04
3.208333333333333037e+00 1.001891865378536250e+00 -1.470724309147887704e-03
3.229166666666666519e+00 9.883769073486223800e-01 1.362062096533502801e-03
3.250000000000000000e+00 9.673423333241019106e-01 -8.737618489425860680e-05
3.270833333333333037e+00 9.630845303544069980e-01 -8.561634746319603164e-04
3.291666666666666519e+00 9.929354335238921303e-01 8.635574728162630697e-04
3.312500000000000000e+00 1.004032727128487013e+00 1.332438396828659151e-03
3.333333333333333037e+00 1.004036680206800813e+00 1.000651257452951724e-03
3.354166666666666519e+00 9.981196373545025979e-01 1.474583037452274151e-03
3.375000000000000000e+00 1.017192146289688459e+00 -9.180845521536283756e-04
3.395833333333333037e+00 1.029493789987885544e+00 2.254513991795925045e-04
3.416666666666666519e+00 1.022471182765093189e+00 4.644914826744005925e-04
3.437500000000000000e+00 9.969488154274711578e-01 8.705790970087386215e-04
3.458333333333333037e+00 1.005412614124708393e+00 3.411445040883658692e-04
3.479166666666666519e+00 1.016442575238486468e+00 -6.284332795046264396e-04
3.500000000000000000e+00 1.017367434408376514e+00 4.580321383608002830e-04
3.520833333333333037e+00 1.007648722720114076e+00 2.734341738387083189e-03
3.541666666666666519e+00 9.995839858385545673e-01 2.191798359766178230e-03
3.562500000000000000e+00 1.007746469727285543e+00 -7.270430966613750014e-04
3.583333333333333037e+00 1.017163065713644787e+00 -7.507661960364762650e-04
3.604166666666666519e+00 1.002819239496603343e+00 1.406430187886965281e-03
3.625000000000000000e+00 9.880866002855343000e-01 4.984297578767885560e-04
3.645833333333333037e+00 9.937374120452825421e-01 -1.712352143367265427e-03
3.666666666666666519e+00 1.008177013336978955e+00 -1.365181149872318582e-03
3.687500000000000000e+00 9.920575955149725234e-01 -1.497673468438275946e-03
3.708333333333333037e+00 9.723450618769281517e-01 9.703227291388388494e-04
3.729166666666666519e+00 9.750048216386926203e-01 5.230795356305291584e-04
3.750000000000000000e+00 1.002743551871493333e+00 -4.493361139746514487e-05
3.770833333333333037e+00 1.015961314996487008e+00 4.397021820989843147e-04
3.791666666666666519e+00 9.995059814685833821e-01 -1.720182938592188784e-04
3.812500000000000000e+00 9.955253559419836584e-01 -6.738408179332998522e-04
3.833333333333333037e+00 1.025727755843872657e+00 1.461843851578234392e-05
3.854166666666666519e+00 1.041257943475849101e+00 -7.626256904647085852e-04
3.875000000000000000e+00 1.033846246354376497e+00 -1.416013659815478550e-03
3.895833333333333037e+00 1.017597297872262274e+00 -5.769466574829783820e-04
3.916666666666666519e+00 1.019865545565561638e+00 6.283171480593151151e-04
3.937500000000000000e+00 1.040653184426448830e+00 1.956439139978261108e-03
3.958333333333333037e+00 1.029250200101439416e+00 1.516651198922696611e-03
3.979166666666666519e+00 9.975184870328370756e-01 1.136281560433257255e-04
4.000000000000000000e+00 9.845119284582799501e-01 8.916345222349235811e-04
4.020833333333333037e+00 1.001308663022004053e+00 1.055104435454976399e-03
4.041666666666666075e+00 1.012004549139410514e+00 2.182381093072452687e-03
4.062500000000000000e+00 9.924499183686914527e-01 -1.038200116370558779e-03
4.083333333333333037e+00 9.706566536263332434e-01 -2.134897948130192596e-03
4.104166666666666075e+00 9.836218018061388957e-01 -1.480700786856162850e-03
4.125000000000000000e+00 1.007908702760238695e+00 6.913216710676744689e-04
4.145833333333333037e+00 1.005196912510598395e+00 -1.580037612343550280e-03
4.166666666666666075e+00 9.888499043470515559e-01 -1.180433193976814611e-04
4.187500000000000000e+00 9.908675962166731965e-01 8.560084669372773711e-04
4.208333333333333037e+00 1.009029773819986486e+00 -8.389684475887596157e-04
4.229166666666666075e+00 1.008830845471557325e+00 -6.015841830645006841e-04
4.250000000000000000e+00 9.987505981453911330e-01 3.673275212040531985e-04
4.270833333333333037e+00 9.988675985861210638e-01 1.671478603987039749e-03
4.291666666666666075e+00 1.017882215467604379e+00 -3.088145914969699763e-04
4.312500000000000000e+00 1.007412068328300769e+00 3.811371589104339450e-04
4.333333333333333037e+00 9.791242856353298274e-01 1.204921854618503860e-03
4.354166666666666075e+00 9.559164374343331882e-01 -1.520677319154574957e-03
4.375000000000000000e+00 9.806418981441653582e-01 -1.495795663550655245e-03
4.395833333333333037e+00 1.007882032300487785e+00 -2.476504838836608171e-04
4.416666666666666075e+00 1.011664967948775473e+00 -1.724606807049930087e-04
4.437500000000000000e+00 1.000427390696071006e+00 -2.223100653503567656e-03
4.458333333333333037e+00 1.011145700162191297e+00 1.055421553481658906e-03
4.479166666666666075e+00 1.012404640932674349e+00 -7.606088273058458655e-04
4.500000000000000000e+00 1.009289128958642756e+00 2.026859504015931634e-03
4.520833333333333037e+00 1.006325593947523078e+00 2.833018291638107625e-04
4.541666666666666075e+00 1.021746878406342152e+00 -2.093585897530079575e-03
4.562500000000000000e+00 1.038896746969388829e+00 -9.379170233346955298e-04
4.583333333333333037e+00 1.039271630407901048e+00 3.058978644683140054e-04
4.604166666666666075e+00 1.024023765061335967e+00 -2.040456071894212325e-03
4.625000000000000000e+00 1.007023333165873336e+00 -8.675631751441347786e-05
4.645833333333333037e+00 1.017390709518436909e+00 1.650057775313855998e-03
4.666666666666666075e+00 1.018070132578858589e+00 -9.487020447966581886e-04
4.687500000000000000e+00 9.947836872235882311e-01 1.798183521680522205e-03
4.708333333333333037e+00 9.725651600814990694e-01 1.893740938366436730e-03
4.729166666666666075e+00 9.906279701016401651e-01 -6.597363747687243684e-04
4.750000000000000000e+00 1.016585802546874140e+00 -6.681129895803872547e-05
4.770833333333333037e+00 1.030222574679971359e+00 2.507527424612749321e-03
4.791666666666666075e+00 1.016103421033736742e+00 6.859168937385061188e-04
4.812500000000000000e+00 1.005751351105348412e+00 2.670017248810945486e-04
4.833333333333333037e+00 9.959147043774390085e-01 -8.918254060541804668e-04
4.854166666666666075e+00 9.745708267189479024e-01 1.617361733405348924e-03
4.875000000000000000e+00 9.625198387557455382e-01 1.242899958697920096e-03
4.895833333333333037e+00 9.735619536334463309e-01 -6.366123724396116450e-04
4.916666666666666075e+00 1.012619427834408281e+00 -2.807743439409976418e-03
4.937500000000000000e+00 1.036074339281136680e+00 -4.552014501209397288e-04
4.958333333333333037e+00 1.018624413993253874e+00 6.065320187797684434e-04
4.979166666666666075e+00 9.900343124761643576e-01 -7.436388557917801307e-04
5.000000000000000000e+00 9.887742430162090868e-01 7.605698120362375161e-04
5.020833333333333037e+00 9.984380607216725156e-01 -8.800506673318565006e-05
5.041666666666666075e+00 9.913703972093440564e-01 2.202550649665384590e-03
5.062500000000000000e+00 9.654827871693482111e-01 2.075462828394214043e-03
5.083333333333333037e+00 9.702334545853225078e-01 -1.598616475742276706e-03
5.104166666666666075e+00 1.011031758082684195e+00 -5.811656354856671505e-04
5.125000000000000000e+00 1.037613853996798063e+00 7.289726652293422463e-04
5.145833333333333037e+00 1.032928251341721282e+00 -8.199444565048623085e-04
5.166666666666666075e+00 1.008283142164010604e+00 -7.095424189514343803e-04
5.187500000000000000e+00 9.930925431259985947e-01 2.072470607839360743e-03
5.208333333333333037e+00 1.002087580233839814e+00 1.334126376789120669e-03
5.229166666666666075e+00 1.004878594229861921e+00 1.485218169170602611e-03
5.250000000000000000e+00 1.001580433274495530e+00 -9.047411878843862479e-04
5.270833333333333037e+00 1.005363869519899200e+00 1.840579994766201009e-03
5.291666666666666075e+00 1.020945253287079080e+00 9.450043939088867038e-05
5.312500000000000000e+00 1.015331192242330038e+00 -6.682650698967760022e-04
5.333333333333333037e+00 9.922522217937637112e-01 -6.292444672061287599e-05
5.354166666666666075e+00 9.894099969158747232e-01 7.109888428475443249e-04
5.375000000000000000e+00 1.013981889679336446e+00 9.619646117397570974e-04
5.395833333333333037e+00 1.025928128852601207e+00 -6.134345499508579063e-04
5.416666666666666075e+00 1.002543274316555211e+00 -1.413049031370017467e-03
5.437500000000000000e+00 9.662209796793206351e-01 4.431154837138255066e-04
5.458333333333333037e+00 9.569791690320905708e-01 -1.645603219732456445e-03
5.479166666666666075e+00 9.783146381578976536e-01 -6.850370958299606058e-04
5.500000000000000000e+00 9.820231986206962027e-01 6.827424412875721202e-05
5.520833333333333037e+00 9.809149659989210290e-01 -7.805277084407117368e-04
5.541666666666666075e+00 9.973790634741368510e-01 -1.259904057357637578e-03
5.562500000000000000e+00 1.021986964968736977e+00 -5.277212502005155636e-04
5.583333333333333037e+00 1.035811011682089777e+00 -8.021138386612564584e-04
5.604166666666666075e+00 1.019501044605429119e+00 -8.402044503491927193e-04
5.625000000000000000e+00 9.983978505815007676e-01 -1.471435563131739694e-03
5.645833333333333037e+00 1.006678115495891923e+00 5.975446048136161649e-05
5.666666666666666075e+00 1.020767069468727861e+00 3.315865471977620920e-03
5.687500000000000000e+00 1.021540381852272805e+00 3.878334890838280413e-04
5.708333333333333037e+00 1.005661081419866543e+00 -3.882951902101620554e-04
5.729166666666666075e+00 1.006420472589025561e+00 -1.223382922698502961e-04
5.750000000000000000e+00 1.020641994015301979e+00 8.214092428839690633e-04
5.770833333333333037e+00 1.015111856199949703e+00 1.636859404119977556e-03
5.791666666666666075e+00 9.979868963697323681e-01 9.583019818936944429e-04
5.812500000000000000e+00 9.929354400864700558e-01 4.733383947613602791e-04
5.833333333333333037e+00 9.965068543392719969e-01 -5.715134211440054670e-04
5.854166666666666075e+00 9.941871527027444921e-01 -9.913592116179534459e-04
5.875000000000000000e+00 9.979806341864981833e-01 -5.032040336456956474e-04
5.895833333333333037e+00 9.982779936323847858e-01 -1.103739342397061534e-04
5.916666666666666075e+00 1.010350302338295148e+00 -9.564566166116584937e-04
5.937500000000000000e+00 1.009097299760180366e+00 -1.136016755962689475e-03
5.958333333333333037e+00 9.883836157755141461e-01 2.069953978794769871e-03
5.979166666666666075e+00 9.826348248878974401e-01 6.165880330875591134e-04
6.000000000000000000e+00 1.001636467239328976e+00 -4.767060677098918105e-04
6.020833333333333037e+00 1.012754473694058133e+00 -1.319780739169617873e-04
6.041666666666666075e+00 1.011670303086938727e+00 -1.526055756860667792e-03
6.062500000000000000e+00 9.845540965554316903e-01 1.197940385068822734e-03
6.083333333333333037e+00 9.832678125858488327e-01 4.671338395058286788e-04
6.104166666666666075e+00 9.884766208298014778e-01 1.845243763141875097e-03
6.125000000000000000e+00 9.890415054272404527e-01 -1.205432052206475106e-04
6.145833333333333037e+00 9.723385647867820447e-01 -2.192081319337438295e-04
6.166666666666666075e+00 9.746235116678698684e-01 -1.117314589794677184e-03
6.187500000000000000e+00 9.871810616281487816e-01 6.459787849566680932e-04
6.208333333333333037e+00 9.935006197790167137e-01 -8.674032306762689826e-04
6.229166666666666075e+00 9.934474644239214003e-01 -4.790051750418746705e-04
6.250000000000000000e+00 1.001214813774324641e+00 -1.218336477890501462e-03
6.270833333333333037e+00 1.024739688449747055e+00 1.246154274093844595e-03
6.291666666666666075e+00 1.032748320628238403e+00 -1.903049668224330118e-04
6.312500000000000000e+00 1.025762980817002124e+00 4.178491796956297177e-05
6.333333333333333037e+00 1.014734007626121093e+00 -3.163655128273855214e-04
6.354166666666666075e+00 1.026208729207032988e+00 -1.534001263887440659e-03
6.375000000000000000e+00 1.028361056770728199e+00 -1.646839042199852593e-04
6.395833333333333037e+00 1.015766496717088740e+00 -1.606677164692842628e-03
6.416666666666666075e+00 9.907983699969526992e-01 1.278254415836209640e-04
6.437500000000000000e+00 9.899638456437702683e-01 1.946233206485670124e-06
6.458333333333333037e+00 1.003711598442130537e+00 5.817534122356146338e-04
6.479166666666666075e+00 1.013257572590383848e+00 -4.164776300968823348e-04
6.500000000000000000e+00 9.966176519890639351e-01 -4.437743562963790482e-05
6.520833333333333037e+00 9.707289599726246498e-01 1.000641119702474525e-03
6.541666666666666075e+00 9.607471260164721638e-01 1.584075469299136066e-04
6.562500000000000000e+00 9.653975871095160644e-01 2.215349246272984023e-04
6.583333333333333037e+00 9.664868116007627741e-01 -6.963779333866012763e-04
6.604166666666666075e+00 9.803642946227520971e-01 -1.493339187462704696e-04
6.625000000000000000e+00 9.998584363885684168e-01 -5.757218930347798727e-05
6.645833333333333037e+00 1.016153379493800690e+00 4.182761312851757964e-04
6.666666666666666075e+00 1.024835972717431654e+00 -5.246373800059069481e-04
6.687500000000000000e+00 1.009168119917747131e+00 3.837977217017797191e-03
6.708333333333333037e+00 9.928898525138056819e-01 -2.643917528791522474e-04
6.729166666666666075e+00 9.878901190608347926e-01 3.792066875694591463e-05
6.750000000000000000e+00 9.959580278710195023e-01 -1.121678990865724191e-03
6.770833333333333037e+00 1.002546182481572901e+00 2.193653029690842936e-03
6.791666666666666075e+00 1.004068434103603913e+00 1.961055431630901011e-04
6.812500000000000000e+00 1.006517713319764251e+00 1.566355980658891943e-03
6.833333333333333037e+00 1.024426682330936034e+00 2.678780673524735513e-03
6.854166666666666075e+00 1.030649718672600690e+00 -8.923960901000658075e-04
6.875000000000000000e+00 1.026573978845663815e+00 -3.136218341164109086e-04
6.895833333333333037e+00 1.010732904059862047e+00 -8.757767904602223276e-04
6.916666666666666075e+00 1.000330709111234118e+00 2.306882643343032609e-03
6.937500000000000000e+00 9.992096200027194008e-01 7.265112230466463624e-04
6.958333333333333037e+00 9.984150218335934301e-01 5.251767593727816978e-04
6.979166666666666075e+00 9.954415651571550949e-01 1.615072583115827274e-03
7.000000000000000000e+00 1.000471956426647102e+00 -1.525386321460632738e-03
7.020833333333333037e+00 1.004648476355601616e+00 2.071255698526074801e-03
7.041666666666666075e+00 1.000261344738937463e+00 4.081336679969694019e-04
7.062500000000000000e+00 9.891491676761847707e-01 2.854772362911898662e-03
7.083333333333333037e+00 9.823055924554625618e-01 -2.362622712001876280e-03
7.104166666666666075e+00 9.778434846361744315e-01 1.565990669853190020e-03
7.125000000000000000e+00 9.852036081638785303e-01 -2.156040079094556118e-03
7.145833333333333037e+00 9.893464298183053396e-01 -4.280248190696009283e-04
7.166666666666666075e+00 9.897995029610645590e-01 1.691764970560353555e-03
7.187500000000000000e+00 1.000473442942294566e+00 1.077910649649966267e-03
7.208333333333333037e+00 1.001728479855059195e+00 3.899155304873435702e-04
7.229166666666666075e+00 9.954139283201771660e-01 -7.348196177130116545e-04
7.250000000000000000e+00 9.848607057962073252e-01 -6.507556764110298750e-04
7.270833333333333037e+00 9.888636833941586435e-01 4.714542312454467307e-04
7.291666666666666075e+00 9.980129644353950003e-01 1.120022659164014419e-03
7.312500000000000000e+00 1.015416472835720896e+00 1.691363584988829494e-03
7.333333333333333037e+00 1.033987424662709653e+00 -2.426482653248256257e-04
7.354166666666666075e+00 1.038363056307914700e+00 1.918151068586952191e-03
7.375000000000000000e+00 1.042600014065526493e+00 7.653542241788314137e-04
7.395833333333333037e+00 1.028608597073396025e+00 8.932218218030156445e-04
7.416666666666666075e+00 1.020478569075271125e+00 6.660348197042798490e-04
7.437500000000000000e+00 1.018841191439130656e+00 1.184481661422042819e-03
7.458333333333333037e+00 1.018677237384827849e+00 1.919615074152848959e-03
7.479166666666666075e+00 1.007635224306346666e+00 -3.425116958855050774e-04
7.500000000000000000e+00 1.003050057615534563e+00 1.147481718791946645e-03
7.520833333333333037e+00 9.950679502334892623e-01 -8.344312832525120291e-05
7.541666666666666075e+00 9.940979087299036676e-01 1.708254959993185131e-04
7.562500000000000000e+00 9.824259158831648575e-01 3.356009712839901657e-04
7.583333333333333037e+00 9.733363043521178204e-01 9.284034129422152068e-04
7.604166666666666075e+00 9.772396183771828726e-01 -2.849448436234470615e-04
7.625000000000000000e+00 9.910768538251659709e-01 -4.143544654082572699e-03
7.645833333333333037e+00 9.948471637606965956e-01 -1.034724305263802404e-03
7.666666666666666075e+00 9.885001847760658267e-01 6.806911802381646493e-04
7.687500000000000000e+00 9.894726313809372176e-01 1.219634934865741500e-03
7.708333333333333037e+00 1.005566177999538846e+00 6.894407926365242727e-04
7.729166666666666075e+00 1.017686925699925027e+00 -4.061634067452116431e-04
7.750000000000000000e+00 1.012233366989891969e+00 -7.925823884934075914e-04
7.770833333333333037e+00 9.978474104654059262e-01 8.262023160828188290e-04
7.791666666666666075e+00 9.894950923042681312e-01 5.072969309967405999e-04
7.812500000000000000e+00 9.795094159359114538e-01 -1.182934303249406774e-03
7.833333333333333037e+00 9.856633777566345955e-01 -1.446871508210909952e-03
7.854166666666666075e+00 9.890211601139674569e-01 -1.072695127335261721e-03
7.875000000000000000e+00 9.759391548555248486e-01 -9.086467249239448072e-04
7.895833333333333037e+00 9.694352601393518842e-01 -9.254925213260954469e-04
7.916666666666666075e+00 9.641646744944147862e-01 -4.615040681854619474e-04
7.937500000000000000e+00 9.726259224735837039e-01 -2.136301619469763852e-03
7.958333333333333037e+00 9.975237689102852690e-01 -2.812935640392128563e-04
7.979166666666666075e+00 1.017307279033994538e+00 1.120036205076614579e-03
8.000000000000000000e+00 9.962037520152148273e-01 1.824233083559861045e-03
8.020833333333332149e+00 9.638252440309732494e-01 5.337006570226051749e-04
8.041666666666666075e+00 9.347410447485612339e-01 5.313661516173562782e-04
8.062500000000000000e+00 9.088520580436744156e-01 2.476460468974502234e-03
8.083333333333332149e+00 8.871409499309806934e-01 4.446147796892415782e-04
8.104166666666666075e+00 8.610465585713557024e-01 9.116323768464018509e-04
8.125000000000000000e+00 8.586826806430999381e-01 -8.418079752855676641e-04
8.145833333333332149e+00 8.713454332400643043e-01 -1.407169086417765736e-03
8.166666666666666075e+00 8.955370354324012627e-01 -9.463478908281798292e-04
8.187500000000000000e+00 9.189838576771436340e-01 7.965042178489110730e-04
8.208333333333332149e+00 9.480610973395851016e-01 -5.610176793075650863e-04
8.229166666666666075e+00 9.601440225810567997e-01 -2.159278686107013370e-03
8.250000000000000000e+00 9.586453791375948441e-01 -5.405500539238822797e-04
8.270833333333332149e+00 9.481363930883286439e-01 4.392753293474579274e-04
8.291666666666666075e+00 9.724371433556715516e-01 4.349380017086875149e-05
8.312500000000000000e+00 1.001272454436103576e+00 -8.652948329422352177e-04
8.333333333333332149e+00 1.015795004130864987e+00 -7.121228847253531285e-04
8.354166666666666075e+00 1.010040692237613724e+00 1.204078978801392504e-03
8.375000000000000000e+00 9.938865179829519114e-01 2.752084591995228573e-03
8.395833333333332149e+00 1.001958753571460248e+00 -2.554386882868188782e-03
8.416666666666666075e+00 1.017348546381130259e+00 8.510549695812338097e-05
8.437500000000000000e+00 1.015852594957926458e+00 -5.257302241046308720e-04
8.458333333333332149e+00 1.001414788124378896e+00 -1.285431457929068219e-03
8.479166666666666075e+00 9.987512878885448364e-01 1.181195272046101042e-03
8.500000000000000000e+00 1.010823603435925477e+00 5.146674077042815874e-04
8.520833333333332149e+00 1.014112431424163852e+00 -9.149056816444873109e-04
8.541666666666666075e+00 1.001927239309833295e+00 8.579686146612297603e-04
8.562500000000000000e+00 9.916167940401187098e-01 -1.930771522137438067e-03
8.583333333333332149e+00 9.941050950528590446e-01 5.057148068001054465e-04
8.604166666666666075e+00 9.980632415904280297e-01 2.108680870284906298e-04
8.625000000000000000e+00 9.873980526277523762e-01 -1.039952813621655502e-04
8.645833333333332149e+00 9.754081110746378735e-01 1.097467142255834256e-03
8.666666666666666075e+00 9.802784984689980607e-01 -1.430974788682669958e-03
8.687500000000000000e+00 9.949882206140678864e-01 7.059964766923965693e-04
8.708333333333332149e+00 9.887452574142807649e-01 -1.629524507679002169e-03
8.729166666666666075e+00 9.863321229674096857e-01 7.569124946000255335e-04
8.750000000000000000e+00 9.804720767120039815e-01 9.348032707811261468e-04
8.770833333333332149e+00 9.881616470913057171e-01 2.683696849918284361e-03
8.791666666666666075e+00 9.979241743693104683e-01 1.246396719710675047e-03
8.812500000000000000e+00 9.969696758299492201e-01 1.363902447315438549e-03
8.833333333333332149e+00 1.006067243556969526e+00 -8.919848692032517632e-04
8.854166666666666075e+00 1.017394687238944995e+00 2.436253529475796310e-03
8.875000000000000000e+00 1.015226938422812086e+00 1.970613870623957441e-03
8.895833333333332149e+00 1.008601259935324013e+00 -1.052434357167573173e-03
8.916666666666666075e+00 1.002548048645636403e+00 1.043109478912111537e-03
8.937500000000000000e+00 1.012752041099554967e+00 1.450270159114541940e-04
8.958333333333332149e+00 1.022289163221899111e+00 1.127825832796616875e-03
8.979166666666666075e+00 1.021763370616150857e+00 -6.360840139714023537e-05
9.000000000000000000e+00 1.001517841150192822e+00 -8.506872155090717787e-04
9.020833333333332149e+00 9.891587974393221128e-01 1.527942731927139138e-03
9.041666666666666075e+00 9.916111286270342662e-01 -7.618510114918173931e-04
9.062500000000000000e+00 1.009437706093744724e+00 6.345960513017932922e-04
9.083333333333332149e+00 1.028571313562639311e+00 3.346733552588373886e-04
9.104166666666666075e+00 1.028483048146944245e+00 -6.665156829323826398e-04
9.125000000000000000e+00 1.025201210992181755e+00 6.437408389474678786e-04
9.145833333333332149e+00 1.021979287364209066e+00 -4.104748213060536847e-04
9.166666666666666075e+00 1.017831769366761563e+00 -1.262690696375084022e-03
9.187500000000000000e+00 1.005036539965329823e+00 -1.886810389290536922e-03
9.208333333333332149e+00 9.952156195719256138e-01 -8.602997706077580766e-04
9.229166666666666075e+00 9.931054447035790878e-01 8.128688327905886704e-04
9.250000000000000000e+00 9.956822253626654851e-01 -1.844182094689417314e-03
9.270833333333332149e+00 9.919678184122819875e-01 -1.298065743383751685e-04
9.291666666666666075e+00 9.908724909344845955e-01 1.809311482410204093e-03
9.312500000000000000e+00 9.991909182126718081e-01 -1.685980207040851161e-03
9.333333333333332149e+00 1.005632718195708986e+00 -8.899010864259747919e-04
9.354166666666666075e+00 9.986499758764730839e-01 -6.312854747697454203e-04
9.375000000000000000e+00 1.008290127774308376e+00 -6.980067160567777129e-05
9.395833333333332149e+00 1.018332967798301514e+00 -1.278586264562442659e-03
9.416666666666666075e+00 1.020648007929392920e+00 1.851642591643252046e-04
9.437500000000000000e+00 1.005877709553909760e+00 -9.129660441506990201e-04
9.458333333333332149e+00 9.871804747205999986e-01 -2.008413095211495660e-04
9.479166666666666075e+00 9.853168015693319903e-01 -8.573201406973385025e-04
9.500000000000000000e+00 1.002247218086127045e+00 8.133899985512701818e-04
9.520833333333332149e+00 1.012930622439510930e+00 -6.997987743228410457e-04
9.541666666666666075e+00 1.011455480933021622e+00 6.388945434149271912e-04
9.562500000000000000e+00 1.004093269776309638e+00 -1.102763713470130075e-03
9.583333333333332149e+00 1.001139188051019646e+00 1.533001118309427774e-03
9.604166666666666075e+00 9.914289668023429369e-01 5.750474319488177227e-04
9.625000000000000000e+00 9.751205985934824350e-01 4.833181448372427815e-04
9.645833333333332149e+00 9.725575323570314623e-01 -3.491566558984087083e-04
9.666666666666666075e+00 9.909001067819356301e-01 -3.394051286434948710e-04
9.687500000000000000e+00 1.018134553990993174e+00 -1.343346156440081629e-03
9.708333333333332149e+00 1.031927463214101115e+00 -1.482883886227390246e-03
9.729166666666666075e+00 1.030535503772244121e+00 4.463714385914845681e-04
9.750000000000000000e+00 1.034354812049729233e+00 -1.959030921004324514e-03
9.770833333333332149e+00 1.028638634928514595e+00 8.163702011395565809e-04
9.791666666666666075e+00 1.005818416672614735e+00 2.343816951692607022e-04
9.812500000000000000e+00 9.804086813094107233e-01 3.721437294540495366e-04
9.833333333333332149e+00 9.874602159916783251e-01 -1.089558626887039694e-03
9.854166666666666075e+00 1.012995058628584744e+00 5.692746213434292206e-04
9.875000000000000000e+00 1.028189404628384818e+00 -1.177979378587621761e-03
9.895833333333332149e+00 1.012393414932594160e+00 1.397257784269609815e-03
9.916666666666666075e+00 9.981399535993383809e-01 8.468757731101726402e-04
9.937500000000000000e+00 9.988139769765201903e-01 -1.882944323726564763e-03
9.958333333333332149e+00 1.003089238411182915e+00 -2.248511622072309375e-03
9.979166666666666075e+00 9.874678253734238131e-01 -2.667790006063858470e-04
1.000000000000000000e+01 9.727558125784209198e-01 -3.328770088445689892e-04
1.002083333333333215e+01 9.779122023113775430e-01 1.773038178759524762e-03
1.004166666666666607e+01 1.009663217405042168e+00 -6.117741230653102628e-04
1.006250000000000000e+01 1.018486011468867858e+00 -1.841142047657176638e-03
1.008333333333333215e+01 1.014753324889932307e+00 -2.123926286714856657e-03
1.010416666666666607e+01 1.015742749262882105e+00 -5.632325523669477448e-04
1.012500000000000000e+01 1.027163112836243508e+00 -2.407559070405206221e-04
1.014583333333333215e+01 1.027776898810504269e+00 -1.096327109912309311e-03
1.016666666666666607e+01 9.977075083189629323e-01 -2.199679387841776013e-03
1.018750000000000000e+01 9.894604112473316393e-01 9.084591187627109529e-04
1.020833333333333215e+01 1.006417298005083616e+00 -1.988356627273513231e-03
1.022916666666666607e+01 1.029512191042875946e+00 -2.311804549633054984e-03
1.025000000000000000e+01 1.026881793905988216e+00 -6.216432252473766970e-04
1.027083333333333215e+01 1.009971090623722034e+00 -1.705995150693296681e-03
1.029166666666666607e+01 9.847400398867721671e-01 6.403183834756548398e-04
1.031250000000000000e+01 9.865432518396564099e-01 -5.162034474740341897e-04
1.033333333333333215e+01 9.829890165858988782e-01 1.381821344100950082e-03
1.035416666666666607e+01 9.841972952351896176e-01 -2.251737664114103737e-03
1.037500000000000000e+01 9.907677208153592430e-01 1.351385906289661026e-03
1.039583333333333215e+01 9.964908912012767628e-01 5.123496617522815903e-05
1.041666666666666607e+01 1.000557805982541515e+00 -8.876012612573985425e-04
1.043750000000000000e+01 1.002328056303294801e+00 2.854418976825770829e-04
1.045833333333333215e+01 1.001746153906525771e+00 -1.232674870680189306e-04
1.047916666666666607e+01 1.014853462763358305e+00 -3.130097458139281916e-04
1.050000000000000000e+01 1.015432354878022858e+00 9.282832466927983667e-04
1.052083333333333215e+01 9.989261790861124757e-01 -1.702957222546192364e-03
1.054166666666666607e+01 9.810298806960903173e-01 -1.714484282798349685e-03
1.056250000000000000e+01 9.848436678758953899e-01 1.048117376727476140e-03
1.058333333333333215e+01 1.006821034838223161e+00 3.978702536822447365e-03
1.060416666666666607e+01 1.026512242851825629e+00 1.229506582125025702e-03
1.062500000000000000e+01 1.017354197081352218e+00 -8.774135555843394496e-04
1.064583333333333215e+01 1.008230074008804822e+00 1.701284855777362450e-04
1.066666666666666607e+01 9.982888198606703067e-01 4.196217348801901340e-04
1.068750000000000000e+01 9.936256758617358908e-01 3.928564778382073047e-03
1.070833333333333215e+01 9.929687759664987956e-01 -2.097149153798247550e-03
1.072916666666666607e+01 9.838345331625272250e-01 1.107705473043661812e-03
1.075000000000000000e+01 9.842208222668872297e-01 -2.023090839877844638e-04
1.077083333333333215e+01 9.814311578897921828e-01 3.792245093950654083e-05
1.079166666666666607e+01 9.839787975381499852e-01 -1.134774650178542368e-03
1.081250000000000000e+01 9.977099757684605441e-01 -1.771893278380364195e-03
1.083333333333333215e+01 1.015694779462883224e+00 -2.359904040101011937e-04
1.085416666666666607e+01 1.016035067085414134e+00 -2.263710069840489236e-03
1.087500000000000000e+01 1.022494402040686756e+00 -9.323693033486019381e-04
1.089583333333333215e+01 1.014359280572055377e+00 5.692481537397012627e-04
1.091666666666666607e+01 1.012218327202548007e+00 1.013152390958197910e-03
1.093750000000000000e+01 1.015058077688633320e+00 1.738395674536058466e-04
1.095833333333333215e+01 1.010334326089751045e+00 -4.279877783714103562e-04
1.097916666666666607e+01 9.995543767042678329e-01 1.433384731056413543e-03
1.100000000000000000e+01 1.001354327581208681e+00 -1.683729204135893213e-03
1.102083333333333215e+01 1.015221187387965296e+00 -8.232422326489230923e-04
1.104166666666666607e+01 1.015909632138477070e+00 -1.155320963761044973e-03
1.106250000000000000e+01 1.005947304688997734e+00 -1.414007261792150623e-04
1.108333333333333215e+01 9.875965633370810126e-01 -8.976781976449504886e-04
1.110416666666666607e+01 9.847907592408986499e-01 -1.929594085791186788e-04
1.112500000000000000e+01 9.899934403035770547e-01 1.095858245630018180e-03
1.114583333333333215e+01 9.877884472635015678e-01 3.430876078219793294e-04
1.116666666666666607e+01 9.787575230651930358e-01 9.730635837670362611e-04
1.118750000000000000e+01 9.832522457473765742e-01 -2.384109914415617152e-03
1.120833333333333215e+01 1.014641293544407796e+00 5.685781270041133113e-04
1.122916666666666607e+01 1.037449429564940351e+00 -6.671756506816846344e-04
1.125000000000000000e+01 1.025230078003412038e+00 -2.184920553782490052e-04
1.127083333333333215e+01 1.012643939231942847e+00 2.612433194106552389e-04
1.129166666666666607e+01 9.990178285604074393e-01 -7.301598472221568778e-04
1.131250000000000000e+01 9.918949670344741065e-01 1.577932904527450109e-03
1.133333333333333215e+01 9.939631563796216263e-01 2.401214978551975167e-03
1.135416666666666607e+01 1.001595623187563566e+00 8.928536857374594219e-04
1.137500000000000000e+01 1.001362520966924574e+00 -7.882393684280332392e-04
1.139583333333333215e+01 9.986862125583017002e-01 1.504255221258140414e-03
1.141666666666666607e+01 9.887596524984278989e-01 5.438057183185209453e-04
1.143750000000000000e+01 9.743685261736030334e-01 2.638116674689550134e-03
1.145833333333333215e+01 9.865282295859718609e-01 -1.284277407098323703e-03
1.147916666666666607e+01 1.002926405148269806e+00 -1.853237374157129308e-03
1.150000000000000000e+01 1.006242578796932907e+00 8.461070758195150766e-04
1.152083333333333215e+01 9.845023742550566004e-01 -1.814554386011158274e-03
1.154166666666666607e+01 9.692972200438104702e-01 1.596836151026063098e-03
1.156250000000000000e+01 9.795212496107724709e-01 -2.997661232358330807e-04
1.158333333333333215e+01 1.014426355517955125e+00 3.457083924427903593e-04
1.160416666666666607e+01 1.019624087343508512e+00 6.073209236839769137e-04
1.162500000000000000e+01 1.007974186644168269e+00 3.249036479448162663e-04
1.164583333333333215e+01 9.800314579437356954e-01 1.404654125773884769e-04
1.166666666666666607e+01 9.685048257203208166e-01 6.607101144228298348e-04
1.168750000000000000e+01 9.740031221524589888e-01 -7.280362067246722588e-04
1.170833333333333215e+01 9.773842691253969983e-01 1.674804906165699124e-03
1.172916666666666607e+01 9.936102233379563442e-01 -8.859722240799289359e-05
1.175000000000000000e+01 1.009784764363982124e+00 7.238489154145305539e-04
1.177083333333333215e+01 1.015479796725035078e+00 1.645840613934760591e-04
1.179166666666666607e+01 1.018298632707778761e+00 8.636893284450547405e-04
1.181250000000000000e+01 1.018556383298752976e+00 7.854459651754357077e-05
1.183333333333333215e+01 1.012336897496438182e+00 1.563576593823887747e-03
1.185416666666666607e+01 1.003454726607383662e+00 -7.535346842678953150e-04
1.187500000000000000e+01 1.000441172840065951e+00 5.675190038120596619e-04
1.189583333333333215e+01 1.004654378161508266e+00 1.471103342217812979e-03
1.191666666666666607e+01 1.014004899090828138e+00 -6.421869573994621119e-04
1.193750000000000000e+01 1.021528180881981163e+00 -1.417950868683970312e-03
1.195833333333333215e+01 1.022177574244240272e+00 -2.914144398074314853e-03
1.197916666666666607e+01 1.012990540527189065e+00 -1.112563040728838928e-03
1.200000000000000000e+01 9.994206467340469580e-01 2.303230840197490435e-03
1.202083333333333215e+01 9.810173954029006715e-01 1.013989263487263771e-03
1.204166666666666607e+01 9.633308437163443649e-01 1.093875538051074410e-03
1.206250000000000000e+01 9.632680641175738190e-01 4.218484334012412231e-04
1.208333333333333215e+01 9.823702205949981225e-01 7.942760014865246718e-04
1.210416666666666607e+01 1.003826677101738341e+00 -7.172470734161640570e-04
1.212500000000000000e+01 1.012428665414679019e+00 7.106040322321278708e-04
1.214583333333333215e+01 1.012824042845209771e+00 -1.194448217203467966e-03
1.216666666666666607e+01 1.005437123885281281e+00 1.061775763737128462e-04
1.218750000000000000e+01 1.000886321307060234e+00 2.858361949763800394e-03
1.220833333333333215e+01 9.902115730099377844e-01 -1.323036835803320307e-03
1.222916666666666607e+01 9.893209649399716810e-01 2.150578879222232991e-03
1.225000000000000000e+01 9.934350859376117615e-01 4.544235995152967503e-04
1.227083333333333215e+01 1.003550056960950121e+00 -2.667155370420080072e-03
1.229166666666666607e+01 1.010931629588389669e+00 -8.115622929587568016e-04
1.231250000000000000e+01 1.010869056773575858e+00 2.811025482683444845e-03
1.233333333333333215e+01 1.016651822283177520e+00 -7.582367820725307824e-04
1.235416666666666607e+01 1.020587220252353156e+00 9.269989044688388587e-05
1.237500000000000000e+01 1.017060783334431617e+00 6.791343392025885094e-04
1.239583333333333215e+01 9.884651382582683166e-01 -8.103546766227462221e-04
1.241666666666666607e+01 9.765964031696464653e-01 1.238677965765785580e-03
1.243750000000000000e+01 9.865040855790017105e-01 -1.162183895225785872e-03
1.245833333333333215e+01 1.008383805313523229e+00 -3.649488937938776987e-04
1.247916666666666607e+01 1.009682967871433190e+00 -9.140289989587077439e-04
1.452083333333333215e+01 1.019794361514485548e+00 -1.400692347084963674e-03
1.454166666666666607e+01 1.007679165137197019e+00 8.665131875688345583e-04
1.456250000000000000e+01 9.866986704156955890e-01 9.076555000212782305e-04
1.458333333333333215e+01 9.721095997527265942e-01 -3.414422749230681584e-04
1.460416666666666607e+01 1.003947695124249639e+00 3.107996866410310381e-05
1.462500000000000000e+01 1.023589344064729678e+00 -1.215259015061645725e-03
1.464583333333333215e+01 1.027826302974726547e+00 -1.128937517749976352e-03
1.466666666666666607e+01 1.008638301352231537e+00 1.877633405957479735e-03
1.468750000000000000e+01 9.979737169594561363e-01 -1.489776094738148263e-03
1.470833333333333215e+01 9.959007955895107234e-01 -1.850247396463405088e-04
1.472916666666666607e+01 9.937602952392283751e-01 -1.030764940833651206e-03
1.475000000000000000e+01 9.864428857953466689e-01 -2.591964897946794273e-04
1.477083333333333215e+01 9.990289827580939308e-01 -3.091623862483262701e-04
1.479166666666666607e+01 1.017351216646185552e+00 4.178357676546685104e-05
1.481250000000000000e+01 1.021816691157185319e+00 -1.486164214109872948e-03
1.483333333333333215e+01 1.000093589894481161e+00 7.562496276147858418e-04
1.485416666666666607e+01 9.994090443813783420e-01 2.677829241605809638e-03
1.487500000000000000e+01 1.003792826763712620e+00 -2.515589570927380825e-03
1.489583333333333215e+01 1.004707104683287611e+00 5.872544493008482070e-04
1.491666666666666607e+01 9.876610644608986300e-01 9.480265995059612922e-04
1.493750000000000000e+01 9.780469551033619258e-01 5.970493962339016962e-04
1.495833333333333215e+01 9.958302414634623290e-01 -1.900811289468020814e-03
1.497916666666666607e+01 1.031235562399034356e+00 -4.566909759757454721e-04
1.500000000000000000e+01 1.032567317327069301e+00 1.230177903313975753e-03
1.502083333333333215e+01 1.001712974770271769e+00 1.427692268168152497e-04
1.504166666666666607e+01 9.923929544943890235e-01 -3.837923505338384882e-04
1.506250000000000000e+01 1.007553598267068473e+00 1.240020959807888647e-03
1.508333333333333215e+01 1.017515934614343864e+00 2.654797040775414268e-03
1.510416666666666607e+01 1.006696184976485275e+00 9.774590585615852353e-04
1.512500000000000000e+01 9.851737699344398358e-01 -1.033405884861568176e-03
1.514583333333333215e+01 9.905720290272340689e-01 3.183157697421182515e-06
1.516666666666666607e+01 1.000654967049283917e+00 -9.367874397315168388e-04
1.518750000000000000e+01 1.008890249100098613e+00 2.301271195214878954e-04
1.520833333333333215e+01 1.001884803614979447e+00 1.011924972494271022e-04
1.522916666666666607e+01 1.001374885685337057e+00 -1.846640218226856594e-04
1.525000000000000000e+01 1.019023220908634286e+00 8.062392064859942543e-04
1.527083333333333215e+01 1.009153418555952531e+00 4.805457653379511368e-04
1.529166666666666607e+01 9.886768955802753833e-01 1.517647054339305414e-03
1.531250000000000000e+01 9.758747416058615176e-01 6.117087507479918550e-04
1.533333333333333215e+01 9.920626362635081019e-01 2.850476023143775424e-04
1.535416666666666607e+01 1.013540252096057248e+00 8.005062615087784814e-04
1.537500000000000000e+01 1.004481589120101992e+00 4.870880652423131008e-06
1.539583333333333215e+01 1.002897487734325521e+00 1.947245092948328567e-04
1.541666666666666607e+01 1.019772393711927183e+00 6.532284445907145590e-04
1.543750000000000000e+01 1.039148343848620426e+00 1.741760876541597952e-03
1.545833333333333215e+01 1.017157964261043324e+00 1.556035881318584835e-03
1.547916666666666607e+01 9.943312668592808601e-01 1.607064154165376707e-03
1.550000000000000000e+01 9.829727204694099774e-01 2.040684263982410224e-03
1.552083333333333215e+01 9.988118361958853164e-01 -1.723751085749016107e-03
1.554166666666666607e+01 9.992500859636307409e-01 1.478029680768840450e-03
1.556250000000000000e+01 1.001629610731597175e+00 1.538240966492520961e-03
1.558333333333333215e+01 1.005152737101107085e+00 9.356279252389199498e-04
1.560416666666666607e+01 1.033173648274442025e+00 1.168421389071028216e-03
1.562500000000000000e+01 1.040719723640467942e+00 2.747262890589657024e-03
1.564583333333333215e+01 1.015896097110690288e+00 3.559535294599738007e-04
1.566666666666666607e+01 9.892196604666451121e-01 -1.737555589014006625e-03
1.568750000000000000e+01 9.844009786596470413e-01 2.278696608929056677e-03
1.570833333333333215e+01 9.944150758776788557e-01 3.032172698034184244e-04
1.572916666666666607e+01 9.921685278404173136e-01 -5.953797463191012657e-05
1.575000000000000000e+01 9.913225922230297638e-01 -5.752576497336913536e-04
1.577083333333333215e+01 1.003911029752802220e+00 1.042045874687074197e-03
1.579166666666666607e+01 1.016629643524902260e+00 -6.561565096356474554e-04
1.581250000000000000e+01 1.003293010778530947e+00 -3.832633716328041808e-04
1.583333333333333215e+01 9.815707990836046726e-01 -7.999899810842985189e-04
1.585416666666666607e+01 9.783805347110930972e-01 -5.566831879434763297e-05
1.587500000000000000e+01 9.990471897756363351e-01 -1.067847415034826842e-03
1.589583333333333215e+01 1.010103947415164516e+00 1.346730163469744878e-03
1.591666666666666607e+01 1.008576130141751737e+00 -3.992003227159160016e-04
1.593750000000000000e+01 1.009077943320236592e+00 1.489555298079079694e-03
1.595833333333333215e+01 1.015745907343907017e+00 4.495341143258042719e-04
1.597916666666666607e+01 1.013916208697923649e+00 -1.984230489440092209e-03
1.600000000000000000e+01 9.845370121343659520e-01 2.394188134900313361e-03
1.602083333333333215e+01 9.647549489700221192e-01 -1.638793308309730978e-04
1.604166666666666430e+01 9.787782655175635282e-01 2.956933609065795000e-04
1.606250000000000000e+01 9.984585620200669975e-01 2.274923031841734962e-04
1.608333333333333215e+01 1.007286556932882604e+00 1.755954797852079217e-03
1.610416666666666430e+01 9.915522360772451860e-01 3.673468354481434486e-04
1.612500000000000000e+01 9.906032589777854502e-01 -3.788115353680908989e-04
1.614583333333333215e+01 1.007317622862313966e+00 -1.203083128721065464e-03
1.616666666666666430e+01 1.017398607809953726e+00 -5.234597940076290588e-04
1.618750000000000000e+01 1.012045275542505784e+00 1.344017438853403572e-03
1.620833333333333215e+01 1.000117088408342791e+00 1.004271034534111188e-03
1.622916666666666430e+01 9.989690851934600602e-01 -6.217938386010278540e-04
1.625000000000000000e+01 1.009728014987911093e+00 4.531491954344799272e-04
1.627083333333333215e+01 1.003528726485071632e+00 1.016770345000948990e-03
1.629166666666666430e+01 9.904135281376950095e-01 -1.599190855062325965e-03
1.631250000000000000e+01 1.000551083920154349e+00 -1.088949367536273197e-03
1.633333333333333215e+01 1.013606087012408397e+00 1.987814429994126750e-03
1.635416666666666430e+01 1.017746069354438232e+00 -1.397922883566601404e-03
1.637500000000000000e+01 1.005217211811664235e+00 -3.213246152202207440e-04
1.639583333333333215e+01 9.969224999882952964e-01 8.586256940175679290e-04
1.641666666666666430e+01 1.007708774500798654e+00 -1.170664780806027986e-03
1.643750000000000000e+01 1.023095396831846582e+00 2.782600437724827829e-03
1.645833333333333215e+01 1.023903130193182021e+00 9.754914104027260060e-04
1.647916666666666430e+01 1.013560589216490726e+00 -8.180962643376555330e-05
1.650000000000000000e+01 1.024197157984503503e+00 2.331672369427284844e-04
1.652083333333333215e+01 1.030335721879563460e+00 1.245452623436113905e-03
1.654166666666666430e+01 1.014832155170093397e+00 1.634470473909228547e-03
1.656250000000000000e+01 9.862093675112930669e-01 -1.395499577869750230e-03
1.658333333333333215e+01 9.691367148052959513e-01 -1.031174957897781214e-03
1.660416666666666430e+01 9.811148361292277853e-01 2.839187333604499780e-04
1.662500000000000000e+01 9.845933425508229808e-01 -1.190212114105646977e-03
1.664583333333333215e+01 9.637852025711206583e-01 -3.601722375165199814e-04
1.666666666666666430e+01 9.677312000184437046e-01 -1.148251278629551161e-03
1.668750000000000000e+01 9.961342502377683594e-01 -3.722264053809199911e-05
1.670833333333333215e+01 1.015308290745376762e+00 1.547787839452187354e-03
1.672916666666666430e+01 1.007196769351323296e+00 -9.729523497739275047e-04
1.675000000000000000e+01 9.821517568952272681e-01 -3.942463238046392711e-03
1.677083333333333215e+01 9.642208059905948980e-01 -2.301575935815703561e-04
1.679166666666666430e+01 9.865842579043968552e-01 3.794613946556689757e-04
1.681250000000000000e+01 9.991728467194057606e-01 -2.203114909229868419e-03
1.683333333333333215e+01 1.004917988593059475e+00 2.601694800296348929e-04
1.685416666666666430e+01 1.004107499650771285e+00 -2.689316876707818511e-03
1.687500000000000000e+01 1.011814508817629576e+00 3.592265424620045156e-03
1.689583333333333215e+01 1.017665906873940207e+00 -3.923701783416167150e-04
1.691666666666666430e+01 1.002517023745694846e+00 -1.880772722403328085e-03
1.693750000000000000e+01 9.943180665264589324e-01 3.433617812972754465e-04
1.695833333333333215e+01 9.968961908167208730e-01 3.651026161829366672e-03
1.697916666666666430e+01 9.974473753382351315e-01 -6.405486612772610651e-05
1.700000000000000000e+01 9.903647422763248720e-01 1.415653435942591278e-03
1.702083333333333215e+01 9.948731075758476816e-01 -3.285506660696247382e-04
1.704166666666666430e+01 1.021229413136011566e+00 -2.169478407173710405e-03
1.706250000000000000e+01 1.030966984920990814e+00 -1.089144919909281785e-03
1.708333333333333215e+01 1.008361730382786536e+00 -2.058384518664461114e-03
1.710416666666666430e+01 9.718852868300363879e-01 -9.655095393754706669e-05
1.712500000000000000e+01 9.606894074082851231e-01 3.118606526169054620e-04
1.714583333333333215e+01 9.752374223419958410e-01 -1.647087497171170973e-03
1.716666666666666430e+01 9.915391349791540243e-01 5.319239447195790510e-04
1.718750000000000000e+01 9.959617505330663478e-01 -1.876867358689446579e-03
1.720833333333333215e+01 9.993124266695019298e-01 6.829726667231704939e-04
1.722916666666666430e+01 1.009270208631642740e+00 -1.161758029726493117e-03
1.725000000000000000e+01 1.012189808351477982e+00 7.230762066385831030e-04
1.727083333333333215e+01 1.013772528185513888e+00 4.983645826297415996e-04
1.729166666666666430e+01 1.006410406480946929e+00 -1.621078548733046170e-03
1.731250000000000000e+01 1.015749254617176467e+00 3.948856281997209158e-03
1.733333333333333215e+01 1.017275752468067562e+00 -8.657224517921277736e-04
1.735416666666666430e+01 1.005078096173664282e+00 1.154813775811028867e-04
1.737500000000000000e+01 1.000289817211403642e+00 -7.721837650848262929e-04
1.739583333333333215e+01 1.002744417589064518e+00 1.864321381368744040e-03
1.741666666666666430e+01 1.014788810134660713e+00 -2.666021300630216657e-04
1.743750000000000000e+01 1.015834926867601462e+00 5.398920384768539056e-04
1.745833333333333215e+01 1.007262845621449410e+00 2.934907546078872821e-04
1.747916666666666430e+01 9.995752970101727808e-01 -1.082337096341267919e-03
1.750000000000000000e+01 1.003897120990608016e+00 3.382297133432359926e-04
1.752083333333333215e+01 1.001817703418751648e+00 -1.114712679425894576e-03
1.754166666666666430e+01 9.956576951881466186e-01 -1.020981483881611661e-03
1.756250000000000000e+01 9.934911389205308696e-01 -4.815159111955567383e-04
1.758333333333333215e+01 1.002092978741317975e+00 -7.137235180298531855e-06
1.760416666666666430e+01 1.004182995112679944e+00 -4.448432984286294608e-05
1.762500000000000000e+01 1.006692603937715536e+00 8.290537569741168039e-04
1.764583333333333215e+01 9.996436217258639623e-01 -1.512821894034707725e-03
1.766666666666666430e+01 1.015948576008459892e+00 -8.734836512946549114e-04
1.768750000000000000e+01 1.027722654321062024e+00 9.880168668721070642e-04
1.770833333333333215e+01 1.014964934214548142e+00 2.772511185798877224e-04
1.772916666666666430e+01 9.856820912155775938e-01 -1.311397034058577092e-03
1.775000000000000000e+01 9.493715505355843076e-01 -1.256571796397853427e-03
1.777083333333333215e+01 9.501672637465384819e-01 3.860158566981592571e-03
1.779166666666666430e+01 9.799477825456859303e-01 -2.370996736373459386e-04
1.781250000000000000e+01 1.016632096344799674e+00 1.411361251641205568e-03
1.783333333333333215e+01 1.038880532100352694e+00 1.155008181595189743e-03
1.785416666666666430e+01 1.024810526391375598e+00 3.961325090034152575e-04
1.787500000000000000e+01 1.017907817043744334e+00 1.169196418207506770e-03
1.789583333333333215e+01 1.005984534504702266e+00 1.540028921901822386e-03
1.791666666666666430e+01 9.986840250582417200e-01 -1.043656362326374860e-03
1.793750000000000000e+01 9.942363623148463558e-01 2.149654591466114233e-04
1.795833333333333215e+01 9.905823328459717469e-01 -4.387164472448738047e-04
1.797916666666666430e+01 9.993796711246069053e-01 5.274273254884546741e-04
1.800000000000000000e+01 1.007922098326567095e+00 8.699244582522684894e-04
1.802083333333333215e+01 1.019812245174232190e+00 -1.786624217050152702e-03
1.804166666666666430e+01 1.023388862503387786e+00 1.563154057004071144e-03
1.806250000000000000e+01 1.019269678184898886e+00 -1.948184825605593596e-04
1.808333333333333215e+01 1.007455614681725287e+00 1.097979063534787036e-03
1.810416666666666430e+01 9.858736095424733836e-01 1.598899309029788718e-03
1.812500000000000000e+01 9.798045075208953181e-01 -4.158222296276504895e-04
1.814583333333333215e+01 1.002236899101130563e+00 1.000839646288189961e-03
1.816666666666666430e+01 1.025714178894547191e+00 1.011242444768752080e-03
1.818750000000000000e+01 1.023938734614348034e+00 -1.246466352925628285e-03
1.820833333333333215e+01 9.943499920780601853e-01 -7.496235816255117932e-04
1.822916666666666430e+01 9.793957644395592244e-01 -2.001808310751330370e-03
1.825000000000000000e+01 9.885240983421222927e-01 1.284491591713927657e-03
1.827083333333333215e+01 9.969167523240156648e-01 -1.098852724199573562e-03
1.829166666666666430e+01 9.861495683910497245e-01 4.985200984816879916e-04
1.831250000000000000e+01 9.719912927639037248e-01 -3.706730009663997236e-04
1.833333333333333215e+01 9.627022582666169281e-01 -1.057815262489367409e-03
1.835416666666666430e+01 9.691074114553419605e-01 -6.098975642331490050e-04
1.837500000000000000e+01 9.737271255413284532e-01 -9.194468313565165932e-04
1.839583333333333215e+01 9.842749193324865642e-01 -1.026020190412272205e-03
1.841666666666666430e+01 9.877806120699854642e-01 -2.031495483105052839e-03
1.843750000000000000e+01 9.696718209284378442e-01 -1.614682408712509246e-03
1.845833333333333215e+01 9.348158650224425159e-01 4.491695232570782595e-04
1.847916666666666430e+01 9.053542244049627152e-01 2.894277472635476984e-03
1.850000000000000000e+01 8.772283551112548539e-01 3.764705354487817273e-04
1.852083333333333215e+01 8.693618580913674565e-01 -1.632927891873045632e-03
1.854166666666666430e+01 8.716146750077863326e-01 1.763771480468478503e-03
1.856250000000000000e+01 8.893205080273784979e-01 -1.102240358924921377e-04
1.858333333333333215e+01 9.018941290907356301e-01 -6.738425585998283028e-04
1.860416666666666430e+01 9.227854568380441380e-01 6.178830774823972950e-04
1.862500000000000000e+01 9.449495969747636614e-01 6.772678692198312632e-04
1.864583333333333215e+01 9.629836013393225924e-01 -8.992370449126419613e-04
1.866666666666666430e+01 9.811924586099520784e-01 -6.624553107615022052e-07
1.868750000000000000e+01 9.861710116235200552e-01 -5.146673035614443705e-05
1.870833333333333215e+01 9.880368388401526980e-01 1.992073760660436569e-03
1.872916666666666430e+01 9.928677257047513471e-01 -6.383229843419420272e-04
1.875000000000000000e+01 9.847330795953995741e-01 -7.892397432834487433e-04
1.877083333333333215e+01 9.830978911539440812e-01 2.312666392630140970e-04
1.879166666666666430e+01 9.870495737351430154e-01 -4.002303681812042287e-04
1.881250000000000000e+01 9.867159139787484712e-01 1.113267689079130377e-03
1.883333333333333215e+01 9.856102828506136948e-01 -9.070364412665924263e-06
1.885416666666666430e+01 9.797090482476853435e-01 -5.769864501902701619e-05
1.887500000000000000e+01 9.891395226062559276e-01 -1.797018191953450583e-03
1.889583333333333215e+01 9.935477900651955574e-01 -1.478287794855504336e-03
1.891666666666666430e+01 1.009668481152884434e+00 -1.375974426704871818e-03
1.893750000000000000e+01 1.005824518693194225e+00 1.122813051432090207e-03
1.895833333333333215e+01 9.991087583117936877e-01 -5.180238849208527920e-04
1.897916666666666430e+01 9.968342953261538630e-01 -1.082638343400136151e-03
1.900000000000000000e+01 1.003684152335940327e+00 -2.963914832587045533e-04
1.902083333333333215e+01 1.006940078376526992e+00 1.360065090579316979e-03
1.904166666666666430e+01 1.008857298869460850e+00 -1.714487237435118440e-03
1.906250000000000000e+01 1.010288924511172137e+00 1.364060022097918169e-03
1.908333333333333215e+01 1.010898880865031879e+00 -1.066238794868137841e-03
1.910416666666666430e+01 1.008494027387894176e+00 -8.375580154121503628e-04
1.912500000000000000e+01 9.909206817718143601e-01 -1.125187520491730811e-03
1.914583333333333215e+01 9.850872434599634575e-01 3.091289312388458953e-04
1.916666666666666430e+01 9.888836190415408733e-01 3.599744812859854504e-04
1.918750000000000000e+01 1.005637062958990580e+00 1.245111892863565118e-03
1.920833333333333215e+01 1.012954636648121687e+00 -1.465172065071092657e-03
1.922916666666666430e+01 1.008501965637151665e+00 -1.138307770060898371e-03
1.925000000000000000e+01 1.013465777636042509e+00 1.493461107223695598e-03
1.927083333333333215e+01 1.006538290313381934e+00 -1.436011965824819051e-03
1.929166666666666430e+01 9.964397812038278124e-01 1.197416078483506128e-03
1.931250000000000000e+01 9.807117714115707319e-01 -2.030053524646406701e-04
1.933333333333333215e+01 9.876307210740965514e-01 -5.715668166779411166e-04
1.935416666666666430e+01 1.016476918916303651e+00 -2.525396950200964634e-04
1.937500000000000000e+01 1.028621891609052597e+00 8.462626503165425560e-04
1.939583333333333215e+01 1.021649529247941945e+00 2.815098310991536270e-04
1.941666666666666430e+01 1.020162875716085660e+00 2.051885404350926694e-03
1.943750000000000000e+01 1.032022088145424954e+00 -1.278093358930810857e-04
1.945833333333333215e+01 1.029068985875674969e+00 -1.098605614420697374e-03
1.947916666666666430e+01 1.001147469900605769e+00 3.809346367625984688e-04
1.950000000000000000e+01 9.749907534681958587e-01 -6.570013602531420355e-04
1.952083333333333215e+01 9.771925606163576195e-01 2.007395092206445530e-03
1.954166666666666430e+01 1.000018511734859450e+00 6.428187439187107825e-04
1.956250000000000000e+01 9.978951229798348477e-01 -5.003743129454037934e-04
1.958333333333333215e+01 9.933837464549386542e-01 -5.293687561972261523e-04
1.960416666666666430e+01 9.862496941152469887e-01 -1.166981829907392468e-04
1.962500000000000000e+01 1.000242326985959940e+00 2.079239964596876419e-03
1.964583333333333215e+01 1.007537127452853953e+00 7.680194622340274146e-04
1.966666666666666430e+01 9.957294181819486001e-01 -1.808549516684195219e-03
1.968750000000000000e+01 9.860605511398456979e-01 6.395303223081569679e-04
1.970833333333333215e+01 1.007028704776625760e+00 -4.434942700421107492e-04
1.972916666666666430e+01 1.015908942442202090e+00 -9.163836953040822115e-04
1.975000000000000000e+01 1.010998761410418778e+00 3.756365562605722109e-04
1.977083333333333215e+01 1.015882630815540200e+00 -1.659337056577326578e-05
1.979166666666666430e+01 1.022604396281036943e+00 1.691509346395142716e-03
1.981250000000000000e+01 1.033024699257262702e+00 5.925575186486890583e-04
1.983333333333333215e+01 1.019910282503501131e+00 7.568530674846771743e-04
1.985416666666666430e+01 9.933819905173699727e-01 -4.802148449727015834e-04
1.987500000000000000e+01 9.855516894944627015e-01 -1.404939794322885042e-03
1.989583333333333215e+01 1.004636598645882506e+00 -1.734222121151164078e-03
1.991666666666666430e+01 1.008244536260960889e+00 8.661832530646578496e-04
1.993750000000000000e+01 1.000654396211341668e+00 -1.635041645058715482e-03
1.995833333333333215e+01 9.987068872463610303e-01 2.086128469339826146e-03
1.997916666666666430e+01 1.003006843055347153e+00 -1.416465140468714350e-03
2.000000000000000000e+01 1.012403812759572919e+00 -1.314932362420719080e-03
2.002083333333333215e+01 9.953822016732596367e-01 1.021738794491628392e-04
2.004166666666666430e+01 9.906509236314987588e-01 -1.462379658642910373e-03
2.006250000000000000e+01 1.002580497588095865e+00 1.680054605597943590e-03
2.008333333333333215e+01 1.022987533656135373e+00 9.798017276841488113e-04
2.010416666666666430e+01 1.021995977277625922e+00 -4.733578568478554870e-05
2.012500000000000000e+01 9.995527495785060390e-01 2.310601992129500317e-03
2.014583333333333215e+01 9.876810487314754416e-01 1.087365014430937424e-03
2.016666666666666430e+01 9.936261598684702490e-01 -7.265290797152501980e-04
2.018750000000000000e+01 1.008791585896633647e+00 -3.586103140429137818e-04
2.020833333333333215e+01 1.011843976207756679e+00 -1.262444548152551280e-03
2.022916666666666430e+01 1.012897852292774292e+00 -1.657716668564966460e-03
2.025000000000000000e+01 1.011398796123270216e+00 -2.052970220630037776e-04
2.027083333333333215e+01 1.011444870093434645e+00 -2.176149038163035718e-03
2.029166666666666430e+01 1.004973686005035782e+00 -3.103091526196881953e-04
2.031250000000000000e+01 9.970679163229207997e-01 6.365651206937453233e-04
2.033333333333333215e+01 1.003368937092229407e+00 8.316482345071568745e-05
2.035416666666666430e+01 9.985131797987150115e-01 -1.257590447954864661e-03
2.037500000000000000e+01 9.866331402974540810e-01 -1.062095351133164308e-03
2.039583333333333215e+01 9.712171939046063684e-01 1.198297063994562765e-03
2.041666666666666430e+01 9.858133233654353678e-01 8.558366249189067795e-04
2.043750000000000000e+01 1.015716194913926396e+00 6.533377898361060606e-04
2.045833333333333215e+01 1.033043600561613484e+00 2.699064582821751514e-03
2.047916666666666430e+01 1.026238510931402281e+00 -3.114428345233604539e-04
2.050000000000000000e+01 1.009584572982717532e+00 -5.362130310330006158e-04
2.052083333333333215e+01 1.007862324334145132e+00 -3.561207704381698168e-05
2.054166666666666430e+01 1.016010248872062816e+00 -1.349887283878951081e-03
2.056250000000000000e+01 1.016399849240193776e+00 1.575978614110646193e-04
2.058333333333333215e+01 1.005855620476074908e+00 1.687670412873782744e-03
2.060416666666666430e+01 9.962649241189018845e-01 7.359221680490553221e-04
2.062500000000000000e+01 1.001633687215281121e+00 8.861461127812824236e-05
2.064583333333333215e+01 1.005095018723934475e+00 1.699515172527729916e-03
2.066666666666666430e+01 9.886954546903187202e-01 4.375852794212711067e-04
2.068750000000000000e+01 9.793192594421686881e-01 -5.942764453565136306e-04
2.070833333333333215e+01 9.890088267329093519e-01 -1.932217497379507551e-03
2.072916666666666430e+01 9.969825409499902813e-01 -1.416307542604213193e-03
2.075000000000000000e+01 9.936931274197515762e-01 5.606005839195161121e-04
2.077083333333333215e+01 9.917339699910672213e-01 6.870352741621848277e-04
2.079166666666666430e+01 1.004519196650034196e+00 -6.587733152416805002e-04
2.081250000000000000e+01 1.020550946851479956e+00 1.036878897738073254e-04
2.083333333333333215e+01 1.008392464335547523e+00 -4.206188063402126079e-05
2.085416666666666430e+01 9.930871091091030278e-01 -1.723516392831949068e-03
2.087500000000000000e+01 9.998061152577260025e-01 -2.074944104542971943e-03
2.089583333333333215e+01 1.028620031783881172e+00 -2.679822834970759307e-03
2.091666666666666430e+01 1.030031050046537278e+00 2.968016258646725969e-03
2.093750000000000000e+01 1.013543417524294554e+00 8.010548830075999186e-04
2.095833333333333215e+01 9.961651710473573562e-01 4.936492387796548786e-04
2.097916666666666430e+01 1.013840945395821036e+00 3.413169120741047012e-04
2.100000000000000000e+01 1.016207737969519798e+00 -1.144954380799186348e-03
2.102083333333333215e+01 1.002807605622413334e+00 -1.056867827588725377e-03
2.104166666666666430e+01 9.833941615773171829e-01 -1.485127348798982846e-04
2.106250000000000000e+01 1.004471661990593567e+00 3.041891065894784980e-03
2.108333333333333215e+01 1.040153448993753837e+00 1.803273893441305407e-05
2.110416666666666430e+01 1.036105779655343673e+00 1.150791740149027971e-03
2.112500000000000000e+01 9.966588379639365058e-01 1.862383895031272628e-03
2.114583333333333215e+01 9.859200018039615543e-01 -1.561723445850064220e-03
2.116666666666666430e+01 9.950328159008848816e-01 8.016087518412958043e-04
2.118750000000000000e+01 1.000662366942241199e+00 -1.230736128922522684e-03
2.120833333333333215e+01 9.806787602655850922e-01 -1.872074890220576826e-04
2.122916666666666430e+01 9.713847176429648567e-01 -4.109916354406337419e-04
2.125000000000000000e+01 9.748118488336853238e-01 -5.409818227749313597e-04
2.127083333333333215e+01 9.808706962960815900e-01 -2.072630483824461454e-04
2.129166666666666430e+01 9.709284919978875550e-01 -1.036277711349891262e-03
2.131250000000000000e+01 9.632947962873851244e-01 3.117363832174014325e-03
2.133333333333333215e+01 9.788268034955324159e-01 -2.452159221026348895e-03
2.135416666666666430e+01 9.951700012602603396e-01 1.616340226994810391e-04
2.137500000000000000e+01 9.996591530612839449e-01 1.733796434246438192e-03
2.139583333333333215e+01 9.870177484877814544e-01 -1.235216872893657881e-03
2.141666666666666430e+01 1.011713122020397648e+00 3.077366266835134282e-04
2.143750000000000000e+01 1.049058411745897867e+00 -6.591407426417705698e-04
2.145833333333333215e+01 1.062615772371530598e+00 1.093643335207588078e-03
2.147916666666666430e+01 1.027858216543661607e+00 1.436914033772017157e-03
2.150000000000000000e+01 1.000895019273224662e+00 -5.104279123463423924e-04
2.152083333333333215e+01 9.965056048013907208e-01 -9.142749410829962209e-04
2.154166666666666430e+01 9.992659742185111549e-01 1.455851190276287758e-03
2.156250000000000000e+01 1.003331262028796633e+00 -5.934540524555400069e-04
2.158333333333333215e+01 9.985565435924753652e-01 -2.550123104170293653e-04
2.160416666666666430e+01 1.009007979868268512e+00 1.088492624148292660e-03
2.162500000000000000e+01 1.021923469300171305e+00 -1.496430419405641058e-03
2.164583333333333215e+01 1.015750806843202625e+00 1.961199315682060629e-03
2.166666666666666430e+01 9.984953621179908367e-01 6.586043497527446951e-04
2.168750000000000000e+01 9.916614126244742700e-01 -1.773569890279637134e-03
2.170833333333333215e+01 9.979191107224673063e-01 3.249507929006864712e-04
2.172916666666666430e+01 9.871689538389163410e-01 -1.927691650897264729e-03
2.175000000000000000e+01 9.682663460181378801e-01 -8.218084270855609708e-04
2.177083333333333215e+01 9.773932630980357583e-01 -1.639142914879428408e-03
2.179166666666666430e+01 1.002989381241316869e+00 -9.820922290810572396e-04
2.181250000000000000e+01 1.027586529399505233e+00 -2.445802774112712475e-04
2.183333333333333215e+01 1.017712008222100506e+00 9.421772513364198723e-04
2.185416666666666430e+01 9.998994653118531417e-01 7.354061445103954840e-04
2.187500000000000000e+01 9.867572889060233221e-01 6.780686482545586350e-04
2.189583333333333215e+01 9.868114279378261688e-01 1.985664892847650680e-03
2.191666666666666430e+01 9.785264592532493255e-01 -8.996871602027982188e-04
2.193750000000000000e+01 9.806276947000525102e-01 -5.419078978886358389e-04
2.195833333333333215e+01 9.974722631156802688e-01 9.415382037470011603e-05
2.197916666666666430e+01 1.027999820168913558e+00 7.574334001494684209e-04
2.200000000000000000e+01 1.031544083806013035e+00 -1.694716579388966466e-03
2.202083333333333215e+01 1.013468481166714064e+00 -7.203664607209138470e-04
2.204166666666666430e+01 9.992635315559411646e-01 9.545288514839126272e-04
2.206250000000000000e+01 9.946346771333630654e-01 1.135689294723279692e-03
2.208333333333333215e+01 9.821931737882443336e-01 7.274474646254484563e-04
2.210416666666666430e+01 9.738365811821022566e-01 -5.374904892771400220e-04
2.212500000000000000e+01 9.693205996621706566e-01 1.901664288046066124e-03
2.214583333333333215e+01 9.942599028996604860e-01 9.099692892718975069e-04
2.216666666666666430e+01 1.024892073102164014e+00 -1.659445475227292258e-03
2.218750000000000000e+01 1.029656584058590729e+00 -5.941887549495310011e-04
2.220833333333333215e+01 1.015986917838668457e+00 -9.600949024221507727e-04
2.222916666666666430e+01 1.006645213982761078e+00 -6.341725284915224756e-04
2.225000000000000000e+01 1.006631713058981914e+00 -1.177698097962257473e-03
2.227083333333333215e+01 1.012286423782062128e+00 1.263981667959332552e-03
2.229166666666666430e+01 9.928115229545477760e-01 -1.712581431681501113e-04
2.231250000000000000e+01 9.794379896688384379e-01 1.845878339609594585e-03
2.233333333333333215e+01 9.787976893392368316e-01 -2.391384837352077738e-03
2.235416666666666430e+01 9.707200348063501627e-01 3.026689940990932685e-04
2.237500000000000000e+01 9.676473682710855506e-01 -3.793448303135567258e-04
2.239583333333333215e+01 9.605187133850094927e-01 -4.184005394158732752e-04
2.241666666666666430e+01 9.799930343479282824e-01 1.485444204104302026e-04
2.243750000000000000e+01 1.008371005487179062e+00 1.332294616807328230e-03
2.245833333333333215e+01 1.007337553134104668e+00 1.097444797992887851e-03
2.247916666666666430e+01 9.879916750716126739e-01 1.250978065006766113e-04
2.250000000000000000e+01 9.814771841054151791e-01 1.032398438053357386e-03
2.252083333333333215e+01 1.002864327230286845e+00 8.033197336341200718e-04
2.254166666666666430e+01 1.020535436476691205e+00 -1.840320708718965565e-04
2.256250000000000000e+01 1.011959695783870572e+00 6.795269980630049217e-04
2.258333333333333215e+01 1.008981974318700292e+00 1.455034700891837422e-03
2.260416666666666430e+01 1.016063363103208994e+00 8.357822472318139888e-04
2.262500000000000000e+01 1.029586701845981889e+00 7.315162739727265389e-04
2.264583333333333215e+01 1.024402545736982306e+00 -1.586420750097839100e-05
2.266666666666666430e+01 1.004008839477816828e+00 8.356126035413033145e-04
2.268750000000000000e+01 1.003801230649605580e+00 -4.639032962346787618e-04
2.270833333333333215e+01 1.012220221762629713e+00 1.422477607602615690e-03
2.272916666666666430e+01 1.004937597017232065e+00 -8.586111809683208505e-04
2.275000000000000000e+01 9.980272553057459861e-01 -6.212486332855151998e-04
2.277083333333333215e+01 9.935724404685272182e-01 1.485211629581037864e-03
2.279166666666666430e+01 1.010276231931979130e+00 1.645959673842930897e-03
2.281250000000000000e+01 1.017078391888609934e+00 4.532983045208481901e-04
2.283333333333333215e+01 1.008136100759711828e+00 -1.548154793074160533e-03
2.285416666666666430e+01 9.925545808670674930e-01 1.997949922988611487e-03
2.287500000000000000e+01 1.003850458477205443e+00 -1.155126961891628440e-03
2.289583333333333215e+01 1.010866055329412649e+00 -1.325947718259864354e-04
2.291666666666666430e+01 9.972748428431614798e-01 2.603949367884021140e-04
2.293750000000000000e+01 9.807812146356597038e-01 -4.621610513093473913e-03
2.295833333333333215e+01 9.913154698732057346e-01 1.813681805126685087e-03
2.297916666666666430e+01 1.004572269046263955e+00 -2.049078633929203315e-04
2.300000000000000000e+01 1.004331449002475729e+00 1.476525032403734877e-04
2.302083333333333215e+01 9.975894028492475751e-01 -8.793595158309075238e-04
2.304166666666666430e+01 1.001921590012102570e+00 -3.228106884966156572e-04
2.306250000000000000e+01 1.012579018513104501e+00 2.528741493711607769e-03
2.308333333333333215e+01 1.006642290936330397e+00 2.033991066594907290e-03
2.310416666666666430e+01 9.948280940665268357e-01 -4.927361434761512546e-05
2.312500000000000000e+01 9.984551494287747797e-01 -2.031629086520321363e-03
2.314583333333333215e+01 1.012495014179541242e+00 -5.319002663739405643e-04
2.316666666666666430e+01 1.014910810614523706e+00 -1.446149756723242859e-04
2.318750000000000000e+01 1.005174092939269404e+00 -2.996012389687686896e-04
2.320833333333333215e+01 9.954153132751548672e-01 -2.137327947791556240e-03
2.322916666666666430e+01 1.002773368310257318e+00 -2.120390608793219171e-03
2.325000000000000000e+01 1.013185568842654094e+00 1.100051977499520457e-03
2.327083333333333215e+01 1.014170547467576400e+00 1.060225183324853054e-03
2.329166666666666430e+01 1.004450268246735334e+00 2.715431267809828055e-03
2.331250000000000000e+01 9.969259451426846219e-01 -1.069408629196784508e-03
2.333333333333333215e+01 9.943523233572062470e-01 1.064762956056680135e-03
2.335416666666666430e+01 9.850691867167931104e-01 8.048254219158595697e-04
2.337500000000000000e+01 9.929976684908052853e-01 -9.952218261143710477e-04
2.339583333333333215e+01 9.993262077852221870e-01 1.733981155948453260e-03
2.341666666666666430e+01 9.930276762459315787e-01 -4.432776066597041934e-04
2.343750000000000000e+01 9.828122284786796614e-01 1.886590544778762304e-03
2.345833333333333215e+01 9.735535831392628792e-01 -2.005844787653320694e-05
2.347916666666666430e+01 9.812429443288828157e-01 -1.117430241705066321e-03
2.350000000000000000e+01 9.980130761014353036e-01 -1.249316478839477174e-04
2.352083333333333215e+01 1.009390081311352327e+00 -3.758622221304176031e-04
2.354166666666666430e+01 9.899601173061162163e-01 6.903253944967114360e-04
2.356250000000000000e+01 9.796048807893146249e-01 -1.329552007066154640e-03
2.358333333333333215e+01 9.732354891505994310e-01 -6.590886960949971299e-04
2.360416666666666430e+01 9.849397382548266133e-01 3.783057498898841336e-04
2.362500000000000000e+01 9.876432317275560813e-01 -4.280901057108017413e-05
2.364583333333333215e+01 9.691763273509260701e-01 -1.038362103653493913e-03
2.366666666666666430e+01 9.365119397084805675e-01 1.292284288416299188e-03
2.368750000000000000e+01 9.023492330889096857e-01 -1.682835887813304791e-03
2.370833333333333215e+01 8.815193909988018328e-01 1.277643833539406949e-03
2.372916666666666430e+01 8.694523190618604902e-01 1.462424123448865859e-03
2.375000000000000000e+01 8.595235912036648385e-01 -2.661555433865734916e-03
2.377083333333333215e+01 8.679857755096144212e-01 -5.543962178540319833e-04
2.379166666666666430e+01 8.855756795985763041e-01 1.701401570753174549e-04
2.381250000000000000e+01 9.197328095469564646e-01 -2.184558481752089682e-03
2.383333333333333215e+01 9.492212460467648327e-01 -1.141592887376215127e-03
2.385416666666666430e+01 9.833029872935331595e-01 6.401718646517502980e-04
2.387500000000000000e+01 1.003974999644609900e+00 -1.218900645232296170e-03
2.389583333333333215e+01 1.002822824381057742e+00 3.736614176355199297e-04
2.391666666666666430e+01 9.945127340390094162e-01 1.164003774269000303e-03
2.393750000000000000e+01 9.894467351770569463e-01 1.938781023062141704e-03
2.395833333333333215e+01 9.954899129822670778e-01 -1.157460672078281286e-04
2.397916666666666430e+01 1.011040026531657476e+00 9.067357873779991568e-05
2.400000000000000000e+01 1.009020568964540177e+00 2.747896672189531573e-04
2.402083333333333215e+01 1.000052819341979982e+00 2.844487342047417010e-03
2.404166666666666430e+01 9.959455222880987391e-01 -5.856114850634036020e-05
2.406250000000000000e+01 9.914044790676144192e-01 -1.279687849508183472e-03
2.408333333333333215e+01 9.740673422880524734e-01 2.684041307604237295e-04
2.410416666666666430e+01 9.587133226189590296e-01 6.341378392970928746e-04
2.412500000000000000e+01 9.503959609152096144e-01 -1.553649107273232660e-03
2.414583333333333215e+01 9.567571368170355584e-01 9.895961942554230839e-04
2.416666666666666430e+01 9.743788292374231386e-01 1.806959660896636372e-03
2.418750000000000000e+01 9.840361332749016920e-01 -1.170863845203299995e-03
2.420833333333333215e+01 9.955702587176759044e-01 -2.636337383528217286e-05
2.422916666666666430e+01 1.001073840166861073e+00 -8.867413419070987969e-04
2.425000000000000000e+01 1.004092166312760437e+00 8.956388275913733940e-04
2.427083333333333215e+01 9.981998440214859825e-01 -1.181636145910643174e-03
2.429166666666666430e+01 9.950280049582864716e-01 2.836355938947201713e-03
2.431250000000000000e+01 1.000456532678147603e+00 2.992173478322196294e-04
2.433333333333333215e+01 1.010598129874836104e+00 -1.864805564484687487e-03
2.435416666666666430e+01 1.024570618942315825e+00 -7.390969990900687729e-05
2.437500000000000000e+01 1.042657432383632177e+00 -4.792516149868967850e-05
2.439583333333333215e+01 1.048732667454886025e+00 1.202351605990828638e-03
2.441666666666666430e+01 1.035477825102902649e+00 -1.755660276864596603e-03
2.443750000000000000e+01 1.009183002680694941e+00 1.490735353713182635e-03
2.445833333333333215e+01 9.853511034530274548e-01 1.951510077461940775e-03
2.447916666666666430e+01 9.906225389169269757e-01 6.567376801236603093e-04
2.450000000000000000e+01 1.008057519677791447e+00 -1.586270309345867041e-04
2.452083333333333215e+01 1.008399404063156313e+00 -2.222201460918313374e-04
2.454166666666666430e+01 9.991948537350007209e-01 1.635857877173961831e-03
2.456250000000000000e+01 9.956671324062518202e-01 -1.548201097347003639e-03
2.458333333333333215e+01 9.950318675386001788e-01 -8.598674826441885573e-04
2.460416666666666430e+01 9.993115210661753789e-01 -1.630122532068870858e-03
2.462500000000000000e+01 1.005075904839255019e+00 2.578139909574191698e-04
2.464583333333333215e+01 1.007799025047211305e+00 2.958463141367149909e-03
2.466666666666666430e+01 1.013766600761072834e+00 3.821428170618231760e-04
2.468750000000000000e+01 1.010457828023878957e+00 1.659783403902993044e-03
2.470833333333333215e+01 9.990145065580777750e-01 1.774448233455625358e-03
2.472916666666666430e+01 9.937705488221508787e-01 1.569345129330414852e-03
2.475000000000000000e+01 1.005099401352202104e+00 6.075308968544746975e-05
2.477083333333333215e+01 1.004303390985828770e+00 3.326112615885678278e-04
2.479166666666666430e+01 9.886046427149181026e-01 -8.210719511178815426e-04
2.481250000000000000e+01 9.821993698944754270e-01 -2.156239432472001685e-03
2.483333333333333215e+01 9.975689930336388844e-01 6.465902089829897144e-04
2.485416666666666430e+01 1.008844811675658093e+00 5.217897700732145472e-04
2.487500000000000000e+01 1.012599347524964388e+00 -6.533065394513121616e-04
2.489583333333333215e+01 1.004063343108170248e+00 -3.784873473824449091e-04
2.491666666666666430e+01 1.002826130408670080e+00 -4.994995291475799563e-04
2.493750000000000000e+01 1.018406990970424530e+00 5.082496425909997307e-04
2.495833333333333215e+01 1.014725015186779711e+00 9.849819825257883840e-04
2.497916666666666430e+01 1.022694119689962600e+00 1.774381721259738314e-05
2.500000000000000000e+01 1.022958499505977059e+00 2.017163546611362279e-03
2.502083333333333215e+01 1.030898035426503823e+00 -1.477460229880699213e-03
2.504166666666666430e+01 1.029115597617552780e+00 3.752892422288780057e-05
2.506250000000000000e+01 1.010151669967501720e+00 -1.445011773757416489e-04
2.508333333333333215e+01 9.890824527354119544e-01 -2.271643296730338761e-04
2.510416666666666430e+01 9.901877891343314753e-01 -1.270679558611911375e-04
2.512500000000000000e+01 9.855109202617524655e-01 3.345910788360564121e-04
2.514583333333333215e+01 9.881846040646444784e-01 1.303426664456210863e-03
2.516666666666666430e+01 9.865200813493749665e-01 5.686009541931348219e-04
2.518750000000000000e+01 9.963878578215044080e-01 -1.047503805118531932e-03
2.520833333333333215e+01 1.006033172510971907e+00 1.715817014243439776e-04
2.522916666666666430e+01 9.942883431665637817e-01 1.437977442965013850e-03
2.525000000000000000e+01 9.810610716448405766e-01 7.531563804398322490e-04
2.527083333333333215e+01 9.872226677617078616e-01 8.968975969069699393e-04
2.529166666666666430e+01 9.968616087714695650e-01 -1.203717630079987298e-03
2.531250000000000000e+01 9.993332875869103127e-01 -1.959978789258573668e-03
2.533333333333333215e+01 9.972959264093790299e-01 2.732340372964523509e-04
2.535416666666666430e+01 1.006069620457845648e+00 -3.055995307715730219e-03
2.537500000000000000e+01 1.015560907444600591e+00 -3.970626114854811746e-04
2.539583333333333215e+01 1.024949810468500200e+00 -4.029055740680782902e-04
2.541666666666666430e+01 1.014614377091777042e+00 -1.954385404165693858e-04
2.543750000000000000e+01 1.008420626742632775e+00 -1.145356052997049392e-03
2.545833333333333215e+01 1.013258261468104937e+00 3.274650865780778276e-03
2.547916666666666430e+01 1.024483907553307871e+00 -1.659853706505969972e-04
2.550000000000000000e+01 1.028926132393381376e+00 -2.838407842339030381e-03
2.552083333333333215e+01 1.023140972738300292e+00 -2.014097385573465691e-04
2.554166666666666430e+01 1.015764675171906939e+00 -2.012663063766675139e-03
2.556250000000000000e+01 1.013802593827977994e+00 1.061145326164236562e-03
2.558333333333333215e+01 1.003926326352706955e+00 1.265870514530359231e-04
2.560416666666666430e+01 9.885865949030085975e-01 -1.264523785453528426e-03
2.562500000000000000e+01 1.003717982073488280e+00 -7.430661980126436255e-04
2.564583333333333215e+01 1.007498891737543367e+00 7.980566489576417519e-04
2.566666666666666430e+01 1.007310648269110986e+00 6.018952546770038473e-04
2.568750000000000000e+01 9.966089681893406382e-01 -2.561751907597994830e-04
2.570833333333333215e+01 9.863765331021651095e-01 9.017059968191882147e-04
2.572916666666666430e+01 9.921341475716948244e-01 1.293634065094144154e-03
2.575000000000000000e+01 1.008701776141931239e+00 -2.247171144610375009e-04
2.577083333333333215e+01 1.008777394095125901e+00 -1.427800186472852036e-03
2.579166666666666430e+01 1.004919385559207345e+00 -2.695115757457965805e-03
2.581250000000000000e+01 9.937253814684573472e-01 2.488815330005482700e-03
2.583333333333333215e+01 9.885371009722644375e-01 1.376904188851124167e-03
2.585416666666666430e+01 9.787031653356290661e-01 -1.285469341692435218e-03
2.587500000000000000e+01 9.640700395847431325e-01 -1.270261845552323214e-03
2.589583333333333215e+01 9.659471536136575720e-01 -9.384666550035433707e-04
2.591666666666666430e+01 9.818505285519029124e-01 2.812441625107651565e-03
2.593750000000000000e+01 9.986992471994314835e-01 -6.278710307785132080e-04
2.595833333333333215e+01 1.006543990737290617e+00 -8.457878018095341035e-04
2.597916666666666430e+01 1.018720378568172658e+00 -1.686041437488071425e-04
